3 35
5 64 88 320
5 64 64 416
7 40 112 640
1506 260 2 46 31 36 10
918 136 1 16 28 111 12
149 295 2 30 33 97 6
1619 143 1 21 14 114 12
2198 62 2 29 10 25 10
183 200 1 32 19 31 4
1221 286 1 6 14 87 1
1058 291 1 15 33 123 3
833 285 1 23 21 45 7
2012 61 2 55 20 107 11
1312 186 1 29 22 98 1
2403 219 1 37 13 196 7
89 169 1 35 20 17 10
58 47 2 55 20 109 1
738 295 1 36 32 107 1
1883 128 1 13 24 118 1
1530 42 2 37 9 155 11
1069 189 1 9 8 177 7
871 66 1 13 16 101 6
1727 263 1 7 25 87 4
2084 225 1 33 13 72 3
1516 206 1 12 23 97 1
77 108 1 20 45 43 7
825 27 1 28 19 97 12
1028 119 1 29 31 91 1
645 287 1 12 26 255 11
2231 110 1 39 17 78 5
828 56 1 9 25 72 5
1915 87 1 31 15 94 12
273 226 1 26 15 32 7
969 95 1 8 36 224 11
1023 215 1 5 30 83 4
448 240 2 47 14 110 3
68 161 2 22 8 92 11
335 15 1 26 23 96 5
