34 568
8 64 64 672
6 32 64 848
3 40 56 720
8 24 84 368
4 40 52 608
5 48 100 192
7 40 84 576
6 32 104 320
3 40 36 768
6 48 48 752
2 40 28 624
8 32 112 560
2 32 104 224
3 40 120 592
4 32 84 416
6 24 124 416
3 32 24 448
3 32 48 1008
8 64 64 128
6 32 32 784
3 24 128 800
4 24 56 224
6 40 112 768
6 40 24 416
6 64 24 608
6 24 32 192
7 80 100 320
7 40 128 176
5 80 68 288
6 80 76 400
6 80 40 368
3 32 108 448
2 64 40 416
4 32 32 368
9369 313 6 250 45 78 1
10686 453 2 62 9 380 6
9301 503 3 203 24 183 3
11056 259 1 68 31 257 3
3420 416 2 140 52 181 3
4263 257 4 94 58 256 20
1186 32 3 80 18 93 6
1347 434 1 59 10 137 6
8040 520 1 51 6 280 4
6301 468 5 363 29 159 16
5852 305 1 68 42 177 3
11806 455 2 30 30 536 6
11112 426 1 54 22 202 4
4117 445 3 52 30 274 17
5161 26 3 110 15 108 5
2519 263 5 242 21 264 7
6367 143 1 65 31 382 6
2737 472 2 41 11 280 4
7608 205 1 24 52 159 6
1946 430 1 18 79 232 6
1541 414 3 178 31 100 20
3622 370 1 48 12 246 20
10577 67 1 51 42 144 16
6236 99 1 24 15 138 16
7323 277 1 86 8 190 19
2777 444 2 67 19 219 1
3913 248 1 36 30 135 20
1161 402 1 70 13 146 17
10395 159 1 39 25 231 6
8924 162 3 70 8 202 6
3999 36 2 132 32 208 2
11365 415 5 101 27 217 20
1678 502 1 15 11 211 6
4669 239 1 135 40 242 6
441 471 3 70 66 432 15
3907 497 1 22 25 336 15
23 26 5 205 47 116 16
8721 422 2 59 50 177 1
1522 277 1 63 16 361 19
9863 222 1 47 26 168 1
10996 198 3 57 25 220 6
6717 486 1 57 16 107 5
11113 214 1 85 56 106 5
4057 288 1 302 18 232 1
8223 193 1 28 32 323 7
379 176 2 96 18 112 20
11796 93 1 129 21 403 16
3645 501 1 49 25 74 17
3511 414 3 28 55 256 15
7540 243 1 19 9 432 7
3006 287 1 18 53 64 5
10816 58 2 322 49 223 16
5327 460 2 71 53 43 18
5321 387 2 47 19 367 17
7056 208 1 16 28 240 4
7000 114 3 132 76 276 2
5809 326 2 81 38 293 18
8899 180 1 17 48 47 4
911 228 6 123 46 173 3
6395 43 1 50 15 370 2
10344 406 2 26 31 277 7
5553 128 1 86 21 154 16
4812 450 3 42 44 196 17
6024 299 4 200 33 109 2
2002 490 1 12 43 287 3
3540 540 2 44 23 301 7
2102 443 3 65 20 423 1
2670 337 1 56 25 311 20
10105 136 2 312 38 333 2
1567 183 1 18 17 181 3
8203 226 1 17 25 292 1
10602 218 2 33 52 449 17
7697 203 1 22 65 78 18
10405 32 2 52 10 53 7
10300 444 1 21 46 116 3
211 355 1 25 13 529 19
11011 180 3 54 72 212 7
10566 29 2 42 14 577 7
542 28 1 99 13 393 2
2758 549 2 49 29 293 4
3000 226 1 14 5 120 6
3006 472 1 64 25 161 7
1866 147 3 57 36 150 1
11587 99 1 12 35 63 5
3729 534 3 113 25 414 2
6578 87 1 115 18 152 15
4669 88 1 109 54 348 1
10405 173 1 61 25 306 20
10326 174 2 33 15 250 4
1276 104 7 370 45 50 3
2560 31 2 65 7 183 18
4645 86 1 26 84 155 2
11291 134 1 28 32 260 19
2995 244 3 36 9 173 6
10513 201 6 316 33 155 2
6668 162 1 104 14 187 4
10179 351 1 33 51 249 18
2268 11 2 53 25 240 6
11355 546 6 145 34 359 2
9563 436 2 159 32 398 2
4063 321 1 31 76 182 3
8790 170 1 34 27 191 3
10114 511 1 12 56 104 5
2064 7 1 21 9 279 3
2182 338 2 251 40 482 7
11271 95 1 19 16 117 20
10955 311 3 51 17 205 5
7067 460 3 53 17 236 4
9429 29 1 32 12 182 4
9244 241 2 81 19 132 7
1690 45 1 19 36 355 1
633 177 2 68 65 319 3
6516 320 1 26 29 252 1
10265 239 5 306 26 98 3
4408 528 1 20 50 280 17
6560 476 2 65 55 276 1
5008 7 3 54 48 58 2
9283 411 2 35 31 109 17
10518 328 1 34 73 148 7
107 270 1 89 29 107 18
5776 105 1 43 34 150 1
8793 134 3 112 16 235 15
4926 194 5 373 20 250 4
8502 415 2 34 19 361 4
9592 15 1 50 36 356 3
6674 26 1 93 40 92 3
2665 456 1 23 33 172 5
4247 171 2 99 53 65 16
4271 374 2 218 34 194 5
6159 309 1 17 28 309 2
1158 231 2 113 38 46 1
7488 489 2 118 39 96 15
10359 176 6 206 35 139 3
10309 150 2 37 14 502 4
7235 455 1 15 31 455 6
11408 210 7 146 40 249 7
8680 493 2 25 25 140 2
6063 125 3 50 90 245 15
2366 102 2 197 45 90 7
5000 113 2 31 73 86 4
8945 401 4 73 12 319 1
3484 225 3 74 17 372 19
4819 472 2 75 20 249 16
11648 255 1 82 19 472 4
11083 340 1 113 28 299 5
9605 446 1 32 39 356 16
1151 352 2 53 16 380 1
3591 287 4 108 14 265 2
4418 488 1 55 45 90 2
8976 78 1 49 15 417 4
3398 394 1 46 50 102 5
5874 161 6 239 69 141 16
153 252 1 93 14 424 7
9432 315 1 50 17 462 4
11565 317 1 186 25 231 7
5121 359 7 246 39 439 2
1788 288 2 21 10 46 17
8920 382 2 27 22 366 18
512 19 2 41 87 167 4
2143 328 1 18 60 282 19
3203 104 1 20 20 121 3
7604 250 1 29 34 179 2
7856 425 1 18 38 449 6
5713 74 1 379 38 96 6
6630 144 1 154 73 189 7
647 203 3 128 17 226 18
1658 289 2 36 32 229 2
3175 382 1 33 13 162 2
7726 138 1 26 11 216 2
6164 152 5 299 19 364 18
3775 317 3 111 68 162 16
7833 329 2 54 8 72 17
6658 296 2 63 40 96 1
1882 247 6 166 19 36 20
6104 262 1 16 26 345 1
3028 371 5 263 6 173 6
6279 169 3 74 16 92 4
6674 16 2 28 16 174 17
758 268 1 33 28 386 5
11194 221 3 35 57 165 18
2508 187 4 47 50 140 16
11292 141 1 121 33 306 7
1539 184 4 43 33 92 18
7630 40 4 100 18 318 6
9120 343 1 63 20 229 6
5374 336 1 17 37 500 3
8436 315 1 57 37 113 4
10767 203 3 331 52 120 6
1171 479 2 103 26 250 4
10091 94 1 22 61 308 7
6919 418 2 241 39 175 1
9763 422 1 35 25 61 3
4326 287 1 305 49 77 6
5924 177 2 80 19 139 1
2094 325 3 40 36 555 4
1216 277 1 18 53 93 16
604 340 1 149 35 89 7
7314 450 5 318 27 136 18
4319 181 2 63 26 511 7
10091 337 1 108 11 185 18
10922 542 5 336 20 169 6
8759 203 2 124 31 484 5
4558 349 4 443 46 234 20
1620 66 3 369 45 280 20
10977 7 1 57 20 407 18
8239 507 2 64 60 364 18
4045 428 1 30 11 232 6
9715 218 2 87 20 158 6
1181 269 1 10 26 123 5
3769 518 1 12 18 177 4
10990 287 4 125 11 327 1
1011 191 2 37 9 162 6
10911 10 1 19 61 265 7
10168 207 2 65 57 263 17
2336 32 2 48 37 438 4
9248 224 2 76 15 136 7
5431 457 1 123 33 470 2
3092 453 5 93 34 325 1
5155 345 1 110 43 338 7
6157 118 1 71 38 153 5
206 488 3 79 46 198 6
5790 504 1 26 35 84 3
4354 131 2 99 20 216 4
8874 412 3 36 11 128 3
2120 412 2 50 31 257 4
4159 373 2 54 16 244 5
10604 202 5 106 23 111 3
10757 14 5 190 35 397 2
6063 538 2 61 7 370 4
1730 247 1 26 10 323 3
6228 247 1 40 78 260 6
9175 331 2 118 32 141 2
10992 206 1 155 26 254 5
6698 112 5 155 23 176 3
2839 205 1 130 36 175 18
9942 533 3 265 51 192 19
9570 311 6 146 16 214 3
510 51 3 229 59 68 20
323 113 3 188 21 175 4
2021 327 1 49 42 141 2
11145 455 1 21 28 141 20
9450 374 3 57 74 428 18
9325 23 1 14 78 399 16
1739 28 6 85 68 214 5
10648 508 2 43 12 127 1
2503 359 3 71 14 397 4
297 324 1 48 85 532 17
8382 226 1 61 9 246 5
3899 265 3 185 16 97 3
2962 169 2 77 19 225 5
463 13 1 33 31 334 2
9487 517 4 121 75 306 18
7409 345 3 202 42 102 3
10196 73 1 36 40 43 5
9985 406 2 115 59 86 5
6453 217 3 131 22 363 16
11418 355 4 84 24 101 2
10795 375 1 70 31 258 7
10840 420 1 18 28 167 1
11985 498 1 185 35 135 19
8634 545 1 43 30 475 16
34 196 3 353 19 90 1
2555 439 2 46 14 203 5
5333 504 1 11 26 165 17
8776 65 3 59 60 445 3
5307 354 8 431 15 64 2
2191 435 4 246 26 250 16
11878 465 4 225 41 285 19
11754 541 4 103 17 254 3
52 453 2 203 11 482 18
5856 91 1 197 33 332 7
8076 36 1 111 28 55 6
3949 227 1 39 9 198 3
5459 479 1 46 19 105 4
3580 525 1 112 13 223 7
6032 501 2 37 19 57 2
260 17 1 15 58 227 15
6158 529 3 123 11 115 6
8179 539 1 29 7 386 6
6529 408 1 29 45 201 5
4388 99 5 75 9 143 3
4792 303 2 34 39 486 7
10837 538 3 151 30 361 1
4492 202 4 91 12 53 5
6266 372 1 70 24 209 4
5637 218 1 50 16 135 6
9734 469 1 66 10 367 2
356 393 1 81 14 370 5
9986 138 1 20 61 157 19
2996 36 2 68 78 201 2
1338 349 1 27 38 131 2
9108 195 3 63 13 141 20
9937 235 2 109 30 48 18
11216 398 2 63 23 322 4
8320 125 2 35 11 62 15
5116 359 6 289 32 47 1
7771 469 2 46 12 460 18
4617 122 1 41 15 112 16
9927 222 2 44 53 264 7
4047 523 1 19 29 170 5
10528 62 3 59 32 224 5
743 362 1 27 20 239 20
7240 204 1 37 36 432 5
1653 434 1 136 13 588 5
8610 319 2 197 9 139 6
8836 86 1 43 21 656 19
11743 253 2 41 36 80 2
3663 111 2 29 35 89 5
2379 68 2 113 43 73 16
4503 165 2 159 64 131 7
8911 171 1 30 23 206 7
2356 441 6 127 14 319 2
11509 131 1 18 41 84 1
2668 41 1 16 8 232 7
10534 289 1 15 21 129 1
6084 187 5 106 44 390 5
4049 238 2 130 37 72 7
6430 195 2 168 56 71 2
984 32 2 66 62 215 6
2993 341 2 61 15 384 18
5693 452 2 47 18 166 1
8532 514 1 53 21 206 4
1808 483 1 17 25 360 5
2762 269 2 272 42 60 1
8606 234 1 202 11 320 16
2174 403 1 32 38 164 1
7716 56 2 72 76 136 5
7730 46 1 31 57 74 2
8806 322 3 86 22 134 15
747 258 1 11 23 118 7
2208 95 6 135 33 179 6
3983 271 1 117 20 186 17
5437 190 1 66 50 294 4
4418 145 1 25 58 113 5
2363 458 2 67 34 503 7
336 466 2 183 60 454 5
5098 415 1 103 19 27 6
3584 215 1 20 41 364 3
1956 422 4 86 23 328 2
6321 507 2 187 20 364 2
7013 97 4 53 17 162 6
6999 186 1 63 15 131 20
510 409 1 40 22 294 5
990 239 4 138 57 154 2
5019 496 1 21 15 179 16
6298 354 1 55 47 399 7
4314 433 5 145 66 115 3
2532 277 2 41 11 453 17
4295 128 1 12 36 166 5
3772 225 1 63 14 464 4
4851 336 5 296 23 137 7
6394 231 1 70 12 402 3
4940 107 1 35 12 181 6
10309 390 1 13 55 257 2
73 411 3 242 68 92 15
7488 365 1 54 12 185 5
2873 404 1 10 49 345 20
10819 109 2 45 10 189 7
4316 69 3 253 18 153 2
2009 361 2 105 70 214 15
6420 550 2 28 17 356 2
576 409 1 21 48 235 7
2129 475 2 34 9 169 5
4875 521 1 27 36 161 17
4879 36 5 163 45 61 6
10962 229 1 30 23 206 1
5066 497 1 22 32 305 15
7489 234 2 52 8 92 1
6640 176 1 21 14 347 1
6393 326 4 162 23 241 6
3389 261 2 90 24 454 15
9771 405 1 14 56 143 2
1388 302 2 35 29 428 5
11041 232 3 52 32 190 7
2188 535 2 33 22 50 7
11431 417 2 108 56 157 1
8849 510 3 245 13 305 2
3276 142 3 51 20 563 17
3589 219 1 14 19 188 4
1252 351 1 194 43 120 7
11153 134 6 323 23 255 7
8676 205 3 93 14 245 1
10727 297 1 23 33 342 3
342 336 1 12 84 505 7
11458 305 1 19 63 313 4
6645 78 3 81 31 452 20
5248 27 1 32 45 116 5
1872 236 1 58 30 288 6
5486 335 3 40 26 212 3
6438 388 1 19 20 146 2
7686 466 2 45 27 203 3
11051 99 5 153 19 363 5
9884 353 1 19 30 552 18
8241 361 4 134 30 86 5
3133 443 1 15 54 202 2
5964 397 1 12 30 78 3
2550 271 3 93 19 81 6
5427 491 1 27 13 309 6
212 50 2 65 7 46 20
9923 193 1 136 69 192 5
8610 181 4 149 31 156 16
10733 150 2 52 13 96 4
917 510 2 100 54 266 5
5440 383 1 177 27 123 7
312 522 1 63 24 234 17
80 483 1 233 14 84 3
1689 165 1 40 28 150 1
10828 366 2 62 18 397 5
11172 133 5 104 26 96 19
10299 304 1 123 33 147 7
9754 162 6 164 44 367 2
7213 421 1 34 11 91 1
5233 166 2 58 28 374 4
3338 172 1 53 19 92 2
5072 276 1 44 46 164 18
5965 516 5 94 45 589 4
5938 461 4 83 73 208 17
5765 197 1 42 35 117 15
7867 389 2 67 24 503 2
11547 239 3 61 70 65 2
8299 504 1 51 9 238 17
3708 399 1 47 23 237 3
3312 405 1 16 13 389 19
6752 57 1 138 55 121 3
945 44 3 115 11 446 5
3706 398 5 88 53 44 15
1949 414 2 37 41 188 16
10017 174 2 63 26 503 5
4740 73 4 201 42 102 15
6362 225 1 22 13 190 1
9991 531 4 169 45 90 1
3368 42 1 19 9 114 2
3655 108 1 27 10 198 17
9396 514 1 24 23 205 3
1184 366 1 22 35 371 1
5816 371 1 27 18 187 16
8964 346 4 65 54 197 7
11738 133 1 326 39 436 4
8368 30 1 57 67 68 7
7686 266 3 408 63 107 15
11182 547 1 44 11 262 5
11130 192 1 64 22 245 1
5009 369 2 144 15 451 18
10474 383 1 34 37 276 17
5812 164 1 56 18 287 1
10456 294 1 21 8 244 1
4076 474 2 71 20 164 5
10956 46 2 70 23 279 4
5726 191 1 46 58 252 4
5523 118 2 61 22 316 2
2723 22 1 110 15 121 7
3150 251 2 101 35 137 6
11027 174 2 250 42 66 1
6301 479 2 93 25 199 7
4816 142 2 33 69 567 7
2811 462 1 49 37 326 1
6702 385 1 82 25 36 7
11371 542 5 152 8 126 5
9872 466 2 104 26 197 18
3225 221 1 98 15 80 4
9363 173 1 30 66 322 7
8596 253 2 90 12 125 3
9333 205 4 234 11 410 5
4165 282 1 19 73 48 2
9308 278 1 13 11 156 15
1826 67 1 56 75 367 2
2119 346 1 55 49 201 3
1841 519 1 64 47 96 1
5801 158 3 88 66 103 17
8087 169 1 54 22 326 19
7918 273 2 103 7 184 20
291 193 1 97 26 565 20
1165 257 2 127 26 73 18
11176 463 1 33 27 168 7
8036 42 1 25 49 168 16
3676 292 1 50 5 311 2
7814 65 4 188 20 53 6
1247 149 1 20 26 415 4
6936 112 2 65 13 162 19
1497 63 2 78 25 143 4
9569 223 4 443 44 82 18
8394 323 7 453 56 212 18
143 208 3 165 38 110 6
11169 114 1 15 14 296 15
2095 152 3 132 10 124 3
2041 19 1 46 24 414 16
3403 180 1 20 68 297 16
8781 307 5 122 61 99 17
11845 152 3 142 56 143 20
9827 100 1 65 36 74 3
5654 208 2 99 23 564 1
2131 503 1 51 42 227 2
9351 160 2 67 14 440 7
9787 250 1 94 25 96 6
371 349 1 101 17 329 7
1520 373 1 206 17 274 3
1966 141 2 61 19 540 6
5320 55 2 104 57 58 3
3604 460 2 46 71 359 2
6919 349 1 40 16 481 6
1729 293 5 170 33 117 4
3496 271 1 21 15 155 1
8543 240 5 152 51 213 19
6284 525 1 112 59 307 7
2397 484 2 54 46 69 3
11751 125 1 22 33 562 17
3911 8 1 53 24 27 2
11076 187 1 29 6 326 16
973 537 1 109 17 224 2
2499 290 1 100 51 203 3
7624 471 1 23 6 323 1
9727 458 1 66 7 215 17
3766 390 4 71 41 274 4
6068 518 1 25 62 282 5
1708 129 1 45 21 142 5
3432 521 3 148 5 182 6
7634 17 1 70 52 281 1
3019 392 1 27 29 176 20
4459 340 1 29 39 170 1
7431 120 1 19 7 164 18
1416 233 1 198 34 208 6
6646 531 2 107 39 115 6
9026 246 1 79 63 174 3
4594 148 1 26 8 303 3
8879 232 3 72 59 112 5
71 242 2 263 12 105 5
6952 247 1 30 56 96 4
11091 388 1 32 72 123 7
2002 107 2 226 13 543 6
7880 408 1 27 52 50 6
1504 241 3 55 46 98 3
8511 342 5 108 27 586 6
8833 121 2 40 19 144 3
11399 372 1 75 15 456 5
11294 355 2 67 38 120 3
8445 174 1 22 7 179 7
10058 71 1 270 30 334 2
5230 325 6 143 16 472 6
2149 225 1 68 75 63 16
6740 244 1 69 28 186 4
2599 283 2 29 26 134 7
5531 447 1 343 23 118 1
3103 10 2 58 13 550 6
8055 342 2 56 27 130 2
3348 403 1 40 24 499 5
3588 498 1 15 15 342 2
11635 517 1 26 53 373 5
9182 85 1 31 9 245 7
8717 84 2 47 43 188 4
3633 505 1 44 22 232 5
6168 428 1 202 37 89 7
2413 260 1 39 12 157 1
11993 88 2 58 15 192 2
9670 375 1 15 11 305 17
2942 28 1 40 38 607 6
996 206 1 137 17 418 15
10840 355 1 19 28 393 4
8976 549 1 42 12 371 5
8606 176 1 61 27 154 7
7708 341 1 32 48 53 1
6847 373 2 34 17 57 4
9063 40 2 52 23 161 7
3784 20 1 22 33 293 20
6900 65 1 72 25 86 16
10241 398 1 60 52 49 5
1131 513 1 94 18 156 5
3455 169 1 9 46 302 7
9401 251 4 73 22 136 6
