23 490
6 32 56 976
6 80 116 128
7 24 48 784
2 32 68 432
7 64 32 464
7 32 28 624
8 80 128 960
8 24 116 896
7 80 64 928
3 24 68 640
6 40 56 96
8 80 88 512
8 32 44 672
4 40 128 192
5 64 72 912
6 80 88 96
6 40 24 112
4 48 100 992
2 24 40 112
5 64 120 272
7 80 84 896
3 64 80 240
4 64 56 912
4307 599 2 163 21 333 10
10418 389 1 63 29 148 19
7842 421 1 28 36 454 17
4434 474 5 97 9 51 6
8304 302 2 32 13 220 7
640 546 1 19 41 275 9
4691 232 4 53 29 416 1
2155 317 4 74 16 465 12
5277 502 1 33 13 44 14
11648 238 3 57 23 363 15
10757 470 1 18 24 205 5
7868 170 4 144 14 358 16
5544 607 2 47 56 129 8
5766 451 3 178 66 73 11
7705 162 3 210 24 36 7
3172 198 2 61 31 343 18
11751 258 1 202 44 251 17
10003 378 2 170 20 565 6
3228 20 1 37 23 160 3
5458 288 5 231 77 715 11
6211 141 1 59 20 218 17
7269 462 1 332 29 134 12
4817 462 1 64 43 148 20
62 330 2 192 25 20 9
706 38 1 15 18 428 15
9102 524 1 162 27 62 8
5193 460 3 70 34 506 17
11047 307 1 199 45 51 18
1728 103 3 55 26 165 19
8435 505 2 40 17 66 19
5690 165 2 158 28 402 14
11731 277 3 58 37 525 13
10740 246 1 160 20 591 10
3244 483 2 40 17 365 3
6525 273 1 9 18 238 17
5098 413 2 81 54 92 1
1159 189 3 134 74 28 14
8786 105 4 74 14 167 10
6069 30 2 23 18 533 5
961 293 1 25 62 74 3
961 355 1 17 12 58 20
6193 295 1 19 24 524 2
10894 158 1 26 11 84 10
3920 185 1 86 69 117 7
6973 69 3 197 77 27 15
6848 108 4 284 36 291 13
10287 588 1 12 16 205 1
1813 286 3 70 74 59 3
6141 458 1 75 51 364 11
9136 213 2 115 70 198 10
8268 15 1 33 49 704 8
9758 76 3 88 26 210 15
9258 50 1 42 39 402 4
8580 208 1 19 17 25 7
4579 58 3 84 30 70 7
11145 104 6 145 11 417 16
3142 515 1 33 66 576 12
7416 136 2 164 38 53 18
698 429 4 184 17 187 9
1754 642 2 105 29 490 6
10273 333 4 151 10 53 7
3384 254 4 141 19 319 6
151 65 1 15 59 602 19
10797 292 3 102 28 44 8
10818 335 2 26 22 50 20
11311 508 3 123 84 277 4
9499 523 2 33 20 381 15
4888 146 2 172 20 374 10
2877 388 1 49 20 239 5
9295 317 2 93 43 39 12
7645 99 1 27 38 731 16
8730 22 2 156 17 136 8
7791 563 1 65 16 408 19
10564 274 1 37 29 93 19
2840 471 3 68 65 46 17
210 629 1 20 14 231 12
4611 506 4 76 65 257 10
482 564 5 121 19 311 3
9246 58 5 327 40 47 14
6018 290 1 67 17 648 8
158 646 5 234 17 436 3
7144 165 1 96 27 53 12
6632 307 1 43 7 460 2
8850 475 3 143 21 530 17
9801 45 5 334 24 608 10
8780 422 2 44 9 208 9
10079 184 1 14 34 319 17
7477 113 1 17 14 55 9
1484 627 1 49 36 130 8
6481 213 3 112 46 359 9
6188 111 3 179 48 391 17
5656 484 1 24 49 132 1
216 226 2 70 22 40 19
106 267 5 170 9 67 19
8342 105 8 364 81 617 6
1093 22 1 26 15 37 4
7003 559 1 212 10 296 20
622 30 2 178 74 577 12
5237 474 3 84 33 227 14
10384 470 1 143 77 122 12
8419 88 4 97 11 170 10
2106 20 3 391 67 49 11
10972 322 1 229 53 575 20
4104 81 1 63 70 63 10
11696 254 1 109 23 236 3
1536 534 2 115 46 248 13
8383 147 2 35 21 166 14
7972 155 1 13 39 190 10
11650 567 1 52 68 550 2
413 162 1 130 20 211 8
5888 86 3 143 26 70 3
9681 538 2 146 25 135 12
9485 106 1 46 38 90 10
274 307 2 38 21 51 11
10623 461 1 38 29 434 3
4989 220 5 301 15 309 2
10415 334 1 11 28 54 3
10244 546 2 53 37 297 12
5463 588 2 160 22 305 18
3582 591 1 44 36 22 19
3448 141 1 54 17 152 2
6181 364 2 57 12 63 4
11260 204 1 33 27 53 8
2826 592 1 43 20 118 4
10107 466 1 21 13 74 17
4217 237 3 145 54 95 7
4515 108 1 30 20 285 1
2779 180 1 53 66 91 2
5481 472 6 104 33 249 1
1697 292 7 95 18 218 8
9428 204 4 267 48 251 12
3446 231 4 151 50 623 5
10546 558 6 114 24 47 7
11782 376 2 108 18 536 15
1746 253 1 51 73 59 2
3178 546 2 169 38 230 15
10068 319 3 98 20 371 7
7505 120 1 58 33 168 3
11233 15 2 27 31 146 3
5283 137 3 42 27 328 8
5407 98 4 99 12 396 16
1321 298 7 228 56 697 10
1841 181 4 407 34 641 3
7199 650 2 150 13 194 14
2624 380 1 41 48 452 19
354 62 2 104 27 333 1
10260 624 2 77 25 249 13
10657 596 1 26 60 388 8
4392 240 2 51 19 29 9
8189 15 1 143 51 51 5
9114 589 1 49 40 126 5
5523 68 4 176 13 316 17
1788 147 4 97 77 322 18
1925 507 1 35 70 277 18
10532 208 2 56 31 208 16
10584 168 8 467 49 276 4
2658 118 1 26 21 146 14
6001 56 1 22 46 680 11
10390 339 2 46 15 625 19
2734 599 1 23 18 182 14
5885 543 3 82 23 255 18
6311 159 1 35 68 602 10
3426 128 2 136 54 58 19
1627 41 1 35 54 115 15
3553 613 1 15 22 531 8
4858 37 3 271 29 320 11
2984 300 1 132 84 699 5
9916 105 3 75 11 25 18
2156 51 1 43 63 161 8
7606 618 2 39 20 158 11
6544 273 1 76 63 104 2
4429 45 2 38 9 68 6
7858 77 4 323 53 72 7
8198 473 1 30 31 213 20
8843 589 1 16 23 71 6
3475 44 2 90 50 680 9
8396 523 1 108 26 36 19
6086 576 2 210 20 106 3
8060 245 1 18 65 255 2
10938 518 3 160 15 578 18
9889 128 2 30 15 54 1
4369 201 1 29 33 36 18
6993 578 5 119 17 69 20
1063 318 1 115 34 58 18
2331 451 1 50 29 276 13
11328 467 2 236 45 32 19
4389 146 2 270 65 618 18
10509 368 6 142 26 306 16
11070 98 2 69 17 268 16
11797 359 1 17 48 49 15
8647 372 2 34 20 239 16
3707 453 3 102 11 27 15
8983 488 1 83 27 682 10
3078 176 4 69 66 623 16
3190 10 1 17 73 496 20
3649 352 2 42 35 42 11
4672 373 1 35 9 56 18
6528 41 1 51 53 152 18
906 301 6 302 28 390 13
11709 338 2 24 34 138 12
8498 488 2 211 20 30 18
9884 489 2 47 17 81 15
6901 138 2 39 79 588 10
754 614 3 72 20 152 4
11066 637 1 25 25 623 4
9942 71 5 84 11 234 15
8051 522 1 30 39 490 15
6325 241 2 154 78 167 6
4582 522 5 106 24 648 13
4459 169 1 34 36 398 16
7937 169 3 60 24 402 16
5762 578 1 75 50 147 20
1111 595 1 46 25 323 11
2940 422 3 107 16 360 6
1617 22 1 13 27 168 6
3296 563 1 48 18 375 13
1956 159 1 35 24 443 7
10363 217 1 158 52 140 7
9674 174 2 49 38 496 18
11621 570 7 294 55 375 2
218 110 1 72 44 374 18
10353 60 2 87 34 58 18
1443 183 1 105 43 170 8
3137 512 3 75 35 196 3
8610 484 1 39 34 445 16
371 582 3 402 68 37 2
4794 366 1 44 26 423 3
5937 226 1 23 16 325 3
6542 576 1 83 41 152 20
7246 250 2 90 24 447 3
9822 194 2 50 84 138 7
9069 395 5 169 35 339 2
9282 595 3 139 38 200 19
3128 243 1 14 34 162 12
5838 292 2 268 75 75 12
2356 505 1 63 54 92 13
11988 200 2 75 23 525 16
2573 116 3 106 30 225 18
7137 455 1 43 47 200 11
11350 29 1 114 17 335 12
11684 500 2 119 23 504 11
11511 120 1 295 17 204 15
952 44 2 87 18 81 1
10972 73 1 11 29 355 8
484 173 2 54 21 289 8
5480 648 5 206 35 203 6
1918 170 3 39 41 285 9
14 268 2 43 37 149 8
3475 604 4 148 11 497 16
11254 247 1 49 30 591 19
362 265 2 93 28 173 12
10276 625 3 88 58 139 17
2357 294 6 172 46 46 11
5139 354 1 136 18 557 19
1997 466 4 85 31 413 7
1877 363 2 42 36 244 1
7179 162 2 81 7 47 5
10933 493 1 186 40 51 13
11303 454 1 45 33 583 8
8913 84 4 187 17 62 9
1023 442 3 140 46 444 15
726 107 1 70 15 445 7
3402 642 3 175 28 654 5
2413 557 2 149 22 267 19
3861 431 2 163 70 73 17
3608 456 1 33 28 34 10
8661 634 1 11 28 317 7
4465 145 2 40 14 193 3
6176 331 1 66 44 37 19
3164 303 3 76 29 200 10
3405 637 6 282 13 250 19
4043 180 5 106 28 68 15
4014 230 2 34 13 224 18
11937 204 2 227 34 55 15
3602 330 1 48 12 516 2
3767 62 1 39 31 51 16
10794 552 2 108 37 308 12
9196 354 1 107 22 624 18
8348 630 3 254 35 379 17
5707 409 3 111 18 41 6
11020 546 2 89 46 566 9
6848 591 2 47 14 291 18
1957 92 1 225 39 224 20
5118 516 4 164 70 95 19
5256 441 1 148 56 170 11
4854 231 2 63 11 346 15
1068 463 2 81 29 331 9
5197 292 2 226 23 130 11
8134 381 3 135 32 102 1
5433 452 1 55 28 127 7
833 507 4 114 36 331 2
6444 592 7 399 25 317 19
11608 594 1 52 22 119 6
10359 336 2 81 23 40 3
8058 317 1 23 27 200 9
7061 113 5 262 53 69 13
1691 511 3 243 67 522 20
10003 25 1 16 13 71 9
8867 646 1 24 36 299 13
2712 622 6 140 29 68 4
3124 36 2 76 28 61 12
10784 628 1 27 34 660 2
7750 599 3 199 54 70 6
8458 331 3 55 48 510 9
3164 286 1 131 18 346 13
5489 585 2 154 24 462 2
4097 423 1 28 39 203 8
5307 64 1 81 12 40 2
5407 320 1 15 11 49 18
10863 310 1 55 28 234 14
7644 509 2 64 88 59 7
10954 562 3 107 7 198 18
9545 61 1 60 41 89 14
9401 412 1 306 31 32 15
7824 156 1 51 16 250 8
3934 578 2 84 35 678 11
5410 222 3 154 41 177 12
215 571 1 25 12 574 5
10589 270 5 97 57 634 1
4258 24 4 93 31 209 14
1106 99 1 31 47 341 8
10760 123 1 100 16 654 18
11815 193 1 20 40 291 20
4435 275 1 90 51 73 14
5738 96 3 111 72 446 11
6938 369 3 32 18 203 1
4003 334 3 89 17 82 8
1527 449 1 17 29 270 6
3379 96 1 23 23 96 4
9868 535 1 77 14 299 13
2847 638 1 57 42 193 2
603 627 1 46 60 156 19
4972 209 2 58 39 567 20
8331 59 2 102 29 87 18
4528 97 3 188 30 39 15
1792 325 1 17 21 31 13
252 217 1 67 53 72 17
499 508 2 99 23 144 4
3898 539 4 197 53 652 3
9944 51 4 213 80 156 11
10762 250 2 218 30 89 4
11786 606 1 167 58 599 12
10427 31 3 67 40 50 6
7048 85 3 144 29 106 8
5631 290 5 60 20 216 13
8839 530 1 17 21 385 8
5238 605 2 31 13 79 16
2447 15 2 223 59 351 8
5105 338 1 18 11 36 9
4787 200 5 102 24 245 2
7725 48 2 91 31 338 2
516 440 1 44 28 556 8
2337 153 1 81 16 282 5
4238 409 2 195 58 613 3
6227 127 1 19 10 61 6
1032 356 1 28 34 277 10
5626 214 1 15 21 647 19
4025 155 2 154 25 30 12
9447 101 4 84 22 440 1
11975 396 2 53 51 235 1
1395 526 1 154 31 257 20
11307 522 1 18 18 136 4
5266 51 3 127 61 62 10
11136 229 4 111 26 254 13
9738 113 1 56 12 242 17
3529 564 2 54 24 98 11
1459 293 5 108 74 384 9
10569 302 6 133 14 277 18
308 286 3 87 16 428 3
1517 38 2 65 54 50 1
6312 143 2 98 33 214 5
481 390 1 20 17 343 12
6030 127 2 233 16 573 8
805 444 2 258 31 328 14
10705 20 3 100 10 199 6
9822 226 1 36 24 309 9
9078 353 3 72 55 225 19
4280 417 6 301 18 620 19
622 292 3 64 20 20 1
8062 260 2 30 15 36 11
10187 341 1 266 57 127 2
9908 172 1 168 39 71 19
10084 354 1 72 16 675 6
4929 471 2 35 11 316 4
5717 264 1 33 80 152 16
9542 543 2 243 43 59 17
1891 130 3 49 8 69 6
7268 551 2 64 67 72 20
9868 614 1 108 38 102 4
5527 562 5 312 27 520 2
11172 195 2 74 25 147 2
1061 217 6 111 16 67 17
2148 237 2 60 51 535 19
11289 242 2 130 81 472 6
11170 216 1 35 49 400 14
4455 627 1 18 20 524 2
1005 153 4 237 82 109 9
7876 195 1 25 30 172 13
10862 196 1 43 40 222 19
5542 209 1 102 17 215 17
11273 402 1 28 55 75 6
10399 73 2 45 23 278 19
2042 149 1 37 30 114 8
2287 412 2 81 32 430 5
337 573 1 143 27 264 15
4760 424 2 96 18 71 4
5503 282 1 93 16 216 1
7175 369 2 54 72 353 14
5439 140 2 48 16 285 11
11687 217 1 15 18 323 20
1212 497 1 162 33 111 13
5893 29 1 53 46 440 20
7459 308 1 174 36 119 8
8279 547 3 134 38 564 18
11126 556 1 57 31 87 11
4322 425 2 104 48 68 3
2564 431 1 59 14 313 9
11476 610 4 125 17 52 18
11890 273 2 74 43 105 19
5109 39 5 162 14 49 15
8870 99 2 77 62 94 4
148 549 1 14 17 578 9
1343 629 1 201 24 319 13
2318 369 1 93 16 574 6
9917 600 3 89 61 357 6
4642 478 2 50 19 156 11
6565 355 3 165 23 214 10
11619 593 1 26 18 180 13
2781 474 1 37 48 35 5
2730 650 3 68 12 24 5
11636 206 1 32 27 66 7
11145 165 2 85 14 242 16
3402 590 2 28 53 459 17
66 179 4 103 31 42 18
6618 191 2 104 44 100 1
6475 178 2 107 30 382 8
2224 622 1 28 15 43 12
8955 332 3 130 79 126 4
6737 489 1 31 31 284 14
8195 238 1 262 39 576 18
9171 57 2 105 22 578 20
6682 230 1 36 29 262 13
9292 404 2 80 35 258 12
6046 377 3 109 15 347 20
5194 234 1 64 89 474 2
9635 634 1 50 8 255 2
10453 196 3 222 71 265 16
5904 281 2 193 41 454 1
7042 117 1 111 26 191 13
3948 358 2 59 28 40 10
3655 398 2 24 21 482 10
9456 247 1 33 28 61 5
11288 533 2 78 27 46 1
5459 136 1 97 67 448 12
9419 598 2 197 57 53 15
11606 471 3 144 14 269 20
1878 315 2 149 26 441 18
8839 646 6 192 8 116 13
2749 327 1 50 37 238 1
11347 236 1 32 64 43 8
3244 71 1 19 27 315 1
5598 248 5 349 55 184 19
5190 350 1 68 54 30 6
6692 128 3 202 13 230 2
1289 240 4 192 59 51 19
8620 102 2 62 22 238 8
4807 24 1 54 15 458 6
4866 215 5 277 84 246 10
5505 260 1 47 34 414 16
10350 417 2 202 53 231 13
10373 377 2 243 42 328 1
7733 639 1 100 75 107 9
2455 646 3 180 68 44 1
2588 186 4 200 18 556 10
11171 35 5 261 29 45 13
2127 435 3 140 42 101 1
2915 105 3 56 10 408 3
8094 605 1 13 26 491 17
7804 356 1 24 22 510 6
3785 344 3 145 12 414 18
7007 527 5 122 14 266 19
7040 542 2 90 19 112 17
3911 108 2 66 48 258 11
11028 298 1 41 84 400 7
974 489 4 81 37 47 11
5117 291 1 32 69 601 14
6685 33 1 20 24 26 3
1031 299 2 273 19 298 7
4995 211 1 35 27 132 7
11261 211 1 74 30 254 7
