75 2891
3 24 24 64
6 80 100 704
2 16 40 80
7 64 100 624
1 16 44 192
3 16 28 96
4 32 48 32
3 32 20 64
1 24 44 48
3 32 24 128
2 16 28 256
3 16 36 80
1 32 32 32
4 32 32 192
2 32 28 144
2 24 44 176
3 24 48 176
1 24 40 128
4 32 12 112
7 80 104 960
1 32 24 48
6 64 112 816
8 64 116 752
1 24 28 240
2 32 12 32
2 24 36 64
6 64 104 752
3 16 20 128
3 16 28 144
4 32 44 176
2 24 28 112
1 24 36 176
7 80 104 848
3 16 16 64
2 24 12 32
2 16 16 96
8 64 104 688
8 64 128 656
2 24 32 160
4 24 16 112
3 24 32 240
2 24 48 144
2 24 32 176
2 24 32 160
2 16 12 240
4 16 20 96
1 16 40 112
4 32 20 32
8 64 128 800
3 16 48 64
3 24 8 240
7 64 124 656
4 32 44 32
2 24 40 96
4 16 28 208
3 16 16 256
2 24 12 32
4 16 36 192
1 32 44 256
1 16 32 176
8 80 120 832
4 32 12 80
3 32 44 160
2 32 44 208
1 16 8 224
1 16 8 144
1 16 36 32
1 16 40 32
2 16 16 256
1 32 12 208
1 24 16 176
2 24 32 224
1 32 40 96
2 24 12 80
3 32 32 160
1967 832 8 480 115 346 19
25 807 8 417 109 605 6
9988 190 7 395 64 534 20
27 823 7 373 112 471 12
9968 313 5 434 94 331 18
9697 945 7 423 79 625 20
0 707 8 421 100 415 4
4607 635 8 386 74 649 8
2135 480 5 367 86 820 4
2172 772 5 263 73 422 7
10062 742 5 381 80 417 8
5320 287 7 556 64 822 4
4684 184 7 413 121 601 20
2075 921 5 465 72 620 2
1737 684 7 311 63 572 7
95 177 6 393 68 503 11
0 601 8 467 91 566 20
0 689 5 336 54 671 11
4778 289 6 448 87 680 3
2239 614 7 395 99 652 8
5084 766 8 427 126 419 12
2078 934 6 280 58 541 9
2399 939 7 435 59 606 12
9836 317 7 469 100 711 8
2101 686 5 266 108 803 6
392 688 8 533 81 694 4
10334 946 7 505 57 932 8
10120 154 5 320 93 318 5
2252 617 7 481 68 454 17
5238 693 5 296 53 489 11
2000 825 6 429 75 725 18
0 727 7 323 124 430 5
19 299 5 285 82 372 8
1787 177 7 299 80 295 8
0 125 6 363 58 327 11
4750 859 8 471 65 643 7
65 962 7 460 55 554 7
2281 433 6 437 90 530 12
9795 792 6 434 81 462 3
1760 179 7 378 83 427 7
10335 818 7 381 62 670 11
5329 508 6 334 63 519 18
10334 726 5 470 54 370 7
9747 435 8 603 82 772 18
371 731 6 298 92 318 10
2366 578 6 357 76 733 1
2136 366 6 517 88 729 17
10333 982 7 419 84 653 8
5370 573 5 381 70 536 1
10039 782 6 365 47 528 9
4953 809 6 296 68 531 16
1933 243 5 324 66 285 2
140 410 5 364 87 747 19
303 713 7 293 116 424 1
1759 561 5 408 103 509 8
0 939 7 475 97 770 16
1671 823 7 495 99 481 17
0 474 6 325 89 537 20
5156 167 6 336 76 548 11
1662 478 5 369 79 433 7
1663 785 7 306 72 596 16
5346 567 5 307 95 531 7
5312 193 7 536 70 714 6
4742 890 5 244 72 648 19
0 329 4 311 48 355 7
1922 726 6 425 68 676 17
0 795 5 344 57 561 17
0 839 6 253 86 489 6
0 412 6 342 113 648 8
0 844 7 500 69 603 2
0 418 6 472 57 652 12
4810 761 6 403 93 735 16
2314 432 5 331 91 570 4
0 747 6 322 77 601 5
4734 851 7 382 63 608 2
0 721 7 507 82 367 18
5391 287 7 448 94 372 7
0 216 6 384 56 449 20
0 829 8 456 105 409 5
9958 426 5 349 90 598 8
125 933 6 365 47 452 9
186 959 4 292 53 606 11
0 688 7 458 84 931 16
9769 186 7 404 91 517 5
4701 298 7 316 96 497 3
1620 760 7 618 83 608 16
4741 583 6 486 84 436 17
0 651 7 410 117 771 16
136 349 6 388 87 489 18
1885 838 6 264 72 307 16
32 730 4 219 53 669 18
260 925 6 355 103 493 4
5206 413 5 216 104 702 7
123 364 7 319 72 736 20
10118 705 5 356 72 642 17
2193 201 8 359 95 506 20
4896 789 5 278 55 554 18
10309 226 6 337 86 444 6
5158 734 6 502 64 750 7
20 752 7 470 96 614 8
0 648 6 361 60 316 11
4637 329 5 253 77 484 11
9960 868 8 374 58 615 17
64 731 8 436 86 520 6
2208 805 5 407 60 332 6
110 816 7 427 96 531 6
10394 741 6 374 84 530 5
59 443 7 382 78 431 16
9745 748 6 304 106 407 16
0 590 6 318 97 504 12
9880 123 4 218 83 390 9
5013 732 8 445 80 598 10
258 850 6 495 93 431 20
4647 823 7 439 61 530 8
4896 946 7 388 46 474 12
1870 453 7 349 101 558 20
4892 670 5 354 98 632 19
9833 234 6 362 73 576 20
191 800 5 352 92 493 18
10341 922 4 291 99 371 7
4805 706 5 355 55 390 18
9995 730 7 343 65 393 12
10053 554 8 475 107 539 17
0 374 6 316 85 467 3
0 734 8 515 65 511 12
9607 895 7 428 73 568 17
4622 857 7 400 98 950 18
281 464 6 381 84 702 9
2210 456 7 401 75 678 18
2282 891 6 382 90 428 5
143 751 4 300 103 466 12
274 638 6 429 113 471 16
2332 946 5 371 92 619 2
2033 656 5 406 80 780 18
4803 141 5 343 66 677 16
367 734 6 299 64 573 8
0 488 7 418 83 578 5
0 806 5 333 67 701 19
0 315 6 548 98 477 11
10391 328 4 213 85 600 4
5335 721 4 277 68 412 2
5250 729 5 366 88 741 3
4887 215 4 296 69 690 19
4915 729 8 570 106 573 1
2167 963 7 414 98 479 3
0 206 6 360 113 632 4
4886 920 7 501 101 654 17
4964 990 7 409 67 612 17
1984 782 5 340 52 523 20
5177 834 5 333 72 542 19
10045 466 5 449 80 451 17
0 245 5 415 68 493 16
5170 786 6 414 76 511 10
9778 789 7 423 80 439 20
10353 993 7 381 49 633 3
302 787 8 481 59 582 17
4743 915 6 318 55 689 19
0 439 4 315 100 526 7
2004 576 7 635 100 812 8
10367 163 7 348 63 733 12
1843 474 6 322 111 366 6
326 615 5 477 63 439 6
1858 733 6 374 64 388 12
1826 962 8 436 96 501 5
9874 978 7 624 93 422 17
4886 458 7 343 66 435 20
10059 888 6 260 58 752 3
10274 328 7 468 91 581 10
2183 238 6 325 74 441 20
4755 953 6 351 93 516 8
325 545 6 297 66 431 19
1888 782 4 381 72 373 18
2275 776 5 371 98 710 9
2123 976 6 368 99 395 9
4963 323 5 374 70 513 10
0 315 6 308 98 443 5
1753 614 7 354 69 752 17
5126 514 8 428 61 557 6
16 769 6 444 59 474 18
9991 795 5 251 88 601 3
5338 749 6 381 82 589 3
2364 947 5 331 78 607 12
0 147 5 387 89 377 16
2197 655 7 397 105 494 9
5326 937 5 293 62 325 8
5196 729 6 298 80 596 5
276 589 6 281 89 614 6
4652 685 6 338 60 680 16
1935 813 5 377 93 458 20
9802 763 5 275 90 452 3
10040 209 6 374 93 658 6
9811 625 6 256 48 683 10
371 417 8 502 82 608 4
9857 816 5 303 106 533 5
5283 816 6 343 83 592 4
5235 758 7 395 73 575 9
1620 294 7 483 124 437 6
289 825 7 350 89 602 16
5291 249 5 315 48 833 3
0 581 7 339 66 392 6
0 557 7 344 98 429 9
9949 409 7 379 56 467 19
1955 350 4 235 84 375 18
5393 243 6 365 86 540 12
2173 844 5 394 81 327 9
9934 664 5 479 77 757 16
5001 703 4 382 63 701 19
51 399 6 309 90 602 8
1633 485 7 342 114 719 10
9740 131 5 413 57 609 16
0 557 6 415 100 757 10
5119 595 5 273 57 434 12
0 901 6 419 57 374 9
0 419 6 470 70 464 12
1695 919 7 373 69 474 20
9638 246 4 267 78 489 5
2032 888 5 292 46 487 20
0 800 7 364 112 520 19
1946 807 7 424 52 476 8
9823 673 6 261 58 693 4
0 900 5 246 77 583 5
0 349 8 611 86 462 18
4912 201 5 309 105 334 4
211 725 6 552 104 453 16
1922 329 6 426 123 370 4
4698 810 5 254 81 540 5
322 697 6 380 88 367 16
254 844 8 487 99 541 11
5242 989 6 350 88 649 12
5292 495 7 407 100 403 17
4661 336 7 364 62 433 19
10356 978 6 334 65 326 10
5283 799 5 321 46 652 3
1854 808 7 519 68 695 4
286 218 5 233 94 747 4
4807 201 5 363 47 503 17
10319 755 5 381 77 636 5
0 892 8 354 74 442 4
10015 703 8 433 113 598 16
9725 714 6 423 85 423 16
0 761 7 307 90 432 8
2022 297 7 346 76 354 17
9766 737 4 286 99 723 2
2198 604 6 550 61 461 18
10209 789 6 534 109 828 16
0 164 6 393 57 626 19
5202 322 7 461 49 542 10
4771 732 7 495 67 677 1
10265 986 7 404 76 380 16
2040 594 5 300 98 666 16
218 715 8 411 82 739 5
0 302 4 387 85 501 5
1941 162 8 470 67 425 19
159 839 5 441 74 808 19
10303 323 7 311 95 562 20
1837 362 6 524 74 632 17
10313 941 6 389 47 485 17
5321 303 6 368 88 730 20
0 868 6 321 60 652 7
1822 305 7 303 104 446 18
2184 900 6 366 62 596 3
334 788 6 302 59 335 5
90 414 7 348 101 679 4
50 162 6 348 110 383 20
0 156 5 380 59 627 3
4620 914 8 357 64 481 2
215 252 4 248 64 669 12
9676 701 6 304 61 421 2
10380 466 5 354 83 695 16
5085 795 6 325 61 328 3
9747 456 4 318 74 598 17
41 341 6 325 56 671 9
2263 800 7 429 99 647 18
4984 589 7 367 117 342 5
10025 241 7 506 101 418 9
5134 747 8 585 65 567 17
5205 757 5 344 100 647 19
398 826 6 392 63 583 1
10373 863 6 461 71 790 19
2331 581 6 524 48 832 20
5276 161 6 431 93 482 1
0 698 6 375 62 613 11
10199 153 7 295 117 359 17
1890 369 8 439 59 647 19
5376 746 6 428 48 583 20
10285 143 6 294 93 585 19
76 986 7 311 60 351 12
10077 522 5 275 79 421 3
232 385 4 259 87 485 7
1694 351 6 477 48 525 4
9717 132 6 380 116 539 10
4759 714 5 380 96 396 1
0 403 4 310 72 626 19
242 194 8 488 94 688 9
5008 395 7 362 67 372 5
5108 274 7 377 76 593 17
5137 191 7 376 64 413 8
84 713 6 446 62 491 11
4939 190 7 419 67 340 2
2058 519 6 486 103 434 4
384 130 8 441 111 602 10
82 456 6 331 79 353 12
9990 125 7 418 103 452 10
10306 204 6 405 86 706 1
0 284 7 425 84 717 11
4763 320 5 359 62 570 17
9896 375 6 445 126 556 12
290 733 6 363 77 450 3
1973 872 7 495 92 391 8
5263 590 5 287 110 483 19
5095 634 5 259 50 380 8
2364 751 6 323 60 385 4
9774 818 6 414 62 465 12
9643 601 5 477 63 598 4
5160 176 6 351 63 532 17
244 861 7 471 55 583 1
4930 588 6 342 49 553 10
5261 921 6 399 89 553 18
10221 397 6 461 95 823 4
0 352 5 352 54 723 17
0 507 5 302 87 363 18
0 914 5 231 80 608 18
5098 933 7 462 65 542 19
271 497 6 506 89 391 8
218 254 6 388 96 648 17
2090 434 5 295 59 604 18
10261 562 8 376 100 349 18
315 251 6 307 73 631 11
5080 615 6 551 93 551 7
10299 731 6 358 57 365 19
0 945 5 276 49 453 17
9995 947 7 559 104 601 20
5004 294 6 325 52 437 19
4758 858 6 423 115 498 3
4817 496 5 373 108 655 10
1933 401 6 398 103 497 7
10142 303 5 423 87 764 6
1665 488 7 339 115 694 18
2337 297 6 444 94 376 7
339 380 5 408 76 485 16
2064 982 6 368 59 477 18
10358 448 6 297 97 605 19
4755 700 6 277 74 306 10
10030 748 5 280 75 653 1
9826 151 6 390 61 548 18
10126 232 8 502 93 372 19
9742 774 7 491 66 425 8
321 739 6 416 61 833 18
10213 860 7 343 60 597 16
10142 738 5 432 103 641 11
17 242 7 367 59 397 6
9774 175 7 430 82 402 12
10110 993 7 395 87 389 11
2081 728 4 229 111 780 18
186 312 6 317 91 467 18
0 262 7 301 87 669 3
9750 568 7 513 61 555 16
0 771 5 332 73 682 6
10254 860 6 411 86 463 2
10342 147 7 465 83 618 9
1628 219 7 293 101 651 7
14 865 6 392 48 438 20
10137 126 7 483 83 652 10
0 804 7 446 61 448 18
1892 205 7 372 88 392 5
5183 796 6 553 90 528 16
10384 540 6 384 89 521 17
10333 613 4 387 77 596 5
1817 924 7 380 112 516 7
9965 982 8 375 95 486 3
0 760 8 511 95 418 17
4830 490 7 295 88 511 11
1887 819 6 438 100 683 16
0 747 5 336 96 538 8
9876 807 5 277 97 671 9
0 163 7 422 73 611 8
10084 888 6 313 95 638 12
0 954 5 289 58 567 8
9922 513 7 365 102 590 4
5081 869 8 362 103 620 6
10311 661 6 400 100 380 11
4959 440 7 445 90 476 6
10271 427 6 362 54 501 19
1840 708 5 280 46 536 3
0 800 6 374 55 893 4
9644 812 5 374 63 556 12
10176 532 4 301 71 420 8
9715 127 6 354 63 424 12
5131 577 6 298 105 446 18
10127 622 5 345 61 619 2
2389 906 8 362 66 621 6
1904 471 7 509 126 576 8
246 351 6 403 104 529 11
1821 462 4 235 81 456 19
0 147 7 455 113 347 5
9740 599 5 277 99 500 4
5386 611 7 390 75 701 7
4804 687 6 452 104 779 20
317 129 7 381 71 452 5
1619 657 4 278 70 395 20
4824 892 8 472 66 567 4
9688 757 5 413 76 548 9
9646 402 6 487 117 414 19
1983 365 6 366 103 455 19
1646 818 6 373 87 590 4
10065 665 4 306 46 378 4
5233 635 6 559 53 619 6
2190 345 5 292 54 487 10
9867 648 8 629 64 687 19
9828 463 7 430 111 734 12
359 606 6 374 82 664 8
10105 615 7 404 97 502 7
5110 677 7 439 81 628 10
9604 379 8 512 95 562 5
4910 745 5 310 88 482 19
2321 382 5 282 76 379 2
4981 494 6 325 107 615 19
9963 887 7 305 118 426 3
5000 543 7 424 106 654 10
9733 934 6 367 91 664 17
10084 644 6 450 56 523 10
2236 796 6 307 93 588 3
4793 635 4 257 104 512 17
0 780 6 315 88 712 11
9980 345 7 425 80 395 1
161 554 6 556 99 428 4
9806 916 5 336 84 658 19
2145 678 6 434 99 511 6
9998 794 7 396 94 555 1
2006 995 8 452 60 411 17
4670 845 5 449 69 413 2
5163 368 7 507 63 538 2
337 804 8 487 104 581 6
0 287 6 343 116 541 6
229 926 4 373 57 589 12
10366 231 5 319 74 618 19
1967 360 8 441 113 590 5
10308 791 6 462 80 624 4
10193 170 8 589 100 713 16
5128 738 5 326 93 579 19
1765 554 7 398 57 639 16
4666 365 5 330 70 624 6
2068 456 6 330 76 409 16
0 494 7 491 79 483 4
10288 257 5 265 86 377 16
1612 369 6 403 61 723 10
5256 615 8 444 111 413 2
5074 247 5 257 89 649 6
4969 178 5 260 99 488 18
1650 585 7 316 123 329 19
5065 825 6 412 105 525 9
0 127 6 415 64 347 12
4634 414 6 350 123 425 16
9824 345 6 472 52 924 7
0 779 8 495 69 460 19
4697 978 6 336 58 732 18
1606 789 5 293 99 701 12
9614 556 5 394 99 552 2
10394 955 6 284 124 591 6
2141 229 6 460 99 636 6
1852 887 5 299 105 361 11
0 219 4 239 78 419 12
5159 579 6 322 79 770 2
5261 631 6 415 54 406 18
10155 976 6 391 62 732 2
9748 880 4 228 69 704 5
0 741 7 413 107 613 8
1794 519 6 437 80 960 6
4971 548 5 376 51 666 5
10355 816 5 286 82 694 19
5369 261 6 340 57 443 3
2356 768 6 489 56 578 20
2317 480 6 456 96 786 10
5299 255 7 374 102 891 19
4812 872 7 631 76 458 9
5199 436 5 327 77 599 9
2126 191 7 403 108 559 10
10095 211 4 303 49 498 2
0 806 6 329 88 403 4
1826 982 7 425 80 429 3
5136 820 7 395 94 402 7
10034 386 7 387 69 591 16
9787 920 4 232 62 357 9
2358 739 6 385 93 738 12
10039 879 6 406 52 497 18
1793 382 6 517 114 598 17
2340 1000 4 391 73 671 16
5119 358 7 393 120 392 2
1917 734 7 433 77 424 19
0 942 7 403 85 636 19
10309 740 7 304 108 350 11
2309 796 7 464 98 498 7
0 702 6 426 66 502 3
4618 945 6 280 66 587 4
4745 276 7 297 95 779 6
5266 567 5 275 56 659 6
2329 884 5 371 62 428 20
0 479 8 458 119 590 1
10388 798 6 406 48 525 5
4727 826 7 366 65 458 11
10236 722 7 432 97 707 6
10161 778 4 220 82 340 17
2056 678 5 434 75 477 20
9780 470 7 443 74 574 17
2205 683 5 476 87 801 19
1770 517 6 416 89 523 7
5098 676 7 329 78 310 12
39 539 6 550 57 558 4
5112 417 5 291 121 373 7
5101 317 7 344 100 479 4
2344 349 5 368 57 506 2
0 565 5 343 108 620 1
2381 921 6 462 53 679 2
5130 754 8 430 66 412 19
9638 786 7 339 83 606 10
4806 736 8 400 89 487 11
1731 143 4 256 51 656 2
1786 760 7 559 99 790 19
4968 152 6 329 65 510 1
9906 351 6 403 64 585 17
10344 511 7 455 66 505 5
2196 700 7 420 79 476 2
5289 790 7 405 99 579 19
2307 289 7 475 73 619 7
5095 949 6 430 77 354 1
5343 729 4 212 76 719 12
1617 914 4 308 84 579 19
10377 622 7 347 92 353 3
0 623 7 481 48 953 8
335 522 5 449 68 645 20
10292 847 7 367 78 486 10
347 778 8 412 80 312 9
10386 328 5 262 68 535 9
5198 648 7 484 105 535 18
0 840 7 310 52 392 19
219 511 6 327 89 380 16
10059 185 4 209 71 519 19
0 803 5 318 83 465 7
4786 211 7 362 75 676 2
1697 785 8 476 99 511 18
9681 997 6 441 103 497 2
1911 492 7 310 89 420 3
1944 797 6 301 58 465 17
0 669 7 452 96 564 7
4824 271 4 278 53 468 17
1818 887 6 510 104 392 3
2274 616 7 315 76 628 4
1642 834 7 431 93 389 16
4879 311 5 352 122 542 6
9661 368 8 418 77 407 2
1882 547 5 289 57 587 7
0 306 5 319 58 330 6
2142 300 7 550 58 776 10
2180 796 8 385 72 596 17
0 889 6 441 50 337 10
2226 610 6 379 88 419 20
4878 183 7 365 84 580 19
10344 811 7 351 110 611 8
5076 571 8 436 101 820 19
4788 609 7 423 111 625 19
87 931 5 402 104 571 19
2216 749 5 298 87 560 4
5069 138 4 262 73 683 5
5126 248 6 420 97 467 8
0 441 6 298 88 429 10
5079 245 6 481 78 489 18
1923 594 6 339 98 417 16
5148 798 6 417 118 657 8
4888 200 7 369 72 709 5
10133 932 6 422 82 692 11
1878 179 5 240 102 516 19
5125 425 5 304 96 352 9
164 923 8 587 70 579 7
0 662 6 507 95 781 2
4667 376 5 288 64 594 18
0 433 5 314 81 629 1
1949 872 5 327 65 915 9
61 276 8 612 70 554 3
9601 560 7 453 75 430 20
10310 775 7 357 103 368 16
2335 348 7 493 102 948 20
10171 930 5 264 101 358 3
0 821 6 318 89 535 20
2111 592 6 503 76 571 6
1673 176 8 437 72 411 10
10271 961 5 313 54 785 1
9663 745 6 315 49 432 6
9662 345 7 467 97 525 1
9823 935 6 408 50 502 20
1645 724 6 371 87 428 20
10243 133 5 332 93 772 1
5084 721 5 320 62 743 8
9994 261 7 440 106 448 9
21 726 7 486 82 372 7
0 806 7 408 82 622 5
9686 879 7 406 77 606 11
2360 785 6 432 101 795 8
10030 325 5 332 47 354 20
190 735 6 357 54 678 18
4905 838 7 309 74 535 9
1869 891 7 418 74 928 12
0 839 5 298 52 494 8
0 151 5 432 100 794 17
306 700 6 426 82 800 4
10090 568 5 304 75 636 8
2085 370 7 462 58 404 1
5241 226 7 349 99 403 18
290 579 5 304 62 658 12
5010 338 6 365 52 600 7
0 754 7 367 55 888 7
4715 320 4 221 85 671 2
2111 832 6 408 89 370 19
4954 700 6 378 96 472 6
1823 156 6 421 68 470 17
9746 735 8 474 118 497 1
2264 356 5 281 102 429 17
215 871 5 298 76 517 4
128 595 7 399 125 603 19
39 177 6 354 62 730 4
0 389 7 328 78 616 10
123 717 8 586 113 479 2
104 458 7 383 70 625 10
2345 639 6 469 109 529 10
10221 540 5 463 104 663 6
5316 957 5 231 93 599 1
3 943 5 288 87 768 10
1733 840 7 339 87 339 2
5011 703 7 324 81 514 12
1781 815 6 250 106 452 8
9762 135 6 421 64 526 20
5202 238 7 394 81 422 5
5081 723 7 428 81 510 8
201 222 5 428 62 926 16
4973 763 7 589 72 659 18
2126 191 5 407 100 627 12
9671 377 6 413 53 804 7
1870 872 7 423 101 594 5
2076 776 7 336 76 298 9
2160 309 7 428 77 496 16
4943 424 5 432 46 644 2
9646 790 6 374 106 611 19
5385 765 7 406 99 372 19
9692 676 7 498 99 692 1
0 346 6 403 102 382 9
335 783 5 478 84 459 12
4619 551 6 433 61 375 17
5185 595 6 316 69 507 5
5089 678 6 356 92 423 18
10287 668 5 400 89 653 16
4696 206 7 530 77 574 20
9876 718 5 318 73 521 20
1730 799 5 383 92 539 1
10226 737 4 264 87 805 10
9767 510 5 349 103 481 1
0 747 6 375 91 538 9
33 907 5 338 70 561 19
9914 288 5 328 58 587 10
10046 386 7 506 56 701 4
5274 482 5 400 96 532 1
1945 829 7 373 66 494 9
1815 492 5 298 114 591 18
1966 810 5 269 99 563 8
9940 759 7 353 74 484 18
1767 603 8 354 103 491 12
24 714 8 640 104 661 9
5127 427 6 554 72 573 19
2213 968 7 417 71 494 18
10292 580 7 319 109 464 3
2171 805 5 442 92 624 6
4880 803 5 209 80 459 4
211 941 6 285 78 383 6
88 205 7 463 93 802 6
0 753 5 236 98 416 17
4672 925 7 503 115 516 12
0 983 8 487 94 386 4
0 926 8 519 107 745 18
9726 916 6 345 75 729 11
1920 882 7 381 75 424 6
9900 788 6 374 85 556 11
10142 244 7 307 81 311 1
4925 976 7 502 87 732 10
4846 860 7 482 111 406 2
10071 835 5 345 70 601 19
5207 755 7 330 119 487 7
1790 563 5 382 70 643 9
2266 397 4 320 103 691 11
4673 222 7 436 83 537 2
1632 491 5 309 64 501 19
0 201 6 413 70 610 16
9894 224 8 428 112 562 19
5110 355 6 296 64 621 2
10395 606 6 396 96 501 1
4768 689 6 337 52 720 2
2104 411 8 397 85 656 7
9707 779 6 400 57 567 2
5324 820 7 359 93 441 19
4809 845 5 273 58 432 9
5396 849 8 426 76 330 20
5043 486 8 596 85 494 10
9643 775 5 322 56 558 10
9791 400 7 409 73 402 7
1909 338 7 378 61 708 10
1861 778 6 341 65 648 3
4991 316 6 363 48 482 8
1683 222 8 423 87 314 20
381 852 8 394 90 453 11
9886 754 7 611 105 771 2
5147 810 6 474 97 508 20
2400 828 6 371 59 380 12
4782 597 5 346 60 523 6
0 871 6 452 66 667 12
0 781 6 420 82 322 4
1903 978 7 511 63 509 9
4660 918 5 471 99 496 19
1689 896 6 377 111 462 10
2023 944 6 445 115 508 17
1781 661 5 352 85 630 12
9858 364 4 288 58 697 6
0 700 5 258 79 434 6
0 204 6 423 92 507 6
1848 834 7 375 119 380 16
10225 797 8 376 63 628 8
205 467 7 533 72 468 6
9634 971 8 391 127 558 5
9704 524 7 410 103 434 6
262 371 7 598 80 533 5
10383 772 8 489 72 551 2
158 731 7 434 68 624 18
2221 538 5 361 93 340 19
2265 882 4 270 79 679 17
10312 611 6 326 119 561 10
4605 149 7 547 75 758 9
10143 434 5 308 99 553 4
5133 606 8 563 67 710 10
4906 445 7 559 105 625 1
5158 541 4 240 51 365 8
9761 591 4 312 112 808 12
338 500 7 408 58 546 17
9757 533 8 423 109 396 10
1682 826 5 314 57 482 20
9995 725 7 469 98 743 2
4963 642 7 305 88 526 20
5007 778 6 337 83 758 17
2383 942 5 270 57 496 4
1912 740 8 534 91 635 10
1694 366 5 383 53 596 16
5397 818 4 274 65 382 7
2003 913 6 447 71 747 10
2161 758 6 258 104 502 9
9992 779 5 273 88 528 12
10245 283 7 473 97 667 18
10385 491 6 422 61 661 2
0 786 5 242 94 420 12
317 713 6 277 86 700 9
2348 792 5 375 61 593 18
0 486 5 329 55 806 20
0 349 4 306 101 728 3
0 357 7 541 60 819 20
10361 802 8 476 92 371 17
287 553 5 407 63 589 12
0 449 5 451 86 852 5
0 711 6 258 91 737 8
9760 718 6 312 100 477 9
1727 914 8 419 82 469 6
10265 189 6 452 81 535 7
2196 179 7 525 76 498 4
0 728 6 369 95 310 17
0 530 5 351 104 300 6
2115 735 8 472 119 506 9
2176 705 5 479 95 573 2
2076 158 8 356 60 401 16
0 376 7 461 83 354 18
9960 904 5 374 94 391 16
9892 572 7 320 67 283 5
359 411 8 349 100 436 16
10060 810 5 278 47 348 5
1613 669 6 341 95 490 2
361 933 7 481 92 844 16
10319 777 6 432 85 510 5
0 402 6 348 81 376 16
1780 681 8 412 100 698 3
4949 291 5 365 79 649 16
0 906 5 345 96 827 17
1799 602 5 215 75 437 16
9992 474 6 508 98 619 18
1969 761 7 371 66 373 19
10156 197 5 362 66 817 9
0 138 6 300 83 394 12
9813 719 7 380 59 546 10
0 433 7 407 82 921 3
4800 737 6 347 61 402 17
1657 578 5 381 104 777 2
1829 723 7 370 83 375 6
9600 473 8 380 91 506 7
5257 486 6 297 68 421 2
9605 888 6 439 62 647 16
4794 819 5 408 81 342 19
9811 128 8 384 62 573 8
2003 809 6 374 88 460 12
2029 859 5 354 95 355 6
2115 485 6 330 85 392 9
10049 370 8 383 99 610 16
5283 361 6 347 87 519 5
95 269 8 618 97 468 11
4727 616 6 375 114 452 10
4665 851 6 345 64 590 19
1825 948 5 285 92 366 12
2220 731 5 255 94 652 6
9742 893 6 423 56 625 2
2065 653 6 324 65 560 18
310 514 5 281 93 620 11
0 497 6 372 99 399 10
5192 343 5 359 74 613 7
5230 966 6 285 90 399 1
1735 812 6 361 47 633 10
1874 488 6 317 64 775 16
9853 207 7 392 72 507 9
2161 275 6 302 100 546 1
169 912 6 357 70 298 19
9760 197 6 360 76 400 12
1841 702 4 343 60 410 16
129 409 6 437 96 516 3
187 694 6 415 78 763 6
4637 493 6 344 69 335 2
9963 757 7 395 80 546 20
78 898 6 424 71 497 3
0 768 7 422 102 702 9
2380 559 7 379 88 363 9
4641 590 7 399 52 494 1
5332 595 7 447 71 656 17
5144 890 7 400 69 486 3
9897 726 7 378 63 377 20
2007 482 6 339 106 474 19
347 523 6 361 65 347 4
5335 432 6 279 88 586 2
9954 813 6 409 98 523 11
0 997 7 449 93 474 16
4957 835 6 356 65 335 9
0 338 7 304 124 714 18
2142 700 7 394 78 410 3
0 819 5 310 99 409 6
10196 355 6 368 69 339 8
1964 535 5 318 94 421 19
5155 535 8 413 98 715 8
1681 779 4 350 95 609 8
4910 767 6 379 86 486 10
9849 900 5 211 68 678 19
1900 669 7 364 86 494 1
4613 932 8 390 69 449 7
9747 898 6 334 99 799 11
9639 371 5 241 54 599 3
2396 840 8 398 85 615 18
9994 231 8 624 58 695 6
132 810 7 454 66 402 1
5318 634 7 416 85 667 2
9722 169 6 438 82 636 17
1669 187 6 465 55 885 2
207 248 7 390 60 724 20
4759 288 5 304 53 725 20
0 536 6 382 60 434 19
5248 780 5 359 71 444 20
1625 198 4 347 47 605 4
5168 230 8 503 67 542 18
5191 761 8 491 56 409 8
4603 855 8 348 102 658 5
4772 618 7 435 49 599 16
169 727 7 453 59 619 11
10217 773 7 489 48 544 8
1893 848 7 433 125 369 19
10295 639 5 337 79 709 3
1843 589 5 379 79 453 2
10320 340 7 432 96 647 16
5244 862 6 323 68 334 17
9826 153 7 377 104 415 19
5126 837 6 374 68 607 2
50 829 7 369 98 507 20
4875 829 5 290 104 656 5
2218 909 6 340 99 474 18
9859 732 7 414 61 600 3
1925 566 6 342 93 556 10
5177 740 6 328 54 440 7
10312 174 7 327 103 374 9
103 845 7 392 93 451 8
9647 812 5 373 94 458 11
1917 601 8 490 123 310 18
194 302 8 410 118 426 10
2011 736 5 438 62 958 16
1833 412 5 303 53 483 10
2173 573 5 216 66 425 12
0 396 7 310 70 519 8
2238 693 6 470 80 693 12
117 639 7 422 119 483 17
5344 800 4 286 97 648 3
4883 814 8 409 115 355 1
5324 236 6 474 98 579 9
294 276 8 481 65 590 5
9856 825 8 440 108 547 4
10034 918 7 377 97 477 18
2154 884 6 322 93 562 3
2035 283 7 484 98 382 2
5295 844 7 365 77 495 16
2105 851 7 322 61 593 11
2100 453 7 384 120 398 12
0 842 6 300 104 375 16
10335 583 7 538 92 663 6
5235 922 8 424 128 681 3
1867 764 8 405 51 572 6
4692 302 5 373 53 453 1
9615 458 7 639 61 645 20
379 718 7 451 103 382 12
2 292 7 532 91 582 2
5235 882 5 266 112 498 16
2328 172 7 382 110 497 3
10279 821 6 325 60 676 11
1845 714 5 327 53 429 3
0 692 7 444 91 518 1
9998 712 5 291 51 546 9
0 732 7 418 72 410 10
1891 831 4 242 64 687 18
273 716 7 422 113 372 9
2203 225 5 446 67 506 5
5185 285 6 350 99 555 8
5025 492 7 512 55 644 19
239 301 5 274 86 366 6
4661 693 4 297 75 613 16
1908 597 6 541 61 577 1
9739 606 5 340 59 655 2
10215 727 5 355 107 417 7
2233 318 6 403 67 435 16
59 669 5 381 84 838 10
10307 678 6 368 82 622 9
9725 373 7 355 69 586 8
9634 808 5 284 60 721 3
10020 198 6 365 89 880 12
1897 959 7 388 104 456 3
5286 710 7 471 118 439 20
4964 620 5 290 81 467 16
2203 243 6 373 53 504 3
4681 725 5 257 73 415 19
5212 419 7 312 69 621 9
4891 603 8 551 74 419 18
10393 821 5 326 102 388 8
4809 664 6 297 102 656 16
4754 816 7 522 87 798 2
5318 579 6 463 84 633 12
1735 849 6 326 72 373 7
4760 797 6 362 80 547 11
0 797 7 498 99 701 19
152 773 8 478 63 476 9
1693 772 7 307 115 444 4
9738 330 7 464 65 405 16
5384 552 7 364 86 446 7
2101 123 8 357 103 367 9
0 398 7 562 83 499 2
0 753 7 540 120 516 10
16 854 7 423 69 371 11
10292 155 6 376 50 686 8
2347 271 7 400 79 521 10
4843 366 8 474 60 649 18
2312 602 5 342 50 562 1
5015 418 4 219 57 584 16
9938 443 7 382 88 496 20
5254 687 6 379 95 431 17
0 309 6 558 92 784 12
5284 799 5 244 71 813 18
4660 317 7 517 65 383 18
10363 274 6 303 68 762 12
266 963 6 282 76 406 2
10025 238 4 281 60 608 9
253 652 6 495 84 710 17
1627 235 6 447 56 627 20
9819 129 5 339 91 656 2
4902 984 4 278 83 748 4
10354 823 7 320 119 518 4
1709 411 5 381 82 651 17
2315 472 7 424 65 786 12
4675 348 6 278 77 382 12
5001 207 5 337 83 494 2
0 731 6 319 96 425 10
9944 889 6 398 93 695 3
5065 121 7 379 93 385 19
1814 361 5 276 80 711 16
9927 588 6 403 112 571 20
2066 839 7 446 76 578 17
373 541 6 387 110 560 2
133 366 5 325 67 603 17
4664 362 5 223 75 479 20
9874 235 6 420 76 474 10
220 915 5 325 83 731 11
0 479 4 312 78 629 7
0 816 7 504 56 509 16
291 871 5 377 92 471 17
0 638 5 341 64 526 9
10275 797 6 421 85 580 7
9610 720 5 286 62 802 18
9872 849 7 344 82 419 8
183 856 5 320 104 584 10
5215 416 7 510 85 413 6
4779 844 7 512 95 449 1
9870 797 8 480 79 336 17
10325 950 6 428 102 639 5
10189 826 6 383 95 672 17
0 925 5 291 102 603 18
1871 591 7 374 72 352 4
0 549 5 471 69 475 19
9696 750 8 451 76 394 18
10151 138 7 454 89 457 2
0 697 7 428 85 788 12
4653 945 8 420 55 632 10
5242 445 5 311 99 608 18
5205 890 5 225 63 812 1
9813 127 6 436 120 806 5
306 831 5 428 51 696 9
4709 903 5 369 86 697 18
5132 821 6 389 78 490 3
226 159 5 321 76 510 8
211 638 7 433 50 603 18
2102 434 7 538 92 626 18
5082 814 6 264 104 627 11
2080 419 5 277 83 365 1
5043 539 5 309 100 446 5
1717 741 4 297 53 633 10
10392 863 5 319 66 617 16
4798 863 6 450 48 522 16
9655 287 6 351 81 617 18
1715 743 7 385 88 628 11
2051 307 6 374 78 401 18
10367 357 7 319 81 655 2
0 488 7 381 105 625 19
261 173 8 639 95 524 16
4664 998 7 462 102 835 20
5337 203 7 347 48 644 5
162 382 5 222 63 455 7
0 452 8 447 84 587 20
2020 880 5 373 79 335 20
9710 189 7 311 105 383 17
0 295 7 383 52 688 16
2109 549 6 447 89 530 5
9721 831 6 441 61 511 19
170 123 7 356 71 686 1
1920 790 6 409 76 569 1
9915 629 5 305 55 708 18
10039 465 6 351 100 506 3
2027 723 7 401 55 720 16
9746 962 5 299 83 531 8
2129 302 5 323 54 370 17
9990 808 6 348 91 678 11
1642 422 6 392 78 689 17
9664 935 7 461 53 400 5
9709 732 7 396 63 538 16
9841 845 6 430 50 448 4
1901 767 7 305 60 788 8
10092 550 7 374 94 341 7
1995 669 8 413 78 408 4
9702 720 5 343 74 457 3
2161 159 6 318 73 688 2
9799 250 7 334 100 472 8
0 721 5 361 87 835 17
2288 981 7 484 52 487 17
2280 249 5 280 51 498 9
1621 979 6 543 96 500 4
0 783 7 415 73 310 17
0 734 6 410 68 690 10
5009 799 5 263 100 680 5
5353 708 7 364 83 729 20
2033 315 6 280 64 403 16
10107 752 7 546 59 449 7
10201 850 5 426 103 462 20
2327 627 6 447 97 529 6
92 850 6 295 104 600 10
2002 762 5 280 56 458 9
10149 916 7 445 106 345 12
4737 150 8 505 71 679 8
1961 905 8 397 84 306 12
10188 326 5 328 81 612 1
9924 889 6 383 123 469 11
9788 686 6 326 54 686 17
0 786 4 292 82 652 20
10356 236 5 224 92 700 8
5345 712 7 405 78 723 11
0 154 7 483 78 638 8
10171 447 7 488 69 518 11
0 895 7 544 82 520 8
1686 906 7 424 54 454 5
4601 696 7 425 85 467 6
5016 301 7 438 102 748 20
1987 822 5 262 63 497 20
1673 642 6 270 56 495 19
1781 484 6 397 71 455 16
9928 990 6 345 64 521 12
0 706 6 440 61 424 19
1900 305 5 236 107 527 3
9699 866 6 317 100 540 3
373 809 7 392 94 504 19
5087 733 7 408 55 448 16
1741 778 6 314 84 769 16
2122 219 6 329 116 471 18
4739 928 5 360 94 477 9
1731 745 5 260 83 431 5
4800 833 5 402 101 851 12
9733 196 7 467 115 538 8
0 711 6 407 92 780 19
2376 734 7 297 114 573 1
1911 289 7 369 91 378 18
9829 753 5 450 50 555 17
9965 681 6 362 77 314 6
9643 822 6 390 95 678 20
2330 787 7 350 113 630 18
1769 215 7 341 111 342 11
4672 121 6 425 88 557 17
10175 909 5 325 90 432 7
9941 994 7 472 64 594 20
5097 219 6 424 47 773 19
9985 733 8 420 64 401 17
4964 386 6 412 59 654 6
389 589 6 442 100 386 19
2135 250 6 394 62 476 4
9798 532 7 438 63 622 17
9830 788 6 336 59 582 6
4604 431 8 463 65 668 18
10313 265 7 463 86 834 20
2154 146 6 440 96 491 8
9620 907 6 260 101 611 18
2076 790 6 370 111 480 10
0 754 5 274 100 520 6
4933 813 6 342 52 497 3
119 899 7 395 75 634 20
4701 687 5 435 69 835 19
1847 855 5 443 64 700 5
5035 499 6 348 62 302 12
9931 497 6 293 92 564 18
5301 420 7 460 90 465 19
5376 673 7 317 52 558 12
1877 705 8 394 113 586 7
9925 970 6 358 60 804 17
10117 858 5 463 89 802 9
0 974 7 338 97 599 5
0 377 7 518 114 440 4
9806 843 7 368 81 373 18
5005 660 7 351 119 386 20
0 757 8 448 108 484 19
10008 408 7 399 76 599 7
9690 342 6 387 97 489 17
0 517 5 286 90 488 2
10349 773 6 288 106 495 19
4861 799 6 434 66 628 8
9786 299 7 356 85 399 1
4798 216 5 284 72 387 20
9981 534 5 238 61 602 16
0 690 7 444 67 452 4
10076 878 6 424 79 686 18
9972 710 5 250 68 354 18
111 431 6 365 113 417 20
10324 811 5 274 100 698 10
0 986 7 403 85 287 7
1972 959 7 452 67 351 20
9944 675 7 391 95 580 20
1644 508 6 437 77 364 10
2370 807 7 402 65 727 17
0 716 5 333 78 683 8
84 730 6 437 97 572 18
2082 766 8 384 98 570 6
4958 892 7 395 112 336 19
5299 889 7 317 78 796 4
87 678 8 440 84 656 12
0 809 6 446 49 322 5
1890 731 6 356 94 418 4
5113 717 7 397 57 535 1
1919 600 7 335 88 504 7
2169 838 4 346 55 494 18
0 928 6 327 69 547 4
0 878 5 333 70 641 11
0 931 6 319 86 548 9
0 482 4 303 84 595 19
1721 212 8 449 90 383 7
5007 943 6 383 84 478 16
9944 587 5 376 78 471 12
5186 933 6 390 96 459 20
114 687 6 279 67 733 16
376 360 5 295 71 368 9
1923 194 7 443 65 913 17
1710 652 6 499 79 774 3
9771 225 7 368 74 540 19
5063 617 7 306 118 723 10
9673 409 8 445 75 831 10
1901 930 7 543 59 739 5
10260 744 7 502 104 354 19
0 423 5 466 82 687 19
4923 136 6 456 73 442 20
4611 842 6 349 62 903 18
9717 993 6 430 76 380 2
10101 904 6 380 82 933 5
4658 564 8 478 108 489 11
10029 987 5 329 81 575 18
10343 795 7 464 87 559 5
10339 966 7 421 82 605 3
0 929 7 484 86 588 16
5226 898 5 397 70 615 9
5347 827 6 275 65 642 3
0 716 6 332 57 497 18
4634 417 8 372 78 516 16
4959 428 6 453 85 691 6
9763 959 6 384 107 346 17
325 790 6 446 46 522 16
5312 604 6 256 120 647 20
1667 426 6 341 82 503 20
2043 219 6 424 117 385 16
9972 396 4 311 65 699 8
4724 248 4 266 76 510 16
5397 803 4 271 62 733 12
355 287 8 418 69 704 17
1868 571 7 425 104 610 11
9791 384 5 374 63 723 6
9785 285 7 351 102 476 19
2292 947 7 494 91 661 17
5379 475 7 407 101 670 18
9823 739 6 469 54 745 17
2362 823 5 297 71 352 17
2211 772 5 381 53 770 19
377 212 6 378 85 472 17
9609 473 7 385 85 394 8
2390 445 4 213 69 366 3
1796 647 6 306 81 591 4
1780 259 7 403 64 744 20
292 624 7 388 74 477 19
4954 850 6 364 100 437 3
5327 607 6 325 63 786 2
1878 147 7 324 64 643 7
1762 492 6 335 52 578 20
1690 571 4 284 87 783 5
9856 585 6 397 72 667 6
173 568 4 316 88 595 5
10050 944 6 307 70 357 6
5179 957 5 323 60 381 4
5308 339 6 399 100 727 18
0 734 6 395 94 402 1
9827 891 6 416 64 471 11
5219 223 6 313 92 612 7
68 722 6 434 53 481 4
5017 548 6 351 78 643 4
5340 165 6 257 99 719 7
0 764 5 285 72 470 10
5176 326 6 370 95 593 1
10339 366 6 293 81 413 3
222 480 6 373 70 345 11
2013 499 5 399 67 389 8
10150 386 5 323 81 499 2
1821 912 7 501 82 494 1
0 300 5 321 50 704 9
1895 494 5 307 88 438 20
0 453 4 237 70 812 6
10333 964 6 359 92 635 8
9922 940 5 375 84 804 8
257 263 8 416 124 512 6
0 790 5 365 74 666 4
2221 768 6 385 98 707 18
226 132 5 376 48 685 3
311 902 8 394 77 508 2
10111 867 7 474 91 493 2
0 257 6 323 96 400 20
1718 408 6 302 48 484 2
5116 612 7 526 120 696 19
2265 464 5 462 65 638 18
4669 670 7 483 85 811 8
10353 765 6 346 78 596 11
4777 206 7 427 82 623 16
70 603 7 312 72 389 12
4638 710 7 387 69 744 11
320 970 7 360 84 510 16
10001 897 6 330 104 380 2
10106 609 7 451 117 416 7
4814 401 7 350 63 402 11
2102 735 5 282 48 685 5
4958 273 6 316 109 660 12
1884 689 5 212 91 615 18
5336 180 6 411 88 673 12
9872 718 6 296 66 495 7
10371 225 7 397 57 653 16
7 544 5 246 63 481 19
0 737 5 446 93 440 20
1986 695 7 323 89 775 16
9832 544 7 452 115 417 7
2283 991 8 420 61 547 19
1738 721 4 292 57 480 20
365 428 7 418 113 527 3
5376 971 8 597 58 737 12
4852 435 6 456 95 692 19
1821 938 5 316 98 521 11
1878 703 4 275 106 433 17
209 203 5 255 70 455 11
5318 372 5 303 80 428 5
1681 711 5 364 81 444 10
1926 157 5 245 74 639 17
80 962 6 402 84 592 19
0 173 6 383 95 542 17
0 720 7 363 94 453 3
0 959 5 476 103 633 18
9883 788 4 280 87 705 11
4945 433 5 274 51 649 16
10098 823 6 302 73 430 20
10193 241 6 296 86 490 20
2141 993 6 518 110 499 2
9755 846 6 363 48 461 8
1933 721 7 378 118 516 5
10225 929 5 341 62 644 17
1844 678 5 367 52 486 18
10127 584 5 247 64 595 2
1925 806 7 484 127 388 6
0 741 8 343 91 350 19
5213 133 6 424 109 422 16
157 901 5 282 49 353 4
390 615 6 437 60 553 11
10074 992 7 465 67 953 5
0 706 6 313 64 427 10
1900 864 7 483 59 480 12
5258 706 7 353 118 429 11
187 817 7 409 62 515 6
0 155 4 398 99 351 19
5078 552 7 476 117 790 16
9699 868 6 378 55 862 7
4928 653 7 394 61 521 11
1893 173 6 314 47 603 19
0 514 7 487 83 617 3
9610 798 6 414 101 614 20
5336 899 7 417 84 507 17
46 638 7 379 92 556 8
2338 979 8 374 101 517 6
9912 673 8 373 115 455 4
4970 370 6 429 61 697 7
5058 827 6 439 74 316 16
9956 770 6 401 60 293 5
10246 210 5 214 65 567 17
0 283 7 355 86 529 20
10140 424 5 439 81 463 6
162 923 5 439 94 722 20
245 427 6 339 86 429 19
0 794 7 416 102 640 17
2009 658 6 499 54 645 19
286 712 5 331 59 370 1
4733 813 6 548 95 696 2
17 839 7 382 97 474 12
1717 839 8 477 96 503 7
9906 527 6 398 87 524 10
1628 826 6 329 78 800 10
2298 925 8 502 116 412 6
0 417 8 386 93 603 10
9709 511 6 295 63 597 8
9922 475 7 345 118 350 1
0 719 7 555 93 436 3
4770 365 6 298 80 317 19
5389 288 6 293 64 405 19
10076 840 5 385 91 912 6
9617 433 6 369 69 578 20
0 984 6 309 97 379 7
4959 539 7 437 95 793 16
1835 850 7 438 77 689 7
5079 379 5 389 50 449 5
4990 286 6 327 115 623 2
2264 200 5 305 85 814 19
2041 764 5 235 90 706 4
5394 930 6 429 59 497 11
1665 180 8 496 101 403 5
9936 893 7 408 61 538 9
1666 845 5 368 75 482 16
4961 939 6 420 61 526 11
10223 867 7 558 53 853 17
0 843 6 277 87 641 11
9944 815 7 342 92 534 5
45 251 6 379 94 501 16
80 757 6 313 95 613 7
257 850 6 425 72 545 6
1926 971 6 419 52 431 10
2099 266 5 345 83 591 17
353 715 7 299 92 574 19
2139 255 5 321 99 470 5
0 708 4 370 68 473 7
0 525 6 273 101 652 9
5141 414 8 446 81 401 20
1689 681 8 502 105 536 6
9709 935 7 551 102 704 16
9850 569 6 358 85 586 5
1610 805 7 323 82 352 16
5058 937 7 609 88 586 8
4994 414 6 316 99 477 16
1940 675 8 485 77 440 10
1815 426 5 270 60 497 20
0 752 5 388 68 502 10
10143 334 6 386 120 730 18
1869 508 7 404 52 473 9
2120 707 6 377 89 547 9
5169 771 8 452 96 386 5
10182 798 4 310 57 438 1
1696 675 6 352 94 507 8
9624 346 5 385 67 833 10
1989 841 7 365 54 431 10
1837 221 7 390 79 578 20
4713 183 8 451 58 401 7
10123 161 5 456 103 779 2
1 802 7 384 122 654 17
4818 844 6 521 88 879 12
0 864 6 388 98 409 4
2199 159 7 309 69 599 11
4967 860 7 435 79 432 8
2230 777 6 333 115 525 7
2374 256 6 277 65 375 12
1820 952 7 481 80 714 8
5240 827 6 507 91 734 19
9694 725 5 268 107 537 17
0 353 7 376 56 431 16
9918 741 7 443 92 582 20
5005 212 7 418 64 406 5
10352 624 6 415 75 327 17
10393 801 6 466 69 839 20
4746 214 5 450 58 937 1
0 518 7 346 81 610 20
1669 188 7 388 97 415 6
9922 307 4 297 98 340 17
1621 268 6 346 64 774 18
1933 876 6 321 108 369 12
10203 136 7 374 96 433 17
2363 942 4 309 80 519 5
2090 184 5 316 99 573 20
10203 161 8 420 101 617 20
4992 993 6 442 73 492 3
10032 703 6 499 97 600 8
5353 619 5 331 63 317 7
1666 648 5 284 68 633 4
1845 824 6 324 99 754 11
0 270 7 511 87 544 20
5142 442 5 323 71 638 10
10084 758 6 366 70 637 1
4724 661 8 347 94 486 7
9940 741 5 285 112 770 12
0 238 7 377 111 308 18
0 402 6 431 72 618 17
128 835 8 338 119 399 20
4893 936 6 487 50 837 17
210 808 6 317 95 576 8
0 805 6 293 95 553 12
4984 763 7 517 101 879 4
0 617 7 469 71 593 5
10001 710 5 370 88 509 19
4782 852 5 369 69 654 6
5334 926 6 445 83 683 8
213 833 6 307 128 574 4
2356 538 8 448 81 794 18
0 959 7 395 58 528 4
10390 395 6 335 107 385 9
0 502 7 379 56 476 9
2297 716 4 329 85 346 12
0 724 4 233 63 609 2
10156 374 6 410 77 455 18
9713 844 6 381 101 520 9
2106 792 6 412 80 297 8
145 960 5 377 48 433 6
48 379 6 473 92 489 9
4944 842 6 261 89 560 12
1777 373 5 325 104 757 16
90 384 5 259 70 449 9
1689 840 7 502 103 608 1
4992 486 6 348 73 649 20
10372 400 7 359 68 462 19
2375 975 7 339 104 321 17
9993 573 8 414 82 495 6
1728 635 7 457 99 458 9
10039 211 8 400 96 657 19
5398 569 5 448 48 699 6
10172 695 7 438 53 486 4
302 873 6 459 74 565 1
2295 700 8 535 93 530 5
10270 335 7 459 97 663 16
5081 379 6 377 62 580 9
0 542 7 458 108 476 4
4932 760 7 474 76 416 11
0 819 6 363 67 386 4
1956 634 6 466 66 772 17
10201 411 5 322 88 634 3
1920 860 6 353 84 468 5
2071 735 7 397 109 657 19
1674 234 5 355 103 653 10
4609 723 7 398 116 762 2
5329 762 6 464 55 440 20
9628 822 7 426 112 632 19
0 139 7 554 55 687 3
4675 715 5 334 66 318 9
4698 816 5 315 53 566 19
1615 723 6 512 87 594 9
1927 951 7 349 49 595 12
4626 287 6 363 83 726 7
4775 196 8 470 88 771 6
2292 567 7 427 65 329 5
2063 607 5 302 59 593 4
10227 850 6 265 66 292 6
333 316 5 309 81 375 6
1632 462 5 209 106 391 17
4814 723 7 419 80 686 16
4794 545 7 296 105 528 19
1861 175 6 398 128 449 19
5154 1000 7 412 89 490 19
2173 854 7 344 73 623 11
10118 718 5 239 59 347 2
197 912 6 262 98 626 8
0 804 7 379 108 507 16
10010 962 5 392 103 428 19
10106 681 7 413 81 421 2
10314 701 8 341 71 525 4
1858 331 5 374 94 316 20
1872 184 6 325 64 672 8
9710 420 8 390 67 443 9
5050 559 5 350 57 554 18
10025 691 7 376 127 508 19
2347 851 5 341 56 492 9
5027 297 7 405 74 585 10
1922 793 5 353 62 490 16
2033 679 6 527 98 436 3
9792 635 5 334 82 830 5
196 377 6 384 103 497 19
9984 797 4 312 74 574 18
5115 742 6 408 65 312 10
331 772 5 313 67 493 17
0 780 7 489 95 769 12
4748 458 7 385 76 519 7
5307 406 6 513 79 413 11
10020 806 6 318 85 570 2
9653 411 7 463 66 709 18
1815 765 7 387 104 548 19
5238 556 6 472 85 768 16
10188 615 5 277 58 338 3
9999 345 6 440 61 416 1
10187 775 7 447 91 778 17
5290 336 6 333 80 564 12
1610 540 6 260 52 564 8
4691 986 8 356 66 423 18
4626 759 6 446 104 846 6
1964 744 6 335 55 425 11
5162 928 7 348 112 578 4
0 710 5 342 95 640 2
4826 248 7 382 107 308 9
9952 764 5 294 53 625 16
0 249 5 287 75 649 20
53 733 7 517 91 799 19
2294 715 4 271 81 756 2
10125 787 5 271 77 405 6
10306 845 7 406 95 525 3
10082 774 6 333 89 451 6
10123 175 6 317 76 596 20
1773 974 6 441 63 531 17
9939 719 6 391 86 621 16
9693 283 5 289 103 604 4
4611 861 7 373 62 586 12
4614 938 7 540 98 754 3
9977 252 7 348 66 645 1
9848 154 7 515 61 484 4
2377 940 7 478 88 431 12
4652 380 8 443 87 621 16
2155 880 6 322 91 565 8
4809 979 5 340 82 658 6
4736 341 6 441 91 636 17
5174 874 7 352 76 568 17
2219 437 5 284 94 463 5
4904 770 7 298 73 452 4
1750 822 8 411 72 369 17
9972 840 4 274 75 668 11
347 765 5 394 58 474 1
4714 749 6 463 85 388 10
5030 443 6 420 121 362 9
9954 141 5 407 53 318 10
0 399 6 278 56 524 19
5244 839 7 358 92 499 16
1718 825 7 509 49 685 6
4980 836 8 444 116 365 4
2176 373 4 274 108 558 16
1813 317 7 515 93 565 19
10360 951 6 319 65 633 20
9983 589 7 626 66 666 16
4712 984 5 441 92 579 11
2395 200 6 551 69 802 3
5194 850 6 331 95 398 18
9934 901 5 254 85 471 7
0 652 7 573 56 503 20
231 853 6 408 90 375 19
0 668 6 297 69 368 19
10037 996 6 367 100 300 19
9653 907 7 317 67 476 10
9731 713 6 482 49 740 19
178 334 8 366 69 621 2
2309 753 7 519 88 708 5
10064 654 5 465 69 664 10
10157 158 5 273 51 700 18
4873 697 7 495 69 656 19
0 816 8 538 83 494 6
1686 806 4 262 69 465 8
5024 179 6 467 74 717 17
303 817 7 366 80 721 5
1604 648 8 434 124 421 2
10197 791 7 351 91 674 6
1925 972 6 282 77 504 20
2334 826 6 415 48 668 17
10199 158 7 294 54 634 17
2060 724 6 537 90 867 18
10014 267 5 345 80 633 8
1695 476 5 256 60 540 8
4692 221 5 353 101 773 9
2299 790 5 235 85 591 6
10196 844 8 463 124 549 19
4615 447 5 338 78 530 8
2108 929 5 234 105 381 1
10070 297 8 423 122 767 10
1891 574 6 437 59 656 10
0 551 6 399 63 426 2
2294 745 7 605 86 728 12
1658 805 6 306 99 457 16
3 939 7 402 65 401 16
9659 464 6 292 79 466 17
0 479 5 285 79 378 7
5312 804 6 350 116 392 9
4885 750 7 483 53 733 20
9817 318 6 303 68 441 10
4809 903 7 428 87 649 2
138 517 5 362 90 590 3
2371 853 7 409 114 296 7
10099 984 6 444 74 488 19
0 268 8 417 91 350 11
1988 789 7 362 70 499 16
165 810 6 287 99 794 7
9713 708 4 209 106 724 17
4668 639 4 311 70 495 11
0 912 7 297 80 551 11
0 731 5 381 55 501 1
1867 756 6 382 80 415 17
1682 621 6 350 75 562 7
4952 468 8 384 99 386 11
2353 626 8 407 105 716 20
2009 435 5 423 53 738 17
0 794 7 388 85 532 4
9790 544 6 374 54 694 17
5013 362 7 411 78 510 7
10221 950 6 558 54 669 5
5226 658 7 472 113 603 5
9995 724 7 355 95 654 20
9989 951 8 367 103 436 19
9797 725 6 378 51 516 11
1624 678 5 268 98 611 12
5083 530 6 261 89 354 16
1780 302 6 385 57 410 12
5139 688 4 248 82 734 7
2339 381 4 243 51 620 8
5184 695 5 440 92 729 8
9687 828 7 509 58 747 8
4762 192 7 517 100 612 5
1854 232 7 574 71 409 6
2369 834 7 403 97 485 9
9622 788 4 299 96 603 2
9807 777 5 357 65 701 8
9837 570 7 425 62 751 16
10145 917 6 409 88 439 3
181 258 4 278 96 438 5
2339 832 6 328 60 321 18
9611 559 8 397 111 737 9
10105 818 4 306 86 476 19
9946 806 6 464 85 898 19
4993 243 4 298 104 441 16
4647 740 5 370 111 466 1
5059 206 7 344 82 598 2
10385 668 5 268 67 394 18
5239 914 5 286 53 452 18
1610 758 6 313 97 577 12
4683 718 8 429 74 796 4
9784 877 6 453 62 465 8
5324 721 7 446 62 419 2
9675 766 5 389 66 398 8
0 425 5 287 50 546 19
4619 128 4 359 49 617 19
0 605 7 421 70 638 5
1946 807 6 321 65 609 10
34 782 7 477 79 516 17
0 893 7 311 57 567 11
10158 255 8 392 89 489 5
4775 814 5 275 59 461 5
9844 558 6 296 77 332 6
4957 347 7 351 100 698 3
5296 449 5 288 67 439 18
4956 509 5 239 95 718 8
209 198 7 353 88 321 5
1763 864 6 532 48 733 20
9930 588 8 471 74 418 5
9727 948 7 411 108 370 16
1958 240 5 298 97 445 4
4994 455 7 420 108 425 18
1758 833 8 493 99 635 11
2010 932 4 277 73 589 20
0 920 4 319 91 318 11
5252 714 5 340 98 718 16
1701 972 7 401 63 681 7
9935 656 7 501 84 650 17
0 144 6 346 89 431 9
10038 749 4 316 69 641 6
10068 618 7 443 99 379 16
0 414 7 379 89 325 3
4758 469 7 295 105 448 16
10318 838 7 317 83 361 18
2035 944 5 469 84 458 11
4693 562 4 258 100 617 17
2385 830 6 286 74 523 2
5208 405 7 401 100 591 1
1687 401 8 373 49 362 19
4966 885 7 545 70 767 11
10050 936 7 409 83 716 11
193 398 5 335 75 305 5
0 989 4 317 77 734 20
1779 824 7 584 62 512 12
4767 306 6 354 64 395 16
311 707 6 356 55 601 19
10078 493 7 508 75 513 4
2325 237 6 521 62 505 18
9682 864 4 214 88 380 12
5036 589 6 421 88 343 19
5283 580 5 382 69 302 20
1603 816 7 421 74 742 3
10172 676 8 501 95 483 18
5299 795 8 579 57 580 4
9657 982 8 543 101 685 17
9708 898 7 362 62 378 9
1848 585 7 374 89 357 2
0 775 5 352 69 657 8
10269 737 7 445 88 586 8
1609 899 4 322 80 514 3
10304 563 6 361 118 524 16
5237 619 8 439 112 782 9
5226 480 6 319 74 302 20
2355 320 5 414 68 393 3
138 414 6 535 72 444 16
0 131 7 405 61 315 12
2342 768 6 377 100 606 4
9796 604 6 308 78 539 2
10392 125 6 302 82 748 17
10232 758 7 438 125 372 11
0 666 7 401 90 758 4
238 290 5 395 78 665 17
10176 633 6 463 64 865 3
2112 750 6 417 70 475 12
240 569 4 271 77 434 9
2009 715 7 488 64 555 7
0 987 7 463 82 438 6
0 749 5 394 72 448 12
0 166 5 320 71 371 18
70 606 5 218 58 665 1
1978 356 6 414 56 522 2
163 727 5 274 93 630 9
1757 240 5 356 48 661 12
9791 932 6 401 63 312 2
9861 844 7 443 59 711 3
2325 763 5 294 118 310 8
1692 721 5 328 85 578 19
9696 723 7 301 71 508 19
2261 939 8 412 119 396 11
9815 168 6 486 77 423 16
5329 803 7 451 87 558 5
4817 841 5 255 59 348 5
0 862 5 372 66 520 16
72 140 6 373 104 780 7
2278 185 6 478 66 543 19
9749 685 5 377 53 366 17
286 235 6 380 53 798 18
2291 237 7 394 69 358 3
271 809 5 362 51 472 19
1865 755 8 429 121 501 8
4719 713 4 253 88 577 16
298 341 8 434 96 762 16
0 641 6 315 91 612 17
1789 241 8 385 69 359 4
9807 432 8 346 80 333 18
4711 817 6 457 81 614 17
10268 934 7 411 108 650 12
9816 379 7 465 93 419 7
5041 888 8 506 64 584 1
276 681 5 289 91 595 7
2097 801 5 304 59 409 17
9658 865 8 501 86 730 20
2256 622 8 573 91 462 5
0 327 6 304 100 569 17
4809 330 5 278 57 628 16
1972 437 6 328 118 538 10
0 897 7 306 76 477 9
9854 956 7 347 95 358 16
10231 495 6 326 94 678 8
0 608 6 285 92 481 10
1830 234 5 214 106 469 3
4681 755 6 395 71 443 18
10314 181 7 490 49 724 3
9941 657 6 382 70 568 8
9821 424 6 438 106 798 18
4921 897 4 339 49 653 8
0 755 6 313 100 594 10
109 884 6 361 121 365 16
9712 524 7 408 74 679 4
28 716 7 384 54 545 9
10047 994 5 216 111 589 6
1633 282 4 282 95 443 16
9906 314 6 304 85 406 4
115 832 5 410 56 718 3
0 868 7 456 85 446 1
10173 955 6 364 50 388 16
9708 900 5 320 90 479 5
2229 380 5 360 86 442 3
10147 746 5 367 82 573 18
5218 273 5 317 76 615 20
9 515 7 300 61 574 11
66 761 4 322 91 547 6
4857 973 5 295 70 559 18
1605 451 7 509 78 843 9
5194 711 6 431 95 846 16
0 875 6 326 66 919 20
2079 984 8 498 93 377 6
2240 522 5 370 80 569 10
326 686 5 318 115 392 4
0 900 7 447 98 953 5
5076 943 6 362 71 497 5
0 708 8 413 93 319 7
0 181 7 374 122 492 12
1996 236 6 292 58 558 16
83 635 6 336 71 613 9
152 724 8 374 116 356 8
5328 807 6 500 52 775 12
0 385 8 502 74 694 18
5395 799 7 414 85 423 17
5204 799 7 426 127 793 20
96 687 5 341 109 381 9
1921 458 6 393 73 932 6
2046 140 6 258 50 435 12
4750 583 5 211 79 647 2
2278 760 6 293 98 595 4
9705 855 7 477 80 502 5
1710 428 7 498 75 473 3
0 748 5 358 89 507 5
5269 284 5 280 54 479 5
264 243 7 475 103 527 10
10080 891 6 317 69 592 6
5254 201 6 414 96 367 16
9990 191 5 384 73 519 12
2194 777 7 378 95 349 9
5261 941 8 482 80 777 7
4927 751 7 513 75 730 10
10217 993 4 348 80 414 11
342 894 6 345 87 465 2
70 789 4 211 73 491 11
1657 388 6 451 86 375 20
9781 334 6 476 82 917 10
0 827 6 318 84 741 16
5386 134 6 271 109 457 9
2364 129 6 386 90 571 20
5109 692 7 498 72 539 17
2270 985 6 539 83 759 8
9887 650 5 422 63 562 2
9741 945 6 307 103 461 16
9854 936 6 329 51 497 8
4798 845 8 474 77 702 10
2103 769 5 359 100 684 9
146 823 8 344 91 579 19
271 661 7 408 57 517 6
0 316 6 396 73 440 17
2231 554 6 329 68 565 20
9818 264 8 458 92 705 9
10184 185 7 495 78 506 17
9865 407 7 505 90 430 18
1690 782 4 258 60 356 17
2041 170 8 446 75 680 6
337 198 4 241 58 682 2
4752 774 7 480 92 599 2
9672 975 6 324 84 471 17
10331 506 8 345 105 567 16
2251 771 7 448 117 462 12
2362 544 5 408 92 397 5
1946 171 7 451 81 733 2
5145 800 5 354 68 646 5
279 809 5 365 92 953 8
5367 169 7 518 60 642 6
5290 646 7 320 57 450 12
306 512 8 357 90 707 11
9609 991 4 291 49 461 3
9621 784 6 342 98 689 3
4757 769 7 313 83 560 11
1918 228 4 232 104 623 1
4615 449 7 433 63 553 18
1659 664 7 374 98 527 8
4968 696 7 335 121 489 8
9669 472 4 281 55 426 2
9672 245 7 527 64 809 7
203 858 5 326 80 635 7
9897 759 6 445 110 638 17
1710 891 6 458 87 656 10
4937 545 7 461 88 400 7
9921 992 6 255 92 544 9
4983 461 6 394 52 457 18
9714 885 6 270 83 470 20
4602 167 7 459 115 458 18
1694 278 7 327 112 597 8
2054 187 7 395 124 646 10
9712 384 8 430 63 572 2
9789 174 7 338 64 670 9
0 990 5 308 109 793 17
4742 470 7 442 64 650 7
4657 822 5 365 123 547 9
2038 835 5 381 95 457 12
1842 407 5 344 90 369 2
1749 626 5 261 61 526 19
10151 670 6 305 89 317 12
9651 331 6 339 115 594 4
5080 753 5 311 94 496 3
9910 279 6 363 95 465 6
9670 959 6 431 58 570 12
0 489 6 515 100 931 18
2293 195 6 507 65 787 7
5176 792 8 342 86 638 20
356 877 7 428 60 393 1
10214 716 8 411 118 708 19
9852 812 6 364 102 672 1
5198 706 6 381 72 562 12
1966 617 6 437 61 395 19
2267 807 7 482 113 784 7
5372 679 4 230 87 368 2
10017 678 5 475 50 685 12
2224 584 8 375 89 636 10
4827 964 5 278 68 558 17
4986 630 7 476 96 506 17
1901 569 6 472 70 450 10
308 821 6 408 76 619 4
1735 771 7 423 105 458 1
0 649 5 384 47 552 4
208 843 5 265 103 480 12
4990 771 6 365 88 600 19
9944 939 6 391 114 552 19
314 986 5 324 97 433 5
10045 456 6 314 54 609 6
0 763 7 444 55 764 10
0 309 7 592 108 799 7
1667 358 6 280 79 429 5
2230 784 6 495 95 729 19
10111 635 7 544 51 420 16
1807 949 6 372 69 401 17
4696 554 8 335 105 622 1
5090 375 7 401 90 601 18
4953 893 7 405 71 738 1
9896 962 6 339 100 530 5
9983 214 5 341 81 402 2
225 342 6 437 81 637 19
10215 808 6 323 119 636 4
0 388 7 372 119 576 10
10346 668 8 358 68 416 20
4769 934 7 524 98 833 9
4610 419 7 317 59 544 2
4778 427 6 430 89 596 4
105 748 6 295 113 297 1
2146 330 6 379 60 488 9
10160 739 4 302 83 524 19
10074 327 6 371 87 462 10
0 817 8 483 127 307 4
2109 620 7 308 93 481 19
5390 260 5 307 64 436 19
5128 901 7 322 92 549 6
1817 134 6 450 100 412 9
5204 978 8 446 56 558 2
10158 988 5 403 74 568 16
20 449 4 301 55 444 12
1933 823 7 369 81 759 1
1749 921 6 322 105 395 17
4628 290 7 389 122 415 17
9944 947 4 307 79 602 20
9939 756 5 375 89 282 9
10322 783 4 271 72 564 5
0 365 6 332 101 304 19
0 979 6 322 76 490 16
5112 292 6 312 79 744 10
4674 123 5 266 67 807 16
4857 493 8 482 63 707 16
9676 644 7 351 74 512 19
2244 704 7 441 89 484 2
10042 909 6 363 85 718 16
10271 428 7 353 128 396 18
2377 749 6 295 83 645 17
0 975 5 298 68 388 1
10153 959 5 437 85 566 7
0 305 4 284 50 423 12
1848 875 6 416 48 371 1
1719 833 8 489 69 571 4
1888 299 7 438 85 597 1
10297 652 5 359 93 646 3
5231 325 5 357 124 366 8
9916 982 8 376 75 648 17
4716 424 6 331 52 424 19
54 777 8 456 99 558 4
10243 801 7 447 97 875 10
0 573 7 343 86 430 20
1732 143 5 406 52 616 11
0 723 5 344 87 445 2
314 279 7 506 84 918 10
4801 594 6 374 89 395 20
10355 440 5 473 65 648 1
0 748 6 419 78 359 9
2196 729 7 334 73 470 9
9623 381 5 280 82 520 3
16 679 6 415 122 660 17
0 961 7 406 111 610 1
1689 421 7 421 101 476 16
0 604 4 311 110 534 16
9675 777 7 482 108 807 17
260 386 5 335 72 538 17
1685 536 5 355 89 384 10
0 442 6 294 85 514 19
10001 800 6 322 83 654 16
4895 465 5 279 76 667 5
4741 771 6 422 48 638 2
0 408 7 467 114 376 3
5288 676 6 372 69 457 6
10230 721 7 479 74 373 1
2051 836 8 405 67 390 17
374 779 4 255 67 383 16
4779 759 7 385 72 710 19
0 665 5 372 93 765 19
2086 219 7 423 67 463 20
151 541 7 426 77 532 18
5159 599 7 411 116 586 7
5251 518 6 338 92 560 20
0 848 7 424 94 617 20
9762 796 8 387 49 352 10
1807 947 8 507 100 638 19
207 670 6 311 58 465 20
0 994 7 389 109 743 3
9982 835 7 491 75 724 5
1822 668 6 401 77 795 3
2221 836 4 281 77 495 6
5188 845 8 475 90 723 1
4779 719 6 539 58 613 8
10196 709 5 211 81 814 12
4653 613 6 263 60 470 19
1622 825 5 228 73 537 2
10385 505 5 309 101 610 20
0 713 6 338 119 404 16
5267 774 5 366 53 568 2
5243 967 6 392 62 635 5
1771 917 7 398 77 667 5
5379 874 5 304 71 604 11
10358 838 7 372 76 469 18
1704 860 6 466 80 622 3
0 351 6 273 94 490 2
4961 903 4 227 77 744 6
0 718 5 297 71 500 19
9711 634 7 474 127 371 9
1724 953 7 322 90 356 19
0 803 7 545 113 826 1
1981 836 5 423 93 597 17
4765 430 4 317 56 554 17
1649 336 7 374 79 481 5
5313 953 8 462 102 663 11
2247 991 6 335 82 303 11
0 593 7 529 69 577 10
0 800 7 485 115 635 18
4670 197 5 226 54 696 18
4738 985 7 369 94 937 20
4691 508 4 285 46 440 8
0 614 8 406 88 368 7
0 610 6 258 48 672 16
2263 327 8 407 100 337 12
0 428 5 247 61 544 1
0 975 5 311 60 368 8
1630 840 5 395 95 490 11
10338 540 8 365 125 584 18
1964 904 7 420 112 502 5
1619 604 8 382 109 356 1
4605 709 8 451 90 463 19
1623 558 6 359 104 631 1
5163 658 5 367 54 441 3
43 143 7 502 102 427 6
2101 712 5 457 73 580 18
0 753 5 402 87 596 9
2207 754 7 335 84 534 6
10071 775 4 295 70 574 16
1995 785 7 528 106 525 5
4890 343 5 260 100 671 10
0 418 5 319 95 777 3
1604 989 7 357 110 302 1
10365 696 7 449 65 582 5
0 567 5 292 67 442 17
0 260 4 359 94 450 8
0 613 4 247 82 748 6
0 197 4 306 72 424 10
5306 657 6 521 59 543 3
0 677 6 404 86 582 3
9942 830 8 489 122 599 10
5202 290 4 333 90 658 8
2090 371 5 343 87 921 4
2386 303 7 427 80 456 9
0 149 7 524 87 504 20
0 481 7 440 80 580 18
4889 930 7 419 123 599 5
162 193 5 277 71 570 16
255 762 5 242 53 710 6
372 714 5 362 91 885 1
1809 629 7 447 71 383 9
0 862 8 494 114 492 2
5153 938 5 317 111 671 18
9930 613 4 240 62 450 3
1767 752 5 277 90 802 3
5357 252 6 446 73 695 3
2332 752 6 292 54 616 19
9744 345 6 450 84 478 4
9844 270 5 472 58 805 18
194 941 6 440 116 488 18
0 783 5 374 84 738 5
399 717 5 366 74 511 5
9684 370 6 558 82 553 17
124 461 8 457 73 392 5
0 477 6 403 57 719 16
262 273 6 335 87 376 1
5192 367 6 351 65 721 20
1781 356 5 242 84 634 5
0 245 5 319 111 537 2
4605 762 6 400 93 641 10
10031 765 7 401 89 517 8
249 764 5 312 65 496 12
2086 974 6 316 52 302 17
0 822 7 450 103 440 18
0 925 5 262 77 499 7
220 466 7 298 75 407 17
10106 867 4 210 98 590 19
5036 317 6 338 112 724 7
0 703 7 432 58 455 18
9913 191 8 366 123 764 16
0 214 4 267 56 605 11
171 232 6 438 60 708 20
10149 461 7 370 90 423 16
5112 805 5 357 83 431 9
9776 645 4 229 68 485 19
1634 770 4 348 68 317 10
28 711 5 354 77 564 16
5046 980 6 416 81 765 12
78 453 6 303 62 554 4
9822 954 6 340 51 562 17
0 147 7 332 96 595 1
9723 865 6 406 47 702 17
0 763 8 414 58 446 18
9817 953 7 363 118 733 5
5396 748 6 294 89 579 16
4735 358 7 369 93 549 20
0 638 8 506 55 493 20
4721 139 7 409 56 441 17
2261 364 5 376 84 467 5
4896 877 6 471 79 537 16
9775 383 7 434 118 739 3
2135 559 5 293 54 768 18
1933 274 6 303 98 325 4
2260 987 6 540 114 455 17
227 441 8 430 95 809 18
0 433 6 382 120 432 19
114 856 7 551 80 479 1
9980 540 6 281 50 658 4
10096 700 5 322 71 406 20
4631 727 6 378 68 840 4
1913 512 7 438 112 528 17
5079 581 7 542 85 636 17
5220 857 6 322 97 777 2
9875 173 6 373 87 326 18
9944 517 6 466 76 580 17
9684 251 4 354 84 479 8
0 914 7 395 101 546 4
2372 717 6 527 102 569 1
10210 373 5 309 71 571 5
5087 594 8 405 90 553 2
4605 344 4 269 102 530 11
2072 575 6 474 54 435 18
9914 254 6 305 75 548 16
0 341 6 399 71 586 3
1951 146 7 336 84 703 8
10231 731 6 421 81 426 7
4818 888 6 370 72 399 19
2222 787 6 340 99 357 16
316 547 6 507 97 705 12
1822 669 6 411 54 673 10
0 814 8 443 95 391 8
0 691 6 342 83 443 17
4981 786 8 433 79 427 1
5333 764 7 512 65 451 11
1600 189 6 336 109 683 10
9614 601 8 573 67 819 6
5291 930 7 321 83 314 12
10304 548 5 460 84 875 9
5118 479 6 390 71 360 9
0 831 7 307 67 420 16
9893 153 5 214 90 417 17
2146 351 7 437 73 704 3
48 702 5 441 80 902 17
52 323 7 327 74 373 5
4914 765 7 386 56 494 10
5281 980 6 446 93 891 8
9757 437 6 388 75 617 20
1633 191 8 345 101 582 19
5300 509 5 294 94 491 10
1721 838 5 319 70 512 5
1875 590 6 470 69 569 8
10006 874 8 375 66 617 3
0 329 5 339 63 676 2
10266 895 5 352 92 534 1
2400 589 8 417 65 662 18
4767 955 7 342 103 347 17
9988 650 6 256 119 649 4
2373 840 8 617 64 382 9
10272 806 7 366 102 499 17
2017 462 6 467 55 617 3
263 307 6 335 47 613 5
10209 809 7 523 83 774 12
10084 369 7 319 66 447 5
0 951 7 352 125 596 10
5151 929 6 540 83 807 7
9831 727 7 484 116 712 20
194 624 5 339 108 298 18
0 586 8 437 80 523 19
9650 572 7 464 111 832 12
5033 906 5 341 67 507 6
2138 900 7 346 60 466 9
10192 882 7 608 117 674 17
5003 308 7 393 99 464 19
10235 900 8 466 106 700 5
0 354 5 321 102 687 18
10380 303 5 227 109 580 18
10110 665 6 318 92 606 16
2163 789 5 384 91 666 20
1923 959 5 424 83 577 19
10200 961 7 345 70 477 10
1603 290 8 415 74 694 6
163 276 5 281 46 655 9
5045 836 6 302 56 296 2
1679 793 6 323 72 466 16
0 478 6 358 56 498 20
5112 149 4 227 92 500 18
291 973 7 505 67 447 10
2111 125 7 383 91 595 2
1981 741 5 337 73 344 8
1691 630 4 251 74 673 19
1766 499 7 340 91 420 9
9928 763 7 353 101 325 1
5147 984 5 373 70 451 20
127 261 7 335 77 695 4
9718 849 7 494 56 651 12
9912 828 6 444 112 412 19
10373 146 7 387 88 342 18
5268 902 6 374 80 957 20
9611 350 8 386 56 406 19
4828 835 5 419 87 659 1
10383 803 5 306 99 803 17
4759 225 7 374 69 536 17
9797 518 6 369 54 553 16
2047 544 6 477 68 546 3
91 896 7 313 94 640 18
1733 402 5 381 100 508 18
10001 610 6 402 53 849 10
4750 826 7 292 87 366 7
10117 318 5 353 46 615 20
10082 965 7 440 128 408 9
2027 239 6 514 90 690 20
0 759 4 294 58 421 7
1627 871 6 338 110 401 2
0 659 8 475 95 476 10
10219 878 7 433 68 372 18
5326 947 7 449 59 523 20
4798 785 8 428 82 686 7
4960 726 7 514 77 530 4
10176 349 6 447 61 702 5
5350 885 5 302 52 609 8
9806 772 6 421 70 565 18
1976 479 6 407 64 595 17
76 502 6 328 101 762 12
5270 271 6 294 93 516 4
4984 914 7 387 54 512 12
9920 988 6 376 86 916 1
4857 201 6 378 51 586 8
10131 789 7 547 57 575 10
1671 705 6 422 85 893 17
2055 706 8 337 108 365 20
10177 506 5 410 103 465 20
10278 380 8 586 110 565 19
10109 649 7 538 48 735 12
4684 843 5 368 99 392 6
0 749 8 372 63 735 18
0 232 6 382 114 344 20
0 562 7 421 118 481 4
1693 741 4 281 73 472 17
1670 243 6 318 55 717 12
40 831 7 422 83 418 5
4769 919 7 553 69 791 19
4897 247 7 380 97 437 5
1608 591 4 272 71 542 19
319 237 7 456 128 585 8
1735 192 7 380 75 294 12
1916 471 6 475 60 582 11
0 354 6 419 61 642 7
2397 183 6 435 83 300 10
4644 189 5 251 69 548 5
9964 611 6 448 48 372 7
10179 748 6 433 87 435 1
2016 162 6 298 89 542 3
10353 857 7 302 47 325 7
5314 791 8 384 73 654 17
10063 448 6 546 90 487 3
4638 393 7 303 71 527 16
9971 850 7 430 77 413 19
4789 290 6 348 69 640 3
0 700 5 355 85 539 19
260 163 5 275 87 316 17
0 762 5 320 63 495 19
10045 944 6 348 57 606 11
1852 249 5 295 95 471 4
10259 600 5 458 97 463 19
9788 381 4 354 90 354 6
2351 765 4 349 63 438 11
308 783 5 332 56 602 9
9731 926 5 283 52 590 19
0 813 6 373 77 393 11
54 828 6 389 108 541 6
4626 650 7 404 121 667 19
2338 200 5 380 89 716 11
0 633 5 287 94 451 4
4906 215 7 311 69 534 19
2283 630 8 508 103 426 9
2336 713 6 534 89 775 4
0 331 6 382 93 408 16
5190 778 8 376 106 414 8
162 957 7 389 54 557 8
1741 262 5 359 89 438 8
10255 794 5 312 88 716 20
10156 255 6 446 97 753 20
5203 275 4 263 82 481 9
5123 428 8 441 114 755 7
10345 967 8 499 59 434 11
128 470 7 295 96 529 2
193 749 8 370 68 551 16
5094 802 6 538 79 485 20
9726 929 8 386 76 396 6
4822 216 4 282 68 721 5
5271 961 8 448 116 602 11
253 618 7 437 69 419 6
5306 738 7 383 79 312 2
5285 743 5 467 67 444 10
1603 819 5 290 59 569 10
0 354 8 421 113 449 19
1987 829 6 458 95 774 11
10355 830 6 373 95 389 6
43 728 5 232 57 696 6
0 714 6 394 71 331 1
4658 488 6 364 89 324 19
5162 451 6 416 96 582 3
1884 596 7 510 116 529 17
2218 349 5 328 88 463 12
9648 313 6 362 95 521 1
10177 875 8 640 118 715 20
9898 288 6 469 83 746 18
10080 775 8 457 63 437 20
1857 468 5 323 69 719 9
9645 792 7 482 107 674 10
9602 834 5 301 96 735 5
1733 564 7 379 94 509 17
4601 484 6 400 95 513 19
2039 207 6 479 81 763 16
5036 663 7 575 114 455 6
0 476 5 367 64 541 7
10081 627 5 371 81 520 9
0 362 8 481 120 550 3
4638 769 6 372 52 527 19
4791 841 5 285 54 511 7
242 873 5 287 72 433 16
107 452 7 297 60 326 8
2281 718 6 421 59 368 3
2179 743 6 341 84 665 20
1979 743 7 445 100 377 16
4900 308 8 500 56 431 12
4681 141 6 519 77 784 18
1669 716 6 359 88 430 3
1916 223 7 540 69 504 16
0 349 6 540 81 816 17
4921 694 5 306 81 282 5
4652 480 8 421 109 471 20
1845 706 6 374 84 453 3
5259 156 7 380 93 709 6
10362 412 5 430 60 478 18
332 937 6 281 65 540 18
9982 613 4 285 93 806 20
9692 786 5 326 77 433 19
9938 785 7 519 91 388 19
9720 472 5 320 61 566 7
1963 262 5 342 71 719 10
2189 197 6 434 102 591 8
9741 652 5 311 79 464 12
10257 616 8 391 125 707 18
352 585 7 314 95 609 1
10048 725 5 328 67 507 9
1643 777 6 345 81 413 7
2311 844 6 464 82 601 2
9828 415 7 448 82 353 8
1789 912 6 319 108 464 8
5152 138 4 270 69 529 18
5 910 5 324 98 361 4
4613 798 5 343 52 467 16
4888 532 7 358 93 508 8
4777 800 6 464 77 949 12
1963 365 8 356 87 472 20
1783 797 7 420 53 537 9
10134 336 5 443 73 537 19
4648 704 4 270 58 458 9
9793 771 8 487 70 409 11
9999 772 7 309 102 579 17
296 964 6 354 85 454 5
9988 811 5 289 91 555 19
1895 507 6 506 104 641 7
4783 786 6 493 73 689 1
0 656 7 445 71 494 7
0 670 4 280 85 703 8
2269 877 7 410 86 336 17
5278 713 6 391 69 826 20
4900 787 6 411 59 529 2
4898 131 6 515 89 604 18
0 819 6 515 81 612 16
9997 323 7 386 119 621 18
9841 561 7 417 83 802 3
264 774 5 406 66 666 12
2198 584 6 371 81 547 7
5157 892 6 280 99 386 18
0 350 6 380 57 514 8
5393 947 5 441 56 681 20
10205 876 7 388 65 594 16
5185 455 7 479 100 445 19
4734 339 6 297 97 643 20
4684 920 8 442 62 598 10
0 435 6 523 104 932 20
4919 459 5 288 64 796 18
10339 211 7 441 60 400 17
62 398 6 319 72 474 5
5070 140 7 476 66 748 18
70 638 7 428 88 565 10
4989 485 6 415 75 491 4
0 797 6 508 90 570 11
0 436 5 401 57 819 16
4942 466 5 393 90 459 17
10323 804 7 494 95 754 4
10133 163 6 333 92 599 4
10261 811 6 309 98 466 18
4672 967 7 415 78 642 12
4861 832 8 413 72 681 20
4838 860 6 528 74 697 3
29 671 4 274 73 634 8
5260 720 6 434 69 480 17
2127 827 6 444 66 627 16
4701 387 4 210 67 507 2
10315 291 7 504 100 448 2
1655 759 7 417 87 576 7
4779 649 5 311 107 443 18
0 257 5 313 82 727 11
5300 779 6 401 121 654 11
2073 809 6 384 98 386 18
1924 847 6 322 71 654 18
2377 165 5 367 86 466 4
9927 230 7 296 85 642 4
5232 893 7 444 122 640 18
0 231 6 379 100 644 3
5324 902 7 414 65 419 20
89 768 5 380 48 426 9
10156 793 4 337 66 489 1
9915 414 7 377 55 741 2
9894 406 4 242 89 575 20
0 945 6 266 63 490 1
0 975 6 283 95 310 2
10140 451 6 314 72 419 12
4812 398 8 481 57 600 18
1644 819 7 497 93 433 7
43 561 5 274 78 447 16
0 820 6 318 106 520 16
0 403 7 405 86 306 2
1809 328 7 308 50 625 6
5056 745 6 407 105 582 9
0 599 7 334 99 420 16
9945 853 7 480 87 619 16
175 592 6 450 82 794 17
1743 547 5 306 72 740 9
5341 889 7 508 98 714 17
5105 170 6 414 90 347 6
10308 821 5 274 104 349 6
5126 148 7 374 104 597 18
5339 339 4 275 97 623 3
396 788 6 380 96 541 16
0 889 6 321 75 423 19
9715 326 6 502 80 721 18
9755 661 6 529 51 481 3
2040 254 7 320 99 397 12
9675 214 5 325 100 575 18
2376 874 5 332 57 596 11
9933 783 7 439 58 420 3
9908 630 7 500 70 800 20
10099 685 4 294 59 397 9
1898 837 6 426 71 773 20
331 396 4 218 60 374 16
5050 366 6 395 73 481 3
2100 793 5 382 72 728 4
33 683 6 414 67 810 11
1836 788 8 407 114 643 7
378 423 6 434 76 745 20
4864 677 5 388 83 644 11
5210 854 8 584 117 495 10
10182 715 7 515 91 727 12
2218 832 7 436 61 738 19
4788 836 7 359 69 429 17
2272 189 5 307 62 510 11
0 957 6 349 86 556 18
2116 383 5 355 72 553 4
1846 131 7 495 82 392 20
200 799 6 377 123 388 3
10394 880 7 418 111 699 9
9664 715 5 349 87 497 6
183 890 5 373 58 753 16
0 748 5 292 101 307 6
5057 915 5 261 69 633 10
4762 720 6 347 67 330 17
10241 734 6 338 90 501 7
9727 773 4 236 97 672 10
1820 667 6 310 101 583 20
0 433 6 432 63 782 19
1 787 7 417 98 522 17
71 776 6 362 63 390 8
9897 529 6 333 55 495 12
2270 509 7 487 106 683 11
1944 247 8 384 122 536 7
5316 732 6 294 90 664 19
9886 812 6 530 90 414 19
4731 876 6 380 61 442 7
10317 147 6 354 64 476 5
2144 397 5 269 88 428 1
2093 183 5 225 108 658 12
10032 909 6 370 96 525 7
1870 829 5 346 48 439 9
9868 893 6 328 97 355 6
0 657 5 374 52 806 17
9792 887 4 246 108 434 11
4916 803 7 546 58 537 16
4832 614 6 308 76 648 5
0 837 6 255 65 517 9
1616 482 6 320 56 479 19
2052 848 6 418 76 435 18
1884 896 6 355 62 329 4
9756 515 5 383 93 562 20
2230 128 6 422 77 430 7
1956 677 7 382 72 360 19
0 319 6 349 63 421 6
5085 392 7 344 93 355 5
10349 392 5 332 83 372 18
4837 844 7 344 68 491 11
9983 839 5 256 54 422 3
9680 293 5 440 82 456 7
10075 956 5 318 82 726 4
4725 719 7 387 60 472 1
375 975 6 473 67 506 5
10224 137 5 326 109 324 8
9993 653 7 617 103 519 16
1799 446 5 344 83 489 5
1952 218 6 351 48 391 3
9638 290 6 419 91 710 10
0 727 5 455 71 658 20
9851 810 6 329 78 684 1
2393 348 5 316 64 557 5
5376 776 8 468 70 427 18
1777 193 4 343 57 363 18
387 677 6 451 90 446 17
5201 1000 6 379 99 614 2
4849 755 6 303 79 329 19
5018 922 6 384 106 559 18
10040 976 6 371 125 549 16
0 893 5 220 65 518 6
1762 179 7 430 83 783 7
85 838 6 303 101 674 8
0 875 6 362 65 297 11
9743 547 6 409 82 432 3
196 339 6 380 67 510 19
1849 667 6 376 102 393 1
0 275 7 416 97 440 20
9676 319 8 440 87 658 16
4859 757 7 479 96 466 10
262 623 6 432 72 680 18
2125 852 5 309 109 707 18
10218 746 6 406 73 650 7
10346 877 6 303 103 697 5
5142 270 6 330 59 596 17
4840 324 7 415 59 810 18
1693 378 6 343 61 537 16
5242 798 6 468 100 421 16
9610 843 6 339 62 538 18
10392 837 8 392 60 328 2
4954 340 7 430 101 344 16
9700 665 4 296 91 535 10
9905 389 5 359 98 620 7
1923 771 7 417 123 531 16
10382 646 8 627 108 528 19
5245 438 5 472 88 401 10
1869 731 5 345 84 849 4
0 623 6 300 89 618 3
1749 831 6 330 72 347 19
10306 553 4 248 81 564 1
5232 213 5 296 76 585 16
10065 521 7 397 119 501 18
0 271 5 291 56 499 10
10195 247 7 334 99 692 1
10335 202 7 312 77 491 10
10300 200 6 385 84 505 17
116 995 6 359 50 494 5
0 556 5 397 102 920 19
10142 615 7 445 112 390 9
0 779 6 369 104 440 2
0 368 8 455 76 492 5
9821 790 5 310 89 356 4
2057 665 6 399 101 550 5
2155 782 7 407 127 404 4
9672 159 6 417 57 832 2
0 746 6 269 101 727 19
9990 878 7 463 98 486 11
5147 992 8 480 110 584 5
2326 540 5 324 49 492 10
9965 374 6 306 81 709 20
10096 382 6 289 88 437 6
1828 690 5 314 74 628 3
1795 636 4 281 97 361 5
2126 151 4 251 61 509 6
4902 676 5 346 74 638 18
5103 564 5 364 77 399 20
4651 810 6 325 99 337 3
4931 265 8 370 85 534 20
9730 518 4 304 84 701 20
2038 417 5 388 65 460 4
5226 499 6 429 92 487 12
4607 370 6 383 91 601 1
0 830 7 301 68 472 9
151 950 8 425 104 733 4
10351 854 6 326 71 432 18
1624 643 5 365 48 830 19
4888 555 4 230 95 396 12
10036 756 7 340 85 519 12
1651 617 7 431 99 421 20
4955 747 5 391 64 570 17
10339 369 7 357 115 574 8
0 142 6 514 78 806 6
381 404 7 437 113 415 6
0 807 6 362 85 373 16
1887 534 7 327 65 540 4
131 257 5 464 48 539 4
0 128 5 334 64 510 11
10084 408 6 427 67 565 6
5158 760 7 390 49 598 10
2072 814 7 477 60 325 7
5291 244 6 468 55 788 1
10266 542 6 347 87 402 5
4637 830 8 486 109 641 5
175 313 7 423 99 512 2
9657 991 4 317 72 340 17
4703 706 4 297 53 407 7
2334 906 8 483 104 448 16
85 128 6 365 110 429 4
111 140 7 508 56 427 7
5289 336 6 490 89 634 12
4641 341 7 475 58 581 1
4797 924 7 347 83 500 11
215 358 4 300 111 504 10
2122 341 6 336 106 596 16
2268 478 7 477 97 578 10
10302 988 7 378 116 584 20
4989 819 6 440 71 586 11
10186 798 5 474 100 406 3
2004 282 8 503 91 404 11
1967 191 8 369 105 641 19
4746 677 7 406 98 508 18
5329 735 6 355 79 458 2
4764 795 7 469 52 500 3
9642 822 7 436 123 550 7
10063 511 6 358 72 474 5
2089 353 7 395 73 632 4
10040 842 6 392 101 556 19
9697 541 7 543 57 672 12
4842 426 5 346 77 532 12
0 303 5 275 96 366 17
0 243 6 366 83 649 4
2279 974 5 349 121 323 19
0 753 7 446 75 444 5
5280 924 7 528 112 697 20
4918 965 4 368 83 368 19
5163 786 6 340 76 491 5
9627 479 6 381 62 425 10
0 998 4 269 87 433 5
1981 869 4 296 69 576 10
1794 202 7 431 57 470 18
0 770 6 326 94 499 5
4684 261 6 433 74 635 2
4816 506 7 374 72 388 9
4989 630 4 240 81 512 9
0 195 7 433 78 847 5
2197 416 6 495 51 566 11
1853 292 5 379 50 360 5
0 818 6 299 64 631 6
222 476 5 347 70 486 12
26 970 6 449 91 517 1
1712 790 7 312 73 598 9
5346 336 6 384 102 368 17
1881 967 7 339 69 573 11
10010 669 4 388 97 620 9
5183 757 7 364 73 591 19
4903 549 8 489 86 438 20
1863 188 6 318 111 621 1
1907 594 6 335 105 655 5
1711 695 5 295 101 532 5
9839 805 8 456 107 595 7
1788 813 5 394 65 936 2
365 951 5 369 53 501 10
10116 204 7 381 70 524 4
260 759 7 314 72 540 17
0 803 6 371 78 347 1
9950 756 6 340 120 330 18
4948 857 7 453 95 500 20
2034 748 6 381 59 361 12
0 242 6 411 96 573 12
247 735 7 461 75 836 4
0 973 6 320 102 559 19
4749 737 4 230 59 509 12
10341 632 7 399 116 401 20
1965 486 7 317 116 534 1
10314 819 5 479 63 812 11
10217 603 6 401 67 386 2
1968 451 7 532 81 784 11
1934 709 6 408 77 452 6
109 552 7 446 63 494 2
49 837 7 314 61 411 20
10034 718 7 527 115 766 20
5086 712 6 252 85 445 7
0 724 6 411 84 454 11
9923 865 6 400 87 452 20
0 805 5 360 47 328 20
10260 167 8 439 90 496 3
5186 712 5 214 93 422 12
9988 312 7 336 87 508 10
1778 300 4 334 51 578 5
2389 934 4 309 64 658 6
10052 404 6 422 79 617 8
1685 998 7 428 74 517 11
0 168 6 329 68 514 18
10254 827 7 371 50 699 6
2005 296 7 364 89 576 5
5128 800 7 358 50 603 20
5214 817 6 356 52 368 5
4750 770 6 258 77 690 1
4625 797 5 253 56 523 3
1665 357 4 223 70 671 12
2131 778 6 373 57 798 3
0 546 7 431 122 334 3
5251 810 5 297 92 356 7
9923 589 7 363 71 577 5
10346 128 7 378 109 357 3
10022 745 4 303 56 814 20
198 234 6 327 92 466 10
4673 197 7 359 114 778 17
0 704 7 376 110 433 12
1922 275 7 443 99 351 17
10038 405 6 452 51 484 17
9691 857 7 419 103 525 18
4620 157 5 273 100 623 10
10053 209 7 355 54 431 3
5148 283 7 381 86 452 18
9686 418 8 503 55 478 10
10345 961 7 508 98 378 19
4908 153 5 266 54 722 7
0 721 8 479 96 712 6
9658 956 7 381 71 796 6
2044 883 5 477 98 501 18
0 462 6 326 54 418 19
5378 925 8 575 72 404 16
9819 483 7 504 78 608 11
9807 541 6 425 86 622 1
9916 368 6 341 95 400 7
5108 722 7 357 77 498 7
2355 965 5 353 60 701 9
4699 250 6 324 107 478 1
0 600 5 268 93 511 3
9954 878 7 441 121 522 4
9623 784 6 300 123 357 2
10028 536 7 354 99 403 16
10183 839 5 248 60 696 16
2182 820 6 377 65 507 19
2083 861 5 364 86 483 4
1731 573 6 466 98 834 18
2000 729 5 277 95 740 16
297 361 8 397 53 461 5
0 857 7 376 77 332 8
1749 728 5 328 71 318 16
5296 445 6 254 104 543 6
4668 874 7 336 110 744 11
0 434 7 417 85 310 2
1839 713 6 345 63 614 1
2022 705 7 468 88 512 4
4893 470 5 392 78 674 16
4942 777 7 329 81 565 3
4889 865 7 357 75 570 3
2390 428 6 356 80 653 9
0 803 6 429 95 767 11
5214 599 5 363 87 595 3
385 882 6 370 52 777 18
10321 951 8 361 70 554 20
5067 730 6 449 55 676 8
9896 781 7 411 76 597 18
10267 754 6 415 103 820 6
1869 746 7 332 53 328 20
10194 367 7 331 83 303 8
1684 263 6 358 92 541 8
0 844 7 320 110 661 10
10185 793 7 372 48 538 3
1849 842 7 379 75 429 5
4995 837 7 375 121 609 19
5166 562 6 460 95 635 20
5396 818 6 558 62 932 18
10051 806 6 405 66 539 2
287 748 7 368 102 694 5
9897 972 8 416 67 688 5
5085 927 6 490 72 505 11
10044 422 6 511 92 635 17
4808 298 6 331 75 503 12
361 950 6 305 89 599 5
5189 660 6 356 109 520 1
4623 670 7 523 103 811 19
4712 795 6 448 87 542 19
9787 485 5 478 69 746 20
332 280 7 371 93 319 11
2007 468 7 452 113 416 12
4822 562 6 361 66 299 18
5028 193 6 396 108 638 20
5012 761 8 430 69 468 5
5166 495 7 523 80 536 20
275 597 8 423 111 742 9
2398 793 5 288 67 573 19
2077 536 8 425 95 489 12
4873 327 8 504 74 524 10
359 830 7 425 98 494 10
203 123 5 276 59 508 20
4755 330 5 308 111 588 18
0 825 6 425 75 598 7
2390 708 6 389 112 699 17
0 692 6 435 71 337 16
2117 437 6 430 124 522 12
44 625 8 347 95 797 6
5382 860 7 394 70 619 17
75 788 6 419 99 598 10
4859 346 6 290 79 499 19
9714 938 5 394 53 422 6
5367 704 6 385 88 526 3
2310 263 5 306 52 675 11
4782 475 6 268 85 611 2
2167 773 6 376 86 317 11
9986 852 7 439 83 634 19
5366 557 5 384 74 425 8
2 918 6 332 109 354 3
5137 839 6 363 70 399 11
1640 853 7 326 78 467 17
10120 459 6 313 57 379 8
1876 590 6 398 82 448 7
5364 202 6 415 88 705 20
5182 468 6 503 68 772 16
10115 955 6 319 49 545 9
4868 938 5 434 85 774 7
1818 202 4 316 82 401 10
2100 697 7 443 71 469 4
4716 674 4 244 52 458 17
2361 906 7 306 83 558 3
5002 843 5 226 101 371 18
150 176 5 463 60 661 7
2224 468 6 329 77 472 5
10400 341 5 374 67 492 20
4804 850 8 472 118 753 19
0 932 6 302 110 608 19
0 324 5 211 103 756 5
2220 669 7 440 107 704 19
0 727 6 433 67 574 17
10303 725 8 339 62 334 20
4657 789 8 425 52 340 4
5262 925 7 442 61 452 18
5065 167 6 298 81 445 9
4690 525 5 391 90 431 9
302 188 6 269 97 432 2
0 730 4 246 67 385 6
0 377 5 320 121 509 2
1679 763 6 376 71 368 12
1662 612 7 448 89 536 16
1614 736 6 545 71 758 5
4610 828 5 437 67 496 16
