9 76
5 32 56 960
6 40 52 192
4 80 120 368
7 80 24 320
5 48 104 976
7 40 56 688
8 48 64 672
2 48 40 992
6 48 124 976
1237 524 3 259 59 121 2
1403 395 1 54 27 151 19
648 389 1 79 19 486 13
508 545 1 28 17 218 12
613 337 1 22 14 277 4
2129 626 2 27 35 532 3
915 267 1 55 21 129 6
1029 386 2 50 11 117 15
364 357 2 62 38 269 7
20 61 2 89 12 100 17
441 501 6 119 41 489 10
2299 538 3 81 33 214 7
896 34 4 268 46 115 16
352 529 2 67 36 229 14
52 546 6 279 6 140 16
1374 238 2 110 30 122 19
1383 372 5 160 71 332 17
1374 379 4 195 24 190 3
2233 319 8 137 17 217 2
1544 347 1 129 47 721 3
1310 131 1 34 43 254 3
1959 435 3 224 12 106 9
10 553 1 127 17 357 20
1990 634 1 25 29 204 19
1029 537 5 110 33 315 5
255 596 1 35 43 217 1
721 594 2 40 9 230 19
635 620 4 93 25 281 4
744 41 1 53 24 372 3
2086 388 1 116 17 130 17
686 218 2 121 46 255 16
2315 400 1 202 48 113 6
1217 596 3 160 55 562 20
314 146 1 42 30 406 4
2147 489 4 155 49 634 5
1938 356 2 67 34 330 2
1354 123 2 52 30 234 20
709 79 1 33 15 166 15
2210 306 1 40 61 436 1
2169 563 1 43 19 652 11
1774 256 1 36 14 237 4
2403 527 2 71 14 465 5
862 102 3 137 28 418 14
438 601 2 83 36 234 17
1874 430 1 112 45 76 15
1995 171 6 116 15 62 3
2094 116 5 111 22 374 17
2166 108 1 72 27 362 5
1921 553 1 88 33 210 3
889 69 2 125 17 525 6
587 164 2 153 16 341 3
319 642 6 250 7 237 12
682 308 3 83 45 386 14
169 338 2 105 40 559 17
1436 594 1 57 28 52 19
104 138 3 77 15 182 3
569 326 1 48 42 75 2
145 479 1 26 24 384 19
749 251 3 120 34 606 19
1585 172 1 171 26 58 13
126 118 1 67 37 265 18
508 156 2 106 49 260 11
552 603 3 187 81 121 18
1816 201 1 26 14 305 17
2171 234 1 54 53 170 20
721 235 3 113 34 384 6
1664 277 1 59 38 552 1
1507 567 7 194 19 384 5
1053 526 6 165 28 137 18
1978 553 4 136 63 602 10
2312 94 1 122 83 149 18
1456 191 1 39 23 460 7
2163 157 2 141 53 304 15
2359 646 7 306 20 434 12
2127 112 2 51 28 66 18
667 128 2 64 35 90 6
