57 1470
2 48 72 208
3 32 60 400
5 80 88 800
6 40 92 208
8 64 92 672
2 80 112 1024
4 80 64 256
6 80 28 336
5 40 76 928
5 32 80 640
3 40 20 80
4 32 60 64
8 48 68 896
2 24 44 736
6 80 120 240
4 80 112 800
6 48 96 560
7 64 128 896
5 64 40 880
5 24 56 288
8 64 52 768
8 80 60 416
6 80 116 928
8 40 84 944
6 24 120 592
2 48 24 768
6 32 84 672
5 24 44 720
5 48 12 496
8 32 124 368
5 64 116 624
5 32 52 288
5 80 92 464
5 80 96 720
6 80 108 1008
1 48 56 464
6 32 96 544
6 80 100 864
7 32 104 704
4 32 100 736
5 40 48 320
8 64 68 496
5 48 68 48
5 16 40 144
7 40 112 384
6 24 60 560
3 48 64 128
7 80 80 496
5 16 56 336
5 32 56 608
2 32 56 272
1 24 68 80
8 80 100 320
7 80 96 304
2 48 68 672
7 80 100 528
6 64 56 400
10647 419 1 75 22 114 19
10264 158 2 404 94 391 18
15047 178 2 26 33 321 16
15541 351 5 142 34 210 11
4543 715 2 31 16 338 11
824 679 7 266 31 645 1
10175 423 1 23 52 560 10
9253 180 2 117 45 131 3
3986 238 2 90 49 334 20
10205 350 4 62 75 124 2
10159 28 1 56 46 334 7
16930 430 3 343 17 179 9
9420 655 2 57 20 304 6
16168 479 5 53 37 212 18
4811 577 2 104 55 226 20
3190 468 2 185 35 641 2
3638 425 5 441 36 482 1
9612 640 3 66 30 379 14
15823 626 2 228 39 101 20
0 711 2 80 71 829 1
10938 290 4 266 35 137 11
771 34 1 17 76 97 17
15812 195 3 60 67 252 9
125 472 2 50 44 394 19
3384 424 1 83 16 144 16
4858 686 1 65 48 144 18
3079 281 3 183 35 188 17
9693 684 2 93 20 38 6
15671 442 1 100 19 682 9
9980 448 2 141 7 183 16
120 517 8 178 47 415 4
16406 328 3 118 48 542 10
4204 404 2 78 40 489 1
15979 297 1 259 15 253 11
3959 446 3 122 26 643 8
9557 461 4 102 32 273 19
4288 371 3 40 42 42 16
0 84 4 158 59 292 7
4007 72 2 247 64 162 10
0 354 1 154 7 264 15
9668 78 3 204 57 238 18
10945 550 1 27 46 821 19
798 701 1 303 68 193 9
15934 570 3 137 22 422 12
10080 368 3 59 22 273 5
16103 532 1 17 40 22 6
82 575 4 94 26 189 1
522 85 1 177 6 356 7
15049 443 3 81 17 96 3
611 80 1 285 67 141 10
9850 440 3 146 17 176 6
10022 642 4 93 35 317 6
0 432 3 275 28 538 7
4079 33 1 6 35 74 3
10099 607 1 87 13 192 11
10385 200 4 84 26 156 12
0 570 7 199 40 172 5
9872 298 6 108 39 153 9
15392 611 1 18 24 500 17
3250 528 2 376 22 300 10
309 527 4 124 33 275 6
4856 229 3 63 31 71 1
0 643 2 47 23 44 5
9117 343 5 405 64 259 18
15206 221 1 28 34 55 5
15549 621 2 86 28 55 14
10508 25 4 60 21 33 16
9408 607 1 47 31 294 11
3435 484 2 154 7 89 16
3469 578 4 132 43 456 19
618 41 3 245 17 601 18
204 26 1 33 33 358 3
16295 207 1 132 39 212 16
825 347 2 148 33 823 9
3464 58 2 52 10 308 17
638 414 2 51 42 64 17
15969 157 3 57 30 595 7
10048 564 2 81 45 86 11
3494 510 2 90 23 406 14
10678 185 2 52 39 526 9
4907 137 1 40 14 299 11
0 228 1 33 20 220 3
3192 109 1 30 37 482 10
10746 50 2 55 47 556 9
4926 181 1 100 57 293 2
15477 175 1 215 21 450 1
15543 565 4 294 18 59 13
16320 444 2 206 59 133 7
9045 366 4 351 82 161 6
0 702 3 174 7 164 6
874 61 1 32 118 94 2
16634 270 1 24 72 377 16
4941 738 3 143 62 273 20
10234 447 4 54 45 135 8
4463 191 1 267 53 364 6
10515 519 1 70 28 565 20
4406 227 4 200 16 239 10
15612 40 3 49 13 313 11
16517 228 1 12 78 493 4
16794 400 1 22 20 90 7
16592 721 1 31 78 253 19
0 571 3 174 47 229 12
10422 426 1 42 18 260 14
16646 740 2 52 16 127 3
9905 353 1 82 19 54 9
9388 627 1 76 90 860 1
9345 630 2 115 39 429 17
16026 532 1 58 43 299 10
0 46 2 251 18 102 16
15128 508 1 136 19 614 12
3728 555 3 110 29 113 20
15220 75 1 38 114 160 1
358 631 4 126 34 192 10
0 630 2 281 98 393 20
3515 660 3 315 80 447 13
16865 160 7 426 88 221 10
0 653 2 54 16 133 18
10440 125 1 28 65 216 7
10000 177 1 24 47 41 3
10298 331 2 88 39 241 7
0 299 3 314 42 424 5
15364 412 1 113 35 185 2
9087 346 1 114 6 290 8
3680 622 1 44 17 467 4
10649 449 1 269 44 204 15
10387 591 1 231 60 314 6
380 360 1 24 33 16 17
189 91 1 149 31 205 14
254 733 1 32 32 271 9
16376 699 3 251 76 572 12
10808 672 2 328 83 523 20
9206 280 2 29 20 472 13
4925 25 1 88 68 350 14
9377 666 5 147 12 119 13
15393 181 2 70 42 182 4
10925 704 3 135 70 232 11
9066 183 1 48 91 339 17
0 28 3 112 48 250 6
842 207 2 47 12 67 18
15749 626 1 23 43 21 6
15682 108 4 87 45 47 3
4201 419 5 169 65 575 2
3619 254 1 60 47 606 12
0 314 3 273 37 176 6
16688 283 5 277 68 358 13
10336 427 1 118 5 464 19
3761 563 4 128 35 64 2
10053 88 3 98 47 290 17
9324 401 3 178 79 399 17
0 584 2 242 63 541 17
3141 173 2 96 61 365 13
4373 226 6 453 101 763 2
9691 304 5 147 45 180 9
16927 620 6 276 58 475 8
3822 336 1 33 9 538 16
9365 421 3 74 20 269 7
9524 672 1 25 10 521 14
15639 495 2 64 25 452 19
4103 666 2 139 13 481 17
4357 310 5 346 79 234 1
0 741 2 56 52 158 15
212 222 2 80 72 327 5
3118 503 1 59 21 238 5
9285 382 3 120 19 420 1
4434 434 2 40 55 24 16
726 446 1 377 69 276 20
9000 41 2 84 65 336 7
4909 282 1 38 38 304 13
3923 43 2 104 47 222 12
15469 232 1 186 22 323 16
10007 435 1 134 20 139 20
15736 446 2 56 15 189 2
9023 71 3 194 65 132 5
10571 641 1 276 67 246 10
3660 389 1 20 31 223 4
16624 317 3 104 62 906 16
0 81 2 71 53 599 3
0 618 6 256 79 438 6
4585 49 1 27 32 363 4
10980 277 5 230 11 192 10
16622 152 1 68 46 460 3
9270 642 1 180 14 153 7
16073 39 1 45 106 389 2
280 424 2 256 19 217 13
3924 734 2 131 20 128 2
9402 696 5 266 64 514 14
10254 409 2 98 103 380 20
3785 296 3 91 23 107 11
15692 115 2 158 26 328 20
9934 486 1 23 36 129 18
10149 275 1 24 40 245 18
10460 160 1 55 20 232 8
814 561 1 23 55 132 4
334 673 1 13 25 231 10
15925 475 1 75 30 124 6
4826 543 3 151 39 194 4
4412 594 6 351 35 303 16
0 85 2 67 21 230 9
9106 565 2 99 90 628 12
0 735 3 299 26 249 19
10173 55 3 182 36 582 12
10398 186 1 60 30 104 6
353 452 6 83 76 151 4
962 640 1 27 87 130 19
637 190 4 141 75 228 19
15895 347 1 19 46 487 3
9088 208 1 128 64 86 10
16996 24 1 21 22 38 11
16878 213 2 249 106 812 12
3479 493 4 106 49 468 3
4850 98 1 24 27 743 16
0 540 3 78 68 240 9
3918 30 1 123 44 485 19
3539 674 3 159 36 20 18
16511 670 1 182 76 511 1
16980 395 2 99 65 104 20
0 325 6 104 73 334 2
9416 77 2 37 42 258 9
15395 487 1 62 27 14 15
10029 464 2 26 24 66 18
3419 403 1 46 76 741 4
10306 309 2 133 88 167 2
63 653 1 26 49 260 8
3388 474 1 20 32 391 17
3297 310 6 292 83 642 5
0 684 4 213 34 364 2
10336 115 2 151 76 141 5
16861 683 1 35 57 600 16
3117 329 5 362 39 501 3
15140 110 2 63 24 73 16
16433 635 1 78 45 75 9
10969 531 1 82 59 527 16
9532 647 1 443 20 240 16
16355 508 2 220 55 238 15
15824 475 1 72 32 42 9
10352 673 2 179 54 163 17
0 57 1 43 36 113 8
10264 405 1 125 15 508 13
16410 30 1 125 33 227 1
4086 455 1 74 36 422 13
0 151 1 81 53 23 16
10372 481 3 68 37 83 18
69 537 1 34 55 60 7
0 339 1 16 35 374 19
9458 446 4 318 67 338 10
4270 621 1 69 35 680 13
15087 47 1 25 12 182 2
10708 328 1 61 51 74 3
3892 364 1 17 30 64 1
4673 407 1 68 34 104 2
4820 403 5 298 47 373 18
9281 553 1 14 57 47 19
4684 710 3 99 93 534 10
15113 251 4 95 61 360 20
10111 662 1 31 55 264 16
750 485 5 295 61 428 10
4710 403 2 109 39 24 17
3925 272 3 72 25 321 13
16200 518 6 325 27 285 7
10530 266 1 34 10 42 11
10088 155 5 376 37 296 7
16713 562 5 475 58 210 19
16531 619 1 77 44 655 13
4752 138 1 47 49 314 18
3017 710 1 134 78 436 2
16474 62 2 84 32 323 2
16227 31 5 59 22 462 15
9427 479 3 146 30 200 3
4568 354 1 318 57 90 7
10529 415 2 323 23 77 20
10893 282 1 36 34 81 14
16658 452 1 32 72 85 2
15833 448 3 236 82 68 16
9607 725 3 342 59 190 18
3214 195 1 35 51 139 13
3910 197 5 254 57 297 14
4684 449 6 115 69 202 8
0 690 2 108 45 263 17
9511 346 1 39 26 190 2
305 244 2 81 57 23 5
0 184 1 29 49 104 16
9364 719 1 363 58 92 7
3751 449 1 41 92 287 8
131 431 3 234 87 530 6
10656 505 1 73 53 386 12
3484 363 3 217 15 190 10
15677 608 2 46 21 440 15
9082 483 3 70 50 167 2
0 333 4 99 44 286 14
260 495 1 127 58 190 8
4762 450 1 133 84 523 18
4171 202 1 65 19 387 7
0 170 4 204 71 280 19
9661 600 1 137 16 472 16
15659 141 2 52 27 381 10
231 57 1 137 70 511 20
10036 404 1 48 27 473 6
4493 284 4 147 47 195 8
16194 608 2 32 49 189 10
4200 384 4 97 69 170 2
15608 36 3 347 79 487 9
0 153 2 74 89 476 13
4873 288 1 181 62 284 5
0 194 4 66 22 155 14
16555 454 1 39 81 142 15
37 162 5 81 57 450 5
10759 695 2 50 57 30 9
3083 106 1 37 47 490 13
15658 469 1 25 31 458 8
10482 344 2 52 62 129 5
9887 479 4 180 55 221 3
3251 474 1 102 29 503 16
3290 325 2 102 56 301 15
0 349 1 65 36 173 3
3491 38 3 231 68 437 15
3413 712 1 34 53 316 3
9498 495 1 70 41 243 5
4247 140 4 112 52 412 4
3754 66 3 178 54 10 11
307 108 1 67 67 752 18
9495 481 6 201 67 455 18
16021 105 2 41 21 55 17
16594 391 1 24 51 82 12
10240 497 2 326 64 269 15
689 231 1 11 38 78 5
10739 370 1 120 55 256 2
9475 503 6 253 16 248 9
16511 707 5 331 60 513 14
15958 305 1 26 14 161 2
10929 429 1 30 49 396 5
0 672 1 34 46 82 8
15351 511 1 29 41 335 20
3117 125 4 324 59 147 2
16218 626 1 85 58 395 16
16675 641 3 99 5 56 11
15792 331 3 134 53 487 14
9903 74 1 203 81 506 7
4520 334 1 100 27 430 9
9596 312 2 59 39 124 8
4174 161 1 63 52 262 4
10991 462 2 86 114 185 19
16635 679 4 151 57 383 11
10871 56 1 270 66 173 15
4985 744 1 68 52 206 16
359 104 8 211 19 668 3
0 305 8 434 45 340 8
9672 503 2 181 24 83 13
15133 635 6 91 71 309 15
16372 354 5 270 49 245 16
16505 334 2 51 15 117 2
16029 497 4 109 24 461 8
10215 669 1 34 40 200 5
9400 723 2 56 23 59 19
0 703 2 55 38 78 18
0 274 2 41 28 182 17
9525 193 4 129 46 162 2
0 590 1 22 21 133 11
0 41 1 40 18 91 4
16124 91 1 42 18 124 6
10094 262 2 122 91 549 16
15208 231 2 203 19 508 12
16203 604 1 18 28 101 19
641 709 1 32 83 432 15
10972 428 3 39 35 97 3
0 707 2 119 42 51 3
9432 715 4 81 41 697 11
16619 148 1 79 18 321 20
635 499 3 268 23 420 15
16490 188 2 261 105 829 19
0 583 1 27 29 242 1
9783 357 4 117 53 263 7
0 705 1 13 11 456 16
0 601 1 68 18 477 6
4829 60 1 27 13 196 2
16681 61 3 188 59 449 15
10618 325 2 84 38 500 5
15564 75 2 525 22 260 15
522 129 3 172 51 367 4
16396 98 1 93 58 462 10
4307 200 1 42 66 511 3
3332 181 2 51 20 115 8
16548 679 2 325 39 519 20
171 234 1 23 63 46 12
10804 187 2 143 59 162 15
16604 748 2 233 17 248 3
3765 716 1 34 8 278 18
3619 117 1 15 16 294 19
9282 597 2 39 13 44 6
15769 665 1 19 38 14 8
0 601 1 32 11 415 5
9130 576 1 11 19 161 16
15378 278 1 40 30 341 17
10238 133 1 181 53 438 4
15302 275 1 68 58 333 19
16039 619 2 57 60 670 4
10904 616 6 409 26 245 13
16438 561 2 285 51 373 18
4370 34 1 36 83 120 8
0 728 2 38 9 97 14
10866 430 1 17 47 139 14
3713 470 2 48 30 31 2
3358 587 2 114 42 84 5
0 518 3 89 113 421 11
15256 718 1 205 7 261 15
4820 378 1 186 32 242 2
9352 739 1 75 19 270 6
10500 579 1 31 43 689 10
4537 593 1 31 69 557 1
10956 290 3 179 59 350 18
10099 80 1 422 73 156 16
4835 487 1 29 53 81 1
16292 197 2 253 13 176 8
10296 750 1 11 45 180 18
16901 552 2 77 32 170 16
15296 737 2 67 80 614 19
15967 274 3 150 39 306 7
4946 70 2 267 79 402 9
15 722 4 69 57 490 17
0 112 1 47 74 409 2
16187 215 1 55 39 405 10
9813 539 2 58 44 76 14
150 92 1 28 8 143 19
15456 42 6 358 48 172 5
3349 679 5 386 84 267 8
16334 472 4 222 45 232 12
4687 110 1 295 81 228 20
10881 80 1 121 29 298 7
3409 282 2 77 7 347 10
577 241 2 43 25 666 5
9251 679 4 152 45 374 7
3059 596 1 44 36 457 1
3033 285 3 232 50 285 20
0 75 1 147 65 349 2
0 309 1 22 17 231 4
0 433 1 58 69 178 18
394 432 4 282 37 113 10
15282 430 3 125 45 121 7
15694 277 2 91 30 219 15
10203 549 2 107 33 676 19
15849 555 3 321 9 217 20
4964 134 3 147 22 242 8
9136 371 6 357 33 559 1
0 78 1 48 34 323 10
659 412 2 125 55 156 14
3099 733 3 194 65 373 5
0 247 2 96 80 245 5
16183 568 3 24 34 99 8
10735 669 1 42 10 329 11
3299 158 3 315 24 242 9
15277 582 1 24 43 19 13
924 207 1 23 28 51 4
3665 182 2 209 46 146 20
16602 655 3 107 48 150 2
10177 419 1 29 95 398 8
16719 447 1 26 35 41 13
10206 224 1 58 52 479 15
395 728 2 167 45 279 6
15904 81 2 33 41 501 18
16383 575 2 96 63 588 12
15022 171 4 47 40 290 12
16001 105 5 162 23 16 11
4423 675 3 234 54 496 13
0 205 1 46 39 704 16
16281 397 4 218 25 90 3
3029 396 1 155 81 274 3
10894 744 1 43 53 294 7
10659 100 1 74 70 608 15
10314 323 2 32 24 293 9
9227 471 1 24 63 19 16
9704 392 1 17 25 367 20
16529 574 1 31 55 197 6
16284 39 4 335 60 133 13
0 657 1 35 68 641 16
0 580 4 135 63 302 6
10049 732 4 302 43 690 5
10781 342 2 52 18 56 11
16692 451 4 194 64 425 10
9275 708 1 109 20 50 11
16180 143 3 72 42 343 17
10864 147 1 123 56 419 11
15931 52 1 65 17 170 1
3819 590 1 63 21 233 14
16944 541 1 13 28 181 16
0 451 3 227 89 180 4
9169 185 3 258 45 212 13
15970 610 2 73 31 177 14
213 537 2 80 39 373 5
10363 22 3 300 14 163 16
3411 110 2 124 8 244 9
0 258 1 72 31 215 11
9594 163 1 20 26 402 3
804 484 3 95 37 524 18
215 67 2 36 25 445 16
16854 644 1 17 23 342 17
9875 259 1 86 15 50 17
10010 676 4 195 71 807 20
15769 574 2 304 19 123 20
3444 453 1 82 30 92 15
16147 326 1 259 67 764 17
9313 29 1 92 54 564 18
9540 729 1 13 38 35 13
3076 501 2 178 31 154 20
3001 615 5 153 32 393 8
15241 292 1 48 44 117 3
0 215 4 156 49 420 5
414 473 1 136 81 167 17
16034 483 1 34 31 433 8
0 27 1 40 25 501 20
4704 465 1 92 48 541 7
417 371 1 51 57 251 9
10823 669 1 49 61 654 2
358 732 4 57 37 169 18
0 425 4 392 54 466 20
0 697 1 12 33 44 2
64 672 1 107 34 400 19
3502 521 4 200 53 285 9
9035 567 2 376 46 577 20
3771 220 2 76 39 20 19
10972 103 3 145 111 402 20
10942 644 6 456 106 143 15
15294 514 1 24 49 390 7
3892 251 3 144 73 515 2
3978 257 3 109 39 152 19
4008 348 6 511 39 224 2
4952 122 2 130 19 864 7
10790 469 2 81 42 263 7
10079 278 2 343 48 220 3
9305 339 1 272 59 226 2
16949 556 2 81 77 554 9
117 615 3 34 111 185 18
0 667 3 185 57 180 3
10555 138 6 176 26 489 4
450 166 2 358 98 146 9
685 371 2 80 9 470 11
4737 544 1 157 75 344 5
9479 291 5 146 27 197 11
4917 129 1 461 46 199 2
10831 227 1 160 84 568 12
10227 676 2 60 48 419 12
0 480 4 273 40 235 9
980 282 2 479 71 380 6
9894 283 1 38 51 263 10
4916 738 1 72 12 39 2
16330 524 3 175 70 655 13
4072 443 1 51 51 474 17
9957 650 2 240 53 239 17
16699 629 1 24 38 357 1
10383 664 4 185 70 318 15
4493 24 1 28 53 510 12
3596 335 3 212 17 762 2
15065 214 2 139 49 458 3
3942 591 1 35 37 41 7
3541 276 1 11 13 257 20
10826 131 2 72 14 108 10
10590 201 1 137 30 40 16
0 730 1 21 40 66 19
16420 271 1 228 61 373 20
734 366 2 233 40 144 18
4919 199 4 65 34 412 7
0 205 1 34 47 122 7
991 746 1 105 74 654 9
9606 228 1 442 79 245 17
4030 496 3 86 45 119 11
10623 554 3 121 58 208 16
9397 26 1 237 56 365 6
4696 79 7 207 33 746 4
4005 208 1 155 63 378 12
0 749 3 331 20 179 1
4117 260 1 61 13 738 14
823 150 1 93 22 270 1
16661 688 1 56 35 610 7
0 197 1 38 21 197 20
0 109 1 182 102 590 18
9971 84 3 262 31 96 13
9682 497 4 74 8 381 14
3317 553 5 174 74 281 3
762 603 2 335 36 339 9
3666 248 2 131 29 43 16
0 351 2 88 11 42 11
3699 249 6 372 48 111 15
0 102 1 23 13 83 3
15493 416 2 335 55 145 2
3441 705 1 30 22 184 14
15214 640 2 100 41 673 9
9294 461 2 73 55 60 8
16245 284 2 38 23 201 19
15171 500 1 32 14 37 5
498 686 2 107 71 560 14
4017 110 1 38 15 196 3
15132 397 6 110 66 229 4
4418 173 1 12 62 374 2
4889 123 2 109 59 234 12
10521 522 2 359 25 705 8
10096 665 1 264 47 228 12
0 87 2 160 63 129 13
140 721 3 213 85 184 3
9657 515 7 468 46 186 8
15255 93 1 29 41 445 1
4685 502 1 52 79 405 16
16680 231 1 277 59 166 13
15174 672 3 52 62 167 1
15523 97 5 146 28 509 11
15854 332 3 82 25 220 1
16867 736 2 206 28 580 12
9787 578 5 107 37 633 10
15194 499 1 70 53 498 3
341 712 2 122 42 123 6
4385 519 1 93 7 359 7
4571 574 1 326 15 227 16
10742 414 3 136 38 280 17
3565 319 1 25 45 426 3
9446 223 4 315 32 501 16
4751 650 1 53 28 159 7
415 265 1 36 28 338 14
10483 313 2 131 85 673 4
9707 141 6 468 57 318 18
0 47 2 45 45 96 11
0 239 2 29 50 736 15
4081 457 4 238 25 368 11
3413 687 2 189 59 484 4
9160 205 1 42 59 228 13
10780 138 1 21 15 45 15
241 124 2 51 43 268 5
15938 707 2 260 61 345 16
10305 710 1 70 22 297 4
10225 216 3 246 47 530 16
0 438 2 154 46 136 20
3308 148 1 101 16 244 6
15284 405 1 46 54 239 5
16485 475 1 464 44 487 11
10785 162 2 39 24 168 19
16613 668 5 160 55 129 14
0 347 2 74 25 31 14
15000 719 2 177 66 447 11
0 740 1 7 47 295 10
9504 712 5 255 77 403 16
4855 128 2 138 21 625 8
16698 343 1 185 64 106 2
4997 508 3 314 28 362 16
9760 559 1 52 12 296 20
9425 171 7 485 84 146 6
3054 259 2 222 35 243 20
285 649 4 147 7 249 18
0 663 5 249 46 218 4
10581 647 2 111 11 710 7
10342 356 1 100 37 385 7
490 95 2 33 13 15 9
0 381 2 45 24 80 12
10660 507 1 43 35 152 11
921 747 1 28 35 37 1
16353 331 2 278 51 469 13
0 462 1 66 28 95 14
15943 571 1 19 67 46 17
4584 160 2 140 85 454 20
15277 56 1 19 31 674 5
16135 397 2 23 22 441 17
9618 121 1 138 67 509 5
3594 349 1 93 23 283 16
9672 68 2 212 53 380 3
0 736 1 19 89 401 19
9743 491 1 33 9 722 13
0 594 2 219 62 301 8
9853 305 1 22 58 368 10
3762 454 1 15 31 29 4
4284 458 3 75 49 357 5
10814 596 5 364 67 499 14
0 204 1 61 43 120 9
10194 221 1 61 61 252 14
16143 97 1 63 53 486 10
9435 253 1 48 73 736 5
16412 158 3 81 84 486 13
15234 612 1 105 19 20 4
451 325 4 322 90 293 15
3062 340 3 242 68 652 15
3657 716 2 392 45 173 14
16046 208 3 146 62 332 11
15100 279 1 36 40 115 4
10315 66 3 53 65 309 11
9739 450 1 65 35 152 2
9530 485 1 394 66 577 3
0 471 1 98 88 117 2
0 80 6 396 58 223 7
4909 471 4 89 52 301 2
943 564 1 27 12 184 16
0 60 1 179 72 157 13
15465 681 6 333 35 439 9
16059 341 1 13 27 430 19
10223 723 2 238 35 407 19
16263 417 3 229 8 447 13
491 636 4 111 35 495 8
16698 481 6 355 8 77 2
9717 750 4 369 85 297 11
9458 30 1 140 54 231 20
9411 628 1 25 6 42 19
16773 91 2 223 54 530 14
16241 595 2 260 23 231 14
15540 121 8 352 55 356 14
9175 100 1 26 15 17 17
15437 295 2 86 20 210 4
16793 231 3 53 27 474 13
4848 360 5 174 90 300 17
15962 57 4 104 35 375 11
870 365 2 28 30 233 16
467 194 3 94 33 306 14
728 607 3 290 80 440 14
15279 28 1 219 8 235 3
127 745 2 26 17 166 5
10916 472 1 137 37 224 5
3409 29 2 26 25 527 9
16612 587 3 335 22 464 11
5000 227 6 506 30 463 13
10038 531 2 149 54 464 6
4342 528 3 233 61 355 10
3948 46 6 117 26 373 14
608 732 1 58 13 47 9
15022 254 2 174 58 451 7
0 452 6 110 66 349 15
501 386 1 58 93 414 6
15673 703 4 233 68 405 10
4912 444 1 169 84 551 14
15578 680 1 36 37 687 7
9809 67 1 116 36 143 6
10721 702 1 31 20 68 10
15571 672 2 59 25 235 8
10611 705 2 44 56 420 15
9029 444 3 370 19 453 18
10316 544 1 71 43 204 17
4459 418 1 436 15 198 4
10952 626 1 27 30 121 18
16082 261 3 150 46 107 11
9817 520 1 35 34 36 3
10401 734 1 87 41 73 11
3809 61 3 329 61 781 17
4928 626 7 218 46 601 9
15308 537 2 43 48 234 13
4539 104 5 272 35 551 5
3087 669 2 286 56 541 5
9458 221 3 32 33 171 2
0 365 1 147 54 136 5
3063 591 3 163 24 664 19
10346 358 1 201 70 220 15
3048 28 5 288 60 238 18
4165 341 3 167 26 443 8
9427 430 1 22 35 257 1
16178 455 1 47 36 388 11
399 707 1 92 38 191 7
4869 540 2 96 93 130 2
4923 260 3 307 22 342 12
10844 140 4 364 33 637 6
9563 729 4 145 51 251 12
324 577 4 232 50 543 13
16831 404 3 90 50 522 20
9847 28 3 51 24 294 2
69 83 3 293 41 153 2
3663 731 4 156 109 580 18
761 455 1 47 25 199 6
9951 626 3 126 54 255 15
10155 643 3 175 65 227 19
10073 476 3 75 38 100 9
3968 655 1 60 88 377 18
510 555 2 136 22 22 4
15540 457 1 197 56 87 5
0 643 1 189 55 90 4
15224 36 4 144 66 193 5
10656 536 1 41 24 122 15
15438 401 3 245 63 320 16
0 35 2 94 51 380 19
845 621 1 46 55 696 19
9317 681 2 320 27 485 18
3374 489 2 197 36 639 5
139 409 1 38 86 544 17
4340 665 1 36 39 404 12
777 507 3 53 7 255 5
9329 121 1 78 14 739 17
15425 534 1 72 31 109 18
9778 168 1 35 33 128 19
0 233 1 185 14 223 17
16023 713 5 91 33 668 17
10059 702 3 117 62 133 3
10973 541 3 195 56 329 7
4798 208 1 47 42 61 20
4689 382 3 136 50 219 9
16426 622 1 54 40 36 7
15304 427 3 103 31 410 6
10711 710 1 184 57 203 9
0 685 2 26 52 136 15
9739 205 1 240 21 265 12
4836 527 3 258 38 257 2
4384 558 2 329 36 545 16
0 90 1 189 5 230 18
15545 255 1 64 37 415 11
10236 666 2 41 16 19 10
10479 361 1 9 32 263 3
10865 478 1 88 41 157 5
3909 629 1 51 31 120 15
9082 267 2 99 37 274 13
3968 606 2 135 18 201 9
591 275 3 112 32 391 7
16282 407 1 65 41 440 12
10089 151 1 54 109 944 16
9987 54 3 80 42 274 15
16625 714 5 256 26 541 15
9032 183 1 92 34 55 17
4161 684 1 18 15 409 7
524 430 2 40 16 607 7
3044 71 2 33 30 210 3
364 345 3 175 46 473 13
16562 582 2 76 60 126 14
4164 648 4 107 51 36 13
458 402 4 52 26 288 1
9205 123 4 79 10 114 16
816 375 3 344 15 231 12
563 86 3 117 73 824 17
10575 587 3 115 35 309 9
16187 565 2 135 16 744 5
4660 193 3 157 60 418 4
15185 749 1 55 39 101 4
4012 545 3 85 19 38 17
3131 24 4 458 14 274 6
3685 617 1 13 28 73 14
9251 722 1 20 40 43 4
9471 337 5 316 31 305 17
60 369 1 32 17 39 18
16357 359 4 255 59 254 14
10041 518 2 133 49 260 9
445 515 2 107 18 222 15
4597 626 3 78 69 506 5
9881 210 4 326 7 160 1
16710 302 2 49 46 601 10
16125 588 1 41 40 44 14
3403 294 1 73 44 61 13
15941 743 6 169 26 392 17
16246 279 1 93 41 125 4
15403 394 1 184 23 372 16
3811 413 4 368 28 866 1
16490 660 2 98 37 28 12
4521 502 2 342 93 233 18
0 214 1 223 49 864 10
16145 427 5 301 28 369 18
15579 66 2 206 69 550 15
4509 142 1 100 20 303 18
0 698 1 39 46 100 14
15151 152 1 165 20 26 2
15217 670 2 144 19 140 19
0 169 1 35 46 462 10
9014 172 4 226 63 422 20
966 301 1 20 36 174 8
10456 482 1 110 26 109 16
15120 543 3 122 30 214 13
16484 334 1 104 59 594 8
478 167 1 33 26 790 16
9047 274 2 231 46 556 20
0 420 3 95 40 42 18
16140 404 1 29 25 335 19
0 300 1 174 29 132 9
249 582 3 172 30 170 2
4554 82 2 32 13 54 20
15634 436 3 75 5 234 11
4750 24 1 70 22 39 17
4094 41 3 222 36 109 1
10441 43 4 144 35 150 8
16029 350 1 97 44 99 14
4727 289 2 40 38 259 20
10072 449 2 74 37 59 3
3779 88 2 318 103 188 19
15054 385 2 52 49 21 12
103 719 3 34 20 77 8
0 515 4 132 30 727 10
16183 476 5 313 22 186 14
16209 527 2 71 29 464 14
3319 460 2 89 61 619 16
0 315 4 71 25 171 2
3633 610 1 55 24 101 6
15271 299 2 182 8 186 20
4014 38 2 55 37 100 2
329 270 1 33 31 98 20
9516 337 2 185 93 689 9
0 161 1 363 32 299 2
16700 164 1 80 74 608 4
16881 90 1 79 46 308 5
3532 336 1 16 43 49 5
16832 722 3 156 121 272 4
10959 562 1 105 75 623 9
16035 452 3 161 63 202 18
15622 241 3 129 6 244 4
9409 188 1 43 63 596 18
15109 82 3 111 65 330 10
4320 431 1 23 39 292 13
16862 411 3 322 62 186 5
4033 173 2 208 33 156 5
9888 528 3 177 75 487 4
9990 465 2 180 63 334 4
10694 497 1 45 16 188 20
0 292 2 33 38 336 19
3271 712 2 108 80 240 20
15815 620 3 237 78 433 8
15503 624 3 159 30 105 11
4558 453 1 76 71 146 18
9749 181 4 210 38 781 12
0 580 3 139 7 350 12
3382 383 4 115 64 135 19
16303 714 3 100 58 598 16
4562 269 1 251 44 256 4
0 433 1 24 8 434 17
4517 416 5 200 57 235 13
797 726 1 40 37 41 6
3983 683 1 35 25 333 1
3719 84 2 73 16 154 6
4606 62 2 96 94 344 4
3479 589 1 48 36 260 12
4763 106 2 203 72 604 16
0 318 2 329 33 208 17
15350 692 1 189 78 894 9
942 455 6 127 22 85 18
4952 278 1 374 86 148 2
16344 596 1 20 27 327 13
9990 545 3 262 75 175 5
9110 580 4 251 49 440 16
4632 412 1 118 15 152 18
3897 418 1 20 23 143 20
4853 35 1 102 27 657 5
10128 448 1 99 50 420 12
4631 278 5 355 34 448 13
9037 634 2 316 42 412 2
16172 42 2 92 17 200 13
0 305 4 161 34 291 8
10673 194 2 128 89 88 5
10785 282 1 20 22 440 4
812 191 4 401 82 319 16
988 66 3 391 79 458 12
3846 127 1 17 61 59 7
4864 370 3 195 26 408 15
10284 728 6 296 25 513 4
0 327 1 38 39 565 18
16010 488 1 65 59 457 9
15025 251 2 167 84 154 11
3475 480 2 147 36 180 10
15850 36 2 42 20 469 1
3014 119 2 117 48 46 5
4985 480 1 19 51 318 18
10321 397 1 24 20 160 16
9911 106 2 46 13 650 9
10326 532 2 177 33 533 18
3125 499 3 135 42 155 2
9303 39 4 115 55 645 20
3702 543 4 92 50 141 16
16509 635 1 76 46 59 20
9161 271 1 67 14 41 2
4961 713 1 41 33 523 4
16836 447 5 186 71 803 16
3040 543 1 141 15 32 10
10149 436 4 120 24 350 11
0 151 1 31 54 113 8
3647 251 2 137 73 284 1
10333 739 6 229 91 225 6
243 536 1 117 64 247 14
4860 281 3 194 8 349 4
659 643 2 117 20 190 15
10503 653 6 153 56 819 2
16383 79 1 41 24 338 11
3287 339 1 23 37 48 4
10484 53 3 125 60 80 17
0 210 1 18 47 25 10
0 400 1 72 99 328 18
4400 526 2 232 40 241 7
0 720 2 181 92 146 8
9623 196 2 118 53 684 16
3869 720 1 21 50 148 11
3553 64 2 170 96 177 4
0 193 1 24 37 45 13
240 321 1 135 48 216 13
10621 134 1 340 45 437 19
16910 605 5 345 72 234 4
172 194 4 368 48 253 8
16574 482 1 117 77 445 16
10591 426 1 45 31 547 8
15551 89 1 44 17 541 2
9138 261 3 105 83 691 20
15726 308 6 99 34 293 20
16529 741 4 74 37 417 7
3489 516 7 441 41 144 20
0 526 1 217 110 452 3
403 634 2 20 28 107 2
15188 691 1 55 36 249 13
4600 367 1 20 29 23 1
10469 462 2 154 70 607 14
16894 69 1 38 22 515 1
367 750 3 130 39 518 16
630 431 4 236 27 766 6
0 357 2 72 14 545 6
15161 706 5 236 29 238 11
10199 466 7 106 68 233 8
0 241 2 50 56 470 15
4053 85 2 169 43 97 14
16556 343 2 49 12 252 13
708 175 4 115 71 324 4
0 147 2 90 58 389 1
16691 45 2 189 24 789 6
4707 292 1 294 39 170 13
15186 720 1 151 34 600 16
9245 193 4 130 57 310 4
10154 65 1 46 23 364 11
4658 172 2 63 15 41 7
0 214 3 381 24 628 4
202 151 1 26 7 265 15
3912 433 4 310 65 293 19
10855 89 1 255 14 581 3
3189 727 1 266 48 439 2
268 391 2 64 38 163 11
10912 42 1 45 47 468 4
4992 470 4 109 70 123 19
0 561 1 36 27 262 4
4519 286 1 108 62 83 16
3950 305 3 31 36 76 15
84 227 2 239 20 799 20
10007 224 5 279 64 117 6
9042 642 2 76 71 130 1
4981 235 2 182 55 303 7
10005 538 2 310 91 214 9
4786 55 1 115 4 224 14
81 39 4 51 15 308 4
16611 349 2 203 34 275 15
15154 722 2 173 76 786 19
368 476 3 152 46 653 9
16937 366 1 60 36 91 8
9396 641 1 52 109 325 4
15727 369 3 99 28 301 15
184 577 1 70 13 68 3
4503 707 2 188 32 11 15
16476 139 1 202 66 344 14
4567 343 1 25 40 347 7
10157 569 1 21 43 61 9
16654 392 1 48 29 421 9
15498 53 1 246 21 238 14
3747 21 4 124 19 446 13
576 581 4 362 52 163 16
319 705 2 96 77 617 7
3776 446 1 157 36 470 2
0 505 1 59 73 552 10
624 748 1 24 19 53 2
3249 181 2 20 30 79 18
930 209 4 346 49 204 12
10294 656 1 56 75 261 17
9831 139 1 36 55 185 9
15566 503 3 58 19 142 20
9302 630 1 47 31 281 3
4861 247 1 130 63 646 17
16027 132 1 26 38 384 15
4025 621 2 213 42 104 3
0 553 1 21 36 22 4
34 624 1 49 80 552 5
4644 540 5 114 67 113 13
15925 218 1 31 97 263 18
9855 612 5 281 58 503 4
15659 91 1 18 47 29 6
16298 328 2 97 31 144 3
16616 221 6 368 37 407 4
10450 714 1 23 37 121 10
9101 561 5 111 64 279 1
3842 453 2 47 14 47 18
16775 611 1 42 30 247 19
16813 722 4 565 43 223 11
15103 385 1 19 38 45 1
921 556 5 80 28 228 6
10420 99 1 296 48 188 16
395 262 2 29 65 138 2
0 582 2 45 54 276 20
3062 234 1 30 56 174 18
16409 104 1 26 41 243 18
538 352 5 94 79 148 8
167 687 1 71 28 92 11
9957 36 3 134 66 71 13
9079 491 3 171 37 187 1
16695 214 4 324 26 325 10
10689 733 2 166 44 105 12
3660 250 2 93 35 99 12
3117 733 1 25 43 53 15
10633 542 2 145 44 155 18
4442 665 5 79 96 234 6
913 273 1 35 21 346 5
15441 119 5 199 26 352 6
0 477 3 54 10 102 15
4772 254 4 185 65 306 9
15868 604 4 143 8 178 19
15081 57 4 117 36 160 15
220 59 4 190 102 168 7
10619 697 5 317 30 155 19
15750 300 5 289 25 437 1
9038 732 1 122 55 950 18
3506 357 4 272 63 819 6
15966 312 5 185 31 685 19
0 359 4 141 113 193 18
3789 418 2 246 70 117 1
0 470 2 199 63 550 6
16883 200 1 196 73 583 1
319 21 6 313 75 180 11
9268 165 3 378 14 151 11
9298 543 2 62 71 531 16
10070 379 2 96 55 189 20
9599 460 1 64 38 561 11
16030 184 4 156 94 467 19
4180 585 2 105 32 202 2
15700 521 1 13 33 59 6
0 175 1 55 19 115 5
15372 709 1 377 48 704 5
0 552 1 76 46 735 1
0 639 3 339 42 310 14
15584 745 1 151 38 456 11
4014 188 1 37 26 77 2
10873 460 2 640 50 161 8
9713 718 4 62 72 311 9
10611 51 2 41 12 379 5
611 186 6 333 36 650 2
4383 750 1 30 17 37 18
15372 410 1 271 94 259 17
15507 558 3 493 42 335 16
10160 208 2 68 67 734 1
16294 185 1 20 35 101 3
16380 244 3 224 73 287 14
9696 323 1 125 42 738 17
168 312 1 25 27 104 9
0 633 6 226 52 155 7
4995 540 1 39 33 99 9
510 693 1 74 25 120 19
16684 389 2 106 56 182 6
10906 269 3 104 14 34 18
10117 415 1 61 31 254 17
3139 231 4 302 71 761 17
9363 513 3 103 45 858 15
530 294 1 39 43 259 13
15909 362 3 80 12 133 8
765 425 1 120 33 69 11
4480 301 7 379 25 662 13
3573 226 2 337 63 151 13
15376 590 1 20 43 76 17
3826 329 5 324 62 183 4
0 189 2 36 16 85 7
210 348 1 220 97 321 10
640 663 2 73 51 315 1
4628 416 2 326 40 326 18
4895 479 1 99 4 193 9
94 367 1 24 33 517 7
4505 664 5 157 37 392 14
9721 574 2 58 38 255 13
9615 225 5 137 68 162 19
36 694 2 36 32 676 13
0 20 1 63 55 648 11
15595 289 2 74 85 185 2
0 116 2 69 37 566 11
733 536 2 293 60 319 15
16047 295 5 139 45 303 7
0 461 4 147 8 145 10
15680 248 2 149 71 471 3
0 704 7 439 31 262 20
15356 359 1 107 80 595 9
9887 711 4 302 63 778 9
3834 188 1 166 42 248 9
15477 609 3 64 21 90 7
3056 248 2 105 55 98 10
10251 549 1 68 63 279 19
4471 349 2 118 70 466 10
9836 113 3 253 34 161 14
9806 383 3 38 27 98 16
9399 440 1 82 19 256 7
0 612 3 278 28 197 6
9284 140 1 22 14 330 6
16084 114 2 185 67 286 4
9787 336 1 36 42 80 7
4456 716 7 174 71 384 11
4210 748 5 355 56 470 10
10969 735 4 118 67 87 1
4315 530 1 232 50 235 12
4969 381 2 195 54 345 10
15575 483 1 28 9 43 18
16307 490 2 97 48 887 4
3154 32 3 328 21 729 14
10372 279 1 66 107 195 19
0 445 1 67 104 725 2
130 74 1 82 61 403 5
10280 614 3 151 25 230 7
207 55 4 179 74 284 9
9505 394 7 399 63 88 11
9312 150 2 49 30 148 14
10284 598 6 184 57 467 3
10081 645 4 178 13 582 14
3341 210 1 39 29 300 8
3603 485 1 49 100 483 14
4232 575 3 34 94 626 19
16755 706 3 71 65 520 4
3038 288 1 18 27 237 5
4199 511 2 90 41 228 7
3277 161 1 79 33 629 20
16817 527 4 212 62 374 6
845 608 1 119 41 99 20
17 455 2 287 46 415 2
9138 499 1 41 74 274 10
9606 365 1 75 96 691 19
16473 59 2 92 25 524 13
15851 90 1 44 20 57 5
0 563 4 217 93 447 10
16299 175 2 126 57 120 1
16332 712 3 81 74 334 8
16045 673 2 227 55 248 3
10652 24 4 143 41 213 6
16635 318 1 135 17 114 8
674 273 5 191 67 256 13
4700 422 3 133 66 295 9
9633 366 1 382 47 275 19
792 704 1 18 21 17 1
9560 244 5 480 96 173 17
596 348 3 320 60 333 19
9965 397 2 65 3 286 3
3346 128 2 101 29 314 2
4315 227 1 37 11 428 1
10370 674 2 154 56 675 10
10305 106 1 103 44 30 2
0 716 2 345 17 763 20
10654 222 1 35 17 57 7
9183 235 4 132 47 137 1
4784 164 1 32 16 279 2
15298 49 8 384 27 513 7
10976 98 1 30 51 157 2
4209 247 1 56 43 55 19
4540 396 2 43 27 133 2
9981 711 1 19 29 722 14
179 551 3 91 15 253 8
10428 361 1 137 11 285 17
15996 496 2 189 71 847 7
9133 507 2 59 20 380 16
4132 420 1 39 49 199 8
10788 104 4 65 38 240 18
9834 145 2 81 64 463 8
16685 562 5 167 30 285 20
9519 561 1 91 27 70 8
4733 455 1 17 60 464 6
9344 581 6 381 72 810 5
9826 100 4 233 48 190 8
3407 678 1 29 25 20 11
9244 724 1 63 35 17 15
15305 575 1 139 62 232 14
15622 742 4 192 120 60 7
955 442 6 219 24 544 12
3831 507 2 118 19 170 12
4717 75 8 368 40 335 1
3413 642 7 209 90 351 8
9848 573 4 343 55 135 13
10309 493 1 97 41 307 20
765 747 4 95 16 333 17
4536 73 1 14 64 59 4
504 614 1 27 80 461 19
9686 385 2 76 110 401 1
9589 337 6 213 53 208 19
4926 720 1 65 25 758 17
0 89 2 92 97 393 19
3236 223 3 328 43 270 2
0 402 5 100 37 103 5
9375 617 3 61 19 189 1
3075 660 1 110 35 232 4
4755 473 4 231 9 412 17
15048 727 2 77 48 305 5
4978 226 3 130 28 463 16
16192 741 2 57 80 561 3
9724 176 1 66 34 203 2
16046 369 1 38 30 313 4
16233 736 2 54 13 40 9
10551 619 2 32 56 144 5
193 236 2 232 53 132 6
3314 609 1 104 16 189 13
10439 297 1 26 45 383 5
3372 181 3 164 59 204 3
4387 589 3 71 34 22 16
4872 389 4 282 72 337 7
3474 715 1 98 23 303 2
680 479 1 25 45 823 3
163 269 1 20 22 55 18
3060 518 1 44 41 124 15
3338 535 4 121 43 41 3
3012 181 1 38 24 175 6
9059 720 3 410 27 217 3
4189 524 2 177 79 469 11
3684 679 1 179 71 109 18
15129 437 2 90 9 280 14
10235 413 1 33 55 358 11
15384 242 3 156 20 437 4
0 587 2 175 76 437 14
9014 262 4 278 41 764 20
0 239 1 49 69 202 16
217 110 2 146 28 507 13
359 228 1 15 22 35 9
10525 668 1 37 15 150 12
9547 71 2 199 84 270 20
15830 394 2 142 98 400 14
16866 293 5 139 40 197 12
10502 704 2 74 71 370 19
16680 33 1 22 63 48 17
744 686 1 21 11 426 9
0 424 1 12 16 191 17
15640 67 1 55 62 519 2
0 400 4 323 36 147 13
15162 140 3 165 48 493 10
9498 440 1 79 56 392 3
10421 517 2 309 60 476 3
15038 276 2 73 12 29 5
9316 382 2 66 24 370 12
3279 287 4 299 80 230 6
4117 84 2 275 47 441 9
9511 652 1 83 28 191 12
10029 207 1 303 16 226 6
16510 418 1 269 56 585 3
9105 177 1 56 61 158 16
10890 227 1 49 94 338 4
3250 304 6 452 22 244 7
4140 325 2 30 36 201 19
4050 160 1 30 9 467 10
3921 239 2 223 61 118 3
4361 141 3 43 35 358 7
3052 98 3 177 32 407 15
4728 183 6 279 21 520 14
16815 420 2 86 36 149 10
10651 174 3 119 59 245 19
10915 599 2 46 38 277 11
9262 407 4 484 40 250 4
4401 562 1 348 35 512 1
15024 624 2 87 29 371 4
10634 378 1 38 8 351 7
3094 176 3 274 45 318 18
15781 733 1 37 22 500 3
10599 703 1 28 15 419 20
15221 731 5 206 31 773 2
4065 453 2 157 78 689 6
4828 96 4 116 79 375 20
0 321 1 118 57 456 1
0 363 1 11 17 719 7
0 290 3 184 39 319 19
16242 661 3 198 40 306 3
669 493 1 173 50 128 17
3956 390 5 335 47 116 7
15970 450 5 386 39 239 14
0 600 1 178 34 613 10
9567 150 2 170 67 388 4
16985 38 2 212 7 185 16
4889 543 1 32 60 352 4
16589 309 1 40 37 379 2
4758 107 2 272 68 141 11
524 27 2 87 74 432 3
4188 376 2 69 14 271 16
22 606 8 495 39 140 17
3984 341 1 110 81 309 16
3895 718 7 436 98 308 9
9458 533 2 31 13 329 7
15352 523 2 38 39 637 13
16459 609 1 97 8 54 12
15989 306 1 105 107 314 12
16258 642 1 11 23 71 6
4608 652 1 115 54 390 18
3280 635 2 81 34 129 1
3864 660 3 138 5 290 2
15198 477 2 52 26 396 4
15700 681 2 24 22 695 15
4373 617 2 40 29 190 15
4807 707 1 81 44 155 19
0 634 1 37 44 460 7
16882 728 1 164 3 304 2
3129 674 2 84 69 451 16
4450 164 1 60 52 622 12
16823 375 4 109 54 499 5
0 572 3 38 55 172 14
10373 211 1 19 22 552 8
9125 623 1 30 20 584 7
15312 596 1 18 37 46 13
3308 534 1 57 28 290 13
0 410 5 136 28 417 16
4175 632 4 525 36 101 9
0 350 4 143 80 192 12
0 330 3 164 53 481 10
4692 545 1 14 37 38 1
0 136 1 298 80 499 8
4186 746 3 201 38 435 6
4037 274 1 13 57 53 15
10737 490 1 22 26 39 12
0 603 5 181 99 217 14
9028 83 4 217 82 160 10
3592 181 1 18 45 403 1
0 283 4 69 57 466 9
15861 52 1 39 43 38 15
16038 661 1 33 28 345 18
3588 361 1 42 36 311 13
3054 358 1 252 26 124 16
9141 161 3 93 28 195 1
10013 742 4 334 36 281 10
16573 406 1 315 40 486 1
4310 221 2 134 72 335 1
9895 523 1 178 84 137 4
705 370 2 121 68 345 19
10369 704 1 92 45 209 4
10509 660 1 447 37 217 11
4907 234 2 32 27 173 15
3401 353 6 285 93 795 6
9180 517 1 22 27 36 15
15357 572 3 85 58 545 11
3806 199 1 97 26 143 8
0 465 2 77 42 306 1
314 280 3 319 66 208 5
151 596 1 54 86 403 19
16771 265 1 60 63 152 3
4956 490 1 35 26 79 2
9004 486 2 84 27 285 8
10063 748 1 83 20 38 11
16959 740 2 64 83 134 18
4552 633 1 28 18 100 8
15886 558 4 507 54 117 11
9210 421 1 40 67 128 4
16567 167 2 293 74 490 3
15334 346 1 32 41 339 19
3051 135 2 72 31 84 13
9198 117 6 115 64 144 15
10291 447 1 81 66 392 18
10429 550 1 114 52 31 10
15297 648 1 144 17 157 9
0 647 1 29 21 301 17
3799 202 2 69 44 179 10
4483 745 1 39 54 374 7
731 719 2 93 27 103 6
4802 256 4 186 13 158 13
4794 464 5 207 107 430 12
9972 694 1 376 95 148 18
15639 170 2 114 50 379 20
10647 541 4 127 6 289 19
9132 166 1 37 52 302 6
479 149 5 225 69 112 3
4734 277 3 116 59 564 17
4852 605 2 62 13 183 11
10754 218 5 269 43 490 1
15180 646 2 105 23 143 19
431 244 5 210 31 383 17
3864 722 4 113 35 164 3
0 37 2 19 42 255 2
15780 338 3 94 56 105 8
10348 32 3 164 87 276 20
0 601 1 48 27 181 1
16018 688 1 48 68 488 9
10857 118 1 298 46 197 13
0 669 3 94 31 209 12
16413 109 1 84 80 445 7
4728 159 1 109 61 578 2
15591 671 1 520 20 97 18
10750 566 2 246 18 290 9
3763 496 2 298 33 452 9
15580 578 1 26 41 524 11
10431 681 3 321 80 260 5
3464 251 2 184 22 217 13
3796 419 5 123 41 609 11
10347 130 2 130 32 432 2
4077 502 2 73 54 116 14
3939 229 1 67 10 166 20
4189 112 1 120 56 47 8
0 299 4 145 48 184 15
16370 255 2 66 72 799 17
4410 551 3 62 6 159 19
10728 156 1 344 67 371 18
0 590 4 95 26 594 20
9370 357 2 74 69 491 16
691 294 5 226 27 370 5
9287 587 5 269 54 184 14
15141 324 1 41 39 44 15
10176 508 1 174 59 121 7
10642 496 4 89 12 138 12
3787 177 2 89 23 518 15
0 704 2 308 46 530 13
4728 168 1 176 37 295 19
