25 574
6 24 56 1008
3 64 108 816
3 32 96 512
7 24 88 608
6 40 36 304
5 80 48 896
4 48 76 128
4 64 124 928
8 48 48 480
3 80 100 656
2 48 108 848
8 32 108 432
2 24 56 416
4 80 24 928
2 40 112 224
3 40 76 704
2 80 60 624
7 24 116 896
5 40 44 816
7 24 28 864
8 48 24 960
8 32 44 576
2 24 100 304
7 80 84 864
6 40 36 752
11871 54 3 73 15 88 6
11918 363 1 22 69 294 2
6673 20 1 19 32 313 2
1797 432 1 21 39 599 6
5758 219 1 29 25 310 7
4685 329 1 63 20 334 1
722 15 1 91 28 280 7
5321 240 2 45 56 119 1
8018 5 4 69 19 403 1
4155 526 1 24 52 200 5
10498 532 2 47 43 314 5
663 458 5 116 19 137 1
6459 448 2 52 39 204 3
3937 131 1 55 17 413 7
6855 160 1 52 84 333 5
7806 136 1 128 23 75 1
10498 548 1 11 13 302 3
5233 144 5 72 15 443 6
8321 158 1 27 37 76 15
3340 461 4 162 26 276 4
585 496 1 48 12 480 6
10117 33 5 208 12 690 15
4295 152 1 24 29 75 5
1429 116 2 128 11 361 3
9038 236 1 24 18 478 5
3183 394 1 192 13 541 18
7097 278 6 274 43 418 18
6416 491 1 33 9 157 1
5022 94 1 62 29 332 5
6206 359 1 117 13 558 1
10058 444 2 36 62 547 2
4796 136 1 52 18 357 6
11810 17 1 22 67 143 3
482 495 3 140 38 92 6
123 540 1 16 23 214 7
2028 37 1 11 42 204 20
10915 315 2 201 63 295 19
9933 417 3 174 17 541 7
8851 165 4 122 15 428 3
2692 28 7 165 21 282 6
9311 320 1 68 11 281 19
5261 217 1 12 39 131 19
11990 501 3 153 7 314 17
586 383 1 104 11 289 1
1698 230 1 67 26 386 19
934 9 1 31 62 87 5
1506 279 2 193 33 282 5
4190 518 1 57 54 216 15
4434 109 1 64 48 440 16
8098 318 1 22 32 116 15
8399 235 1 54 40 306 1
10736 465 6 108 29 129 6
11165 223 2 134 29 366 3
11856 356 2 42 14 529 16
4420 500 2 50 38 135 7
11186 24 1 37 38 191 7
6357 327 3 164 14 290 16
2761 521 1 14 62 337 1
9044 419 1 68 19 63 6
560 410 1 33 46 45 1
3670 531 2 31 29 179 2
5755 213 1 83 73 365 16
7545 157 3 43 12 332 7
6750 165 3 98 76 208 7
5043 488 7 141 18 456 3
11210 102 4 81 15 457 15
9654 412 1 19 22 208 6
307 440 3 203 11 568 3
4818 399 1 38 10 549 17
3893 330 1 34 80 664 7
3389 534 1 336 31 591 15
7945 228 1 117 31 208 2
1549 103 2 93 38 345 20
8330 181 2 82 59 525 4
2247 347 2 205 46 578 7
11712 297 1 22 32 172 15
4892 225 1 26 44 117 3
3471 197 4 55 75 232 19
7347 8 2 33 27 207 15
565 483 2 32 16 190 5
7325 458 2 109 30 204 2
3352 452 1 117 47 476 18
8947 479 2 61 52 619 16
431 298 4 130 15 380 2
5980 113 2 129 12 354 2
5312 267 4 144 23 375 4
11779 70 1 13 33 244 18
10539 51 3 115 59 216 4
8659 247 3 73 8 493 3
5712 472 1 147 40 229 3
11078 44 1 146 17 258 6
9985 516 4 80 26 207 19
6982 479 1 20 31 241 2
11256 22 2 121 28 619 5
2107 435 2 82 30 491 15
10267 457 1 95 51 79 2
2962 531 2 63 30 620 20
9846 501 1 67 13 255 18
3515 179 5 92 11 115 6
6506 411 2 26 13 534 5
4304 93 1 19 25 354 4
1293 458 2 62 35 503 4
9712 346 2 47 49 532 3
3491 394 3 156 6 556 4
10349 90 6 321 16 551 3
7423 228 2 36 9 421 2
3119 363 7 142 22 240 1
9008 479 1 53 54 322 4
5933 309 1 91 29 316 4
87 299 5 98 20 390 5
760 336 2 242 16 209 18
5953 353 1 16 39 743 7
1696 532 2 19 37 278 3
1240 26 2 83 39 269 1
916 68 1 15 37 208 3
4236 379 3 75 23 228 2
2640 89 1 124 42 516 19
3152 398 2 63 31 491 15
6281 36 1 123 32 186 3
3795 169 1 76 69 529 2
2985 290 1 39 67 485 1
3620 67 3 123 22 28 5
5025 348 1 60 30 610 3
11424 440 2 66 24 464 2
4253 119 1 108 37 303 15
2471 54 1 95 20 467 7
9177 429 1 99 37 405 2
811 177 2 74 26 157 6
8627 458 3 65 39 637 7
5420 384 2 27 60 144 7
7577 339 7 186 21 117 7
914 104 1 78 6 394 2
268 43 5 345 19 248 4
6910 327 1 64 37 481 7
8618 325 4 146 7 368 4
9742 536 1 34 72 157 15
3124 278 1 34 53 350 19
10443 215 1 43 24 585 2
9730 141 2 90 31 661 3
1279 538 2 57 27 235 17
7707 22 3 42 54 227 19
5086 162 1 22 35 176 4
782 230 1 27 15 348 19
3377 429 7 209 17 155 7
5467 58 1 95 42 180 6
2083 298 1 11 26 340 3
5131 208 2 36 37 49 4
11508 497 2 34 52 194 2
9362 272 1 32 26 478 5
4785 136 1 51 19 465 3
4365 90 2 18 52 587 5
11642 409 6 174 17 720 4
1218 530 1 35 30 68 6
11994 374 3 121 13 147 18
4444 244 1 67 46 308 4
11586 438 1 58 39 272 17
5001 13 1 116 52 74 1
1490 20 3 96 12 522 20
11790 296 6 223 22 230 19
238 129 1 66 15 243 4
9744 174 1 63 16 501 6
3986 352 1 9 24 153 5
762 197 3 80 20 499 17
7064 531 3 113 47 353 16
8321 343 1 17 23 148 17
2396 44 1 30 28 657 3
5314 302 1 32 37 282 18
4018 77 1 17 34 177 6
11655 204 4 131 26 192 5
10014 201 2 42 9 233 17
11000 499 2 96 43 485 15
5961 151 2 189 13 563 7
9149 187 2 183 16 521 20
8903 25 4 262 36 466 6
4093 528 2 67 26 352 1
8579 354 1 28 22 227 7
1193 484 3 135 15 266 3
7811 160 2 85 20 566 2
9465 98 2 153 17 280 2
4706 439 2 348 20 400 2
9845 117 1 46 23 189 7
3354 46 1 54 13 341 3
10904 522 3 140 60 297 3
4198 15 3 95 11 589 7
7053 104 4 207 13 245 7
8578 437 1 118 36 360 7
8908 293 1 143 10 317 7
5428 119 2 35 18 645 2
3562 531 1 99 59 511 19
2700 376 6 116 46 137 5
10026 233 4 245 22 200 1
3403 84 1 61 37 557 4
6049 242 2 49 26 283 20
4498 504 1 23 71 357 16
10018 260 5 235 30 222 5
2024 190 4 214 11 280 18
8549 36 2 30 48 140 2
6967 528 1 31 26 579 4
4783 298 2 106 25 548 4
11968 121 3 101 23 588 17
989 148 1 14 28 163 5
3384 383 2 157 7 597 16
7907 443 1 63 44 143 5
834 124 2 115 24 378 2
5241 271 3 173 16 565 7
2091 476 1 20 26 324 7
1073 401 1 33 14 104 16
7391 23 2 45 21 271 6
8951 500 1 55 20 529 7
3005 190 1 52 14 237 7
5508 366 1 13 40 175 3
4750 194 2 35 24 485 6
5455 316 2 218 87 585 20
11897 263 1 21 60 256 4
2657 398 1 30 12 166 6
2357 338 1 116 39 66 4
1695 183 2 66 48 32 19
718 18 1 16 17 78 7
9952 177 2 75 20 120 19
10080 491 1 37 33 207 3
9294 298 2 76 18 115 4
11450 434 2 80 56 518 19
2038 518 1 69 13 180 20
721 422 3 78 62 540 3
5151 187 1 28 22 184 4
6876 36 4 375 52 508 3
7603 50 1 26 20 260 1
11285 253 1 67 26 428 19
6570 335 1 40 65 327 4
75 393 1 45 43 233 2
8626 376 1 27 33 222 6
9319 92 2 38 30 446 18
3221 165 1 42 8 180 19
11382 14 1 21 50 228 19
11069 492 1 55 65 270 1
7741 223 1 23 61 253 16
8326 84 1 20 22 118 17
10829 446 1 126 21 277 16
2957 253 1 27 19 453 1
11228 550 2 52 54 200 1
6183 536 2 43 24 316 2
11328 37 1 82 7 496 19
4232 68 1 49 50 467 6
7204 530 1 91 61 154 7
7650 233 2 68 22 401 4
1569 455 1 106 28 196 4
431 5 1 92 68 308 4
11572 504 1 73 24 414 7
1533 92 1 16 20 147 19
6268 159 3 141 14 293 3
5591 546 6 114 13 510 6
5503 216 4 64 29 375 19
4330 368 2 34 47 93 7
11026 31 2 90 59 440 18
2639 218 5 279 30 130 15
11097 189 5 145 15 465 5
6761 544 5 103 11 419 2
5814 411 2 118 23 524 15
7426 321 2 139 25 385 7
8487 287 2 24 58 122 1
4305 183 1 38 38 261 4
8604 429 1 12 60 121 20
5615 403 1 87 69 255 20
3712 91 2 33 71 151 17
5081 245 2 67 20 536 17
8528 369 1 80 74 482 1
9463 312 2 105 44 160 20
891 380 1 34 64 227 5
2286 295 4 67 13 264 2
774 220 1 26 53 375 6
11243 404 1 32 66 225 1
11333 474 3 74 12 322 5
11136 342 1 108 30 345 7
1233 68 3 305 22 608 4
5106 207 1 56 18 237 5
5785 445 2 59 44 152 2
1326 475 3 138 15 334 2
3941 490 2 110 6 425 5
10913 512 1 9 19 103 15
7205 395 6 141 23 220 20
10649 361 1 18 67 155 7
1250 332 1 171 15 308 18
6030 426 2 125 28 209 17
8342 517 1 89 18 520 1
1908 144 5 146 20 149 7
10680 20 1 98 38 411 7
2664 279 2 67 27 219 2
7523 267 3 154 26 573 3
1530 186 1 53 33 116 6
8853 166 2 48 61 103 1
10976 188 1 66 22 391 1
1641 253 1 74 10 528 7
10928 223 2 98 22 281 3
7385 105 1 61 35 92 2
908 96 2 58 8 537 6
3072 21 2 204 10 379 4
1497 432 2 133 30 541 20
550 31 2 124 18 306 2
10902 376 3 61 72 223 7
2933 535 1 29 48 195 19
5212 148 2 48 28 157 2
6225 148 1 22 36 27 2
296 44 3 140 11 118 1
9406 205 1 73 16 143 5
10648 181 2 237 30 616 15
2159 429 2 45 63 118 4
6010 534 1 19 13 97 6
6777 197 4 72 40 424 2
6779 25 1 16 20 367 19
7152 88 1 91 67 124 17
560 105 3 255 10 128 4
7805 379 2 31 17 216 16
883 96 3 101 51 514 4
2652 15 3 56 43 350 2
2213 154 1 12 7 473 7
3808 359 3 60 18 194 1
318 347 1 16 30 541 16
1729 262 2 67 13 509 1
10787 218 1 10 54 223 16
2571 82 2 32 64 133 5
7433 230 1 30 28 203 6
2912 453 1 63 29 294 18
11366 242 1 117 32 306 19
3698 491 3 61 47 373 2
3359 226 2 114 30 608 1
8533 379 1 163 37 61 2
10054 196 4 204 6 616 2
9336 211 4 113 7 655 16
8606 413 1 39 45 566 6
11310 264 1 36 70 183 19
11460 525 1 52 52 320 3
9327 530 1 12 47 172 4
2489 470 2 45 15 430 1
11475 322 4 145 6 276 5
11991 498 1 29 13 592 16
3874 504 1 24 32 183 16
4883 525 2 65 39 395 5
1108 182 3 67 79 586 18
3312 500 2 23 67 135 2
4403 494 2 18 26 157 1
63 524 2 38 20 688 16
10186 16 1 11 40 223 4
6862 267 1 15 63 155 1
10760 229 1 61 20 487 19
3399 261 1 45 43 265 1
11665 251 1 57 39 57 2
5634 526 3 232 20 202 1
9539 328 4 112 53 558 7
9751 549 3 64 25 563 3
5498 401 1 40 17 523 7
11845 422 3 117 80 366 3
1202 69 1 44 50 487 1
3586 437 1 51 18 243 6
5835 454 4 266 13 598 1
9794 252 1 24 76 93 6
6613 205 1 304 54 284 3
5846 273 2 28 38 261 5
3858 317 3 84 25 111 5
6603 344 1 59 23 332 7
1047 533 1 44 37 189 4
9639 530 3 79 64 447 5
7925 208 4 131 13 408 2
5031 353 1 108 25 245 2
5090 360 6 119 9 219 6
9548 477 4 119 17 73 2
6208 545 1 57 36 396 2
459 414 2 74 11 334 16
6161 270 2 153 14 446 5
1120 412 1 62 28 209 6
2723 514 2 95 63 641 3
568 21 1 23 48 405 16
7234 317 1 18 30 267 6
9543 354 3 169 11 278 15
7369 517 2 106 43 55 1
2861 258 1 58 64 202 1
2607 339 2 45 25 556 17
4469 294 7 180 8 530 3
9433 221 1 59 33 366 16
6094 14 3 77 53 212 3
1914 458 1 11 20 191 2
3829 484 2 92 19 732 4
7827 142 1 123 35 44 7
5814 387 4 152 39 317 2
10662 218 2 25 20 205 5
2062 320 8 207 12 355 1
6199 528 4 246 22 402 19
5047 494 1 40 54 144 7
4198 313 1 60 44 523 1
5584 65 1 21 72 88 15
4114 363 1 134 6 550 5
659 236 1 16 18 535 20
8061 172 1 26 22 121 4
1576 416 1 36 64 500 2
2284 139 2 67 28 510 19
7932 158 1 10 67 125 18
8993 458 1 28 40 48 7
2545 461 2 112 10 387 7
11776 178 2 96 30 194 18
1999 8 1 27 22 344 6
4484 232 2 63 21 385 3
1143 431 1 14 49 222 1
6647 508 3 254 6 289 1
5560 361 6 78 28 372 2
2250 137 1 23 32 73 17
11853 242 2 179 22 531 2
3410 304 1 29 74 594 5
5081 460 2 90 11 419 4
10494 457 5 256 14 260 3
6450 80 3 313 18 269 6
5176 325 4 114 40 154 6
6470 224 2 134 26 213 7
5315 71 3 119 46 80 5
1252 191 3 115 66 220 3
4937 409 3 82 22 93 15
73 324 1 117 33 248 7
6734 97 1 15 23 129 7
11828 372 2 72 27 490 2
909 7 1 19 54 91 6
7346 466 2 164 60 368 6
1123 229 1 18 49 114 20
7975 151 2 52 51 84 18
2441 408 3 70 23 435 3
791 47 1 99 14 200 7
6759 200 1 40 15 179 7
6689 496 3 97 54 209 6
9037 189 3 123 17 179 3
8553 249 3 144 40 207 1
8086 392 2 40 18 100 6
3835 286 2 85 8 446 15
2224 92 2 67 20 319 5
6176 82 1 25 27 450 4
2181 515 2 52 24 269 19
2902 179 1 37 20 223 7
8855 346 1 61 37 456 7
4394 504 1 83 16 348 6
2072 220 1 124 6 198 4
8029 209 4 271 34 400 18
11354 502 1 13 43 201 1
3074 196 1 27 63 358 16
2764 480 1 74 35 409 5
8957 29 2 30 24 261 17
10096 221 1 18 26 411 1
1985 505 1 18 16 600 18
5178 130 4 40 49 242 2
1704 247 2 180 17 331 1
5285 517 1 138 58 450 16
3838 47 4 222 13 304 18
5302 180 3 86 22 186 7
2049 442 2 142 18 77 1
232 113 2 57 62 158 7
6818 28 2 23 25 213 1
10260 533 1 15 69 222 1
9915 254 1 28 61 341 5
7549 140 1 93 48 248 2
11948 313 1 27 47 331 6
11724 68 1 25 43 256 4
8917 410 3 176 22 231 19
3295 550 1 31 32 688 6
125 185 2 24 30 246 5
11406 188 2 53 9 139 7
934 434 2 110 9 574 5
5964 195 2 139 12 387 16
1900 427 1 52 40 555 16
5891 524 3 172 20 376 4
7566 259 1 27 15 470 4
7065 538 1 20 33 157 16
5434 201 1 30 62 150 5
2738 296 1 117 27 435 3
4983 504 1 94 44 233 7
8871 306 2 58 36 29 2
6263 257 2 25 25 86 6
6457 88 1 34 26 194 1
6047 395 1 242 13 266 6
2259 526 2 38 15 673 18
5780 494 4 63 25 620 3
3995 418 2 44 38 140 4
2402 144 1 61 32 335 6
5295 289 1 105 14 122 7
6729 284 1 166 12 337 7
7347 427 1 20 31 197 5
8106 550 4 62 35 513 4
9527 388 1 17 57 197 2
11218 465 3 41 22 224 1
4763 151 1 20 18 445 7
9290 103 3 132 10 469 18
7457 113 4 114 29 519 5
18 522 2 166 25 107 4
6119 223 3 38 42 238 4
748 297 1 39 53 172 15
3902 384 1 33 40 202 20
11302 170 2 40 25 140 7
5411 72 1 45 55 217 17
7191 202 3 53 19 285 5
9848 417 1 42 39 528 15
10225 79 4 110 28 401 4
6359 391 2 89 33 196 19
7516 240 5 149 23 193 18
7036 148 2 105 59 238 7
3433 536 1 66 22 241 7
3597 539 2 54 31 324 4
270 442 2 106 31 484 4
583 424 3 105 49 79 17
8228 238 3 146 27 599 2
6370 517 5 204 24 205 17
6371 469 1 29 35 230 6
8062 46 1 144 31 606 4
8701 126 1 41 9 313 5
7211 419 5 232 11 352 2
3228 412 1 22 46 447 2
11693 5 2 118 32 228 4
2789 36 2 88 15 612 6
7806 56 1 28 32 163 19
11365 63 1 28 22 169 2
8806 532 1 32 54 159 7
3714 354 1 15 61 459 4
2745 396 1 79 13 545 3
7504 147 1 130 28 309 17
11995 268 1 12 29 432 6
8279 543 1 47 51 54 2
4540 306 1 13 32 229 7
10554 78 3 107 27 493 7
7532 179 1 117 33 327 4
1442 447 1 41 29 360 16
9972 342 1 19 28 164 7
3824 479 1 37 38 243 6
7139 297 1 61 28 612 2
2163 113 1 16 15 90 6
2223 285 4 128 26 170 3
748 475 3 117 20 81 3
1982 363 1 105 57 282 1
9644 64 2 68 49 262 7
100 150 1 31 23 200 6
3418 389 1 12 28 225 3
7227 85 1 67 15 238 7
8246 366 1 159 58 182 1
1703 150 3 55 22 36 1
1799 184 7 133 28 92 4
1038 221 1 43 67 444 16
11177 379 1 32 27 218 3
584 14 1 29 41 637 3
3446 534 2 53 23 451 7
11682 76 2 47 50 87 4
6028 92 6 92 31 321 16
11777 97 2 35 33 290 4
3675 165 1 25 64 525 7
3179 543 2 195 7 419 6
4416 285 2 41 56 282 7
2126 392 1 80 75 306 7
10448 531 1 70 24 305 3
8339 128 2 37 9 505 6
3722 63 2 32 20 267 4
8731 316 1 113 13 220 7
5396 95 1 41 12 645 4
6009 136 2 130 21 215 15
331 550 2 21 30 140 3
10796 479 1 134 49 229 7
1384 336 3 56 56 569 3
10122 96 6 104 38 369 2
5154 43 1 19 27 617 3
4373 501 1 142 57 261 6
11910 530 2 68 22 157 6
8942 425 3 54 43 312 20
2149 314 3 93 7 541 2
1758 57 2 98 19 594 2
2482 329 1 98 47 234 20
10855 75 1 36 27 96 20
3400 434 1 78 11 473 19
1008 319 1 17 29 163 15
7941 477 1 30 21 352 6
11758 5 1 22 6 196 1
59 345 4 77 30 296 18
8558 145 2 47 75 181 5
10296 383 4 96 24 354 17
6083 341 1 79 29 624 1
