21 339
6 40 48 96
2 40 24 288
3 24 36 944
4 80 96 272
7 40 108 624
8 40 48 160
2 24 88 128
4 40 92 272
7 48 60 640
5 24 84 208
8 32 40 112
8 80 120 800
2 40 56 128
8 64 88 352
7 80 68 384
5 48 36 480
4 24 108 416
4 48 36 848
3 32 92 192
4 48 116 464
7 80 104 672
6136 112 1 25 15 46 17
8430 308 2 179 41 250 6
1847 635 1 100 45 212 11
1913 11 1 58 36 35 15
5745 199 2 113 26 103 6
1629 371 3 63 32 41 7
904 12 2 60 63 119 16
7156 186 1 66 13 27 18
5309 437 7 158 20 62 15
10469 135 4 78 34 356 14
1943 446 1 44 54 228 12
6252 154 5 182 68 473 4
11468 293 4 102 16 75 19
7708 605 5 214 16 230 17
10234 202 2 90 21 289 13
5112 520 6 289 51 194 5
2080 19 1 24 46 198 3
8164 641 2 113 43 410 19
2397 176 3 316 40 452 13
1255 53 3 47 66 195 7
7602 83 1 31 23 101 6
7058 446 2 29 8 160 12
4416 233 1 11 36 59 2
8595 99 1 12 10 598 14
7401 158 3 161 22 26 20
8500 170 2 190 33 55 3
2463 274 1 64 46 119 7
3321 119 3 68 22 426 15
4069 103 1 13 16 552 2
11531 324 4 171 47 287 11
1787 399 1 30 53 107 13
9531 307 1 271 30 473 12
5 618 5 236 54 72 18
1016 86 2 216 40 362 13
76 511 2 71 62 181 11
4087 89 1 28 56 93 1
10853 216 2 92 52 73 19
3560 474 3 175 19 326 18
1027 623 3 312 61 227 6
7394 379 1 10 37 189 7
10908 88 1 272 37 480 10
8126 169 1 18 23 446 14
8858 197 1 353 46 89 16
7632 354 1 513 83 467 10
7429 55 2 39 12 197 6
3128 240 3 77 24 70 17
7231 574 1 12 21 696 18
6492 344 3 122 72 337 10
6490 397 2 28 11 211 4
9968 316 1 206 26 457 10
1565 609 2 402 31 499 8
609 650 6 259 46 234 12
1417 619 2 51 13 156 7
4639 564 1 52 30 285 11
7191 380 2 25 48 156 20
5783 376 1 15 55 275 20
630 105 1 231 19 183 20
11224 123 3 47 65 59 7
9073 28 5 280 62 137 19
9461 362 1 29 35 30 15
683 321 1 34 59 96 2
9947 640 1 64 12 233 1
7750 417 1 65 54 153 11
6062 486 1 86 10 116 16
7077 57 1 56 64 330 16
3300 526 1 11 40 136 10
652 307 1 15 75 235 12
2220 619 1 52 28 237 10
240 42 3 75 55 105 17
7057 402 3 93 12 39 13
4712 563 1 62 32 351 8
1259 114 1 122 55 78 16
9958 631 1 18 21 89 9
7828 229 1 15 61 134 12
6138 289 1 22 54 60 15
9551 577 2 81 11 103 18
960 352 3 75 34 126 15
2300 55 3 61 49 100 13
4863 406 1 24 16 115 6
6744 382 1 27 25 612 3
9284 284 4 86 29 184 13
8566 38 1 19 59 51 5
1600 650 1 25 45 95 6
11727 216 2 44 21 132 14
8905 215 1 16 36 139 7
1229 598 4 226 73 329 12
3582 209 2 155 40 190 20
2690 296 2 98 15 631 6
2051 567 5 114 71 450 11
3579 91 1 17 38 129 9
3640 72 1 39 19 198 10
8141 190 4 81 32 103 12
6298 499 1 33 56 109 6
6248 76 2 50 31 86 13
9651 224 1 193 34 264 11
1939 543 1 36 66 300 14
7932 546 1 54 49 145 18
3637 64 1 16 18 221 3
932 257 1 181 22 282 1
1014 162 1 15 12 28 13
892 504 1 403 46 579 12
10874 93 3 180 42 321 2
4108 442 3 258 35 430 6
9445 505 1 51 34 162 12
11673 279 2 31 48 28 9
11370 341 1 30 10 214 10
11311 388 2 59 18 243 7
3027 204 1 34 22 76 2
5491 622 3 242 44 395 7
10903 198 2 104 13 84 13
6756 71 3 278 68 435 3
5216 642 3 238 36 210 11
9886 515 1 39 31 37 15
11672 116 4 203 15 53 5
4080 39 1 112 28 116 7
5469 84 3 108 35 377 6
10065 622 4 82 28 84 18
2285 533 1 27 33 185 10
8008 635 6 85 21 69 19
6515 447 2 65 54 160 17
4860 577 1 128 22 122 18
2530 282 2 46 22 282 6
9900 561 1 23 63 116 19
6935 259 2 123 32 24 18
9262 235 3 122 65 324 6
6873 172 1 22 31 71 5
7837 188 1 18 11 229 5
11624 163 5 167 25 35 15
4488 380 1 68 54 461 4
2189 136 2 44 6 159 8
9967 464 1 274 34 254 2
1187 270 3 31 19 594 20
3850 487 1 47 10 497 16
646 203 1 33 29 73 10
3220 557 1 122 26 47 17
4079 546 1 28 44 210 16
7940 275 2 67 50 195 8
4337 211 4 75 16 61 8
3811 525 3 96 73 147 3
5699 625 4 207 20 110 5
3690 292 2 30 50 28 9
7507 464 3 133 22 174 1
6354 513 4 252 48 243 13
3173 343 2 123 22 262 17
6263 560 1 49 49 94 9
6750 359 1 21 36 327 8
10040 53 1 43 22 35 1
3368 89 4 119 14 37 14
5423 120 1 36 33 185 20
8102 189 1 9 18 236 15
2348 598 4 265 29 379 7
19 136 1 67 36 84 11
9136 411 2 81 20 108 3
4347 455 4 157 34 97 19
3633 631 2 155 31 249 5
5621 485 1 135 39 166 11
11346 165 2 118 22 177 15
1385 155 1 15 6 197 11
10454 94 2 67 15 120 20
1528 503 2 82 37 76 20
1881 85 3 129 38 221 1
2662 116 3 68 24 46 7
2760 562 2 28 43 77 14
2184 200 1 77 28 240 13
10266 361 3 88 21 348 18
11912 197 6 146 67 325 4
4832 272 1 20 25 98 16
10806 455 1 76 14 275 1
1837 96 4 75 45 146 7
931 505 1 31 78 317 13
4596 287 3 203 37 241 20
7357 559 1 26 10 95 10
2725 592 2 39 30 53 2
9258 384 5 130 68 185 9
5624 527 1 50 9 39 13
4797 247 1 52 22 125 15
4419 198 2 312 37 135 4
1817 220 1 68 14 104 14
6534 384 7 144 33 395 13
8132 538 1 29 47 71 2
3563 302 1 99 20 149 17
6760 213 2 70 13 153 12
10657 613 6 150 53 94 13
8339 571 4 93 41 125 18
10015 523 1 57 28 236 3
8818 62 2 155 24 56 19
8824 373 1 17 6 204 9
10912 32 5 154 36 208 18
4098 409 1 32 14 67 15
9415 649 1 17 38 93 3
4664 610 2 67 79 152 4
6087 591 3 213 49 214 6
1068 101 1 99 39 146 12
7123 568 3 189 64 225 14
3267 482 3 40 40 289 14
11173 442 1 85 30 194 2
7612 88 1 30 47 76 16
5822 357 2 58 54 59 2
11789 611 2 104 28 112 15
10145 556 1 20 24 530 7
10526 579 1 32 26 83 9
1363 292 2 97 71 325 7
5929 35 2 92 30 422 11
908 498 1 48 51 196 10
9687 258 2 31 23 92 13
2683 388 1 43 57 335 1
2770 632 2 120 29 134 7
9086 190 2 40 14 518 13
3767 240 1 64 15 86 11
9111 104 2 110 49 191 8
5589 273 4 213 33 59 6
4630 342 1 27 26 55 12
3974 644 1 23 9 94 20
9325 275 1 39 15 386 7
5718 462 2 88 38 194 1
4220 173 1 30 31 428 4
7539 536 3 43 35 128 8
3845 591 1 30 8 123 1
6387 334 1 9 24 129 11
8745 337 1 15 63 228 16
1854 224 5 243 38 187 5
9698 584 1 41 25 77 20
3285 98 3 76 55 129 16
6693 422 1 14 13 660 12
113 296 3 143 64 361 4
1296 73 4 36 38 48 4
8570 103 1 63 63 230 10
11392 380 3 177 51 184 10
8943 549 1 40 32 37 4
8962 572 1 11 21 519 7
4357 638 3 63 29 150 12
5698 253 1 60 51 142 20
9152 488 1 60 33 42 17
3164 71 5 216 26 350 2
5385 95 2 125 25 84 2
9812 574 2 143 55 151 10
10099 277 1 29 47 269 14
8339 269 2 56 10 66 4
10264 254 1 40 24 642 14
5408 349 1 211 14 195 11
10406 259 3 57 65 154 16
8421 289 2 42 50 43 13
7695 450 1 159 21 31 5
3194 132 2 70 22 105 5
9233 499 3 148 26 51 3
7067 477 2 21 52 47 10
6038 575 1 29 31 88 2
2225 586 2 87 32 83 14
2875 30 2 19 33 279 16
8839 63 1 86 18 96 14
10852 529 1 23 42 80 20
6802 253 1 28 19 454 7
11284 175 2 28 26 52 10
10337 392 1 25 39 72 17
1019 285 1 56 49 118 18
6385 116 2 85 27 220 13
3061 177 1 29 26 459 18
88 276 1 20 57 66 14
9634 159 7 454 29 123 20
332 236 1 32 31 64 8
9779 429 2 59 12 86 20
7588 400 1 20 19 73 5
11435 41 2 28 24 705 3
399 111 4 395 59 199 12
3752 124 3 132 21 122 7
3427 55 2 71 25 134 3
9754 117 1 55 22 46 9
8522 395 3 386 25 354 8
7978 543 2 35 8 113 14
5199 439 2 68 17 479 15
8750 380 4 174 36 70 6
1424 529 1 14 48 284 14
2931 464 1 33 17 112 9
2035 139 2 34 46 32 17
1459 466 3 26 21 604 6
4476 512 3 68 18 124 3
10863 448 2 25 38 43 5
5830 359 1 26 21 102 15
1153 96 3 61 42 156 19
228 244 4 77 68 343 16
22 506 1 21 33 321 6
4944 197 4 153 37 266 14
10010 163 2 240 49 305 8
7678 451 1 37 21 358 13
11236 627 4 107 50 275 14
3264 117 1 13 10 253 11
6568 68 1 15 7 142 4
3498 43 1 112 23 67 8
451 236 3 135 28 365 11
5013 307 4 120 74 342 19
8313 627 1 27 26 313 3
6678 569 4 93 50 348 10
11778 156 1 23 31 75 3
4479 175 1 19 21 85 19
11134 448 1 91 11 66 8
3972 388 1 115 76 270 15
2739 559 3 190 43 137 19
361 236 7 321 19 96 15
4783 278 2 51 12 96 8
6728 468 1 30 29 39 1
312 236 3 94 14 61 13
2381 118 3 176 16 333 14
9408 650 2 67 30 207 18
848 329 1 122 47 548 17
7946 558 1 22 9 243 11
2667 378 4 257 19 180 14
1816 12 1 24 41 392 4
11007 596 1 27 28 88 10
1901 119 1 55 6 90 12
11293 587 1 13 20 78 13
7463 153 2 42 13 65 19
5044 565 4 131 33 22 20
4327 454 2 100 9 143 2
9288 242 7 136 39 433 18
1555 627 2 36 51 308 2
11982 298 1 20 29 229 17
3554 482 6 341 44 89 12
3129 63 3 87 29 43 16
10553 253 1 193 36 220 17
184 337 1 29 25 335 16
3881 439 1 119 46 166 4
2850 97 2 105 17 58 11
4102 40 1 57 13 27 1
8696 301 1 34 25 345 10
1899 379 1 12 19 437 2
4972 517 1 156 24 119 2
1085 509 2 24 47 83 1
983 535 1 160 29 85 14
10913 149 4 134 28 42 10
8286 240 1 30 48 166 3
7067 165 2 99 43 103 9
11447 343 1 17 12 510 8
4062 426 1 104 48 388 19
3090 601 1 14 14 215 11
6445 334 3 262 17 277 1
9772 37 1 20 17 260 2
1682 379 3 68 67 127 7
10102 544 2 55 48 45 4
5520 29 1 34 17 36 10
