58 1309
4 64 60 144
6 64 60 672
4 32 96 720
8 48 52 480
6 48 52 688
4 80 32 224
7 80 92 576
6 32 100 416
6 40 48 768
8 32 60 896
3 64 80 224
6 80 104 944
7 80 68 768
4 24 32 896
7 24 56 192
8 48 52 240
3 24 96 848
4 64 92 800
8 40 124 672
3 64 96 816
6 64 80 400
6 24 60 464
3 40 112 480
3 32 80 400
8 48 88 864
6 24 56 496
3 48 60 224
8 80 56 656
8 48 72 192
4 32 60 400
3 24 120 480
5 64 100 320
2 48 128 256
4 40 116 816
3 48 72 656
7 24 128 928
4 32 88 624
6 32 88 320
5 24 108 352
8 40 28 960
5 64 52 160
7 64 40 928
8 80 56 992
8 24 100 640
6 48 56 304
3 24 108 528
4 40 48 624
2 40 128 816
7 32 128 672
8 40 128 1008
3 32 68 752
5 80 76 272
4 40 104 928
3 80 68 928
4 64 32 784
7 64 124 768
5 24 76 480
6 48 88 128
8566 77 3 63 54 614 11
5045 77 2 97 85 314 12
1290 17 6 253 35 220 17
14906 276 3 65 42 391 17
12615 121 1 187 86 669 15
4537 148 4 304 37 644 1
13259 196 5 123 30 292 17
5721 278 2 105 47 682 18
1007 237 2 43 47 353 12
203 888 3 72 21 700 10
5565 300 2 96 48 320 9
14208 962 1 19 100 446 1
2889 215 1 39 30 139 7
8417 997 3 47 21 441 16
7431 274 4 114 66 619 13
12917 300 1 197 36 725 18
334 40 3 83 19 743 1
14450 306 6 119 36 427 10
5143 45 4 231 20 609 20
632 318 3 118 53 190 15
9731 738 1 34 84 338 18
11295 910 3 245 44 254 13
11483 58 3 72 34 118 20
2960 329 3 219 22 150 14
1449 283 1 23 65 315 3
5076 292 3 85 32 768 8
9602 247 3 212 45 172 20
3647 105 8 451 45 425 3
10971 34 6 185 46 495 19
11636 788 2 83 60 134 7
1147 212 6 197 87 667 19
5285 211 3 117 33 840 4
8508 225 5 220 85 271 6
8925 639 1 30 72 196 2
8770 179 3 147 25 354 19
9135 256 5 137 64 905 13
922 87 1 29 61 599 18
8553 51 2 179 25 92 16
3398 156 4 125 51 387 1
14453 275 1 24 58 182 13
14506 29 6 325 23 670 12
6767 171 7 152 63 507 2
4840 601 3 198 74 196 14
9089 277 5 462 43 547 8
3204 231 3 185 56 248 18
7521 27 6 261 71 501 3
7020 57 1 55 59 440 3
6161 334 7 149 63 825 19
7793 298 3 177 28 645 6
14343 27 3 240 46 111 13
485 328 6 342 63 227 20
6661 837 3 214 38 228 10
13482 265 5 182 71 108 10
4032 12 4 180 65 83 17
7228 291 3 86 58 175 7
4245 48 1 41 67 382 4
3774 983 2 127 79 173 12
10226 81 4 318 30 222 12
3334 884 2 34 25 744 7
3514 69 2 191 69 338 8
1378 839 2 71 79 699 16
1 10 2 120 98 891 12
10093 284 4 298 62 392 9
11075 105 2 53 50 322 11
13206 160 2 127 72 584 14
5810 649 4 332 65 234 7
2635 918 2 67 63 523 10
3634 330 3 164 43 551 6
5613 146 5 458 83 874 1
3732 331 1 43 49 438 8
7694 21 4 227 42 220 14
8563 210 6 217 50 225 13
7270 198 4 230 36 130 14
10466 306 2 43 68 816 17
5692 316 2 74 46 613 5
12917 58 5 265 59 697 14
12416 82 6 246 43 299 7
13011 15 5 109 57 275 1
2237 995 6 159 59 318 19
3959 85 3 160 26 152 20
12943 184 1 48 25 437 13
10538 276 2 221 39 390 20
3991 297 4 103 54 226 19
12806 301 2 185 41 156 13
14791 736 2 88 41 152 9
7144 782 3 171 80 235 15
6747 665 1 55 54 711 6
8228 275 1 114 84 638 3
6281 26 4 147 39 648 20
3254 51 1 354 88 520 16
3544 26 5 113 33 130 1
9381 68 2 114 61 876 19
12654 129 1 51 67 114 5
13671 276 2 57 79 320 3
10680 229 6 249 27 336 18
9945 859 2 41 56 450 8
1507 226 1 42 92 480 11
11322 194 5 305 66 386 4
12429 24 4 166 88 313 19
7140 162 2 39 57 272 7
14088 256 2 138 67 509 12
7206 151 3 86 50 273 20
8191 264 2 158 41 132 15
11313 88 3 237 40 511 3
14878 55 1 30 97 543 16
4626 336 2 122 72 565 17
5696 76 4 147 93 335 18
1848 23 5 314 42 316 9
7506 117 4 236 48 533 10
3001 33 6 377 64 265 16
9738 247 7 253 44 639 5
1900 23 2 50 76 380 20
12627 648 1 39 36 285 2
4205 222 4 141 52 289 6
2000 185 3 345 45 308 8
11881 212 4 229 25 667 6
2634 181 7 115 47 150 3
12685 218 5 392 98 764 19
12383 342 3 282 102 668 11
4608 137 2 112 88 703 9
13661 76 4 308 32 555 13
10795 300 7 208 125 987 18
9819 320 3 191 49 670 11
787 107 4 275 36 780 13
13057 922 2 120 51 131 12
9348 58 5 286 46 350 2
11051 306 3 66 44 262 14
10721 73 2 158 28 365 15
14929 74 1 53 116 456 6
9859 24 3 183 119 430 7
11922 164 2 133 68 771 10
12872 239 2 149 51 550 8
1996 58 2 225 59 607 8
3236 881 2 286 60 118 8
207 323 3 94 44 656 19
1658 255 5 165 56 280 3
13161 134 2 163 59 209 17
3356 213 1 36 121 132 1
13968 68 7 365 25 465 19
12909 928 1 199 46 116 15
1234 165 4 81 47 158 4
95 633 1 117 19 201 17
1803 812 3 151 26 742 3
5276 179 1 101 44 284 17
5688 168 2 192 30 564 9
2830 289 1 67 101 432 6
2699 204 8 483 28 511 8
2660 62 4 113 56 483 7
9318 22 2 110 68 267 10
14680 31 3 168 57 529 7
10606 912 3 200 33 925 2
3163 295 2 54 54 677 7
6598 94 3 220 24 126 15
12551 211 7 368 114 738 2
6151 183 1 29 52 407 5
9255 122 1 57 39 375 15
6200 34 2 112 58 602 18
646 10 4 369 28 519 14
13843 211 3 102 71 620 17
1137 232 1 130 63 548 10
2400 94 3 89 39 313 19
6422 287 2 80 74 724 5
11978 142 3 165 39 75 9
6979 676 7 439 78 374 14
8380 823 4 251 91 257 10
14419 230 1 72 62 338 20
2551 239 5 192 68 154 5
1791 678 1 67 70 714 20
7970 152 5 265 38 112 7
146 216 3 80 44 200 4
10855 137 2 41 18 454 5
10564 162 6 139 37 394 11
8544 271 4 252 54 324 12
10351 918 6 173 39 707 14
724 220 5 219 54 773 6
12742 272 1 187 42 683 5
6355 73 1 128 29 179 11
6471 342 7 174 93 634 12
7002 235 1 22 63 469 6
9423 262 2 53 60 501 4
11681 140 4 76 30 234 16
13089 236 2 150 55 183 8
7657 192 3 170 25 124 17
9058 205 3 174 37 537 16
11057 275 3 84 84 205 20
14148 30 1 111 68 727 10
9904 53 3 135 120 673 19
6488 198 3 88 50 335 14
12360 686 7 175 57 639 19
12956 83 1 48 81 167 14
13886 295 3 48 84 414 20
4040 265 6 329 42 794 18
14963 194 3 251 61 210 9
5092 207 7 370 30 578 20
7309 140 5 334 40 379 19
14379 41 2 145 43 447 4
6062 701 2 233 23 380 5
14664 218 4 225 77 861 6
9172 216 4 292 44 379 9
6587 103 6 190 56 458 6
1846 685 4 130 69 107 19
8759 113 3 144 17 590 8
2962 275 3 64 30 452 12
6257 297 5 120 67 279 12
7879 197 4 137 81 405 1
5533 114 7 255 124 487 6
9420 313 1 35 54 197 17
12938 155 1 45 69 624 20
13990 269 6 287 59 154 16
899 155 1 166 37 105 4
6737 18 4 93 36 204 11
2769 350 1 215 65 560 15
3446 934 3 102 77 491 7
3031 43 3 73 38 221 8
14579 215 2 93 98 167 12
6052 713 2 130 97 229 11
10019 98 3 56 34 378 6
10476 277 4 123 99 868 17
4912 234 1 43 40 190 12
5566 227 4 120 27 349 2
4800 265 1 54 33 280 15
6089 876 6 382 28 579 16
6745 20 7 353 53 92 5
2100 47 2 60 87 434 15
8497 261 3 223 92 211 12
6441 88 1 79 44 357 10
6931 318 4 113 100 338 7
1823 108 1 115 48 537 7
11272 48 1 23 56 266 2
8075 177 2 379 45 162 5
1960 50 2 53 76 475 4
11596 34 3 237 29 633 3
7103 203 1 60 36 300 17
11988 104 2 51 69 806 9
10846 57 2 177 52 388 12
10458 85 2 77 61 772 11
6735 682 2 141 30 512 6
3744 254 1 58 59 421 10
9225 283 2 41 64 351 14
9128 871 1 18 64 515 2
14097 919 2 322 30 616 5
1890 935 4 240 44 382 5
7249 173 2 62 79 356 9
9323 235 7 153 80 910 1
6084 39 2 221 48 622 9
6922 160 6 416 51 609 11
4886 203 1 27 90 325 16
4933 44 6 124 86 582 13
12207 79 3 182 39 165 16
12279 918 1 370 54 163 16
2183 160 1 256 42 78 18
10275 190 4 313 36 510 9
1890 291 2 43 59 749 16
12165 252 5 374 47 695 3
11517 195 1 51 31 277 6
1896 301 2 159 26 428 14
11123 298 5 351 41 695 9
10911 230 6 147 108 435 3
13584 979 6 250 49 179 15
13589 309 2 86 47 373 9
5269 136 2 66 58 237 8
5066 286 1 20 85 397 19
3160 259 3 66 41 217 1
11392 896 3 70 70 204 8
8458 94 6 116 47 351 6
8422 282 1 185 62 535 3
13090 319 6 433 54 451 13
8007 337 4 152 110 457 13
12601 31 1 119 59 175 6
5980 861 3 108 107 368 4
5617 686 2 250 28 358 18
13409 41 5 197 52 596 13
83 178 2 64 66 442 9
4621 41 4 315 50 668 8
3920 343 2 40 93 841 12
13349 290 1 88 59 480 13
12821 284 1 22 94 362 15
7124 787 5 172 16 772 17
411 174 4 117 65 477 12
8865 919 1 28 36 377 13
1284 46 4 200 76 672 9
8191 196 3 239 103 575 5
10573 167 1 53 59 110 7
11231 276 1 23 44 246 10
2935 327 1 33 52 486 6
2422 67 5 231 36 534 20
1797 234 2 72 39 421 20
2246 171 1 39 75 236 14
5800 194 2 134 67 339 3
839 32 2 95 46 255 14
8836 185 3 81 66 360 5
5169 258 3 78 53 306 4
8982 177 1 249 24 711 4
14075 348 4 106 60 441 17
14611 804 3 310 33 391 12
14103 285 2 135 32 215 8
7549 305 5 206 53 82 12
1954 738 1 53 58 323 7
11055 61 1 77 103 140 7
8303 154 3 218 53 220 17
7203 288 4 221 35 138 3
9068 741 5 348 50 161 13
4189 63 3 263 56 318 7
12813 201 1 17 67 691 2
11415 102 2 56 67 277 2
8034 56 2 102 48 242 11
11295 318 2 78 54 217 19
13547 163 4 118 103 558 16
3465 261 4 235 16 150 6
5766 20 2 173 41 206 13
3542 970 3 284 58 528 15
12854 24 3 209 62 385 20
11178 246 2 103 43 118 10
4088 922 4 101 54 455 7
12133 131 5 184 48 843 10
740 230 2 96 59 324 10
9497 303 3 63 100 486 18
878 754 6 457 29 616 14
4964 302 1 61 52 699 7
6850 869 8 260 99 502 12
14286 56 3 188 88 770 15
8634 277 5 289 74 273 16
13661 129 6 329 68 710 10
14750 251 1 208 47 84 6
9546 298 3 96 43 651 1
442 213 2 86 55 583 4
730 145 7 275 101 500 1
14523 308 2 175 19 926 7
10694 325 2 240 20 191 12
13565 855 4 476 62 647 3
8282 305 4 108 76 302 2
12208 805 1 79 46 310 16
14356 908 1 36 108 347 2
13380 116 4 149 79 846 5
2794 57 4 184 44 129 13
10862 115 2 73 89 131 10
14541 277 3 224 43 87 20
6639 48 7 384 31 543 4
1999 94 1 78 123 580 5
12287 147 8 299 27 275 5
14177 285 1 113 78 630 20
14714 157 1 171 26 173 5
6890 710 4 176 38 514 5
4482 112 4 81 71 228 5
3001 154 1 189 71 739 19
61 343 2 72 51 428 7
7424 161 6 110 48 437 8
5733 235 1 71 68 872 4
13951 276 3 82 68 220 16
13522 205 3 220 40 890 19
14686 21 5 262 33 144 1
13563 112 6 178 56 593 17
2029 831 8 149 81 562 18
6017 47 2 96 39 340 18
12013 219 2 177 18 195 15
12509 340 1 69 76 321 3
2881 237 4 114 76 619 13
13224 308 2 197 74 891 19
7929 48 4 104 50 573 1
14040 930 1 48 37 122 13
12260 83 1 112 65 528 10
9126 301 3 55 89 301 2
11021 89 1 38 36 182 15
3576 75 6 227 27 484 4
13473 755 1 23 91 834 14
8749 253 2 207 21 189 5
1870 93 1 72 61 376 16
9266 54 2 102 20 381 4
11971 782 1 198 42 113 14
6049 651 1 58 71 656 15
1273 24 3 61 50 318 3
10472 343 1 89 85 192 4
12072 302 2 151 58 190 12
7811 882 2 133 54 714 16
6450 113 5 349 79 476 7
6086 644 2 51 53 364 6
7297 17 6 185 96 479 4
14755 47 2 93 53 324 9
14399 70 6 314 72 204 14
3952 252 1 128 31 78 2
2209 623 1 61 102 815 14
14917 125 4 430 63 524 9
5837 185 6 114 93 475 20
11183 220 5 137 53 748 4
2789 165 4 267 54 364 13
11107 91 3 84 40 436 15
9128 163 6 140 62 405 1
7929 251 7 207 45 409 2
7182 329 3 109 111 586 15
13676 148 4 99 44 382 7
6480 138 3 70 61 659 11
967 219 1 75 85 526 13
3318 892 6 185 13 955 17
5429 337 2 70 95 218 8
1386 151 3 55 86 234 15
4906 156 7 554 39 543 3
9885 64 6 111 43 254 17
7811 267 1 31 93 305 10
7914 127 1 27 104 493 1
10542 796 5 210 61 479 15
8182 302 1 46 38 386 7
5219 194 4 189 87 604 3
3151 103 3 107 42 210 5
5201 178 3 101 71 361 2
5779 236 3 88 48 918 16
14407 299 5 257 108 552 10
4180 54 1 142 55 584 15
4307 237 2 123 112 770 10
10003 892 4 150 44 335 3
11072 331 1 45 31 789 1
14257 116 1 56 48 467 11
8661 296 3 134 29 470 3
14810 830 3 137 32 666 17
7040 41 4 154 70 251 2
14822 144 1 37 125 697 20
11092 308 3 191 61 773 14
5206 168 3 95 67 86 12
1029 204 5 279 53 389 15
2975 310 1 85 51 154 6
2517 133 1 48 104 231 3
703 285 3 226 57 569 3
1430 69 4 216 73 798 8
5074 48 3 64 16 853 1
7992 231 7 556 41 672 8
718 23 2 72 114 249 2
3988 199 2 129 95 251 11
11020 201 2 76 86 474 10
3027 124 2 120 26 257 1
11090 316 3 55 28 118 10
14163 837 1 53 62 572 6
11721 147 3 313 45 142 2
11914 146 4 172 119 843 2
12541 855 2 169 49 801 12
3406 336 1 169 91 395 7
3112 304 7 218 25 918 5
10968 160 3 173 21 173 12
8010 165 5 298 31 624 20
1981 278 3 234 62 372 7
3540 148 5 418 82 626 15
10214 80 4 103 38 425 18
14375 116 2 48 56 414 18
4397 286 1 156 61 143 7
11622 248 3 265 47 432 12
12009 202 1 21 94 309 17
12833 114 4 99 112 592 1
9684 196 1 32 70 315 13
9701 288 4 241 59 141 17
4397 86 5 131 109 430 17
849 310 2 77 109 323 17
7111 115 3 82 32 513 13
11654 346 2 119 75 596 14
4984 221 3 128 56 489 4
11154 974 7 321 32 118 17
3735 53 1 38 38 173 14
3491 100 1 79 52 629 10
3224 105 4 272 53 604 13
11390 60 4 234 39 217 2
7487 230 6 241 52 162 13
1016 689 1 21 95 295 4
9530 336 4 301 28 151 8
14060 235 1 58 57 428 2
5411 175 3 64 45 411 15
10961 295 7 263 96 631 17
1100 174 1 51 83 805 10
7126 48 3 178 112 739 12
14481 228 2 70 33 592 9
8306 333 1 131 25 172 1
4519 317 3 71 50 707 16
342 204 3 66 87 594 7
14791 667 2 71 28 424 3
13847 86 2 54 48 596 4
8089 113 1 114 60 701 17
1331 138 2 109 88 431 11
5332 326 2 49 99 340 4
6948 164 3 222 31 88 17
811 304 2 87 123 134 16
2376 63 3 134 30 570 3
1308 118 1 37 60 539 20
3188 928 3 115 64 596 6
7700 316 2 138 36 377 18
11763 166 4 162 24 455 14
7287 753 5 261 39 486 8
9779 285 6 323 47 188 9
3875 285 2 218 38 614 16
11432 25 3 252 30 293 14
3002 203 4 221 48 146 15
9107 147 1 39 90 674 2
8753 214 3 236 47 259 4
13127 168 6 330 28 371 1
11120 188 5 150 98 371 11
4870 665 2 100 92 229 11
1944 285 3 103 54 150 6
13768 91 7 126 28 122 4
3293 126 1 128 39 108 10
13692 134 3 66 52 294 16
12266 16 3 111 33 374 16
9968 749 6 198 117 671 13
11542 95 2 72 54 456 2
8808 342 2 118 110 537 9
11947 222 2 59 87 490 12
14004 71 1 73 35 222 1
8422 329 3 87 54 644 19
3 920 1 32 81 173 5
7295 209 3 65 79 387 13
14330 158 1 156 53 894 12
11586 86 4 96 95 661 8
9187 908 6 287 33 88 20
11908 278 2 100 43 664 10
12267 43 3 222 54 188 1
5149 64 5 225 26 158 1
7211 63 2 223 56 858 11
12361 62 6 337 41 543 2
11231 28 3 105 37 426 10
7109 18 3 122 30 105 9
2373 871 2 158 72 451 4
5227 165 3 172 22 765 14
3229 944 1 81 29 308 1
14711 127 3 171 26 144 10
1538 602 3 203 38 779 10
14953 222 1 457 44 522 10
3660 258 7 123 98 492 5
10035 203 7 442 48 874 15
6699 160 5 238 34 411 15
4940 229 5 317 49 296 16
2227 204 6 172 65 416 8
4795 38 4 193 39 409 11
12361 122 2 41 62 230 18
9947 345 2 77 85 411 11
11794 307 4 265 55 754 3
13398 267 1 46 29 262 8
9500 190 3 96 57 597 4
9333 127 2 43 106 442 4
1288 605 2 202 31 629 11
2842 68 6 418 103 355 16
11117 301 6 614 46 404 5
12397 106 6 268 82 482 2
14125 199 2 65 82 758 13
14753 97 4 286 96 466 13
8605 694 2 123 22 162 1
10312 714 3 178 35 533 8
11404 24 4 150 29 569 9
2668 228 4 307 21 884 18
7548 92 1 98 86 766 18
13576 336 3 211 48 485 17
12613 26 2 114 32 139 10
8936 212 3 188 44 549 7
4813 147 6 329 50 473 10
13429 118 1 77 55 719 12
13853 300 3 199 78 552 8
832 953 1 80 36 137 7
6233 302 3 126 59 208 18
13189 35 2 115 62 425 7
422 51 5 147 31 798 6
3459 326 7 169 46 695 1
8051 30 4 187 32 701 6
6717 58 2 86 48 111 3
10580 263 3 115 89 331 12
3288 309 2 110 36 699 17
4074 91 4 159 50 784 8
7546 206 3 81 59 630 11
6168 85 3 150 109 488 14
11211 859 1 37 75 330 10
14888 224 5 239 47 440 18
2347 196 2 45 18 631 3
2345 251 4 298 67 377 16
14361 40 7 291 59 615 13
1175 44 4 455 43 542 15
6520 13 1 63 102 671 6
11885 911 5 216 77 408 14
2067 312 4 346 38 949 16
11521 12 4 212 33 305 4
7186 771 1 134 23 147 8
2523 813 4 149 62 625 1
9649 269 2 189 42 308 12
14985 102 4 100 59 509 17
14887 324 7 329 42 137 2
14721 286 3 67 42 297 17
4469 92 2 60 53 452 4
7507 223 1 70 47 672 11
1774 193 1 42 75 153 2
1561 80 5 134 86 353 10
6543 775 4 254 65 543 6
11366 313 1 28 46 243 1
8270 10 1 106 68 538 19
11845 15 2 177 41 603 6
12475 242 8 533 53 957 19
6788 22 4 320 26 676 12
12237 141 6 339 30 530 11
8590 191 2 54 68 295 3
95 41 7 239 34 450 20
7195 319 4 331 104 680 4
14732 884 3 254 59 538 1
10241 196 4 128 56 417 17
10554 131 6 220 14 883 12
432 244 5 197 54 100 5
9420 342 3 104 76 415 1
13563 269 2 38 27 848 9
7605 329 1 59 46 643 9
7650 143 6 228 32 192 7
11406 866 1 121 55 304 17
1046 30 2 62 68 560 10
8058 134 1 44 68 252 20
2715 183 4 122 93 711 17
5692 59 1 32 41 221 15
10039 221 3 188 62 363 5
3616 119 7 337 66 128 11
4471 771 3 200 53 134 12
11113 895 2 184 32 774 17
8991 93 5 300 56 637 13
4355 989 2 46 99 344 1
10303 334 5 376 79 321 14
5821 115 1 107 38 228 20
61 111 6 175 126 551 6
6738 147 5 324 58 179 17
997 170 1 110 35 288 10
12316 122 7 498 31 484 16
5287 24 2 99 108 436 13
5132 144 5 346 69 641 17
4009 339 7 277 28 253 14
11855 31 3 209 24 137 14
11906 210 6 202 22 926 8
2827 842 2 105 77 365 7
7313 871 3 357 26 588 3
10854 105 2 132 16 532 20
4704 160 3 94 66 420 5
1058 885 4 74 95 458 17
10942 271 2 163 28 605 2
11315 60 5 188 103 641 1
2437 258 2 150 45 260 18
7131 789 4 136 54 251 1
5117 101 7 457 29 571 6
14644 172 5 154 101 400 9
13674 18 5 192 54 613 20
11647 12 2 114 35 375 11
7557 164 1 474 67 421 4
1443 281 2 76 79 321 15
7451 39 7 421 54 980 16
2644 227 3 101 113 602 20
8649 233 1 94 34 454 17
14025 250 1 247 84 600 2
1905 768 2 96 96 272 5
13135 93 6 304 39 419 7
5304 343 1 301 25 170 19
3283 278 2 47 51 393 12
3209 868 7 122 86 508 7
2066 251 5 112 53 296 6
13776 789 6 336 43 132 2
1955 802 3 79 58 803 16
4686 759 2 146 29 179 19
13430 260 1 47 31 146 7
2621 76 1 55 73 705 14
729 312 1 29 50 355 2
2831 344 2 63 50 645 12
2495 259 1 146 74 628 13
2947 76 6 196 121 850 17
11530 332 3 392 55 819 20
2581 858 2 97 74 401 11
10378 18 1 35 74 262 6
2007 125 1 110 74 199 16
8855 223 4 233 82 123 12
5108 310 4 148 50 631 4
11335 242 3 249 72 431 12
11825 51 1 45 49 812 16
8943 100 3 127 55 231 15
729 34 2 110 50 145 3
10468 208 2 76 116 183 8
2810 611 6 130 52 168 11
3522 277 1 37 46 632 11
11104 235 3 109 30 611 20
11145 75 5 179 37 525 11
11375 214 2 37 77 267 14
11167 171 2 74 128 631 19
5359 55 5 83 38 230 7
10459 85 1 182 55 666 1
13706 339 2 46 62 529 1
14954 315 5 100 47 144 19
4500 168 2 78 56 507 10
7639 157 4 384 30 407 5
6253 100 5 193 84 462 1
9499 287 2 136 85 182 19
4907 178 7 225 39 228 2
13367 774 3 105 58 839 8
4213 275 4 251 41 378 3
912 47 2 61 45 195 8
1475 709 5 227 52 400 14
9198 771 1 43 67 384 3
2505 210 2 67 61 457 12
3414 62 1 90 23 360 7
3323 340 5 126 45 245 11
5918 61 5 236 70 841 3
12186 58 4 179 51 169 5
14091 284 6 147 53 712 20
5332 698 2 96 71 310 13
8993 941 4 150 107 660 4
9389 216 5 111 42 817 17
8717 800 1 26 52 446 13
9233 261 5 284 33 503 1
6928 47 4 92 108 211 16
12316 17 4 117 114 529 9
2028 276 6 216 20 851 9
1128 124 5 315 72 465 19
934 172 4 115 64 542 10
9677 179 1 46 103 452 12
5680 679 4 96 76 623 16
8010 219 4 109 97 363 12
8482 180 6 189 40 480 14
7142 65 4 261 68 571 20
3431 295 4 358 36 171 19
3431 231 3 239 59 387 1
2187 174 1 32 73 373 14
14624 88 4 105 47 188 1
10865 174 1 42 126 256 17
10725 134 4 101 52 354 7
5741 109 5 166 70 289 16
1906 954 5 433 38 630 1
2605 904 2 142 24 886 16
11898 341 3 196 31 148 10
6435 850 2 103 50 553 18
5421 246 2 109 68 313 11
10339 122 2 52 67 241 17
2586 70 2 130 69 801 3
2563 789 2 104 43 143 10
7726 18 3 64 77 351 1
8191 232 6 136 41 268 5
1189 23 1 17 83 479 19
4064 350 1 86 74 439 16
2723 337 3 235 51 181 17
11601 339 5 156 51 381 13
8700 298 3 153 33 439 15
12384 251 4 245 26 454 5
13804 17 5 461 39 546 15
9918 339 3 102 63 606 20
14726 211 2 37 73 378 19
6285 184 1 65 126 168 5
6061 127 4 219 59 373 18
3985 196 4 107 79 605 4
5313 198 1 17 51 478 3
10336 151 2 64 41 253 1
14784 68 1 33 68 133 1
6563 202 4 194 35 397 12
3760 26 1 89 67 774 9
14970 327 2 139 35 393 8
546 939 5 106 67 282 19
8859 650 3 83 108 490 5
1382 157 3 138 20 497 2
10691 234 2 119 46 223 15
573 35 4 281 25 263 18
3935 248 1 69 91 249 3
11624 321 4 206 32 218 4
7080 252 2 32 112 266 17
761 205 2 101 66 531 4
9881 773 2 151 71 229 20
3601 326 2 141 65 596 12
12359 213 2 168 93 864 14
13951 326 2 187 25 176 9
13611 213 6 447 46 485 8
3629 316 2 85 58 557 10
164 840 3 85 58 312 9
1802 227 1 56 62 552 11
108 774 4 238 88 426 1
2762 336 3 253 52 284 14
3051 90 3 87 85 837 14
13851 137 3 188 81 784 17
6970 314 1 101 49 412 3
13234 160 2 33 64 812 5
14055 273 2 72 69 309 1
9801 10 5 234 66 845 8
10992 45 4 303 44 418 2
994 242 3 117 50 893 3
13556 675 1 55 81 786 10
1125 243 6 414 30 584 3
5822 141 4 157 29 671 12
6317 105 1 46 42 559 10
5650 21 2 71 68 237 4
306 323 1 19 107 455 5
8631 48 7 300 19 521 13
9022 89 3 165 52 562 7
13297 342 2 224 66 822 16
11829 301 2 188 63 184 10
12216 165 1 218 27 673 9
11140 622 5 197 14 659 13
5669 15 5 310 74 596 15
3622 822 1 43 34 105 12
13652 298 8 197 50 716 16
3904 230 6 223 49 843 6
2854 102 1 111 21 528 15
5308 348 6 323 21 853 5
12255 127 1 188 44 142 6
361 661 6 201 119 491 2
704 159 1 95 54 214 2
3242 254 3 94 70 226 18
12659 71 1 117 96 270 12
13482 98 3 52 91 347 3
12335 175 6 407 42 311 10
10598 307 5 171 101 934 5
14732 15 8 217 40 579 15
2433 146 3 116 27 428 20
9429 136 6 326 41 508 4
2399 674 3 54 113 322 10
3570 854 2 41 27 708 18
451 62 2 105 24 442 12
7504 19 4 222 65 768 15
7763 174 1 62 40 184 15
12877 20 7 327 62 88 6
13074 182 6 175 26 715 16
283 24 1 71 111 412 11
13164 263 3 215 85 590 9
2982 944 3 140 78 198 6
9109 217 5 235 69 149 8
3934 608 1 63 46 473 19
5208 187 3 209 37 111 9
14720 73 2 114 33 231 11
6370 976 2 85 56 499 5
7024 135 5 162 40 142 14
5691 225 5 212 56 148 10
3247 336 2 106 50 165 17
11055 204 2 73 28 321 4
10715 302 4 121 24 942 20
8096 119 4 263 100 450 18
4563 125 5 162 48 734 6
10400 189 4 238 48 237 4
1851 28 2 49 57 506 17
12166 90 2 94 62 438 8
6228 294 5 259 41 115 4
205 313 3 78 94 209 9
12089 133 1 142 93 729 13
14885 136 1 256 43 85 14
6654 165 4 85 28 517 12
11787 31 2 33 77 330 17
3090 20 3 83 121 613 11
9466 834 3 92 74 208 11
6738 191 2 168 66 391 17
3420 87 4 120 56 440 11
4427 126 1 59 63 709 4
6681 682 3 160 43 208 19
2756 99 3 51 74 279 7
4182 24 3 255 80 328 10
12127 175 5 117 29 607 10
2754 860 1 72 64 233 4
2387 196 3 152 31 173 3
9553 244 1 31 49 199 20
12317 310 3 102 47 190 8
4948 150 1 40 63 245 7
4404 667 5 172 83 219 7
10642 194 3 128 42 643 5
3873 193 1 228 32 561 15
13181 25 2 142 72 618 12
8709 66 3 225 59 658 1
12555 27 7 256 59 151 3
13295 155 3 154 62 595 11
4808 226 2 142 26 113 3
13593 72 1 48 91 530 19
14205 19 2 156 70 414 18
13218 79 3 225 24 352 18
4303 314 8 291 44 371 11
13338 137 1 34 55 126 1
8584 16 2 83 38 451 19
8181 232 2 44 44 266 15
14298 230 3 147 79 613 3
9918 38 6 267 24 889 19
158 158 3 74 79 421 2
9541 139 1 56 44 276 6
8289 14 2 103 47 769 16
12442 97 7 305 18 657 9
10538 70 4 171 43 143 10
9841 228 1 22 62 331 11
1199 999 2 193 119 476 3
12691 198 3 64 105 328 6
12536 16 2 166 44 536 12
1207 632 4 355 54 592 16
10643 110 1 101 98 281 11
4895 770 3 77 103 467 7
2005 643 2 167 56 85 7
12221 81 3 122 45 371 8
13014 338 2 105 32 566 18
4905 886 3 94 84 194 14
14071 934 2 52 41 136 6
13688 863 3 189 23 122 8
4525 102 2 95 57 665 9
6602 161 1 86 55 602 3
1523 785 1 28 109 337 6
7412 226 3 165 82 629 8
2011 993 4 135 49 107 20
13602 285 1 23 90 363 14
2839 114 2 79 29 193 11
13561 310 4 271 16 112 14
5163 201 4 308 66 261 11
158 75 4 78 52 132 8
5574 196 1 157 32 247 7
7104 994 5 378 97 560 1
5182 768 3 85 39 351 1
1743 152 5 142 36 648 20
3749 26 5 115 73 874 14
1900 80 1 110 59 501 12
10 764 1 148 35 712 1
10441 123 1 69 103 486 3
5112 68 3 145 44 126 3
7269 49 7 300 57 838 16
4082 983 2 129 74 188 1
13936 34 2 81 51 184 9
11690 153 1 91 37 133 19
2073 318 4 109 50 381 18
2884 72 3 54 76 416 16
10057 879 3 132 25 709 15
3875 74 1 32 42 172 8
14590 93 1 68 47 449 3
4951 261 2 57 39 488 15
5252 27 3 176 49 802 15
9672 261 3 121 92 497 14
10063 266 2 43 51 212 9
9676 344 3 50 81 572 2
10606 811 5 301 39 240 18
6607 660 2 91 73 402 2
6739 673 4 248 34 843 20
7798 14 4 213 50 741 7
11610 313 2 139 31 576 12
7103 15 3 176 57 199 18
13457 787 1 88 102 373 7
7473 13 5 89 68 364 20
8081 124 2 65 47 250 16
6760 747 5 162 70 400 6
54 625 7 350 79 720 10
11910 325 3 148 27 847 1
12518 192 5 88 38 105 7
7131 311 7 301 77 991 7
2994 929 3 71 53 302 18
6091 342 4 107 72 254 5
474 341 5 275 63 628 7
9565 142 6 373 71 787 19
10417 348 4 146 70 396 14
11185 18 2 375 38 461 2
9933 983 2 80 51 601 11
13378 125 2 167 22 552 12
7151 132 3 170 24 679 18
13662 162 4 87 61 298 9
11175 263 2 205 35 602 7
2722 95 3 170 73 676 7
5909 221 4 106 92 489 12
5063 277 3 67 78 233 16
3 725 6 288 45 185 8
4952 86 2 43 78 328 5
10288 269 1 44 46 316 15
7106 331 7 578 27 452 20
7918 69 5 112 40 400 15
4244 329 2 82 19 795 5
5004 267 3 118 31 262 14
13829 143 1 77 83 152 1
12268 73 1 169 78 724 2
13777 168 1 54 65 598 2
9580 79 3 76 40 289 11
7415 132 4 117 37 132 10
5411 185 1 80 97 786 3
9224 188 2 101 61 494 3
1795 111 4 93 51 146 7
2371 82 3 114 49 80 1
6537 166 5 413 88 799 17
4896 824 2 235 24 212 17
3694 760 2 89 82 566 12
1284 166 4 241 86 518 12
3320 649 5 256 34 904 1
11870 139 2 35 43 440 3
7942 43 6 141 48 264 10
4724 132 4 255 55 424 12
12588 130 4 245 70 399 7
12427 174 2 121 78 800 6
5355 147 1 134 45 123 12
1264 874 2 215 53 720 16
14048 117 4 326 35 568 16
2813 166 2 52 63 417 5
11368 900 2 90 86 570 8
368 173 3 85 60 255 5
10608 245 6 373 81 506 17
9531 327 5 101 108 780 12
3938 320 5 365 41 544 12
8106 937 3 235 21 610 12
2617 778 4 124 71 504 9
1682 130 6 207 26 555 19
14166 108 2 112 76 625 9
8430 344 3 170 24 613 14
14128 150 3 239 56 599 18
8042 67 3 84 92 675 19
3900 168 3 125 53 108 6
569 195 2 92 63 776 6
13106 325 4 113 110 375 2
5677 273 1 48 61 175 10
6953 321 5 132 84 443 5
5884 282 1 99 97 245 8
8786 38 4 118 60 373 20
12816 339 1 24 112 449 19
1634 115 7 255 62 106 3
2669 338 7 326 72 853 15
14008 31 8 354 49 442 12
707 965 2 64 66 387 5
4976 88 5 340 81 498 10
7200 308 3 156 27 330 8
7197 43 1 58 43 330 13
6928 329 2 344 52 187 15
7410 61 6 237 48 218 5
8793 156 2 70 47 348 3
10688 45 3 72 99 338 19
4669 299 2 64 51 237 15
7411 320 1 61 57 525 13
8688 125 2 48 103 305 10
9640 308 2 62 92 387 9
5066 241 2 61 76 446 8
14899 298 2 130 79 589 9
1744 82 3 234 74 229 8
497 196 2 94 32 198 18
3220 237 2 43 58 239 18
8621 843 1 93 87 232 20
6605 200 1 39 122 778 2
2674 311 2 61 89 224 8
14489 155 6 119 37 391 12
12334 222 3 119 86 509 5
7597 34 7 162 73 460 6
5291 109 1 56 99 561 4
14000 79 2 73 44 244 19
4154 328 7 576 54 387 3
8304 666 2 279 33 536 14
14084 178 2 77 70 684 7
4788 143 4 162 88 469 18
7596 896 1 43 89 627 14
6802 640 2 94 36 314 6
2441 209 2 192 55 585 13
3697 291 4 233 62 360 15
8881 185 3 140 29 687 4
3652 34 6 179 44 162 1
12253 220 4 126 98 734 15
11769 643 3 87 49 221 16
10500 189 1 159 71 719 7
2182 15 2 93 109 420 13
307 172 1 66 87 126 13
2115 58 1 64 70 362 19
11129 786 3 141 71 188 5
12089 206 5 232 33 664 18
3166 140 2 77 30 322 5
2542 90 2 163 64 717 17
12576 175 5 138 128 358 17
847 242 3 250 29 120 3
804 147 5 149 74 181 7
14920 195 2 84 75 230 11
10477 72 3 94 71 295 12
4877 16 2 48 67 461 11
14896 236 1 40 43 471 2
445 301 8 500 34 526 18
2984 178 2 190 39 91 8
12722 342 4 222 28 98 15
13251 307 5 296 83 493 16
9426 269 1 110 87 255 16
8824 288 5 226 55 646 9
2108 148 1 54 64 191 12
652 851 2 123 49 94 18
2876 918 7 243 106 323 14
10697 170 3 62 100 473 17
9460 133 6 147 63 243 1
10482 282 5 109 48 257 11
10094 167 1 111 38 633 18
8571 262 4 72 26 405 16
12021 271 3 95 53 352 16
9603 630 3 65 48 248 20
6689 861 5 310 43 418 18
3275 340 1 74 88 715 6
6018 770 4 240 73 819 3
463 114 1 79 69 577 14
3325 270 5 399 42 345 11
9683 196 1 31 102 438 20
7897 108 2 72 55 501 9
7061 292 3 183 36 567 5
1231 99 4 88 64 268 17
208 883 3 80 47 297 14
7853 323 1 38 81 116 3
2525 232 5 102 45 264 17
2076 193 4 232 36 76 16
11392 261 6 180 79 575 7
7908 113 3 69 96 351 4
2781 128 1 95 37 731 8
538 241 6 272 64 230 11
2987 329 3 142 71 270 4
3057 315 2 72 109 175 10
11016 984 4 159 48 332 11
3830 145 3 71 46 555 5
14150 37 6 170 20 453 18
5411 330 2 63 56 401 6
5026 59 3 66 101 908 7
10506 279 1 42 115 220 20
10313 219 4 95 31 595 14
1104 35 6 211 41 60 20
14219 279 4 353 26 227 4
2584 184 3 233 46 401 15
4826 315 2 53 24 587 4
7380 243 2 65 49 495 19
7243 771 3 112 63 457 20
10476 245 5 348 26 529 8
12036 350 2 99 76 127 16
4695 41 5 230 115 343 5
1218 782 4 91 78 279 4
9747 325 2 126 58 376 1
5731 76 1 55 125 809 3
6132 159 1 55 58 554 8
9026 95 6 156 45 802 9
9356 302 1 64 94 579 14
1088 803 1 114 29 220 14
8882 886 4 164 44 681 7
10218 683 1 23 102 221 19
11340 264 6 314 39 632 16
3596 307 5 329 92 539 15
10383 72 2 43 66 288 8
9609 202 3 71 96 848 17
10588 234 2 107 45 150 13
2844 239 5 359 45 482 14
9987 918 3 175 25 499 3
13112 273 7 469 44 618 3
70 912 2 102 88 252 12
676 38 1 49 43 275 10
2545 33 2 54 67 330 9
6088 134 1 147 15 110 6
11515 770 3 159 47 501 7
7790 620 3 253 27 780 19
9957 226 5 282 20 832 18
1314 40 6 280 25 213 15
753 16 3 95 24 309 20
5754 38 3 124 57 761 7
8877 72 2 48 28 527 17
3027 333 1 48 106 242 9
11285 150 7 111 33 168 15
13580 277 2 47 20 852 16
13791 22 4 302 66 467 10
9439 735 1 31 71 194 8
509 666 3 221 58 219 17
6029 202 7 131 65 300 5
1561 228 6 331 28 681 20
851 81 4 116 35 444 13
11454 241 1 113 55 748 4
8199 976 4 234 41 107 14
11230 265 5 204 31 892 3
10701 111 5 155 50 840 20
5312 293 2 193 23 706 8
9067 87 3 243 62 389 15
3304 284 3 141 35 374 12
3343 280 4 154 59 479 10
11245 827 3 90 55 410 15
13843 143 1 556 29 856 16
13634 166 4 89 30 301 2
6059 219 4 167 39 463 12
6042 189 4 195 27 326 9
13239 334 7 371 31 738 7
14517 72 2 81 75 403 18
1171 174 6 166 88 462 16
1018 228 5 276 51 225 9
7284 906 2 76 94 605 10
1870 288 3 169 85 485 3
5067 167 4 74 119 423 6
3991 882 1 35 64 638 16
6977 185 3 163 47 646 19
13775 94 5 115 91 232 10
14560 238 2 69 59 475 4
1962 306 3 132 91 844 8
2409 664 1 218 81 480 16
1687 77 2 180 47 634 15
7535 274 3 224 91 520 12
745 13 2 34 58 637 5
10284 43 1 45 61 436 20
10726 334 6 191 27 561 14
8538 716 1 38 76 127 20
7161 148 1 21 33 741 10
3978 782 4 118 36 409 10
4358 81 2 63 47 287 8
11639 838 1 105 86 173 8
4990 336 5 353 45 472 19
3360 307 6 126 56 276 18
9240 162 1 73 95 489 4
12752 282 1 66 31 731 13
12457 194 4 171 32 250 18
3488 263 4 194 18 601 5
12290 46 2 65 43 301 14
9167 231 2 91 36 94 3
5400 46 5 105 53 144 3
8032 181 5 134 78 633 9
4430 173 3 145 26 378 7
11051 281 2 45 83 448 4
6140 324 6 206 80 396 14
13263 76 4 105 17 793 19
4073 189 2 72 45 528 17
1910 140 5 458 35 527 5
9043 276 2 50 59 352 17
9103 227 6 118 56 418 8
10924 259 7 497 52 468 3
1207 79 2 454 54 931 4
2487 175 1 231 34 590 1
4522 181 1 143 77 796 7
7267 190 1 108 52 628 15
348 233 6 267 58 860 8
3455 185 1 32 52 434 10
12143 93 4 83 121 487 20
5262 46 1 209 83 388 7
8904 59 1 326 43 409 13
13227 281 5 238 25 804 9
10395 33 2 90 43 411 17
12538 312 2 218 32 208 14
7916 643 3 132 74 611 10
9328 287 5 455 70 432 16
1310 695 1 48 41 730 7
1329 263 3 89 63 190 2
8181 224 2 94 92 598 19
8090 621 5 150 53 603 10
2133 195 3 131 26 465 6
3499 84 4 309 62 736 15
2791 308 1 24 67 370 15
7159 279 2 44 67 263 2
9646 297 6 359 40 360 12
14108 184 1 18 69 776 8
14075 111 1 115 96 497 19
179 223 1 50 51 677 18
14958 274 4 235 34 132 10
13172 934 2 41 30 780 12
12653 231 1 31 108 415 10
5358 323 1 16 84 620 7
11785 118 6 459 49 704 9
3663 73 2 181 50 568 8
13610 112 2 45 54 261 1
3868 219 3 210 43 272 12
5193 38 3 200 39 155 4
998 326 4 116 49 385 12
2594 293 1 33 73 296 10
4730 328 4 219 31 202 12
4554 190 2 96 16 376 6
1551 611 5 140 97 349 2
176 254 4 105 55 163 4
7638 116 2 116 23 157 20
4741 247 7 259 45 438 13
1995 134 1 78 48 339 19
12713 224 2 107 50 409 4
10470 132 4 374 44 650 13
8756 185 3 95 40 387 14
2911 833 3 181 30 194 3
6152 84 3 90 98 331 8
10778 95 4 153 117 625 2
9693 232 4 85 36 314 10
33 314 2 56 22 513 6
1388 34 6 264 40 718 10
3763 969 3 80 27 437 4
3226 112 3 139 35 225 10
5530 55 3 71 94 625 9
8396 190 4 113 114 733 6
2245 249 5 289 27 313 13
13348 131 5 104 36 140 14
2846 328 2 92 47 157 1
2348 328 6 137 54 132 19
1243 286 2 92 44 636 11
8513 332 2 110 73 243 14
7657 76 2 67 30 424 14
5037 180 7 610 28 760 11
6721 118 2 240 54 466 12
10505 273 4 151 34 418 13
14786 208 6 254 78 190 14
8754 246 3 249 81 740 13
11722 613 5 103 59 313 7
12705 122 4 221 43 515 12
10617 321 3 53 97 488 16
5298 33 6 450 51 608 16
1644 282 3 143 35 154 18
648 30 1 58 38 350 19
11609 216 2 133 42 786 3
11967 949 2 72 80 152 20
4857 106 2 92 118 234 2
11913 312 6 380 98 766 7
2462 161 5 154 60 320 17
9674 275 7 285 85 980 16
5314 304 4 107 46 637 3
9335 81 1 33 62 773 17
526 43 2 154 51 541 3
6874 44 1 153 48 353 20
203 215 2 298 83 633 1
9712 235 3 100 106 247 7
7900 333 1 119 39 95 2
11530 693 3 170 78 211 11
11140 140 6 397 88 798 20
6149 50 2 36 32 467 12
916 236 2 180 52 563 11
12160 90 4 187 42 118 4
11547 254 7 329 63 122 7
4251 919 1 17 102 262 17
4540 923 2 87 52 537 12
9932 757 8 301 51 151 12
6840 116 6 328 66 392 4
6408 79 3 99 51 238 18
11343 261 2 150 121 502 1
8415 228 1 120 79 627 4
9538 64 2 142 16 613 2
764 29 1 112 57 372 10
4077 311 3 167 111 628 17
528 294 5 281 77 351 5
11351 321 2 98 39 192 14
11526 167 3 225 26 102 11
11202 105 3 56 98 265 2
10081 74 2 62 65 262 16
1063 134 2 280 89 764 17
12899 137 6 228 45 624 19
11926 290 5 238 49 80 6
14119 748 1 48 30 373 8
4867 816 3 135 33 301 16
10271 66 3 143 62 410 1
411 144 3 248 43 141 1
3187 709 1 80 43 880 1
8116 125 3 128 40 550 5
7490 170 3 167 49 634 9
7074 626 2 232 31 213 5
12083 604 3 126 79 265 20
11883 251 1 211 41 510 12
