40 851
6 32 100 928
4 32 108 240
2 40 32 160
6 64 108 544
5 64 108 672
4 32 88 576
8 64 84 704
4 32 116 128
3 80 32 176
7 24 104 832
4 32 96 528
6 32 32 160
2 80 88 960
7 40 116 160
6 48 68 800
8 80 28 320
6 24 100 256
2 40 32 624
6 24 92 832
7 40 128 960
3 40 60 832
8 32 64 416
3 40 108 240
6 48 84 640
8 40 28 768
5 80 96 944
4 64 64 336
7 40 104 544
2 24 36 704
2 64 92 576
7 32 120 944
7 48 32 576
2 40 44 848
4 48 72 352
6 48 48 944
6 32 68 400
4 32 124 528
3 24 120 336
4 32 88 608
3 24 28 720
3005 431 1 105 44 117 7
1262 527 1 20 19 338 17
6724 245 1 196 25 399 20
6929 509 3 52 61 43 2
2340 40 2 96 46 271 19
11633 465 3 83 84 628 3
6477 311 3 56 25 299 5
11305 70 3 94 44 436 7
1528 530 7 175 21 261 15
2539 427 1 64 30 76 17
3276 7 1 21 79 199 6
6440 364 2 79 54 70 15
7886 182 1 105 10 84 5
842 63 2 52 34 433 1
9125 441 2 37 21 269 20
10574 447 5 136 28 114 6
3965 364 1 28 64 448 7
2399 480 2 54 33 171 3
5721 470 2 77 42 302 3
7729 231 1 63 19 553 4
9312 218 1 21 14 295 6
878 412 2 59 56 331 19
1322 126 1 51 84 113 7
11769 478 1 61 18 116 2
6086 34 5 148 63 321 4
3715 410 5 98 50 240 1
2657 321 1 79 36 244 2
3757 53 1 25 16 584 5
3666 281 3 165 14 449 6
7463 153 3 156 53 401 1
2717 392 4 105 60 231 2
11296 29 1 44 26 193 18
601 168 2 241 19 373 6
9204 542 1 80 21 83 7
1562 136 6 143 20 449 4
7772 46 3 33 63 178 4
1158 135 1 25 37 329 7
11119 130 1 36 65 232 1
9911 281 2 130 16 77 2
8613 197 3 193 41 319 3
11219 327 4 88 32 283 18
5081 76 1 22 24 169 5
8571 288 6 133 41 131 17
5775 195 1 18 63 430 4
8966 248 3 122 23 253 6
5640 305 1 64 46 356 3
4716 232 2 45 56 434 1
3303 325 2 71 14 96 19
5581 30 1 26 9 252 3
10369 490 4 57 90 326 6
7250 26 1 27 67 654 2
9568 474 1 34 55 169 1
7467 53 1 95 36 103 4
9999 68 3 80 27 196 5
3687 50 2 156 70 179 1
1907 284 2 135 50 259 3
4215 14 2 68 27 233 2
5857 141 2 84 36 273 3
6278 62 2 32 54 314 15
1878 423 3 54 58 103 2
10050 118 1 20 42 88 6
4853 423 5 286 45 598 6
9874 325 1 56 21 265 5
5630 357 5 74 40 337 16
4071 56 2 29 72 140 1
6895 130 1 11 42 293 4
7890 387 2 35 23 72 7
327 110 2 84 59 592 15
6383 432 3 194 43 183 1
267 277 1 40 28 150 7
3058 237 2 134 23 687 15
11839 346 6 126 78 629 4
2635 352 1 27 64 321 6
8188 409 2 109 66 171 6
7244 367 3 35 76 239 2
4186 517 4 165 33 233 1
2581 448 1 33 40 85 17
7088 89 1 45 47 369 4
7527 277 1 38 18 309 19
357 82 1 19 9 484 4
2496 425 1 30 13 440 18
2956 313 2 60 9 78 3
1453 453 1 23 15 536 19
4131 516 1 20 48 216 2
2830 409 2 85 47 469 5
255 34 2 96 78 527 5
2788 427 3 131 83 513 16
3282 422 1 26 26 49 18
2206 496 2 222 8 222 3
2270 280 6 273 15 270 4
7447 298 4 48 42 417 15
10799 146 3 78 48 125 4
8461 211 3 105 85 127 2
4833 444 1 403 7 160 7
2225 197 1 71 11 346 4
8882 54 1 52 25 577 2
8135 386 8 188 26 296 16
2990 219 1 26 70 140 2
4884 9 1 65 51 323 18
8159 253 1 77 89 688 2
5344 36 1 52 28 96 17
10861 188 2 113 11 43 17
2362 529 1 18 75 114 18
10660 361 1 107 14 123 6
10544 308 1 34 20 556 7
6806 180 4 124 22 154 2
6629 354 3 48 32 93 2
5209 540 2 63 47 343 3
2201 217 4 104 34 131 2
4076 536 1 64 44 160 4
8671 52 1 39 19 243 17
7976 395 1 18 33 43 20
6795 233 3 124 25 190 3
5554 427 5 88 22 219 19
10735 455 1 150 48 184 20
11583 531 1 26 60 52 17
11601 14 2 52 38 311 6
8271 515 1 41 22 341 2
6894 235 3 114 25 142 2
11208 515 1 91 84 366 5
9069 109 1 11 18 457 1
9437 90 2 141 17 221 2
1684 464 2 58 57 221 16
4699 36 2 147 26 573 18
11628 484 2 228 55 167 7
7880 284 2 111 30 543 4
8443 464 1 28 18 297 3
9526 268 1 164 39 177 1
6603 389 3 161 18 232 5
8580 315 4 167 35 339 1
8929 218 2 56 13 275 5
6237 255 1 40 47 90 2
9734 442 1 18 30 300 4
8577 144 1 125 47 259 17
5030 541 2 38 58 198 6
10636 136 1 49 53 55 16
4498 494 6 66 60 616 3
8592 165 1 12 22 403 1
1369 198 1 136 33 478 2
4889 348 1 97 28 675 18
6661 350 2 76 74 150 1
11548 96 2 31 13 424 1
10212 529 1 40 18 440 20
1552 6 1 95 45 233 20
3964 17 3 143 20 130 19
4632 318 6 104 9 100 19
9374 528 1 78 51 395 19
1334 165 4 88 39 335 3
9186 332 2 98 58 450 7
2241 7 1 28 13 232 2
8645 259 1 28 8 56 3
10826 433 1 38 74 134 20
9145 460 2 46 37 48 18
4691 345 1 56 83 608 5
10612 125 1 50 37 581 1
3946 147 1 9 36 121 3
7485 412 1 84 43 103 4
4554 515 2 264 70 345 4
11983 471 4 66 24 110 16
8214 275 1 74 70 150 2
4115 431 3 50 83 207 17
8983 224 4 78 43 232 3
3583 298 2 17 19 318 1
5201 478 5 147 35 279 4
5145 274 5 219 10 208 1
6630 231 1 67 43 317 1
1041 482 2 33 61 74 1
5382 448 3 68 55 212 15
147 454 2 158 19 162 3
880 420 1 36 59 280 7
11838 31 5 81 50 330 5
1848 215 1 148 67 185 20
11498 108 1 62 10 58 1
10990 116 5 187 57 543 5
6220 113 2 200 10 258 19
11687 504 1 80 52 320 6
3215 8 2 100 30 338 5
5810 449 2 55 57 313 2
7534 449 4 172 22 445 15
351 288 2 107 69 208 4
10751 425 1 96 26 383 1
7566 190 1 27 15 619 7
259 514 4 67 59 181 18
10925 320 2 52 61 243 5
10673 43 1 22 8 244 1
11984 98 4 212 84 689 3
2821 414 2 54 24 167 1
9219 546 2 37 18 384 5
114 465 2 59 21 246 5
11804 542 3 112 38 221 19
2213 265 1 56 30 55 3
7402 144 1 16 67 355 1
8937 37 1 53 43 203 16
5455 366 1 79 9 108 2
3895 63 1 18 16 526 17
5230 161 1 53 25 116 1
8698 226 1 19 75 97 15
8122 355 1 23 49 133 1
267 434 1 12 7 319 3
115 498 1 15 74 143 16
1184 483 1 16 55 202 5
1601 419 1 79 60 150 6
605 427 5 231 58 415 3
11955 316 1 16 11 200 6
4091 336 3 84 31 153 4
10118 229 3 129 28 358 7
5954 108 1 56 20 274 16
10148 293 2 39 26 585 6
11417 433 4 172 41 462 3
8098 386 2 80 56 395 4
705 101 1 28 46 282 18
6897 429 2 195 45 306 1
2209 318 2 89 39 218 1
518 412 2 48 75 122 2
238 333 1 48 66 251 17
4233 417 1 61 26 125 3
5640 506 1 21 24 390 5
6855 408 2 67 26 307 2
1993 64 4 137 15 549 18
11375 10 2 45 26 263 4
1120 448 2 61 39 160 19
7268 182 3 77 68 111 4
3795 82 1 34 27 257 20
369 389 1 30 56 189 7
11995 152 3 116 24 301 15
11330 242 2 118 23 436 3
8488 432 1 98 55 269 6
6252 478 1 50 42 345 4
4117 366 1 24 20 195 6
6257 529 2 240 39 448 4
9568 308 2 81 27 154 2
6397 486 2 88 39 366 15
3159 531 1 18 27 341 4
1242 76 1 16 40 216 1
1378 19 2 132 40 273 6
4462 54 1 69 73 186 5
2256 392 1 21 28 595 3
1300 114 3 74 43 296 7
4381 335 1 14 16 371 3
1808 332 1 38 27 56 16
5784 105 1 34 15 74 2
6662 14 1 25 27 220 6
2151 62 4 61 57 355 1
419 310 2 210 29 499 6
6813 431 1 76 73 235 1
7448 149 3 120 17 372 20
4108 163 4 55 22 205 4
1525 322 1 68 13 95 5
1140 434 1 43 68 157 5
1015 35 2 96 45 431 18
9948 547 1 52 17 39 3
1771 125 1 30 50 203 3
7019 451 2 104 68 247 1
5723 8 1 25 18 65 7
11543 242 1 31 21 493 3
7824 15 1 27 32 131 1
7380 321 3 88 8 289 4
2868 340 2 29 55 250 5
1670 200 3 62 34 595 2
9915 543 3 224 45 218 5
11650 215 1 40 63 204 6
3263 285 1 24 11 79 3
11442 437 3 35 59 44 4
4871 193 2 65 26 441 19
11755 401 1 21 9 424 4
10148 499 1 111 30 377 18
10855 41 3 57 29 156 2
10146 56 1 22 14 182 3
1074 367 4 156 52 380 17
4085 466 1 21 55 122 1
11111 7 1 19 13 379 3
884 351 4 255 36 433 2
141 53 1 65 39 525 19
4269 462 1 33 37 104 5
11688 457 4 316 27 140 4
5488 27 1 17 28 252 18
3105 155 1 31 15 411 2
8334 372 3 76 23 314 19
5600 169 1 31 27 128 16
1939 29 1 9 8 275 6
1991 464 1 19 55 123 3
11251 305 1 13 69 210 7
11520 62 1 46 43 151 3
86 276 4 159 19 382 5
10597 123 2 139 29 143 3
7996 194 5 175 45 250 2
1810 307 3 124 14 151 7
1795 206 3 270 27 398 5
9222 11 1 100 7 107 1
11050 159 1 154 38 42 6
3400 214 1 23 31 118 5
1131 428 4 72 29 388 17
4799 301 4 143 12 186 18
3643 341 3 58 25 617 17
8598 248 2 66 41 543 4
3712 65 2 63 53 227 5
940 401 1 309 9 91 1
9837 480 6 317 24 402 15
8439 522 1 69 23 553 7
6173 179 1 24 33 515 6
6713 534 1 93 13 624 1
6480 203 1 41 40 303 17
1145 239 1 19 18 169 2
3716 259 4 150 14 243 4
8126 549 3 158 65 179 5
5949 300 1 81 26 326 17
3516 527 3 73 16 35 6
5453 24 1 37 15 458 17
9364 92 1 152 60 428 17
5027 416 1 100 61 63 7
3846 144 1 24 34 299 19
6689 109 1 54 60 211 1
4310 254 1 27 42 39 2
3632 176 1 18 55 267 17
10500 433 1 80 47 356 7
9372 216 1 49 37 170 1
6087 111 1 154 23 194 7
3859 38 1 33 81 212 15
3026 510 1 29 20 62 1
5395 390 1 32 45 451 6
1035 294 4 184 14 151 7
10301 75 4 107 34 236 5
1554 534 2 110 37 89 6
5677 304 3 57 20 137 15
5718 111 3 96 31 250 17
375 212 1 77 18 93 16
10890 219 3 145 24 207 20
9850 55 1 45 37 219 4
9106 532 1 57 41 234 2
7203 233 1 31 28 262 15
11744 388 4 209 21 235 4
9759 324 1 57 57 312 18
10527 261 5 184 24 179 2
10056 112 5 222 7 83 2
4980 127 2 181 15 417 2
9885 218 2 41 59 67 6
20 383 3 141 40 228 3
2244 273 1 62 15 370 19
5427 98 2 78 7 389 3
3929 61 1 15 22 99 5
9502 501 1 85 35 647 2
4893 460 4 93 43 371 2
6967 480 1 30 23 220 5
9664 60 1 37 42 291 20
9211 515 3 166 12 182 1
2613 540 1 279 12 183 2
4075 299 2 74 47 284 15
7380 88 2 38 18 305 18
6756 34 1 45 28 427 17
8081 395 5 76 75 504 16
1895 82 1 33 12 520 16
3940 424 3 219 13 217 3
1479 276 1 37 24 235 4
4194 430 1 21 57 48 19
5493 302 2 98 19 40 3
11904 533 5 104 17 364 6
3332 317 2 84 38 324 4
8318 340 3 66 48 317 3
8352 504 1 113 45 451 20
1176 471 1 36 52 436 5
3443 454 2 271 36 289 3
1811 499 1 116 18 365 2
7300 240 2 50 46 138 1
4299 196 3 97 44 344 7
5571 341 1 64 13 206 5
3288 415 1 51 66 81 6
18 269 1 52 15 199 3
11932 196 5 147 9 117 6
3920 394 1 51 47 203 6
4931 369 5 147 26 204 15
226 215 1 42 17 56 6
3619 136 3 132 22 96 6
5176 362 1 51 12 64 3
10333 494 2 108 30 636 17
11879 366 1 156 43 470 6
1847 297 1 38 17 568 7
7805 318 1 21 66 170 5
9016 115 1 110 35 235 16
11797 111 6 142 11 217 3
11292 194 1 74 10 484 16
10490 516 2 132 57 261 2
4080 445 1 30 38 220 15
1303 378 1 24 31 525 1
9834 500 1 37 21 139 18
4693 275 1 23 16 421 7
8252 523 2 146 48 76 18
3092 417 2 110 36 419 5
4415 9 4 153 74 90 7
10849 133 2 43 32 314 3
6049 273 3 185 36 280 4
1220 525 5 75 16 195 2
11163 55 2 127 31 278 19
6433 540 1 45 22 390 18
10217 144 1 15 75 204 4
10635 463 1 49 10 573 1
5622 55 1 35 20 227 20
8119 438 2 42 30 325 18
9815 45 1 37 65 685 5
3681 90 1 168 56 94 2
6753 176 4 82 67 91 3
4455 440 2 93 19 278 16
2890 423 2 48 26 563 3
11367 540 7 471 12 225 4
5729 305 2 204 43 91 20
6614 17 3 86 44 260 2
3808 177 3 47 17 200 7
7870 459 6 269 14 95 16
10170 237 1 121 7 86 7
7553 52 1 77 42 96 7
10759 33 1 28 47 124 7
4366 345 2 41 58 505 7
7528 156 1 16 8 434 6
7199 161 2 71 32 54 6
1487 540 1 17 70 220 20
3110 518 2 97 21 158 18
9470 352 1 21 40 127 7
963 330 1 63 38 149 4
10697 46 2 38 17 111 20
7076 453 3 67 67 293 2
2702 284 2 65 10 41 4
240 158 1 51 40 413 3
1848 265 1 215 8 173 4
10608 540 1 13 15 446 3
2124 378 2 143 34 464 5
6892 541 2 67 74 319 7
7921 284 2 56 58 101 3
11939 533 1 153 29 260 1
11713 472 1 19 73 81 3
3212 475 1 36 41 409 17
5469 433 1 357 15 143 5
121 242 1 62 29 590 5
5039 548 3 72 60 178 20
5622 317 1 220 22 269 6
1692 181 1 59 15 85 15
7100 257 1 16 52 80 2
8116 161 2 40 18 324 7
4283 354 1 25 51 136 7
9817 368 5 170 43 470 20
3869 499 1 62 27 317 17
2428 418 3 69 61 134 2
6347 231 1 26 21 518 5
1072 431 2 35 19 167 20
9397 346 1 31 42 431 3
2539 155 1 20 23 112 7
11668 16 1 22 64 245 5
9094 206 2 48 21 145 19
1433 22 1 52 8 194 20
6221 219 1 17 55 223 17
240 396 2 76 68 699 2
5591 539 6 248 44 463 4
9867 333 2 104 44 547 7
10216 162 1 20 17 273 17
4166 232 1 28 66 117 4
287 341 5 113 13 159 19
5299 517 5 147 46 155 2
1189 392 1 102 17 264 6
8808 305 1 142 15 422 1
6917 98 1 122 12 117 2
1765 280 2 107 33 479 6
8421 332 7 206 16 194 3
1523 256 2 74 20 57 1
1765 248 2 73 24 407 16
9714 404 1 24 23 81 4
9242 305 3 99 56 349 2
286 233 4 238 60 227 6
2024 43 1 51 31 269 7
11482 29 1 67 13 46 16
65 394 4 47 49 46 5
4121 416 2 146 36 230 3
758 341 1 21 28 167 1
199 400 1 154 33 250 3
432 377 1 72 79 65 4
8672 157 2 31 15 378 16
5287 210 1 31 19 113 3
2443 279 4 86 22 110 1
2701 245 1 13 51 162 5
5097 244 2 83 7 86 7
3332 366 1 35 19 99 3
3131 520 4 107 23 386 4
1149 424 1 35 64 147 7
6545 60 1 109 39 250 6
11691 403 1 57 13 187 6
7007 433 1 50 48 307 1
10579 510 4 265 44 215 5
3104 546 2 119 22 229 1
2694 382 2 52 27 58 1
5428 271 1 60 48 641 1
857 212 1 53 63 221 5
2311 541 4 98 37 135 1
3748 98 1 34 50 397 4
9065 43 1 31 37 286 6
1534 363 1 53 19 291 7
4282 128 2 78 34 465 2
3032 329 2 137 37 362 6
5375 537 2 79 25 326 1
11478 338 4 230 31 596 16
7397 352 3 38 24 580 19
3749 316 1 53 10 399 6
4372 304 1 21 21 342 4
643 115 1 13 58 199 5
5148 253 1 55 36 449 7
9682 223 3 82 64 92 3
9816 182 2 62 53 387 5
8874 333 7 113 25 140 6
1156 20 2 19 57 204 19
8601 476 1 68 24 228 3
11087 86 1 27 18 311 6
5880 479 2 195 35 207 17
3781 351 1 64 20 215 6
1708 153 1 51 53 191 7
10342 371 1 30 33 516 18
3558 213 1 19 26 218 6
4583 510 1 18 36 113 2
8462 379 1 30 11 550 4
368 145 3 38 71 344 4
6008 537 2 81 44 100 7
4997 272 3 86 34 306 2
7846 471 1 43 40 172 16
911 139 6 77 9 43 2
6803 143 2 106 43 493 19
934 378 3 55 59 39 1
7866 312 1 28 32 195 16
4545 102 1 33 18 608 7
2653 549 3 34 40 191 15
11594 450 2 34 46 310 3
2479 341 2 237 63 473 6
10631 294 1 53 16 221 5
9689 124 2 40 11 434 4
4257 488 1 101 26 76 5
1592 306 2 26 35 175 6
2297 52 2 23 26 242 1
3358 69 1 46 49 307 5
2430 161 1 54 13 122 2
11363 421 3 51 36 437 16
5292 168 1 88 37 278 15
9987 547 3 101 58 295 7
8130 439 1 12 36 321 3
4639 54 1 24 22 38 19
3146 104 1 77 39 364 4
9710 455 3 62 34 56 7
2997 111 2 80 43 197 17
7838 131 2 29 23 367 17
11354 116 1 104 29 366 2
8736 338 1 12 30 662 7
5872 276 2 38 15 453 2
6405 502 1 46 28 334 20
6032 64 3 105 24 233 1
7445 371 6 171 15 447 5
163 462 1 96 17 549 6
4103 385 1 13 46 227 4
5547 326 1 25 59 276 1
1012 144 4 197 24 431 18
754 55 1 32 11 72 19
10007 304 1 55 19 291 1
5683 254 1 54 57 264 1
9007 353 1 29 30 677 2
7552 516 3 183 65 549 3
10806 227 1 14 47 122 5
121 352 1 37 29 643 17
3068 446 2 157 44 175 3
3311 422 3 206 7 168 6
9221 385 4 207 44 236 5
6730 299 2 102 23 331 6
4520 320 4 106 46 45 18
10118 136 1 34 25 339 5
8634 418 1 30 15 384 3
7408 176 1 29 50 44 3
8581 506 1 46 60 150 6
2186 42 1 88 27 218 5
4536 436 3 60 60 63 7
11040 340 4 67 31 206 1
1102 334 2 53 45 197 16
3435 324 1 48 43 302 17
8774 43 1 42 12 175 1
11203 279 1 27 24 202 6
7713 425 1 61 55 291 5
67 501 1 52 72 49 2
2739 214 4 167 32 319 6
8484 307 2 55 25 255 6
7213 128 3 35 20 62 20
7968 516 2 31 25 478 5
6142 399 2 58 51 85 2
1586 40 1 43 34 308 4
11271 396 3 62 29 134 3
2245 110 2 47 14 112 18
3457 14 1 117 58 498 5
706 286 1 66 30 570 15
346 342 2 38 32 199 2
10701 349 2 48 31 541 5
2787 282 1 44 41 457 1
8231 152 2 35 39 290 5
1383 30 1 153 27 191 7
11672 35 3 43 45 212 2
10083 534 2 49 53 122 1
1251 87 1 12 61 380 6
1688 419 4 50 34 180 6
4540 355 1 32 28 479 7
10331 204 4 72 44 233 1
12 530 2 73 52 79 16
10648 527 1 26 20 38 5
4088 45 2 29 16 329 1
252 273 1 46 74 196 7
11364 526 2 108 46 57 3
9582 133 1 110 33 368 2
7675 140 1 50 35 179 4
1047 539 5 124 8 311 5
2175 348 1 28 40 337 4
841 537 1 80 18 671 3
2371 305 1 37 18 400 6
11470 237 2 89 27 254 1
1241 349 2 58 13 199 5
4204 180 4 118 37 259 4
11381 288 3 48 50 375 3
3047 206 2 71 29 276 7
3650 458 1 38 62 296 2
4257 126 1 56 32 170 5
7966 474 1 17 16 233 3
9090 19 2 332 55 566 3
8339 467 2 131 22 516 1
10623 351 2 53 38 402 1
7534 10 1 9 25 250 6
2961 115 1 33 59 383 4
8808 168 1 18 56 477 15
9532 359 1 59 64 585 1
383 381 1 47 22 415 20
9370 327 1 111 32 293 6
7343 58 2 60 26 263 7
4488 329 1 19 42 310 2
6637 410 1 18 20 336 16
756 202 1 134 25 690 7
5721 352 1 36 21 211 20
11086 450 2 55 68 93 4
5417 135 1 29 20 99 7
4882 167 3 195 8 39 6
2569 193 1 149 45 557 2
7583 351 1 38 49 167 4
3500 354 1 69 24 317 5
9116 216 5 80 60 571 6
223 257 1 53 21 75 6
6415 315 3 39 46 300 6
9604 137 3 149 41 174 3
6458 415 4 73 63 200 6
7576 86 3 47 42 578 1
5482 432 3 103 21 56 6
2077 413 1 30 29 336 7
4659 426 3 64 31 392 15
4814 19 1 20 9 524 4
5729 220 1 64 34 340 3
7508 78 1 36 15 352 20
8694 255 4 82 43 136 6
9715 391 3 76 25 50 19
4098 58 2 28 65 498 7
4090 138 1 63 89 480 1
3484 133 1 322 63 406 7
7442 548 1 294 47 252 15
2673 137 5 135 40 606 3
864 436 2 105 18 455 1
6766 147 1 53 27 144 4
8941 334 1 55 44 161 2
11284 420 1 28 15 199 2
2741 103 2 100 48 178 19
9970 383 2 231 35 201 17
11362 453 2 74 34 202 3
3554 147 1 77 32 247 16
5032 287 2 57 14 258 1
3666 352 2 46 40 133 20
2047 104 1 27 59 109 15
9647 286 2 43 38 150 7
485 468 1 19 60 600 1
525 383 2 109 46 224 3
499 414 2 72 34 295 20
7294 538 1 16 21 48 16
635 51 3 242 32 441 17
6962 299 1 102 30 223 1
3327 75 3 91 39 50 3
454 193 4 94 7 272 7
8524 77 1 93 58 174 19
2011 177 2 107 17 70 6
1596 160 1 39 62 160 3
5252 498 6 241 44 252 17
10056 390 1 92 52 417 20
3652 541 1 37 27 475 19
2314 473 1 53 19 162 6
9275 448 1 17 50 281 5
2133 374 2 51 21 308 4
5167 84 2 68 12 175 15
1037 198 2 51 37 227 3
3454 41 2 204 41 214 1
9208 76 2 48 49 355 2
3146 73 2 103 74 161 5
790 263 2 39 77 205 3
10818 446 1 38 14 86 17
3737 513 1 74 29 167 20
5397 43 2 45 12 71 6
69 350 1 158 30 77 4
10586 84 2 65 12 443 7
2518 93 2 117 39 469 2
9090 376 2 34 10 474 5
23 76 1 13 68 106 17
1603 151 1 30 61 118 4
2045 462 1 47 30 359 19
3583 440 3 47 62 85 2
8296 333 2 42 31 144 7
4914 251 1 72 26 69 3
4139 332 2 77 29 90 2
7541 221 1 32 39 81 7
5122 25 4 108 52 689 15
152 314 3 98 57 520 4
8413 155 1 27 19 297 5
5419 371 2 34 56 129 6
7865 439 1 21 21 389 18
3259 227 2 112 43 217 1
7883 266 2 21 25 397 17
7243 335 1 39 40 165 17
4387 256 1 48 20 123 18
3664 427 3 60 46 425 4
3723 197 1 36 62 160 19
2588 158 3 106 36 195 3
11889 379 1 22 51 404 20
5753 233 2 55 10 40 19
10014 447 2 68 62 391 4
7470 390 3 56 64 331 20
194 515 1 19 43 80 20
7093 336 2 44 39 367 2
1394 287 2 34 42 589 3
5756 526 3 234 33 491 4
1553 177 1 15 35 237 5
10355 539 1 57 76 83 19
5710 543 1 54 31 472 3
10817 475 1 19 9 486 17
8418 329 1 48 28 635 5
8736 499 2 78 31 511 1
2007 516 1 19 11 422 7
7164 368 1 245 20 208 5
11454 231 2 23 22 234 5
4389 197 2 45 30 259 6
4264 364 1 63 48 279 5
212 318 1 51 28 680 15
11052 533 1 77 11 80 6
2818 259 2 97 49 286 2
4769 163 1 72 64 310 18
4335 446 2 99 27 272 20
7576 464 1 20 60 135 7
10748 41 1 25 9 443 18
5709 393 1 61 55 81 4
685 35 1 19 37 56 5
10132 233 2 80 39 585 19
2667 462 3 123 53 429 7
2236 309 2 80 55 178 18
8277 245 1 40 20 255 7
10732 210 1 220 40 78 6
3876 224 4 69 7 310 3
8877 132 2 58 71 151 2
4061 429 1 54 9 88 2
4359 288 2 183 22 107 4
9788 37 3 94 60 57 5
7778 330 2 28 55 177 3
11024 359 3 170 19 105 19
658 393 3 157 31 434 3
10831 202 1 43 25 357 18
5973 408 1 32 22 174 4
9701 372 1 19 62 219 5
4110 464 2 116 57 525 4
4053 542 3 388 31 327 6
3302 276 5 215 69 207 7
1131 72 1 217 48 213 1
10291 66 2 98 7 392 1
8738 320 4 161 26 194 4
10476 254 7 99 50 677 6
6634 438 2 117 9 72 6
4622 217 1 44 40 316 6
3184 457 2 47 17 224 16
6607 382 2 46 67 336 20
9170 398 4 42 43 521 17
3396 78 2 180 60 57 16
9821 88 1 45 21 120 4
8359 58 4 141 28 206 17
11707 545 1 39 39 325 5
8625 314 1 33 41 295 2
7100 457 1 61 18 276 6
1871 484 1 27 23 622 5
7107 545 2 127 10 125 2
5195 392 1 10 40 85 5
5302 29 1 122 59 213 1
893 381 3 99 19 172 4
1737 19 1 34 45 680 1
8702 133 3 34 55 92 1
733 254 2 47 32 52 2
5234 27 2 114 84 602 5
1560 319 1 25 19 242 18
9691 274 1 54 57 28 2
3218 234 1 32 54 160 6
3974 505 2 132 34 378 2
4884 182 3 182 25 560 1
6033 518 1 27 25 400 7
6815 28 1 27 22 44 3
1792 457 1 136 54 217 6
4335 135 2 45 19 161 4
9600 380 2 34 22 386 18
11656 459 1 191 53 356 18
2542 114 1 36 7 57 1
9708 272 1 44 27 428 1
4676 436 5 150 19 440 5
8819 534 1 41 31 267 1
2558 205 3 58 77 479 18
6803 367 3 115 31 439 2
731 276 1 15 34 309 18
9313 525 3 426 10 132 19
11778 51 1 15 66 179 1
3069 361 2 183 17 167 15
5319 275 1 160 32 662 1
11441 320 1 9 56 92 7
7950 344 1 10 66 163 1
9700 284 2 96 38 597 2
1759 244 1 52 25 177 16
6743 328 5 127 55 227 2
4887 204 2 32 21 209 15
1451 321 2 41 30 477 1
874 144 2 37 38 147 2
7841 467 3 41 78 145 1
2158 129 2 85 28 519 19
10921 264 6 246 68 236 4
487 5 1 30 8 141 3
528 44 1 16 43 698 1
5537 462 2 46 13 364 7
2528 215 1 65 52 279 15
8901 102 1 30 19 177 3
3856 277 3 36 36 158 5
999 47 2 57 66 381 2
4828 165 1 76 53 98 5
3535 31 2 31 11 95 16
11321 511 1 34 12 415 15
5856 205 4 214 86 552 1
4834 408 1 91 67 693 6
9109 293 2 49 61 311 1
5927 317 2 104 51 431 6
8222 407 1 53 74 531 7
3995 534 1 49 46 353 4
10560 464 2 48 73 75 5
6418 122 4 187 44 707 2
10459 23 5 133 34 621 5
1443 117 1 35 53 475 5
306 119 2 38 10 488 4
7871 372 2 123 33 336 20
6400 332 1 258 16 207 17
11865 165 1 64 76 122 5
2966 248 3 163 11 101 7
5815 99 6 497 14 201 19
8660 59 4 127 54 287 6
3856 276 1 25 40 143 4
2654 450 1 168 43 323 3
