66 2499
5 80 128 544
2 24 80 752
7 64 108 160
6 32 124 304
2 80 24 752
4 24 72 864
2 48 76 736
3 40 28 976
6 24 128 176
5 64 48 1024
6 64 116 224
8 32 36 224
2 80 56 512
6 40 44 736
7 24 60 368
6 48 52 384
5 80 96 288
7 32 48 672
2 40 44 144
2 48 76 784
4 48 64 704
3 80 124 688
5 40 124 176
4 32 96 944
5 48 112 800
7 80 60 592
3 24 112 464
3 64 60 464
6 32 112 176
5 48 120 768
4 32 44 288
7 40 44 1008
7 80 124 640
2 32 88 656
6 32 120 992
7 24 100 128
5 48 124 704
4 48 88 304
7 80 104 1008
3 24 112 384
8 80 36 432
5 48 108 272
4 48 48 608
4 80 72 448
3 40 80 640
2 48 48 576
8 24 52 720
3 48 120 688
6 32 40 304
4 32 24 880
6 32 76 912
3 32 56 160
3 48 52 464
6 48 80 176
4 48 116 144
2 40 96 640
6 48 120 352
8 48 88 640
8 64 116 688
7 32 88 256
4 64 32 528
6 40 64 720
2 64 76 560
2 80 44 752
5 32 100 400
3 64 96 160
12201 58 3 94 26 308 12
8972 62 1 68 28 129 18
7851 796 2 49 33 143 20
6122 50 2 91 48 146 19
3196 195 3 169 20 240 13
4850 697 1 61 76 728 13
10634 136 1 32 66 742 19
10596 316 8 219 24 204 16
13201 85 1 21 64 562 10
858 139 2 132 91 650 16
3490 250 6 152 55 220 17
8794 301 5 380 119 502 18
2148 227 2 56 51 300 8
804 117 2 56 18 729 7
11319 232 3 117 23 535 3
4384 864 4 368 66 989 10
2679 749 4 308 72 138 9
9668 70 2 184 59 212 13
12032 35 6 119 50 93 2
3616 187 2 90 70 590 8
1461 168 4 163 53 239 2
10826 324 3 167 50 258 8
14026 138 3 249 102 990 7
8802 190 3 117 70 183 12
11226 100 1 67 44 495 7
9917 303 2 121 32 427 17
11936 162 3 132 103 243 7
14132 146 2 141 80 525 20
13083 158 6 419 54 613 18
1440 237 1 21 94 216 1
1202 346 2 46 47 113 16
5848 108 4 84 96 72 17
6332 68 1 57 72 488 12
8334 154 2 136 36 324 1
10999 60 1 80 23 524 1
9442 321 1 399 34 321 10
3180 327 6 430 96 110 5
9486 331 2 285 39 918 4
283 90 1 127 30 291 16
3762 42 2 62 79 398 8
10544 212 6 179 88 937 6
3874 26 1 96 70 240 5
282 73 5 133 102 502 14
4395 298 1 92 75 443 4
14798 155 6 183 68 948 8
3280 162 4 327 56 278 3
9789 119 3 247 102 307 20
14379 302 1 19 64 592 2
8532 135 3 175 42 341 3
1281 629 3 184 117 737 17
5759 133 2 227 99 191 10
9368 234 4 209 42 555 19
5486 133 1 52 72 372 8
6214 92 3 85 21 731 4
8062 288 4 98 23 186 1
11850 308 2 168 33 681 10
1026 239 6 131 36 198 8
9690 602 6 132 101 982 10
10951 213 3 95 63 314 7
14689 898 1 136 22 532 11
3768 284 5 386 48 390 13
6853 93 3 93 20 264 2
6445 255 4 417 51 674 20
1714 275 2 51 67 367 16
5329 317 3 318 55 521 3
14205 262 5 393 107 470 4
6360 124 2 66 70 381 8
7133 53 1 31 29 83 13
14283 26 1 64 59 76 4
3585 31 5 179 96 651 12
3618 14 1 71 69 675 6
5370 56 4 237 21 516 13
10630 218 4 185 42 343 18
2797 21 4 162 57 192 8
10500 11 1 142 55 380 8
12925 139 3 83 66 444 7
11024 229 4 136 91 297 18
4493 971 5 180 79 200 10
2079 136 1 35 26 77 9
3422 59 3 68 63 122 10
14906 166 3 125 59 941 1
12319 187 1 72 73 272 4
8372 131 5 100 91 73 19
12717 206 1 80 51 290 12
6118 88 3 125 43 274 14
5930 289 3 113 38 212 2
1228 231 2 58 121 141 5
11348 309 1 71 65 374 19
12814 608 5 370 74 668 19
8771 251 2 65 16 909 3
13629 99 5 105 52 408 14
5963 270 3 79 66 797 6
9669 161 2 71 36 149 18
4556 609 5 146 58 589 20
3841 684 1 47 53 715 13
9337 32 3 177 33 546 16
12774 19 1 46 44 496 2
5197 666 1 34 76 405 14
14641 294 1 60 18 635 4
263 349 4 184 76 238 5
13611 87 1 26 47 151 17
13046 13 1 83 84 551 17
645 294 2 96 75 793 15
2345 617 7 178 29 666 4
11867 261 2 309 42 330 4
10833 322 2 137 79 550 11
10502 320 1 45 13 534 3
9700 270 3 96 58 550 2
14621 214 2 88 65 420 15
673 61 2 96 88 247 18
12759 794 6 215 23 836 18
11480 104 4 292 75 460 12
11345 45 1 154 25 792 12
4691 185 4 135 40 441 14
1163 205 4 96 49 77 11
6561 661 2 144 67 139 1
6328 132 4 157 34 211 18
2557 63 3 90 44 141 6
9512 267 1 180 50 189 1
2382 679 4 348 81 144 8
13309 715 1 142 27 520 19
1457 814 1 65 21 340 2
1585 920 1 93 40 453 5
6097 130 3 133 56 279 10
2230 343 1 152 71 278 10
14552 154 1 44 62 638 9
10347 908 1 43 104 587 3
8897 145 4 281 71 353 13
3604 350 1 135 54 205 19
2179 76 1 59 49 96 20
9844 274 5 106 109 100 16
8427 783 1 22 76 490 2
6066 332 2 111 21 170 13
14208 31 4 222 87 374 7
8151 130 4 125 94 70 16
6816 299 1 34 32 109 13
6700 189 1 188 45 422 16
13060 703 1 49 90 133 10
11151 174 3 152 57 135 9
945 98 4 184 120 256 11
7947 39 1 111 36 594 19
13644 316 1 38 57 461 11
8536 686 1 433 49 288 20
7127 107 4 163 77 411 18
5320 843 2 72 47 606 10
8863 324 4 226 106 209 14
5602 219 1 181 30 155 3
9292 963 1 172 59 152 13
10896 87 3 115 85 242 15
1011 74 2 294 96 93 17
967 891 2 195 95 677 3
14463 310 2 140 27 488 1
3989 347 7 169 24 515 16
583 76 4 119 46 486 5
13368 714 5 153 61 193 10
4986 108 1 57 30 384 2
12218 277 8 631 19 423 14
12743 187 2 105 107 133 11
11322 817 1 38 40 560 18
2207 286 2 52 68 396 19
1167 51 5 143 21 207 10
5758 191 4 83 103 88 4
10204 218 2 312 72 432 11
3916 772 6 141 22 116 6
12545 959 1 31 33 90 20
7500 936 2 52 64 322 20
3279 330 4 174 37 540 16
1131 232 2 88 91 173 15
9087 175 2 134 55 288 20
7413 98 4 80 69 649 14
9433 174 4 84 60 466 6
5989 38 7 343 60 96 2
4741 269 3 160 72 247 7
7840 81 3 144 46 457 20
6001 91 7 274 49 362 11
9105 311 1 59 41 281 13
5573 812 1 55 56 503 14
3514 260 4 320 55 518 5
2692 65 3 203 46 388 10
12544 288 1 56 34 309 16
9334 327 1 65 22 242 1
9469 222 1 55 14 957 7
12378 250 2 116 47 595 15
1516 14 4 213 82 306 16
8595 267 1 319 57 891 3
10988 223 2 94 23 723 2
6668 107 2 131 111 585 17
7848 52 3 120 58 114 5
14377 243 2 157 115 366 2
10499 127 4 190 30 363 4
14079 302 2 52 51 274 4
6007 132 1 75 49 476 17
6088 793 2 47 37 689 17
14080 908 3 92 38 685 13
345 247 1 611 28 385 4
12528 283 4 118 53 543 18
7739 210 2 68 35 275 8
13490 168 5 234 76 621 19
3691 158 2 159 102 598 13
9301 248 1 45 14 606 13
5356 957 1 73 17 506 18
4306 274 5 133 42 233 6
3586 179 6 184 32 144 11
9507 113 2 122 47 116 15
8409 96 3 96 50 839 1
3405 321 1 110 16 528 8
6992 319 5 351 27 202 18
1100 315 5 449 49 592 10
2596 40 2 51 61 759 3
5784 819 1 41 35 250 2
4322 203 2 98 44 435 13
4796 243 1 40 115 431 3
6374 122 4 89 34 551 19
2844 313 1 42 70 419 12
3967 293 1 58 39 318 9
6827 791 3 175 62 501 1
12272 74 5 169 69 233 4
806 210 1 43 54 649 4
5730 761 5 238 41 340 5
6481 175 1 154 47 348 9
12227 763 2 162 27 472 6
5152 728 1 46 41 407 3
12755 44 1 64 57 302 14
10812 291 1 36 21 747 2
2886 275 1 45 62 412 8
89 809 3 63 12 581 17
12062 317 2 86 110 404 8
13433 335 1 134 100 543 11
9225 269 1 76 35 376 12
11703 980 1 65 92 590 18
4147 78 1 45 29 551 9
6880 288 3 67 71 898 5
8000 126 2 352 104 78 20
7017 785 3 120 72 150 7
13695 106 5 183 123 93 16
7658 34 1 46 67 410 13
3244 309 3 172 24 593 1
1799 257 2 247 47 205 11
156 284 4 99 37 227 2
9773 216 1 268 112 330 14
417 259 1 68 78 150 12
13668 33 3 92 73 169 10
7516 714 2 53 107 287 5
6837 135 1 41 70 486 3
2149 343 2 60 67 740 8
9789 301 2 151 41 338 10
7337 271 3 162 68 494 15
1421 665 6 165 31 254 4
8544 284 3 68 39 181 6
1325 181 2 107 77 165 8
820 157 1 159 90 153 13
12033 304 1 120 29 430 11
4565 242 1 139 42 377 14
13438 234 7 221 41 658 10
1643 244 2 114 77 66 6
5650 171 5 122 86 104 1
1751 56 3 146 74 268 2
8322 225 2 112 67 402 17
14380 142 1 46 52 733 13
3436 260 2 72 83 117 9
13361 151 1 71 34 108 19
7267 345 1 48 75 135 14
289 88 2 35 59 862 20
10064 255 2 115 22 812 15
6325 80 5 197 33 686 8
1232 896 3 66 54 622 13
11728 124 4 118 94 118 6
4416 153 1 23 88 300 15
659 293 1 67 74 587 9
10474 111 5 268 99 173 3
2238 802 2 66 41 133 9
11573 824 1 134 87 606 1
10332 109 4 107 60 205 13
8217 176 1 34 24 495 6
5581 101 4 181 25 787 12
11675 61 3 97 62 515 15
1038 44 2 43 66 263 18
12989 217 4 104 78 242 11
10918 108 1 23 78 751 12
13328 985 4 302 62 257 16
14121 263 1 79 78 505 1
12239 87 2 94 84 367 14
9310 317 1 106 60 629 6
10387 30 7 148 55 313 10
13176 793 3 295 73 456 19
11257 143 4 224 91 426 19
4520 80 2 35 55 270 13
14106 109 3 93 75 583 8
2232 259 3 169 62 251 3
5608 849 4 80 112 163 14
263 170 2 369 83 409 8
12608 159 4 118 25 406 6
6104 293 2 40 45 518 10
5234 186 5 124 27 217 1
1465 933 4 207 40 500 17
11575 63 2 79 28 87 3
3415 312 1 53 67 470 18
7741 686 2 181 38 449 19
6386 120 1 31 79 525 17
300 294 2 129 37 388 12
9512 645 2 84 92 514 19
8040 224 1 46 27 374 12
13780 333 5 170 23 888 5
5287 918 2 119 20 281 14
6970 65 6 132 68 621 4
11471 333 2 53 52 87 1
1962 63 4 110 27 202 5
11192 75 3 299 34 412 18
11250 729 1 42 79 397 13
14817 196 1 48 65 425 15
4150 222 1 68 11 671 1
6324 259 1 18 79 279 16
370 176 1 32 48 306 18
11229 157 1 30 33 103 5
8938 333 3 122 24 220 5
4998 142 1 56 67 374 10
7497 294 5 124 74 931 3
11939 730 1 33 54 775 12
13880 830 3 54 71 125 18
6089 262 3 116 73 164 13
13638 100 2 71 82 138 4
1501 834 1 151 59 619 14
12649 616 4 218 52 478 3
11186 67 2 44 50 852 10
12551 607 5 380 40 434 18
9148 248 5 155 61 662 19
13249 188 4 225 48 271 12
3954 159 3 86 27 921 20
14881 790 4 315 54 293 9
8495 309 1 37 75 420 3
9467 114 3 82 27 556 18
8413 145 2 182 54 236 18
14774 16 1 67 35 416 3
14158 41 1 120 103 95 9
3312 316 3 150 101 743 17
5480 166 1 105 28 368 10
10514 232 7 425 104 927 4
3137 170 3 184 57 180 18
2341 784 2 217 50 528 19
7773 202 3 57 59 180 8
6995 27 5 167 81 495 7
12566 950 3 170 93 620 13
10833 756 2 118 55 106 6
6502 167 3 306 92 225 5
6698 267 1 28 20 899 2
11923 94 5 154 69 975 18
4838 121 3 142 103 129 7
11154 96 1 94 32 268 9
1480 274 2 125 72 285 2
8053 123 5 203 60 102 8
6765 30 5 161 66 604 9
9207 969 1 43 71 381 14
13449 135 2 68 47 624 14
1096 320 3 275 48 157 10
3914 339 3 174 105 156 6
7587 230 1 47 65 409 9
9155 341 4 273 119 318 11
3867 797 3 90 15 685 15
3945 303 2 102 61 670 14
771 669 3 405 27 210 6
14806 315 3 96 31 616 12
14168 222 1 30 25 71 18
4317 931 1 127 33 243 6
3099 298 3 144 115 767 16
4612 698 6 602 24 412 15
12380 11 2 225 73 178 20
6926 58 4 83 59 118 11
11793 266 4 109 27 211 6
11819 347 3 83 73 891 9
1299 206 4 109 117 737 19
2136 271 3 125 101 433 4
4439 287 3 80 63 131 17
3872 705 4 142 109 557 13
14049 267 2 56 20 823 3
13199 814 1 70 40 268 2
7100 98 1 28 90 580 1
12069 771 3 122 32 261 8
7079 118 3 110 76 367 19
7068 757 2 137 39 336 7
1892 136 1 60 43 488 3
9555 337 5 218 38 443 14
3876 307 1 64 62 361 7
12854 316 1 48 55 393 11
3331 119 2 96 69 618 1
4423 111 1 127 21 671 15
12257 177 2 63 29 358 2
1723 219 1 63 81 315 12
5540 76 1 50 60 615 11
9552 275 8 218 19 140 8
8736 28 4 274 69 506 17
7846 146 1 46 50 332 19
13174 186 5 124 17 134 17
2852 53 3 159 28 530 12
4613 57 4 114 44 605 6
10653 126 1 296 89 302 19
6617 107 3 96 51 356 11
12929 888 3 85 59 352 19
5137 948 2 136 27 532 10
1024 744 8 162 26 472 1
8495 236 2 183 22 947 14
5706 34 2 128 30 334 3
12882 35 1 64 19 662 3
5800 127 7 190 42 237 13
8533 349 2 99 47 610 15
13493 821 1 133 78 474 10
7689 299 3 61 113 104 18
12658 322 4 247 67 287 18
12269 79 7 451 22 432 13
12836 16 3 124 18 470 10
13080 259 4 164 92 515 18
13752 35 2 86 31 383 5
9163 129 3 71 106 247 10
2794 136 5 174 22 209 4
1513 322 3 70 43 336 20
4184 275 3 114 31 260 3
3700 820 6 227 37 559 6
8849 977 1 46 39 660 5
9702 224 8 432 23 413 6
14478 71 2 41 97 400 4
9550 67 5 260 45 678 19
12831 289 1 33 41 395 10
1366 915 3 59 62 134 6
3732 293 4 322 67 488 10
1522 243 1 74 83 203 17
13988 85 1 127 32 395 17
6907 328 2 81 30 460 13
11712 637 5 402 57 566 14
13 126 1 62 74 488 13
12071 107 2 121 24 349 20
13248 23 2 62 31 136 12
2027 300 1 76 99 167 10
6885 773 3 146 24 212 4
2370 105 1 19 61 560 20
9341 15 4 160 37 420 18
10539 16 1 31 60 440 12
12245 302 6 448 44 415 3
8895 125 1 60 88 317 1
9937 885 1 61 38 494 11
2261 285 2 159 54 317 8
3793 128 1 33 77 350 1
10259 127 2 219 100 553 2
10232 139 5 101 80 68 6
13329 11 3 183 77 505 17
10097 125 1 43 63 395 12
12985 63 1 54 13 366 4
9354 188 7 399 56 686 7
14522 167 2 63 74 867 10
181 626 3 234 78 613 13
2859 259 2 77 99 203 8
14073 892 2 131 36 440 14
5346 215 1 113 72 382 11
3920 42 5 147 37 548 20
2960 190 1 29 17 816 7
13992 966 3 109 77 697 14
7763 253 8 179 45 602 1
12364 182 6 335 77 527 11
13810 120 3 95 113 118 16
11362 201 3 65 71 526 14
13336 243 2 126 79 142 18
14273 109 1 66 40 676 10
12322 318 1 55 35 124 12
9907 331 1 38 106 276 19
4349 313 1 52 45 99 6
14153 311 1 349 98 504 3
14369 209 1 16 47 488 5
5052 41 1 28 42 94 5
5244 220 2 71 31 280 16
7040 133 4 148 76 330 10
4701 262 5 201 69 613 12
6813 75 5 168 58 917 9
5271 17 3 249 50 902 7
4147 839 3 183 64 372 12
7889 243 3 100 70 245 2
4007 274 1 532 17 398 16
1383 842 1 30 78 547 12
3923 116 4 279 23 307 3
14947 258 4 142 35 561 20
3519 195 1 78 32 743 14
4461 273 3 233 105 644 3
8086 120 1 127 93 218 16
7545 337 3 110 36 160 4
1553 316 1 107 98 350 7
2921 328 3 206 73 195 8
1082 339 6 396 35 496 17
13014 674 1 33 38 591 15
1583 326 5 433 44 528 4
12033 125 4 237 119 429 9
14630 144 6 265 95 243 19
897 191 3 169 36 311 15
13229 29 1 102 66 144 11
12866 259 7 279 40 627 17
8057 304 1 21 58 598 20
14661 77 1 55 95 598 15
6316 206 7 112 26 595 3
1062 815 2 117 39 241 1
2098 185 2 52 62 781 19
7052 199 2 90 66 163 10
3973 234 4 176 75 80 17
6602 880 3 85 20 861 2
1452 944 4 324 75 469 7
4884 159 4 146 68 110 11
9106 620 4 239 49 514 13
7514 47 1 53 43 505 9
12067 165 3 97 35 256 9
7925 668 1 63 39 649 12
3410 330 2 109 100 521 4
4786 893 6 321 49 772 2
13679 79 2 105 107 618 17
4553 170 2 81 49 390 14
14266 80 1 202 76 479 17
5696 204 1 151 111 678 18
9644 196 3 48 56 856 12
14015 868 5 96 28 499 6
8678 128 1 109 55 490 16
5330 158 3 401 92 111 17
13901 237 4 158 75 142 2
9477 323 7 144 36 209 3
5886 295 3 128 44 285 8
12658 133 1 28 72 585 12
2939 14 2 71 16 647 17
5931 142 1 134 89 236 4
10087 319 1 65 35 102 15
5455 306 3 122 27 220 17
562 20 1 114 70 469 7
11053 937 2 48 93 308 2
8998 204 1 35 32 534 12
12252 65 5 335 91 152 8
3462 220 4 238 65 190 9
5506 62 2 63 68 735 20
6886 314 1 46 33 159 4
11555 252 1 48 78 186 11
3217 215 2 179 105 545 3
8794 191 1 115 62 135 18
494 250 2 173 28 495 13
2866 91 1 30 43 131 18
10114 214 5 139 120 216 12
2597 243 5 125 63 287 17
2611 308 1 155 28 343 6
1876 33 1 68 71 705 14
9852 323 2 527 44 313 19
10870 123 5 315 78 572 17
13184 277 1 114 58 147 3
3871 318 1 39 36 78 18
13218 248 1 66 57 327 1
10025 22 1 180 88 749 3
1585 294 3 168 74 395 15
3063 71 1 147 62 573 14
14742 223 3 190 102 523 19
10380 744 6 173 28 602 18
8692 249 1 52 85 647 9
7133 195 3 194 60 303 6
2449 112 3 74 30 169 15
11945 122 6 348 70 138 6
12877 99 2 98 93 658 7
8845 197 1 48 73 415 12
7991 214 1 30 63 542 7
5209 281 1 20 81 317 17
11357 346 6 465 27 414 7
13361 350 1 109 63 149 16
6418 37 1 41 43 451 14
4463 167 2 124 37 700 10
7140 777 2 44 76 458 19
11444 274 6 360 83 161 15
4726 324 1 32 75 603 3
12668 102 4 164 75 294 4
4293 18 1 75 43 364 18
2329 615 5 156 78 384 5
806 79 1 64 71 375 14
8674 814 3 190 61 331 10
4198 211 2 45 65 463 17
9929 619 1 121 75 501 9
14065 244 3 290 40 577 11
14528 302 2 90 96 168 20
7488 847 5 203 95 612 10
12169 271 3 248 41 446 13
3219 779 7 438 50 293 10
8882 54 4 186 113 465 5
10602 36 6 116 60 210 14
6614 18 6 311 84 553 5
8881 54 1 75 39 372 10
10024 219 1 44 86 318 3
13140 151 3 397 81 142 20
5417 19 2 69 25 505 6
1222 10 1 21 76 404 15
4540 297 4 211 93 584 7
5100 309 1 61 68 308 1
2767 159 3 169 106 501 16
2094 99 2 212 90 144 8
5051 851 1 95 110 671 17
435 185 4 125 104 958 3
4880 86 1 32 14 955 14
9094 297 4 145 29 511 14
7503 24 6 157 59 213 3
10414 145 2 83 25 463 5
177 17 6 342 57 130 8
7770 725 4 128 33 178 20
5097 298 2 118 89 67 12
7068 917 4 103 53 219 13
7074 90 1 78 30 466 10
12184 124 3 118 69 581 15
3372 643 2 83 120 296 13
1797 186 3 121 43 261 3
2876 225 4 141 22 304 10
6584 28 1 19 53 250 12
181 29 6 167 49 68 1
11994 72 4 366 58 463 14
12026 340 2 67 37 136 19
502 56 1 77 117 689 16
10566 283 3 117 42 385 19
4362 150 1 93 67 497 4
9235 176 4 108 42 213 5
14304 166 3 142 34 884 20
7861 946 1 56 80 460 9
11882 91 1 32 65 613 6
8902 301 2 79 80 634 14
11449 700 1 89 43 120 20
2979 112 2 117 32 578 2
2396 113 3 66 48 765 3
8951 261 1 96 59 382 16
14482 82 1 29 33 125 11
1028 97 2 63 93 239 3
7146 247 1 79 113 126 12
9592 612 1 340 34 277 9
11204 113 3 125 44 197 6
14527 281 1 190 96 276 17
1061 263 6 130 31 154 14
14843 120 2 139 43 516 14
1498 17 1 80 45 231 7
14545 78 1 71 45 520 6
12084 341 2 117 72 87 1
1481 27 7 396 23 418 7
5161 199 3 77 74 90 2
7452 302 2 62 88 329 3
14729 909 1 80 43 720 2
10372 103 2 127 83 468 7
13856 107 2 122 44 455 15
9102 19 1 97 111 570 12
9779 281 1 56 23 622 12
4081 346 2 58 48 385 16
10486 331 2 33 62 247 12
185 721 1 159 62 592 11
6735 287 3 85 32 90 15
11573 40 2 181 39 425 8
632 184 1 70 26 651 2
6765 286 2 108 92 136 4
8364 297 2 81 28 528 4
14316 15 1 34 28 438 11
1226 241 4 150 47 426 17
12121 327 1 297 77 900 20
3481 37 5 151 57 627 2
6372 292 2 152 58 141 13
14059 215 3 151 34 710 16
8665 236 2 76 28 806 6
13236 60 4 310 76 110 7
5400 230 3 396 62 570 20
13976 161 2 44 53 105 9
11705 889 5 115 105 158 20
5806 929 6 168 107 521 4
7269 204 4 129 106 524 13
2901 226 4 113 51 675 12
7152 277 2 64 53 787 12
3349 716 4 197 87 190 12
11466 772 3 74 50 126 20
7047 344 4 200 33 283 4
6131 605 3 83 63 448 3
13983 10 3 146 22 261 5
9590 187 7 256 84 454 2
5373 202 4 217 114 294 20
8077 42 1 146 41 675 17
2305 228 1 44 49 400 14
9264 278 3 108 30 142 11
11718 778 3 86 44 131 5
13646 256 4 228 59 346 10
8839 305 4 144 60 294 20
6546 651 1 70 69 524 1
5740 148 3 90 41 148 18
3058 954 1 104 25 529 5
4515 133 2 79 61 689 5
12718 872 2 71 45 831 6
3980 301 7 205 24 415 11
3122 143 5 320 109 378 20
2580 287 7 358 55 600 3
5010 125 3 187 51 447 14
12961 161 6 162 31 556 15
13762 113 1 42 72 327 13
3793 295 1 61 123 145 9
7019 209 7 199 25 160 18
7401 239 1 33 43 484 8
7986 245 2 71 44 411 12
9121 21 1 146 35 468 2
5176 753 2 80 60 172 16
1741 302 2 55 82 380 16
12417 235 1 125 77 172 11
2125 82 1 65 88 91 20
4997 13 1 41 47 423 19
12466 295 4 377 25 407 18
6333 244 1 117 78 134 5
8473 280 2 182 39 633 11
2490 102 1 80 110 535 10
7902 321 3 235 36 382 18
11910 58 2 109 108 408 1
8188 293 4 279 48 445 10
8459 64 2 73 40 433 10
3635 318 2 126 19 571 9
3383 854 2 110 37 709 11
5771 346 2 116 45 98 4
4976 168 4 144 56 358 6
7741 180 1 174 96 717 20
12867 927 4 215 60 144 3
11787 26 6 220 64 492 18
14399 965 1 35 61 570 14
3302 313 2 98 40 384 1
9775 33 1 31 27 103 1
9525 220 1 65 124 159 4
5158 76 4 319 70 188 17
2051 293 1 78 15 448 10
13115 114 3 115 58 98 10
10459 701 6 177 43 429 9
637 997 2 79 19 398 4
14671 278 6 254 37 360 5
9901 20 1 39 70 633 7
14522 121 2 147 24 636 4
4199 22 1 100 29 414 18
14239 306 2 144 51 106 10
12755 814 2 70 112 122 3
6132 248 1 47 25 312 20
11657 130 1 128 66 136 14
10876 145 5 159 100 158 9
50 339 2 182 96 540 12
995 54 3 192 54 149 17
8507 59 1 119 22 450 8
9429 311 2 91 79 319 12
14295 166 6 281 42 381 15
3884 752 3 84 35 633 20
777 162 4 148 74 290 7
113 30 3 137 23 454 2
4382 204 3 125 41 240 10
464 974 5 210 41 338 2
4724 105 2 81 48 444 17
4759 41 2 195 80 219 18
2967 264 5 308 80 130 4
3080 279 4 128 82 527 20
8822 184 3 140 24 983 16
655 767 3 160 61 129 18
12060 287 1 93 26 543 6
12603 86 3 162 87 604 16
7285 254 1 50 49 651 12
10365 246 2 158 66 147 2
13116 219 2 310 60 282 6
137 17 2 89 53 387 7
9852 110 1 63 29 419 16
8931 289 1 37 65 389 9
7234 17 1 45 42 345 18
1789 282 4 281 103 1001 17
3748 27 1 21 65 376 20
13153 25 3 239 25 742 1
5239 210 2 107 26 306 14
12422 20 1 55 108 568 8
8141 94 2 65 80 571 16
409 167 1 47 52 219 1
3580 344 2 128 84 204 11
7704 27 3 97 92 714 5
14120 174 4 157 23 197 9
3018 105 1 39 74 469 13
4668 237 4 190 105 112 18
14465 155 5 180 63 145 18
12199 313 2 32 87 377 5
2686 37 1 155 87 543 10
12200 755 3 230 46 467 10
5802 98 2 80 52 477 19
4979 62 1 34 95 324 19
10552 130 4 92 91 570 3
10699 348 2 233 79 295 8
8617 823 4 160 34 145 13
4231 711 1 40 96 417 9
586 15 1 33 108 384 1
11456 70 2 85 72 214 1
10932 242 4 113 63 321 17
5357 16 2 61 42 441 13
7357 774 1 61 68 111 5
14559 47 3 65 52 219 20
10772 242 1 73 107 396 3
6345 238 2 92 71 219 9
8647 171 2 85 75 168 16
8766 684 2 112 67 229 14
13635 607 2 39 105 230 4
10862 257 1 107 24 583 15
11177 253 4 147 79 399 5
6191 310 2 95 70 438 12
10588 301 6 343 80 162 13
8350 295 5 264 46 433 6
7418 285 3 163 30 995 3
8331 802 4 98 20 131 2
12021 206 3 89 60 653 9
10197 12 1 90 51 222 10
12417 46 1 29 75 438 2
7040 253 1 35 48 293 17
12365 313 3 134 58 133 16
1087 155 4 170 43 288 16
11633 234 1 72 19 736 14
13136 268 1 64 17 374 8
380 221 1 38 46 368 11
171 39 3 76 63 179 15
8483 107 2 105 22 411 16
929 233 1 52 91 364 20
6466 665 3 108 71 495 12
12046 12 2 49 16 877 5
6498 195 1 61 70 464 6
13585 119 2 183 72 526 1
6808 632 6 184 73 602 16
11700 846 4 255 77 293 16
2870 332 4 285 68 515 11
7243 752 5 104 46 79 2
6016 786 5 176 106 278 18
1248 336 4 150 43 570 15
14611 39 1 51 44 249 13
6393 306 1 53 26 299 14
2005 220 2 37 39 593 12
10648 302 2 62 61 373 9
5915 311 3 173 24 529 9
788 96 1 69 34 406 8
10985 320 4 298 101 609 4
6476 128 7 511 29 360 15
11832 916 5 118 57 199 3
2781 184 3 127 103 105 9
6127 203 2 473 83 436 13
9235 191 4 159 98 62 1
5220 347 2 62 111 137 10
3162 117 3 114 72 244 12
12141 306 2 111 38 543 3
5704 19 2 78 47 260 4
10610 111 3 83 99 134 14
12889 218 4 162 120 561 5
13299 286 1 118 27 412 16
13704 226 2 55 21 540 20
11589 81 1 34 51 320 6
34 324 7 450 29 428 8
3290 285 3 97 112 106 14
1080 669 1 78 30 657 1
9280 278 1 106 77 359 14
3798 606 5 107 39 343 11
8560 231 4 318 69 256 4
7238 322 6 248 109 281 14
8505 228 5 350 58 169 3
1439 739 1 44 25 393 8
839 17 2 79 44 309 13
9742 13 4 84 116 139 8
3409 209 6 252 76 322 3
7054 936 2 51 72 518 10
6541 805 3 76 104 160 8
8215 979 3 87 40 623 20
4312 26 3 68 124 127 5
6350 170 5 235 45 374 16
8758 160 1 78 48 359 17
14195 143 2 80 34 144 3
12263 288 2 48 47 535 16
34 145 3 86 35 201 4
6494 986 4 89 98 798 10
10383 90 2 91 51 374 5
8360 232 4 309 115 324 16
5618 99 4 190 59 588 16
14969 248 3 131 91 544 10
9863 58 3 75 17 508 1
8731 343 5 191 62 579 18
13339 256 4 299 41 365 4
7211 89 1 79 26 694 7
1177 178 3 90 44 189 18
4602 96 1 124 47 122 10
2290 667 3 61 72 249 6
13967 944 3 76 55 167 2
3178 165 6 160 109 279 6
14113 219 4 296 46 416 4
993 115 3 134 31 382 9
14487 217 2 49 44 607 8
13493 105 2 92 48 275 15
2433 335 2 46 76 282 11
14521 116 2 133 50 397 5
10623 333 2 135 35 310 10
873 203 2 109 50 704 6
1601 177 2 53 33 132 4
4912 974 1 279 98 975 20
2874 117 4 299 63 141 1
12145 139 2 128 90 349 12
1796 39 2 217 45 147 7
124 752 4 169 99 132 5
11399 782 3 48 57 176 1
321 135 3 89 81 80 8
8939 984 6 422 35 231 7
11725 127 1 359 93 615 3
5699 75 2 242 24 996 3
13106 141 3 238 62 200 8
3599 143 2 85 65 503 4
10276 221 1 38 35 315 13
187 18 1 81 101 172 8
9685 226 2 121 68 85 18
3322 182 2 76 27 511 5
149 16 7 208 41 585 6
11509 674 2 117 36 287 20
1222 27 4 95 18 759 11
12230 625 1 108 15 563 13
8068 192 1 44 42 348 17
4423 96 1 89 24 591 1
11035 648 5 148 73 495 8
9279 180 2 70 80 497 4
643 78 4 69 108 85 15
6804 153 2 209 68 348 10
11988 326 2 149 115 847 5
14089 140 4 80 54 324 17
2333 213 2 377 53 80 16
2905 91 1 117 102 606 18
13087 245 2 87 66 391 15
11769 225 1 35 56 772 10
8823 268 4 174 46 82 5
1963 66 2 146 93 155 6
1164 979 5 397 18 264 6
6446 309 3 68 51 403 10
7121 131 4 123 35 469 5
2397 232 1 158 89 196 20
7950 658 4 114 52 455 2
7465 14 5 320 110 308 6
7077 80 2 101 52 187 20
2410 306 4 188 43 629 11
7593 644 1 160 46 347 4
13064 255 1 130 38 581 7
11354 949 4 113 14 795 13
11017 94 1 59 15 670 11
1116 147 1 18 91 334 9
14558 218 6 349 105 114 6
7623 218 3 79 53 72 20
11598 327 3 388 97 921 7
5078 131 1 113 77 210 14
5475 133 4 270 31 382 19
836 675 1 55 56 646 6
4729 321 5 97 95 60 2
13830 825 3 174 19 412 9
14957 321 6 276 46 203 14
10097 302 2 112 65 265 11
1497 58 1 64 94 696 18
2716 160 3 71 70 285 18
2245 144 4 286 79 145 14
2818 94 2 178 51 209 7
13675 964 4 242 103 205 8
11552 269 5 350 102 542 14
6384 222 1 45 47 237 4
3820 161 6 232 37 517 9
7076 91 1 69 41 103 9
14215 844 2 106 63 586 10
2730 284 3 58 37 778 11
2141 290 6 204 46 489 18
4986 90 6 124 47 91 1
9707 87 4 221 51 248 2
14386 309 4 93 36 711 2
5605 124 1 118 50 452 12
2282 77 3 490 58 449 13
8128 980 5 135 45 519 3
6591 234 7 473 44 331 5
14974 106 2 54 101 81 11
11045 60 2 143 26 291 2
10003 304 6 206 30 712 4
6328 326 1 76 95 350 17
12836 346 3 259 22 317 20
4268 143 1 220 79 108 1
74 150 2 191 31 413 16
14181 78 4 122 24 654 15
10872 189 5 142 33 553 5
12129 37 3 122 77 262 6
2193 741 3 188 45 996 19
3627 344 2 161 120 574 6
6712 239 2 183 68 220 20
14369 45 2 94 33 610 3
872 238 1 53 53 260 10
4746 162 1 34 87 352 10
4367 285 6 154 71 82 3
6819 34 2 80 84 180 10
4489 137 3 108 22 871 2
2084 146 7 464 30 577 19
2296 860 1 17 65 330 19
13804 710 2 224 87 515 18
10358 640 4 167 63 563 10
14445 107 3 90 17 481 18
9885 253 3 208 108 570 17
8958 44 5 253 49 128 15
7478 92 2 125 43 338 5
10925 56 3 176 43 416 13
9892 344 2 83 93 646 15
10373 140 2 123 107 706 20
2451 261 4 134 33 988 17
7131 109 4 89 97 114 12
10206 850 5 256 50 118 11
13042 250 2 80 22 345 19
11281 266 1 23 60 258 12
4141 332 2 86 56 96 7
7511 288 6 137 21 166 17
11642 184 2 51 54 496 13
997 42 2 107 92 475 2
3952 313 1 38 52 447 9
11288 645 5 176 86 147 10
8998 41 3 210 57 715 3
9876 165 3 128 63 388 2
10610 81 3 101 106 292 5
8153 56 2 80 114 140 13
5862 311 2 86 34 453 17
10266 280 1 154 20 728 18
7242 603 3 163 55 134 15
6026 83 8 420 95 418 8
14486 252 1 19 112 415 1
14030 80 1 64 61 353 8
14686 53 6 369 103 441 9
9432 741 2 78 21 788 14
9293 257 2 56 46 615 8
12922 124 2 325 49 651 6
14295 245 4 203 44 230 17
9388 185 2 206 123 524 5
12824 16 1 36 69 416 12
1125 196 3 185 25 388 5
2895 709 5 157 80 116 14
9095 262 2 128 22 483 3
10654 72 6 186 22 718 7
11728 329 1 33 26 75 20
14629 294 3 106 61 176 4
9287 335 3 126 82 159 18
2855 256 3 112 48 437 17
10921 52 1 115 22 483 10
14502 217 2 71 102 448 2
2374 291 2 109 14 699 3
14104 178 4 333 62 473 5
12034 68 1 55 40 112 20
3124 159 3 153 38 907 18
7538 228 3 91 39 483 16
2656 335 3 118 63 893 1
648 149 1 52 17 859 15
68 172 6 151 35 327 11
14879 258 3 66 70 234 10
7147 347 2 80 81 131 14
4894 891 4 301 103 426 17
12904 348 1 116 24 633 7
12676 278 1 94 26 75 4
7718 832 5 218 53 398 16
11607 112 2 69 94 421 2
5747 636 3 99 78 519 10
12740 241 3 96 34 95 3
10727 823 2 140 38 698 7
10916 68 4 151 46 246 1
3444 14 5 107 51 595 16
4024 628 2 128 24 392 17
14280 51 3 114 76 112 13
13398 691 5 245 107 143 4
14019 219 2 114 65 170 18
4758 333 2 123 24 145 13
13269 140 5 153 59 284 12
1562 120 3 98 126 128 5
2888 36 2 69 112 439 10
3895 103 5 96 86 64 1
3037 809 1 55 38 259 1
3758 294 1 71 32 250 16
9787 305 1 79 91 531 5
7971 314 2 136 83 173 15
8903 18 2 178 28 418 20
414 144 2 89 27 214 11
2246 259 2 136 76 605 3
2262 259 3 78 92 635 13
12079 240 3 89 27 476 6
1246 209 1 72 47 490 15
14620 874 2 112 44 705 2
8141 235 3 80 37 161 5
2239 336 5 136 76 105 7
8981 924 2 211 62 362 13
13543 112 2 119 17 925 8
8681 129 2 116 69 257 2
5395 305 1 95 60 444 6
6181 123 4 184 29 821 4
13742 321 2 57 116 171 13
11580 299 2 92 67 124 18
14795 112 1 106 24 472 15
8439 143 1 63 14 366 13
12744 142 2 218 79 712 14
14083 342 2 45 70 612 13
9196 156 1 40 66 359 3
11753 308 7 455 25 341 15
7374 64 5 193 53 607 15
2640 123 7 278 74 636 19
11722 695 2 247 87 503 2
7877 325 4 128 28 283 15
11398 234 2 178 95 111 2
12515 934 2 51 74 306 11
14305 727 6 145 25 120 15
4341 137 2 55 12 528 15
6173 311 3 63 89 92 9
11997 310 4 460 89 469 5
12940 176 1 70 42 746 3
8624 178 1 45 58 553 5
2069 189 1 47 29 298 5
13362 112 1 77 19 366 2
3545 154 1 35 62 558 1
7084 288 1 39 48 462 9
11363 127 1 102 80 568 14
8850 178 4 231 57 333 7
9493 864 1 108 23 890 17
11858 707 1 135 92 488 11
13459 266 4 72 66 96 3
304 202 4 142 66 112 16
9932 104 4 184 61 138 12
13327 252 5 214 26 334 19
9336 251 1 82 38 201 17
4810 78 2 52 76 302 18
8983 178 3 131 48 99 3
10482 223 1 88 40 194 11
3836 643 2 48 28 131 1
4185 24 2 114 110 193 4
6876 210 2 207 70 532 16
10385 158 1 131 53 381 8
3386 170 5 268 89 304 4
9788 801 3 184 80 603 9
1241 114 3 117 41 290 17
14406 50 1 48 76 362 15
2848 689 4 92 104 471 3
2247 202 6 135 38 215 2
9350 342 5 369 43 416 9
7825 342 2 96 42 399 5
3123 177 2 56 69 312 8
11965 93 1 55 63 470 14
11884 37 3 92 99 83 6
9319 287 4 142 37 530 19
4185 237 1 38 56 506 1
6079 272 2 120 25 735 11
5525 896 3 101 60 578 15
12506 52 2 181 67 125 15
416 229 4 243 35 775 10
14577 774 1 66 46 492 11
8978 93 4 160 36 376 3
7490 174 1 149 20 592 11
12980 48 3 121 24 330 16
13495 81 4 89 40 298 1
6991 342 4 149 81 754 11
14916 71 6 167 44 384 13
4970 24 4 398 81 470 20
8709 156 3 66 33 315 15
5100 308 4 152 36 526 1
8415 911 1 78 44 342 3
13515 271 3 95 56 207 14
9775 258 1 32 62 646 15
274 348 1 45 21 162 20
12855 35 2 180 78 439 11
2995 318 3 189 29 135 6
13249 185 3 68 46 593 5
3453 311 1 78 76 100 1
10794 215 3 133 18 346 16
6359 294 4 121 37 423 15
14646 332 5 259 75 193 20
11020 301 3 269 67 288 11
674 72 2 160 18 135 8
1918 154 1 42 41 540 3
8992 176 4 263 83 287 18
203 607 4 199 98 154 5
10955 172 2 73 27 788 3
6426 117 2 84 54 219 5
9115 216 4 126 25 137 10
8520 26 3 124 24 191 7
10547 251 3 165 64 739 18
1880 824 4 114 13 774 9
241 350 3 130 48 118 1
10108 925 1 35 51 525 10
2597 25 3 191 108 118 20
10336 294 3 73 70 221 6
2991 890 3 190 94 135 6
3247 699 7 223 73 127 5
4446 306 3 102 51 264 11
10776 962 2 124 100 79 12
6275 114 4 392 89 813 15
8197 879 3 100 44 283 19
7256 318 1 67 27 396 17
7559 104 3 169 33 565 13
13141 264 4 220 68 520 14
14901 285 5 229 72 152 3
1588 277 2 158 65 107 20
9408 887 4 168 39 100 3
85 104 1 71 40 315 7
12581 212 5 232 31 483 15
5560 10 1 102 82 143 6
14943 73 2 102 60 105 1
13901 178 1 112 48 647 20
14701 336 1 43 31 175 2
12638 269 2 90 87 86 14
8107 33 3 77 115 86 19
11447 966 2 158 24 491 17
7864 166 1 123 67 420 5
3191 33 2 44 110 322 14
2507 122 6 143 107 987 2
3603 125 1 40 37 365 6
1635 292 7 433 120 560 1
2154 298 1 36 111 343 20
3035 796 1 22 45 639 11
12008 71 2 96 93 137 1
6437 795 7 619 22 212 14
8971 762 2 137 62 672 3
13571 228 2 71 73 497 18
13087 234 2 87 28 169 20
14182 149 2 68 42 480 8
9406 156 4 172 32 307 14
3756 197 1 367 32 228 15
11991 277 1 357 125 508 13
11695 286 2 69 69 84 16
7783 312 3 125 29 210 20
10181 249 4 396 96 523 11
10753 64 1 109 108 486 19
6213 900 1 32 58 438 11
13072 294 1 23 55 636 6
1590 339 4 68 53 561 2
1515 168 2 72 60 90 16
3757 177 5 239 70 105 10
13422 229 1 61 41 305 16
8161 197 5 213 85 663 20
11303 53 3 181 86 128 20
5894 339 2 92 45 280 6
2615 192 5 321 97 536 2
12651 320 4 71 42 286 1
11166 129 3 101 107 206 8
3753 265 8 273 48 555 4
5285 745 1 135 120 119 16
14953 184 1 44 97 234 14
12566 151 4 162 52 349 13
2073 155 1 38 52 412 3
835 213 3 70 116 171 2
5984 622 5 181 68 134 9
10422 796 1 41 25 560 14
12224 93 1 90 39 659 4
11337 324 1 37 74 576 20
12335 339 5 377 119 335 6
8306 19 1 123 67 473 13
1731 207 4 86 77 479 16
8860 10 3 168 95 217 11
1283 108 1 81 44 540 12
8676 114 2 127 81 263 4
14477 834 1 21 62 377 11
10699 301 3 133 65 223 19
9748 302 1 87 28 505 11
9316 884 2 114 112 136 11
4181 960 2 120 61 389 20
8835 214 3 51 48 851 8
2515 282 6 265 108 295 2
1925 79 2 78 82 154 16
11194 63 3 151 43 799 20
9758 196 6 105 49 83 20
13973 13 2 123 69 76 4
3416 294 1 28 23 924 7
9731 64 1 24 44 144 9
675 143 2 135 72 573 1
9306 79 1 188 52 235 16
1559 323 2 195 75 604 2
6970 44 1 23 44 556 7
10704 81 1 34 37 230 20
12985 205 3 111 72 121 3
2025 649 2 53 72 312 20
6491 284 4 271 32 343 15
9206 112 4 269 72 530 16
14139 117 1 22 72 409 13
897 134 2 47 120 157 5
13453 109 6 190 70 425 1
1585 323 2 69 55 738 16
1312 213 2 112 113 623 11
13586 215 6 416 91 512 20
12544 42 2 49 127 145 9
4995 82 1 64 52 298 6
1646 337 1 57 32 684 10
3662 196 1 19 79 460 13
7003 299 5 228 55 473 15
855 274 5 310 124 323 10
9547 908 1 32 95 467 16
4760 348 4 178 66 552 12
13413 318 1 83 54 544 5
4908 883 5 212 62 499 18
9248 347 3 194 36 587 17
3069 75 5 184 86 219 3
75 239 2 39 71 410 17
503 143 6 255 91 368 8
8682 253 5 99 68 80 1
13332 307 3 129 23 715 20
10294 69 1 129 84 388 13
9648 171 4 321 69 724 7
7624 260 1 61 20 488 7
7498 224 1 75 80 119 3
6664 331 2 114 44 406 3
2727 329 4 129 101 140 5
11374 316 3 155 47 586 5
3230 637 5 166 48 794 12
5839 258 2 142 70 517 5
10459 346 5 351 68 172 5
14997 907 3 134 27 423 1
9279 110 3 179 39 215 7
2689 250 6 132 88 171 13
8880 649 3 88 42 471 9
6332 14 2 224 94 450 8
3614 317 4 87 78 167 13
6273 64 3 92 72 247 19
1902 965 5 163 59 296 9
4466 35 2 86 23 147 2
671 665 4 194 16 323 7
13425 71 1 28 46 78 7
12383 346 1 184 50 341 9
13411 252 1 36 93 410 12
13579 614 3 204 81 246 3
11949 117 3 139 85 341 4
6853 205 3 71 79 460 4
1050 235 3 92 26 155 3
13805 319 2 89 28 430 19
2538 221 1 43 24 453 14
5092 242 4 320 18 210 3
4504 302 6 266 79 127 17
5659 996 3 59 112 332 6
413 200 1 38 43 265 5
14272 102 4 159 89 429 2
14501 347 1 22 104 366 8
13162 28 1 40 31 388 1
13807 231 3 83 27 222 2
12070 275 5 541 85 485 7
8521 198 7 408 83 701 16
4823 115 7 113 39 335 14
10200 151 1 46 68 728 2
14682 70 5 138 20 212 11
8974 164 3 119 24 714 5
14609 790 5 270 117 280 17
3195 691 1 157 21 398 16
11283 147 1 61 36 341 5
11773 187 2 122 29 253 20
14783 275 7 162 43 360 7
3730 334 2 120 44 662 9
3822 314 4 141 80 101 16
8243 664 6 281 83 518 8
11239 78 3 191 99 169 7
3191 199 5 159 64 716 13
13919 266 1 95 29 400 19
3956 60 2 245 22 278 9
5074 620 1 144 48 313 19
10868 213 4 159 90 592 14
10258 213 2 107 41 712 20
1064 80 1 45 68 421 16
1042 291 1 49 64 692 17
3575 103 4 193 87 634 13
8562 264 7 182 25 224 3
7543 972 2 61 89 469 5
6433 296 2 127 43 370 2
11455 90 2 116 68 196 2
12263 911 4 176 61 512 7
8252 316 7 181 35 195 10
13385 44 4 133 85 169 7
3903 131 2 136 72 397 14
12900 225 2 134 30 391 15
4988 215 6 160 54 643 15
6231 18 6 187 40 815 2
7804 734 1 36 33 320 20
10296 318 2 120 43 485 7
9929 216 2 169 39 375 16
9029 787 1 27 69 538 11
12023 335 3 247 65 312 20
6453 773 4 172 83 533 9
5489 263 5 165 93 232 17
14473 944 6 332 56 189 4
14453 260 3 135 104 607 15
12341 80 5 152 91 303 5
3080 827 2 55 12 733 7
2847 735 6 161 37 279 6
9408 195 4 92 50 387 2
9315 182 4 183 54 437 18
3233 266 4 89 94 226 17
775 145 1 104 22 246 8
993 237 1 72 41 464 9
13853 49 6 132 47 590 17
7880 271 4 230 56 326 13
8382 206 5 107 95 119 15
8073 128 2 137 80 104 20
10910 861 3 104 39 280 4
759 712 5 101 113 86 16
3658 21 3 232 67 160 2
7723 52 1 56 28 151 18
4992 104 3 137 45 179 13
14797 62 1 229 41 266 7
10722 813 2 67 26 78 9
2110 833 4 391 63 428 14
858 289 1 29 63 474 16
13745 176 6 251 40 726 15
7473 177 2 38 110 235 8
3614 235 1 63 48 137 6
2772 145 6 373 85 214 1
340 189 4 379 92 164 19
5697 135 5 172 36 464 5
14577 70 5 262 50 829 5
9890 184 1 263 45 432 8
7807 209 4 106 70 228 19
5036 991 3 88 33 547 6
8091 226 4 131 60 411 20
13409 226 1 219 121 546 19
2835 169 3 97 35 166 6
13881 94 6 296 86 97 7
14536 251 1 35 65 519 16
10899 207 4 107 100 149 16
1301 622 2 77 39 131 8
8275 105 1 56 48 149 2
1980 113 4 131 35 978 13
11263 119 4 186 95 110 12
971 727 6 197 88 212 9
2328 121 1 74 55 408 8
5594 134 2 159 22 476 11
1737 992 4 124 23 221 10
3221 294 2 56 48 98 4
1180 127 3 156 38 284 14
9442 104 1 42 68 99 16
3863 212 1 88 65 702 13
13441 206 6 417 103 789 8
11465 226 4 86 114 92 8
187 205 3 110 84 114 5
9751 103 2 221 75 679 4
1298 51 2 70 48 419 2
10080 68 5 193 91 241 16
13592 297 2 81 26 186 7
620 100 1 38 20 750 11
3908 207 6 191 51 158 10
1356 255 3 151 42 607 3
361 731 1 75 61 334 8
12009 324 2 145 25 556 14
3801 253 1 123 27 482 3
5557 17 2 82 72 382 7
9508 199 1 125 31 633 2
13836 167 1 64 22 520 7
8963 134 2 93 109 92 16
7975 978 3 245 26 417 8
14080 153 2 88 77 110 12
4270 168 3 153 32 315 2
9449 96 5 129 51 340 6
5605 675 2 156 30 902 18
834 242 3 67 72 194 1
3460 63 5 113 109 117 11
244 84 1 31 32 158 1
8706 149 2 33 39 857 10
5889 877 1 112 107 575 8
4578 182 1 90 124 258 12
3973 191 1 126 18 349 1
7556 141 4 142 99 148 5
4179 78 6 422 25 359 8
6397 349 2 86 23 181 19
11801 173 2 59 38 105 4
2548 196 6 214 43 246 6
11609 192 3 243 40 295 16
7822 263 2 80 59 167 2
5227 92 2 132 19 736 11
2777 327 2 58 81 324 9
1105 196 4 93 90 62 16
3979 112 2 157 103 622 18
10861 913 3 134 70 63 2
8837 62 2 59 47 800 17
10981 232 3 195 38 570 2
12346 930 5 222 61 551 11
597 297 2 83 80 377 3
6745 269 1 48 51 372 20
3078 334 4 101 16 406 15
10477 128 7 135 51 199 3
249 11 2 34 86 204 4
217 171 4 137 81 340 4
9629 145 2 95 70 343 12
4571 795 2 46 50 395 14
2870 303 5 336 95 167 17
13944 64 5 114 41 325 7
13544 329 2 67 100 353 17
10832 812 2 132 64 610 14
8621 124 1 46 46 387 12
6704 309 5 107 84 213 16
12768 98 5 81 65 145 20
4384 992 3 209 35 382 13
13082 295 5 189 104 140 13
4419 278 5 144 58 213 16
14472 309 7 377 62 587 3
12378 55 2 77 60 658 15
5479 348 2 117 97 85 13
12446 305 2 78 84 476 11
13578 310 1 99 53 536 14
6567 13 6 119 45 261 6
9137 193 3 134 87 506 14
4759 157 1 176 60 116 2
683 247 2 91 65 406 8
10704 40 5 233 26 616 18
8757 346 1 72 26 713 9
5819 229 2 132 41 149 1
5923 240 4 85 90 113 3
2609 90 2 101 47 412 9
9880 11 2 171 95 160 17
10598 620 3 220 105 443 16
14341 653 6 359 106 158 5
7127 836 1 98 49 395 20
1813 861 2 128 56 507 8
5596 831 4 130 86 831 12
7165 344 4 167 78 139 14
1550 118 1 33 25 447 9
9304 298 4 162 75 122 12
10818 50 4 174 115 443 12
7946 10 6 176 89 138 4
14519 869 2 75 50 386 17
11465 245 2 81 56 513 20
8041 898 5 153 101 105 10
2312 91 3 181 107 104 17
10818 685 5 218 59 617 17
13899 616 1 16 52 372 3
12896 302 2 71 46 305 12
12800 268 3 169 30 415 15
5035 341 1 224 98 633 12
7772 298 1 34 58 317 3
14688 117 5 169 92 217 3
9147 85 6 207 36 285 5
14690 761 3 116 77 354 2
5852 30 5 156 78 92 11
9181 183 6 278 48 153 17
4078 159 1 38 61 372 18
3184 138 3 179 97 557 12
6373 250 2 103 26 324 6
9252 306 1 117 74 438 10
3778 922 2 64 108 432 15
8955 333 3 112 24 342 1
2989 237 2 56 30 142 10
9153 211 1 19 94 261 3
9543 322 1 55 30 113 14
7153 339 5 354 85 348 8
4798 159 2 71 98 163 4
12256 317 1 18 74 381 13
4077 74 2 122 21 682 15
8157 330 4 210 83 140 5
2335 156 4 97 26 576 7
9818 242 3 130 86 551 1
8260 899 4 142 66 407 10
220 345 3 124 59 649 3
3736 54 4 167 31 423 7
10130 108 1 44 28 258 15
3681 218 1 37 43 388 1
12352 200 1 158 24 424 5
8441 146 3 126 81 262 17
10952 665 4 123 27 142 5
5927 253 4 124 35 180 11
10726 958 1 32 53 565 13
11222 846 3 58 35 559 19
12584 20 1 33 16 729 10
6183 295 1 55 96 644 14
11180 252 3 172 100 378 4
14060 151 5 209 44 544 15
12379 147 7 408 94 491 18
14124 196 1 110 38 619 5
8178 213 6 372 74 535 4
5455 321 1 73 17 556 6
12336 787 5 97 74 166 9
14173 259 1 161 51 708 10
8855 18 4 216 84 411 12
9725 299 6 173 56 517 1
9338 15 3 142 27 239 18
10659 337 1 42 39 351 1
13418 85 6 119 63 173 17
9552 193 1 153 39 288 17
14778 105 4 155 35 389 19
11760 229 2 148 56 500 10
7484 209 3 103 60 281 18
961 131 4 178 68 193 11
4609 278 1 228 99 202 3
3629 108 1 73 109 173 16
14275 611 1 31 75 304 7
5381 115 2 170 56 472 1
3101 848 3 192 95 679 8
8787 315 2 63 88 561 8
14521 783 3 117 31 494 1
14741 143 3 181 63 608 7
5202 102 1 39 66 255 12
9670 218 1 20 71 454 20
6309 605 2 69 19 735 15
6784 168 1 43 45 139 11
7420 62 1 34 25 92 20
9248 85 4 138 45 336 6
9111 159 4 152 55 545 12
10921 76 1 50 76 126 20
10744 289 2 151 13 380 5
3760 26 2 75 76 229 10
13935 951 6 517 20 247 7
12621 800 3 132 25 304 20
13334 82 3 247 75 968 8
14008 295 3 231 60 414 4
9120 99 4 131 27 576 13
11423 187 1 32 75 457 3
6922 134 2 116 50 342 4
14564 115 1 88 69 716 20
12371 923 2 161 59 436 10
1158 313 2 155 13 424 20
8272 322 2 97 29 283 6
7439 36 2 97 57 530 13
14130 158 2 131 42 514 5
11921 264 2 144 96 221 16
441 346 1 34 56 664 1
8433 151 1 45 88 406 19
764 239 1 176 62 134 2
6079 252 1 58 36 108 13
14976 719 6 522 30 307 9
11623 49 1 73 35 361 5
1053 220 2 66 95 216 3
1412 894 3 85 35 154 16
12750 770 3 248 40 661 17
7673 188 1 48 62 270 5
5810 873 6 448 32 306 14
7619 235 1 36 26 142 14
12437 12 2 383 76 386 19
12389 891 2 72 58 595 14
10789 174 2 58 119 88 19
2670 233 3 181 110 424 20
11073 123 2 66 57 566 16
5703 85 3 82 27 743 18
8580 150 4 150 111 350 18
5856 161 3 83 44 230 6
6905 71 5 180 104 477 7
1094 349 1 51 92 230 9
14636 107 4 85 43 211 9
2583 129 1 289 98 88 18
4745 326 2 186 71 149 4
11165 15 1 188 58 77 16
9645 326 2 52 63 113 13
2630 837 4 87 77 874 11
7217 232 2 72 81 420 1
5002 264 1 133 86 433 4
9696 69 1 27 55 405 5
11230 212 3 175 63 151 16
13417 137 5 187 61 674 10
13229 347 1 33 41 80 12
11491 928 2 61 88 192 1
10781 277 1 114 22 557 1
7327 220 2 160 53 420 6
12372 305 2 79 54 68 20
8068 155 2 36 75 232 13
6545 53 2 81 35 232 14
443 965 1 122 18 182 18
11703 23 3 238 64 432 12
14238 87 1 23 71 348 10
8984 208 1 64 66 315 19
2578 158 1 63 32 87 10
4831 31 3 201 106 76 9
127 57 1 40 30 126 10
13899 254 3 239 76 336 13
93 123 3 59 61 678 20
5825 348 4 194 26 222 16
8398 617 2 183 121 610 3
7337 126 4 394 125 527 13
5646 325 3 183 31 420 7
7431 748 1 87 63 723 17
2276 29 3 315 49 228 20
14349 807 1 150 85 253 9
7349 187 1 58 47 312 2
4256 341 5 431 38 423 7
14943 327 2 51 92 359 8
11511 114 2 112 109 70 7
8209 43 1 107 29 577 8
2518 53 6 97 86 116 16
3361 223 3 227 118 601 13
5613 146 2 91 31 311 15
11098 130 1 59 29 428 9
5892 927 7 278 38 468 3
7535 350 3 67 37 404 11
7284 232 5 335 106 421 2
2184 289 4 253 28 960 3
12555 780 4 146 60 304 2
1297 14 5 133 87 154 2
11540 59 1 71 12 520 5
353 804 3 60 102 181 14
3670 98 3 69 45 591 9
10443 10 1 50 41 212 12
10752 107 2 91 44 496 3
7293 228 7 328 41 546 10
4101 172 3 197 63 516 13
12189 239 4 188 39 103 11
10112 98 1 87 52 427 19
10551 102 1 106 15 624 6
13183 284 1 74 49 299 12
2262 152 5 131 54 207 2
13825 804 2 108 57 554 16
7454 128 5 148 34 162 4
13351 105 7 168 21 192 7
10941 124 1 35 66 595 2
6596 954 1 209 48 190 3
2826 230 2 261 101 465 7
13261 56 2 77 40 115 10
10527 96 5 194 75 151 13
14030 297 8 184 28 674 7
1063 211 3 113 47 530 16
13544 184 1 61 40 335 10
9916 696 1 39 69 453 9
5020 337 3 112 27 145 6
8293 157 1 21 71 390 12
12391 188 5 86 59 147 7
13115 329 2 72 110 230 7
1799 205 4 182 80 172 14
8376 194 2 154 51 111 7
14378 43 6 135 44 514 18
5668 349 1 150 79 318 2
13089 336 3 179 42 514 6
8809 252 3 200 57 373 5
6043 256 2 120 93 483 10
12135 158 1 58 39 624 3
3884 265 1 36 37 530 2
3388 37 1 20 111 365 16
13755 128 4 142 81 498 18
6952 111 1 78 81 148 13
13804 252 1 110 65 407 3
9293 15 1 67 28 724 14
2264 842 4 86 116 109 16
8316 244 4 100 34 154 13
11366 604 3 103 57 225 20
12447 905 3 134 87 363 13
11858 144 1 79 46 517 7
5196 918 1 47 69 217 2
8801 865 2 134 86 245 11
6662 114 5 170 33 586 6
156 298 1 40 62 652 9
4444 304 1 192 83 266 15
11043 723 1 18 40 478 17
7234 129 1 24 72 520 4
7161 635 2 95 35 134 5
11520 332 1 27 69 332 18
11695 281 3 157 52 217 17
5110 162 1 32 46 90 4
7100 828 3 62 65 828 2
2352 859 2 55 72 637 8
7419 635 3 259 56 311 18
1916 147 1 232 84 592 4
13314 73 2 113 18 651 1
3845 119 7 396 57 385 13
6122 155 1 114 15 390 7
8452 115 2 153 28 373 5
1433 242 2 49 71 467 16
11630 251 5 326 65 545 4
3564 966 2 88 38 650 12
6499 231 2 64 94 449 17
709 156 1 53 64 87 1
5546 348 1 85 31 459 7
6119 173 2 43 48 677 13
12635 336 1 119 23 780 19
7812 151 4 88 118 103 4
3726 266 1 91 77 364 19
6154 329 1 34 32 303 13
1501 119 1 72 43 114 12
13466 82 3 64 39 223 7
8422 10 2 87 29 440 2
3216 229 6 366 41 395 6
8633 830 1 107 46 286 3
14904 67 1 191 104 424 14
2027 34 7 132 48 336 6
3618 217 3 92 66 663 11
3298 822 4 99 82 188 6
11995 334 7 261 76 620 1
11660 203 2 74 68 183 13
3023 112 5 195 41 451 13
14732 211 1 34 55 357 15
8414 252 2 57 50 486 6
2478 342 3 168 79 171 14
11178 265 1 156 75 110 2
10402 206 4 229 107 161 2
6737 19 4 153 101 892 2
11702 212 1 42 53 374 3
9368 126 1 47 60 587 15
5071 73 3 67 70 127 14
5392 201 3 182 44 582 19
13672 228 6 140 46 654 8
8649 178 4 291 97 467 12
7730 301 2 90 72 587 11
7186 235 4 232 103 507 11
12383 11 3 191 86 99 4
587 246 3 113 80 358 4
9261 216 1 76 22 81 11
1504 103 5 95 84 91 5
9047 177 3 178 53 762 7
4125 155 2 118 36 651 19
12345 55 2 78 60 529 3
12010 715 3 89 54 278 20
14707 305 2 77 45 372 13
5012 49 2 124 55 376 16
7835 201 2 276 69 201 13
8043 339 3 180 79 164 5
12023 25 6 178 90 282 1
5386 84 1 36 84 316 16
1182 651 2 39 112 229 7
9858 290 3 94 94 119 10
14876 737 2 108 52 315 7
311 314 1 87 41 687 15
9217 317 4 168 42 486 6
10816 874 1 22 78 315 14
11385 124 3 78 76 164 2
2418 967 6 191 22 179 1
12351 815 1 30 52 520 11
5330 24 3 99 86 717 19
13046 991 5 149 82 81 12
2276 282 2 146 64 319 4
13686 130 3 61 43 344 10
1012 938 1 67 37 329 17
3345 48 4 153 64 682 10
6171 344 1 109 69 500 18
3848 330 6 116 46 302 13
5905 233 1 72 57 630 10
13554 107 1 150 31 187 15
10173 88 4 146 71 222 13
5576 119 5 85 64 120 16
5175 25 1 56 37 628 8
3588 21 3 81 66 455 7
850 784 4 178 68 172 12
3972 206 5 128 80 248 10
12904 333 3 190 77 97 12
13413 132 5 232 61 382 9
303 626 2 63 18 707 11
7452 685 2 300 56 137 16
1415 817 1 91 44 562 18
3336 219 2 174 55 138 15
5970 55 1 43 36 721 6
6647 187 2 133 83 619 13
6099 238 3 247 104 683 13
4943 160 8 416 54 474 1
13033 343 1 127 20 422 11
8386 51 4 162 95 636 1
7779 913 8 344 44 597 15
11120 157 7 506 67 564 6
8435 215 2 170 109 143 13
14743 182 1 21 57 273 14
11176 130 7 211 25 341 10
10177 69 2 143 76 215 14
97 19 1 31 34 82 17
5348 315 4 162 30 376 9
13628 287 1 82 104 116 4
1325 270 7 454 56 433 9
13831 61 2 132 114 466 20
5771 169 6 207 58 398 15
12006 322 1 46 82 232 1
13550 42 1 111 115 505 17
1689 121 5 183 58 105 17
974 843 2 133 31 141 11
3084 259 2 98 18 107 4
10008 27 2 143 20 308 18
6990 193 2 44 33 163 13
476 190 2 414 99 659 6
8480 276 1 29 27 845 16
9062 210 2 95 64 701 19
14335 220 2 115 26 344 12
13570 226 4 118 80 81 6
3383 789 3 125 68 241 5
6048 286 3 112 79 586 18
3455 862 2 117 72 131 1
3683 605 5 292 112 488 11
10689 331 3 66 99 126 20
12935 183 2 92 47 263 10
3650 44 6 251 91 208 11
7435 172 1 59 12 467 9
8477 255 1 265 79 91 20
4189 349 3 111 110 512 3
9625 252 3 85 75 718 14
6562 262 2 123 23 462 7
8722 11 2 80 69 559 18
1336 749 5 225 20 577 8
12127 313 5 315 66 565 18
11619 54 7 152 28 200 20
10186 349 2 71 30 701 13
662 843 3 130 40 373 8
1423 121 1 53 18 719 15
5009 758 5 138 72 645 15
4590 321 1 56 38 221 10
11299 305 2 52 79 230 16
2724 643 2 205 78 686 17
6699 222 1 37 67 538 10
13305 225 2 113 38 462 7
4184 63 2 161 34 799 6
8521 196 3 129 39 234 8
7180 148 2 126 60 145 2
6534 345 4 163 30 617 9
330 239 1 77 54 835 2
13712 101 6 268 53 124 7
8032 267 4 159 97 95 11
13546 146 2 65 25 78 17
11348 138 5 321 87 208 12
3523 282 4 95 17 120 12
12015 328 5 379 83 415 1
3897 285 5 222 28 450 19
11430 634 3 172 44 123 17
9119 14 1 55 65 317 3
1813 32 4 70 82 124 18
5903 348 2 129 104 569 11
12716 776 4 144 77 291 9
1852 265 6 458 17 218 6
10 106 5 117 31 192 17
11726 774 4 101 38 498 7
5188 291 1 78 73 595 20
9240 896 3 362 104 128 20
14133 884 5 367 88 552 6
6655 250 8 372 110 676 16
4040 898 1 73 63 365 16
7269 74 1 63 42 285 5
12640 234 3 186 46 173 6
12913 51 3 58 72 233 12
32 158 4 136 83 216 17
12036 181 1 101 19 477 11
6920 21 2 95 47 613 8
12362 143 3 124 49 219 15
5966 160 5 281 120 492 12
7156 764 3 75 28 178 12
2513 326 1 81 122 298 7
6997 50 3 94 89 80 12
10322 225 2 112 59 484 20
1681 91 5 181 70 463 15
12481 877 2 138 112 599 19
4654 78 2 129 25 421 9
10078 662 3 76 101 94 2
3521 220 3 121 83 290 13
13207 710 1 55 121 125 2
5980 276 3 156 55 102 3
8994 289 1 19 45 352 18
12595 236 1 48 52 359 8
4412 267 1 22 61 649 9
9620 201 5 324 95 941 12
2293 135 4 345 71 588 3
1027 952 2 71 107 516 11
7336 333 2 33 74 399 11
5933 159 3 139 67 281 15
4828 249 1 92 53 151 2
13172 41 2 157 54 231 2
13700 313 3 138 89 672 10
7482 255 1 160 14 427 18
9568 198 1 39 45 383 17
14697 608 2 33 55 309 5
11186 55 4 90 99 306 12
5919 298 7 194 41 960 4
11683 213 2 115 40 186 7
4176 155 5 234 103 731 5
9199 43 3 93 57 345 15
9516 31 1 75 72 637 1
6986 84 3 79 52 95 16
1714 754 4 117 70 672 15
1995 217 5 176 106 159 5
7300 296 5 153 68 683 1
6901 245 3 125 25 418 12
2592 197 1 59 40 409 15
4885 52 5 134 33 490 10
7305 244 3 78 62 710 18
6151 312 1 61 28 140 20
7743 322 4 505 53 547 20
761 127 5 210 73 370 6
11216 309 2 54 71 514 13
10769 30 4 78 70 664 1
2067 334 3 82 88 369 1
6895 14 1 149 77 478 10
4199 96 5 191 20 266 13
14616 834 4 156 112 112 9
13970 184 1 56 27 444 18
7174 636 3 110 59 418 6
5617 286 1 74 88 235 17
8098 150 2 103 74 519 10
3428 180 4 178 44 263 19
14016 165 2 57 50 293 17
2486 118 2 47 66 533 14
6974 225 2 94 104 267 19
5978 856 5 356 69 487 11
13319 202 4 143 98 164 5
4800 181 3 96 21 423 6
9467 24 2 110 88 217 17
3020 345 6 211 34 172 8
13595 739 3 272 92 695 8
4388 288 1 36 31 402 13
7804 263 1 69 42 279 11
10667 130 2 68 69 68 3
9375 902 1 69 97 314 9
72 200 4 101 33 142 6
6817 686 5 124 36 382 10
2836 133 2 70 95 382 7
1343 327 2 56 47 452 5
14020 259 1 50 22 833 13
7457 329 3 142 45 311 13
14588 890 3 178 107 112 16
13859 59 3 111 12 860 12
3257 184 3 172 67 243 6
8981 219 2 164 93 98 9
6317 156 3 178 45 520 7
11019 188 4 125 57 467 12
3558 685 3 154 48 448 13
9828 114 5 155 38 198 6
13693 90 4 200 83 145 10
14886 318 5 124 79 696 16
9312 301 5 313 67 105 14
5670 152 3 105 40 275 1
822 88 4 222 56 592 3
3986 103 1 59 40 111 18
9323 38 3 124 36 423 18
12896 246 1 77 49 202 5
2801 74 2 111 122 523 7
13756 312 1 32 110 348 17
10004 250 7 402 60 117 9
3750 76 2 44 105 225 4
11762 221 2 67 70 225 17
6324 134 3 167 42 427 7
8008 90 1 28 43 147 8
2056 66 2 111 15 268 20
6002 281 1 48 45 74 12
9216 941 4 168 42 359 8
14536 59 1 84 116 349 2
11741 242 3 102 29 605 2
10219 244 2 129 90 188 10
8422 321 1 120 126 319 6
13753 129 1 38 28 579 19
5958 136 4 259 38 245 3
7926 128 2 92 26 288 13
8136 216 1 76 31 552 12
6400 50 1 159 33 380 9
12788 826 3 92 56 356 2
6163 607 5 192 25 911 15
5671 60 3 126 35 349 19
4595 160 6 247 50 132 7
12954 41 3 108 24 564 1
2212 282 1 70 76 131 11
13099 721 2 107 24 510 2
1784 611 3 148 37 699 16
7212 56 7 116 30 280 17
8695 296 2 128 42 625 11
12283 79 5 321 31 398 15
11342 98 3 290 25 353 14
4808 172 1 46 82 195 15
8547 601 3 91 65 527 2
11024 127 5 286 32 663 16
11435 70 1 47 59 613 12
8110 262 3 68 42 681 20
5207 21 1 54 13 368 11
10316 125 3 185 46 201 1
14626 303 4 68 111 126 19
8909 175 5 266 35 219 17
4632 166 8 322 59 634 4
614 653 4 160 123 169 11
9298 869 4 102 19 136 15
11298 347 2 86 48 309 2
9426 44 1 64 71 298 19
11831 110 4 209 70 638 7
12555 10 5 139 23 175 8
3399 674 1 31 43 105 8
5702 236 3 160 38 551 7
13410 857 2 74 55 579 17
8412 201 4 127 44 332 8
14694 715 2 236 77 326 15
2009 274 6 129 44 196 4
155 239 5 190 97 319 4
4245 45 3 65 34 270 17
2647 167 3 102 82 523 6
6343 201 2 90 69 120 2
3067 233 3 124 48 635 5
2357 74 4 180 121 193 5
1452 798 1 193 120 712 2
432 201 6 345 89 652 18
1806 252 2 67 31 91 10
7958 119 1 38 20 102 4
4330 29 8 162 26 333 1
8321 344 2 173 41 283 11
7353 327 1 37 37 292 7
1550 75 1 37 75 472 2
6278 271 2 92 46 599 10
5448 891 1 79 27 123 15
10 292 1 98 42 246 14
14130 159 2 96 88 97 9
13011 247 3 103 96 286 19
14198 304 2 78 72 376 8
7972 926 3 220 86 634 7
8984 70 5 196 115 150 3
13540 310 1 66 42 736 16
3721 91 2 48 40 606 19
8591 112 2 70 57 620 4
7852 102 1 56 47 447 15
2424 305 1 34 114 637 15
12889 104 3 100 13 973 4
2426 185 6 442 35 302 19
2366 24 4 149 29 915 5
1374 268 2 307 28 308 4
13324 126 1 43 93 122 3
8963 91 1 113 23 257 4
5812 254 1 35 38 142 12
5415 273 1 219 43 405 9
3732 200 3 57 56 335 12
9789 97 1 90 28 544 14
10903 115 1 84 47 279 1
5005 203 5 192 35 736 15
13867 133 3 89 117 139 6
5198 102 4 237 97 544 5
2826 303 2 121 102 519 5
4216 71 2 78 67 512 14
8735 164 4 114 58 357 7
3409 192 2 121 27 372 11
13828 848 3 91 83 487 1
13884 252 1 76 36 336 3
5294 334 5 166 36 438 5
13085 636 4 210 21 406 10
9951 221 5 150 30 185 13
8662 256 6 239 71 106 11
800 269 2 158 59 581 18
8922 216 5 279 28 230 10
8269 708 5 92 29 285 15
10927 98 6 196 46 505 10
9850 21 2 103 37 340 6
14803 100 1 46 25 397 18
14969 604 7 187 29 193 2
7635 14 6 131 82 128 8
1839 105 3 114 77 94 4
3741 25 4 102 53 260 3
12293 248 1 92 54 478 20
4146 90 1 34 20 541 7
8335 289 3 74 38 567 19
6726 202 2 139 24 161 1
2264 313 3 162 44 302 20
10397 345 4 168 58 600 3
14097 305 2 154 34 421 11
2453 264 2 498 57 382 12
2333 312 2 97 67 605 17
14977 88 2 105 15 497 12
1028 93 2 229 74 561 14
10252 56 1 123 91 127 18
1088 144 2 46 43 365 20
9556 283 2 76 92 587 8
3531 127 5 218 81 116 8
13139 681 4 168 58 461 10
6581 685 1 88 50 269 8
6765 264 1 78 26 372 7
11057 172 5 165 36 551 19
4991 226 2 59 92 518 2
698 198 1 43 77 569 15
10635 254 1 63 98 108 16
2878 118 2 139 104 324 2
1518 40 5 82 93 115 14
890 268 3 142 23 422 6
2228 905 4 162 109 177 9
14847 761 5 356 76 107 17
5662 60 5 174 25 189 7
739 256 6 161 53 115 6
13693 119 2 158 40 743 14
2020 256 5 218 61 120 1
1264 264 2 47 27 156 5
14950 731 3 245 105 117 16
6817 787 1 54 65 436 20
2428 255 1 79 63 620 7
11485 722 1 87 76 125 7
11973 295 2 116 46 533 15
6114 76 2 47 39 620 3
7585 212 5 186 56 101 9
7334 128 3 169 23 609 6
14764 924 2 64 76 524 14
2263 145 2 101 65 323 7
3989 42 1 87 40 509 1
13488 51 6 259 91 145 14
1825 322 4 122 51 103 6
5260 307 1 79 92 157 12
5706 72 2 252 62 73 13
13946 336 3 67 70 100 9
8908 689 2 103 36 310 16
4641 272 4 236 71 116 16
4916 19 1 32 56 566 11
10498 280 7 443 31 267 16
2844 96 4 130 77 481 6
10300 89 1 40 83 258 6
496 58 1 58 40 316 13
2952 338 3 112 101 626 9
8054 227 2 50 43 156 20
2376 82 4 87 95 99 2
10578 274 4 85 54 87 4
1199 724 1 37 49 397 12
14303 80 6 279 51 589 9
11726 215 3 223 83 367 16
10139 260 1 67 83 104 18
2044 993 2 128 54 396 9
13964 91 3 139 50 253 16
1460 143 3 168 29 489 15
13135 139 3 96 42 86 15
3910 912 1 123 84 481 16
11199 276 5 272 60 333 13
14283 307 2 239 116 514 11
12565 19 5 336 35 424 14
9568 69 6 220 70 434 3
7204 230 1 24 37 112 16
72 96 7 475 100 376 9
5604 51 5 163 34 496 6
13389 83 1 39 65 307 6
4224 348 1 118 109 111 2
7887 327 1 48 43 580 11
5160 259 5 127 82 236 14
10889 112 8 435 26 315 8
626 670 1 29 39 68 4
934 158 2 112 20 393 11
531 243 7 150 34 595 17
9116 112 3 157 48 564 2
4195 99 5 131 93 112 5
4348 93 6 417 114 475 15
10449 241 1 38 41 314 2
10176 195 4 90 101 829 12
2314 184 1 150 64 150 5
11713 321 4 184 83 424 5
9094 92 2 135 31 455 14
4041 263 4 210 96 519 11
2070 904 4 172 23 133 11
195 94 2 80 18 398 15
14808 300 3 65 80 800 13
11480 345 4 79 128 109 11
3875 258 3 140 65 665 4
7739 325 3 132 58 637 18
6047 200 1 140 29 246 9
754 133 2 73 49 135 12
3353 279 3 89 65 125 14
11556 231 2 141 29 633 6
6408 177 4 253 87 274 12
949 25 5 181 28 689 6
9175 95 2 67 60 355 17
5973 49 2 107 36 366 3
3511 58 5 128 104 118 18
5765 293 4 127 24 255 2
4843 64 1 19 95 444 6
8718 945 4 124 83 120 7
12229 102 3 129 99 102 3
2136 34 3 106 73 228 17
10886 143 3 176 24 481 17
3368 239 1 31 40 119 20
7206 28 4 290 22 499 14
13395 656 2 99 72 223 6
6943 201 5 186 74 564 2
1216 266 3 291 39 391 20
4314 24 3 76 19 814 5
3742 319 4 340 47 451 18
4291 137 6 140 83 99 16
9391 159 2 61 70 224 9
4738 914 2 69 42 590 5
2704 666 2 154 55 382 19
13981 203 6 110 127 89 9
2925 296 2 39 67 619 5
5272 297 1 19 71 733 5
2521 109 2 94 61 455 9
10124 734 1 36 37 551 16
3938 69 3 51 76 265 11
1938 88 4 76 27 471 12
9367 204 3 229 104 607 15
8190 340 2 63 60 447 2
2 185 1 75 60 538 20
10512 643 3 113 52 94 14
8194 135 7 245 33 116 2
2998 22 2 64 42 309 12
14094 196 3 182 35 295 10
13796 39 1 34 35 609 18
14399 814 1 188 87 591 20
5017 849 5 149 76 811 14
2290 310 6 200 68 161 13
4402 311 2 110 22 629 4
6631 316 5 266 37 796 3
5368 193 3 90 23 547 12
14968 339 4 205 70 173 10
14600 93 4 173 50 141 10
3303 42 1 68 54 550 6
4284 736 2 36 55 351 9
14111 39 1 121 35 278 4
7983 164 5 164 29 289 13
1838 210 1 41 51 276 6
13081 297 1 128 39 467 4
1124 182 1 95 62 604 10
6558 626 4 161 88 203 7
5781 300 2 108 42 298 6
3674 72 1 63 33 524 11
6139 215 5 140 87 139 11
8585 16 1 111 27 232 12
7361 27 3 87 52 103 3
13931 771 1 48 38 496 19
130 317 7 330 85 423 14
1890 772 3 106 38 267 2
12233 344 1 162 32 601 13
6710 61 2 98 28 813 17
6685 95 4 143 119 701 14
2407 130 3 78 46 359 6
7158 198 5 175 51 127 17
7471 928 2 90 58 520 4
8639 84 5 147 32 157 11
1019 67 3 138 30 623 17
11924 316 4 338 32 256 13
12696 102 1 84 28 529 10
12246 264 3 68 35 139 14
8332 694 2 97 34 194 3
11624 71 2 67 70 815 8
11429 204 1 25 55 119 9
12955 89 2 55 41 457 12
1806 978 3 411 57 399 11
5315 285 5 109 39 334 9
11322 814 3 59 72 222 20
3915 933 1 17 67 338 8
12355 666 1 53 49 88 5
10182 196 2 132 43 714 6
4393 137 1 44 65 589 12
9884 679 5 150 65 131 13
3865 768 1 39 58 734 11
5465 96 3 95 24 280 1
87 95 2 61 54 469 9
6275 143 1 131 79 474 16
1375 941 8 512 112 372 19
1848 114 1 133 24 491 1
5626 79 1 109 18 571 3
366 227 2 116 63 377 12
14446 743 2 129 76 266 11
13491 243 1 62 38 348 7
10617 873 6 163 28 904 6
3594 144 3 102 21 467 3
9068 238 1 240 75 388 8
810 341 4 127 60 163 18
3518 313 1 33 107 289 5
11231 129 4 146 60 514 4
11272 93 5 234 51 226 4
2071 254 4 148 71 80 14
10209 45 3 223 113 411 14
3940 308 1 67 31 114 6
6819 183 3 117 21 586 10
8122 229 1 59 15 735 4
8888 660 4 185 83 511 19
8798 156 5 458 63 350 1
415 155 2 79 23 165 14
10069 734 2 64 53 651 20
1370 62 1 89 34 181 2
10171 165 1 115 17 562 13
4123 737 5 222 27 134 12
13664 132 1 62 32 288 4
3172 836 7 165 32 691 3
8550 79 1 56 63 86 10
12573 348 4 158 55 715 13
14084 290 1 74 16 563 16
13442 337 3 220 29 420 15
1969 16 1 68 36 69 12
3952 68 3 175 71 179 11
3001 182 1 72 38 483 18
4088 72 2 299 91 75 2
11858 740 1 32 76 363 3
14638 335 1 35 52 632 7
11265 303 2 64 113 83 10
8385 220 1 58 26 136 16
6503 176 3 135 42 340 13
9157 290 8 179 30 130 4
14012 66 2 89 59 213 20
2663 295 5 172 37 643 16
8084 229 1 63 41 160 11
14246 72 6 142 67 882 16
8607 326 2 239 80 323 10
13241 321 1 20 62 691 19
10681 156 3 171 59 526 12
1634 178 3 180 37 332 10
5325 314 2 81 74 180 4
9395 288 5 126 33 174 17
14353 213 2 142 62 141 6
6059 817 3 260 76 378 6
1218 143 4 195 52 447 9
14579 84 1 128 25 276 1
3690 238 1 95 57 389 12
13819 320 4 88 118 149 1
4308 146 1 23 72 591 6
14110 310 1 17 108 215 20
11116 134 1 103 22 296 20
7269 70 2 90 55 430 6
1150 989 2 63 29 268 10
4173 714 1 37 83 518 2
4511 80 3 151 54 263 17
11150 318 2 37 59 415 2
3532 256 1 113 25 398 12
13373 127 5 184 90 436 18
11284 252 3 105 64 256 17
7605 269 1 118 24 205 16
1813 905 1 27 61 394 5
7849 929 3 116 21 648 17
11631 211 2 95 50 423 7
9222 59 4 456 31 228 11
8663 177 1 45 51 222 9
7499 337 5 297 103 467 18
6547 51 1 49 26 139 5
13121 766 3 73 13 486 13
14039 76 1 19 64 408 4
6579 54 1 66 42 427 11
6905 225 1 54 73 434 4
13702 26 4 175 84 187 7
5799 156 3 83 95 178 16
2495 690 2 152 33 726 17
13406 249 2 115 67 439 5
932 17 2 100 62 141 16
12710 56 2 57 24 628 4
11018 265 4 168 30 167 8
12945 247 3 57 65 484 17
4760 313 1 43 66 471 6
4061 183 2 109 38 574 7
13160 131 3 102 65 138 5
4474 166 3 79 30 333 7
9845 97 6 247 86 316 7
10070 228 3 134 114 242 17
10207 25 1 156 63 311 13
2817 122 3 203 21 240 8
488 47 4 90 43 633 11
634 29 3 70 47 354 16
12988 123 3 186 33 519 16
13800 37 3 198 44 849 6
10259 24 3 127 67 256 17
13846 150 1 54 46 508 4
10372 126 1 23 47 304 20
13170 155 4 155 73 146 10
10217 319 3 137 103 198 2
10854 69 2 149 14 541 19
14117 624 2 106 26 836 6
1620 260 3 190 54 137 2
1643 302 4 232 88 455 5
10815 267 2 95 67 768 7
7617 150 2 78 62 276 11
8340 188 1 54 88 446 9
7773 30 5 176 65 159 2
11754 93 4 189 72 756 15
13565 105 1 48 66 445 10
14795 99 1 126 34 440 2
9019 332 1 143 22 482 18
2688 17 2 96 80 294 18
10099 286 2 65 62 107 4
2644 68 3 113 44 700 18
3827 178 1 66 39 325 18
261 139 1 71 107 135 4
8454 176 3 54 71 171 4
13066 259 7 167 29 645 8
2389 243 2 125 60 400 14
6441 824 3 95 31 351 1
3957 72 4 133 68 149 4
215 250 3 182 40 739 9
4249 249 6 336 58 628 9
2390 215 3 88 12 813 4
11123 75 7 434 109 462 17
12636 308 4 201 18 347 19
8770 188 6 378 60 661 3
14429 156 1 51 52 407 2
12048 663 6 293 77 640 15
11549 871 6 218 40 387 18
12577 122 2 81 60 104 5
81 878 1 74 39 538 6
14578 633 1 117 43 317 8
1802 207 5 278 31 302 10
13557 134 1 59 112 349 2
11113 128 2 153 126 294 15
6465 838 1 45 51 336 13
904 155 1 37 55 344 16
10210 267 2 125 59 585 6
2994 102 1 29 75 407 15
13516 216 1 21 43 487 12
5691 225 5 390 51 482 4
5331 775 6 105 35 363 16
11987 334 6 475 53 522 8
2952 111 5 380 62 129 12
5051 310 1 54 53 486 18
11610 54 3 112 124 665 7
8517 17 1 48 57 503 3
5386 860 3 91 110 144 20
5537 328 4 239 105 171 15
11130 117 4 238 54 443 7
11647 732 3 190 35 287 12
10878 731 1 61 34 697 2
4486 307 2 123 24 450 8
13762 22 6 139 30 634 16
13740 133 1 48 33 368 20
4000 64 5 373 90 132 1
13678 15 1 108 119 564 4
9977 210 3 174 42 234 14
10620 863 2 71 72 786 15
10171 240 2 124 20 967 9
7938 17 3 50 78 100 9
790 780 1 107 40 1016 14
9575 176 7 283 45 481 17
10834 34 1 90 60 357 3
5714 99 3 128 70 117 11
10054 15 6 157 25 172 13
1071 313 6 136 122 150 20
12328 331 1 96 95 157 3
4669 960 4 217 35 151 18
5937 131 4 217 99 447 12
1286 92 1 92 46 101 20
1686 72 1 90 36 699 7
12586 61 4 192 52 412 2
6579 780 2 56 112 246 8
11228 130 1 70 23 653 17
13903 63 5 152 90 860 10
7155 242 1 118 59 332 4
6484 271 1 65 41 553 20
13158 156 5 88 93 121 15
58 38 1 316 87 449 3
999 33 1 189 44 126 13
4080 711 5 181 35 410 16
7278 651 3 133 118 482 6
13298 341 2 122 41 414 14
9790 137 2 135 41 348 19
6686 220 1 37 30 261 3
4290 995 4 316 31 403 8
6700 143 1 39 28 422 6
10306 310 5 185 33 573 1
9069 35 1 23 61 342 4
4412 74 1 47 90 217 3
8549 318 2 92 110 551 1
2249 177 4 126 88 217 8
5732 334 2 95 22 261 8
6475 319 2 320 25 365 5
13243 279 3 139 80 188 9
12299 235 3 212 37 310 19
14940 616 2 62 60 556 19
7692 240 5 172 92 753 14
2040 157 4 179 47 240 14
11476 680 3 209 76 461 1
4692 56 3 185 41 172 11
11332 927 1 88 61 340 4
8427 184 3 159 63 321 7
14026 87 4 104 71 225 19
