63 1616
6 64 100 784
8 80 124 784
3 32 32 128
2 16 16 208
7 64 124 656
1 16 20 128
6 80 104 752
3 32 24 176
2 16 32 208
3 32 48 128
1 32 32 192
3 24 24 80
3 24 20 192
6 64 116 576
1 32 16 144
4 24 44 80
4 16 32 208
1 32 8 192
6 80 120 912
8 80 124 1008
6 64 128 624
2 16 8 48
2 32 40 64
1 16 32 128
1 16 20 224
2 24 20 256
1 24 28 128
3 16 28 64
1 32 36 80
4 24 8 128
3 24 20 160
8 80 104 864
4 24 20 208
2 32 20 208
2 16 20 144
3 24 12 240
7 80 124 960
8 80 100 512
4 24 24 224
6 64 124 928
8 80 108 656
4 32 12 176
3 24 24 192
2 24 48 32
3 32 28 176
1 24 44 160
6 64 116 944
3 24 24 144
3 24 44 112
2 24 44 64
7 80 108 704
3 16 40 160
4 16 24 80
6 80 96 560
6 64 96 832
8 80 108 608
3 24 20 208
2 24 40 48
6 80 120 976
1 16 20 256
4 24 48 224
4 32 8 128
4 24 16 208
4734 371 6 430 94 536 4
1616 335 7 562 56 963 18
0 492 6 358 63 743 11
0 422 6 390 111 527 7
10360 393 6 499 61 440 8
2400 867 5 473 61 479 17
1889 138 6 425 122 450 20
0 992 8 457 88 340 3
10124 371 7 542 105 282 20
4716 859 8 423 76 332 20
2374 584 7 428 88 511 5
1645 834 8 500 67 322 8
4887 987 4 270 104 671 20
4701 741 7 438 65 464 10
4873 978 7 514 102 521 6
4787 238 6 439 102 344 19
9996 481 5 303 59 853 11
5273 516 8 488 97 613 8
2166 909 6 401 120 599 8
9990 995 5 465 57 523 11
9834 209 8 439 83 594 10
127 774 5 374 105 950 18
5103 968 6 413 109 636 9
10279 423 5 414 115 437 5
0 431 8 589 67 642 7
5336 364 5 364 59 573 20
4957 301 8 526 63 670 1
4648 305 5 329 79 643 11
0 403 7 453 82 682 16
9876 597 7 434 59 514 4
5157 528 6 338 76 436 10
5132 830 7 419 118 865 11
1917 231 6 423 83 433 8
4889 445 6 544 83 651 1
21 835 6 473 58 321 18
5017 152 6 437 92 406 11
123 253 7 528 67 573 16
5243 287 7 453 57 276 6
62 197 5 447 59 495 7
2246 623 8 524 83 530 11
1741 319 6 408 74 442 16
2040 520 6 400 87 734 20
2034 847 7 600 94 657 2
82 825 5 364 83 538 18
4807 582 7 456 52 324 17
5337 302 5 433 53 514 12
319 839 7 488 91 324 20
1612 297 8 432 87 332 18
377 157 8 576 93 803 1
384 314 7 462 48 604 12
9809 732 8 457 71 923 18
2335 722 6 474 120 551 19
2071 736 8 494 77 751 18
2097 634 5 425 87 668 3
48 331 5 373 70 803 10
4710 644 8 589 98 306 1
9934 570 7 447 97 505 1
10326 218 7 411 60 395 8
5227 425 7 379 90 364 5
4952 726 6 391 80 640 2
10384 889 8 438 94 454 20
2263 747 6 488 91 584 9
1659 952 7 554 96 618 20
79 693 8 430 97 427 9
5188 892 7 571 85 346 20
2075 931 7 398 76 390 5
10104 465 7 488 47 346 7
2086 796 5 322 104 708 7
1714 672 7 574 82 734 7
235 179 6 408 62 525 5
4710 453 5 418 89 547 2
5309 731 6 371 83 482 11
26 710 7 457 51 759 1
0 405 5 460 79 764 3
2333 715 7 529 84 626 6
337 829 7 445 90 461 19
2072 955 7 447 103 788 17
0 362 8 607 62 517 16
10148 792 7 510 82 684 20
347 853 6 430 100 391 11
5375 328 6 392 84 866 20
75 846 8 639 107 798 4
9661 618 7 461 78 601 16
334 662 6 446 116 632 20
2084 471 6 437 55 499 19
328 864 7 637 58 457 1
4837 687 7 542 105 332 4
10207 789 6 381 101 962 2
9852 755 4 302 84 880 6
0 759 6 550 81 655 1
0 447 6 419 71 448 11
4867 676 6 504 96 866 16
0 895 6 445 92 726 3
4951 638 6 473 108 508 20
10332 798 6 500 60 483 20
4834 288 7 528 82 409 20
10057 734 5 458 116 787 4
10218 678 7 464 77 538 20
1722 478 5 400 71 531 1
4631 781 6 449 58 412 19
270 935 5 387 89 722 19
1777 700 6 543 58 778 19
283 619 8 466 58 374 8
0 412 5 445 101 720 17
0 743 8 519 61 659 5
10173 479 7 489 82 628 16
9982 309 6 468 61 772 19
10212 433 8 594 92 762 5
226 822 6 546 57 720 17
361 721 6 519 98 861 3
9641 762 5 326 58 710 1
2260 537 6 475 51 319 4
240 767 7 469 88 480 11
2069 595 6 459 82 380 18
4684 991 7 529 79 559 1
9666 139 6 546 55 489 20
10138 933 5 458 90 536 16
9852 150 7 419 101 365 3
9743 647 8 571 72 363 17
0 547 6 390 115 517 19
2007 604 8 445 82 387 4
0 437 5 360 121 707 10
179 746 5 447 114 657 8
2043 788 8 430 75 570 6
2151 706 7 410 57 456 4
1609 917 8 527 68 652 16
9601 712 8 613 52 588 6
4911 825 7 442 54 388 3
10226 703 8 602 54 279 9
313 748 5 331 74 958 4
9785 864 7 536 102 470 8
2037 885 7 439 123 501 1
211 1000 4 360 63 733 16
5240 971 6 493 59 352 9
2321 730 8 463 59 399 9
5235 901 7 374 63 567 3
10125 785 6 448 55 420 17
0 264 7 538 58 504 5
9853 470 8 508 106 391 11
0 436 7 515 105 429 6
4933 726 8 610 106 316 2
0 843 6 400 95 371 11
4933 668 7 440 49 595 8
5272 701 7 505 94 769 8
5398 785 5 373 84 631 2
83 986 7 531 57 451 8
9829 712 8 565 120 578 5
13 431 6 397 54 485 4
1762 904 4 396 62 507 6
5308 251 5 352 98 528 19
5049 960 7 633 57 709 5
4692 343 7 629 78 587 9
10087 812 8 420 106 642 9
0 494 7 427 107 562 2
10047 222 4 343 110 520 11
226 656 8 591 100 514 6
4653 275 8 515 61 655 12
0 560 4 387 70 808 11
9646 968 6 517 122 526 7
1810 963 7 479 107 723 1
232 165 8 589 85 478 4
2231 728 7 472 94 549 12
10141 993 7 554 96 579 12
2236 725 8 484 54 440 18
9610 762 5 472 100 742 17
2272 707 8 534 67 748 5
5021 215 7 481 59 547 4
10333 602 5 380 115 686 17
2230 543 6 408 108 496 17
36 968 7 533 71 839 18
4687 239 6 464 102 636 3
9659 156 5 415 61 788 19
0 548 5 356 87 523 20
10086 777 6 364 106 629 2
0 879 5 337 76 650 6
9963 304 6 432 82 584 20
1614 398 7 591 123 598 12
296 835 6 477 77 875 11
5201 352 7 402 100 838 16
5196 844 6 385 62 513 3
10110 755 7 497 90 582 20
9688 717 8 436 88 618 16
2268 466 8 573 90 497 8
9822 615 8 634 73 563 8
4845 479 5 331 111 591 6
9878 833 7 419 86 446 16
5215 854 5 433 74 339 8
2351 675 7 553 89 461 2
4804 236 7 402 68 540 6
9855 721 6 375 98 699 19
9678 263 6 452 106 370 1
0 266 8 623 115 562 11
5167 864 6 435 98 739 6
4922 833 5 423 99 808 2
5010 829 6 402 73 410 19
10072 295 6 400 84 492 11
9899 968 5 441 85 800 4
245 452 4 373 68 488 11
10291 317 7 546 95 505 5
10329 709 8 466 86 385 18
272 747 6 548 101 665 2
0 811 7 505 119 965 4
2286 468 6 352 67 385 5
2217 805 6 482 98 539 1
54 998 8 457 85 405 10
274 730 6 542 54 295 17
2387 896 6 526 55 470 11
1918 623 5 438 85 759 16
10341 332 8 597 72 584 17
1612 504 5 306 73 789 1
10071 802 7 417 58 475 2
2176 541 4 291 97 714 18
9879 395 7 483 49 510 16
4691 790 7 558 96 563 1
2250 397 7 487 79 607 4
0 975 7 407 80 769 11
2337 765 6 466 58 895 4
2016 385 5 338 61 445 4
0 813 8 428 67 648 19
4729 527 7 573 92 509 8
5239 573 6 543 92 744 18
1903 235 6 358 74 810 8
2105 443 8 622 82 561 4
0 766 5 317 98 852 2
4728 299 8 562 83 434 20
382 805 7 425 84 881 11
120 446 6 351 119 875 7
370 123 8 428 85 618 12
2311 284 7 524 76 282 17
10214 572 7 556 89 497 11
4625 706 8 549 85 426 2
10223 986 7 425 114 789 17
9941 573 6 406 85 821 3
10148 854 5 326 71 509 6
1615 863 7 469 61 300 19
298 141 5 331 61 419 20
5160 249 6 537 54 351 17
2110 610 6 468 100 482 4
4985 703 6 355 107 546 17
0 263 6 537 59 297 18
1919 846 8 632 48 440 12
5014 279 8 438 78 574 19
297 974 6 376 124 543 10
1679 294 6 472 48 372 19
9702 989 7 534 65 831 17
9844 681 7 464 81 470 11
9863 800 4 274 82 815 5
5221 865 5 351 96 801 1
2271 571 6 529 98 623 5
2328 157 6 540 89 729 18
10198 316 5 364 85 684 7
0 722 5 325 98 678 17
0 617 6 404 58 399 4
304 936 6 423 93 566 12
4918 679 8 602 96 559 16
2030 748 8 465 85 620 17
337 969 7 491 56 356 18
5274 794 7 426 89 564 12
1880 302 7 498 70 615 5
0 325 6 349 77 621 18
146 883 5 477 98 591 8
4944 376 6 366 66 573 18
4882 770 6 399 78 718 7
5323 891 7 554 92 567 19
1958 882 8 505 63 506 6
1916 425 7 524 82 693 5
10376 273 6 497 67 505 18
2202 721 7 573 74 495 3
1651 844 6 473 85 496 7
1881 188 6 494 68 547 17
4697 727 7 552 83 304 4
0 721 7 548 85 726 11
1889 228 8 490 61 477 18
4794 777 6 415 90 305 5
10095 445 6 324 66 589 5
0 562 6 510 64 640 17
1860 519 7 501 78 596 5
9887 527 6 377 84 616 5
5213 696 4 363 90 748 7
5126 578 6 497 94 849 5
5250 146 6 468 123 379 8
0 864 6 444 90 506 11
10290 831 7 381 70 483 17
2137 134 5 367 117 451 6
0 992 6 452 61 746 18
9717 911 6 429 89 734 1
0 730 7 540 91 354 18
10114 443 6 346 96 876 20
2136 995 5 418 123 889 9
4747 825 7 546 88 348 4
9745 371 8 564 74 279 5
0 545 5 388 57 876 7
5184 794 8 513 115 683 5
10026 520 6 486 95 893 16
9815 257 7 613 105 745 18
2360 575 6 397 82 322 17
10159 769 6 468 88 638 12
1694 250 6 540 74 427 16
2360 181 5 377 61 725 2
187 503 6 517 75 675 17
10394 639 7 507 100 300 3
5235 874 6 384 89 606 9
2340 445 8 461 80 961 8
10389 607 6 414 71 461 12
9705 943 6 473 93 673 1
2344 279 7 487 57 956 9
9680 975 6 464 106 736 4
9982 716 5 415 58 507 9
5217 989 7 511 104 524 17
0 254 6 548 69 939 10
10044 817 5 338 64 463 19
4911 812 8 456 60 695 4
5229 832 6 434 72 471 19
4762 761 6 388 72 523 18
0 814 8 451 118 723 11
4742 674 7 377 104 712 3
10192 955 6 420 108 595 2
4942 325 6 474 70 378 10
4668 774 7 527 80 433 8
10148 222 6 347 58 951 16
1940 922 7 373 82 375 1
333 472 6 541 79 436 4
5015 676 6 430 107 649 1
293 770 7 436 57 372 7
4818 999 5 414 112 449 10
0 581 7 533 59 315 16
0 137 7 607 91 257 19
2114 739 7 452 81 439 9
1824 731 7 528 76 386 4
4969 916 7 501 102 345 17
4888 552 7 468 67 461 9
5248 414 6 427 65 374 17
10139 505 6 536 67 712 11
312 410 7 433 84 445 6
2173 804 6 429 115 619 2
4629 558 8 533 52 795 6
1907 532 7 377 94 609 17
10396 588 6 536 51 531 17
5375 853 6 479 91 333 18
0 918 6 509 108 699 20
2259 832 7 618 88 948 2
9654 668 5 314 117 508 18
9664 401 8 435 86 654 19
23 377 6 433 46 480 7
10117 844 5 459 55 482 9
333 456 7 517 47 268 3
9900 409 6 547 85 723 1
4624 969 6 503 55 384 18
2172 720 8 572 69 321 7
9996 994 7 484 78 442 19
0 808 7 433 80 551 18
2280 712 7 396 64 889 19
399 846 6 545 103 693 5
9767 140 8 546 85 379 11
1691 211 5 346 49 398 10
5282 518 4 355 109 846 17
10272 287 6 344 79 680 16
0 700 6 394 52 393 17
9806 233 7 421 99 279 2
9821 720 7 394 58 322 16
4694 320 5 330 86 400 4
1975 834 6 459 75 776 20
10166 740 4 366 79 691 20
5272 816 6 548 65 445 2
4616 314 5 322 74 564 6
371 867 7 618 102 839 18
5271 734 6 370 99 691 4
1794 364 6 438 93 349 16
0 754 7 609 99 698 17
2088 319 7 441 97 377 17
0 211 5 381 94 496 16
10089 948 7 610 112 583 19
0 700 8 545 115 418 18
9804 774 5 417 110 681 1
9989 767 7 502 59 446 12
10148 964 5 349 71 627 7
2063 556 4 289 71 432 10
1974 164 8 522 104 684 12
0 402 8 600 88 516 7
374 417 6 329 52 443 4
9914 561 8 509 79 617 4
2 896 6 419 97 839 5
211 203 6 433 104 422 6
1973 273 6 478 51 550 2
1973 685 7 506 90 321 17
326 480 6 404 59 698 2
2248 646 7 591 62 486 17
5029 802 7 521 69 949 4
4870 657 7 419 103 416 17
1791 607 8 558 76 459 9
4967 126 8 510 52 539 3
122 717 8 506 95 1000 2
4655 784 7 497 111 930 18
2046 243 7 380 103 671 8
2040 851 6 415 86 700 18
0 997 8 604 56 496 18
1723 499 8 593 68 759 16
2253 701 6 329 85 573 18
9655 986 8 539 100 408 17
0 333 8 623 89 554 2
4699 662 6 488 102 493 1
10361 895 6 532 99 424 19
2 934 7 503 60 240 5
5264 801 6 382 85 255 7
5196 886 6 549 64 398 17
2300 975 6 366 71 393 6
9905 388 7 546 124 692 19
0 815 7 515 93 526 17
10293 470 6 419 84 295 17
4830 764 5 384 123 955 7
4821 797 5 346 76 903 17
0 270 6 401 71 258 9
1720 357 6 408 107 606 18
4690 809 6 403 73 396 17
0 843 7 450 52 795 17
9635 782 7 619 100 370 3
1840 811 7 635 68 463 16
0 428 5 319 93 522 18
1650 808 6 514 77 704 8
1976 179 7 530 63 641 10
2334 997 5 389 71 938 16
4640 805 4 381 68 481 17
0 456 6 462 85 556 10
383 607 7 376 78 305 8
10203 869 7 406 91 562 9
2122 733 6 324 65 655 16
1864 940 7 585 106 528 8
4895 188 6 503 47 741 7
2241 478 8 516 74 398 9
1654 921 7 488 93 639 6
0 751 7 543 54 478 2
4625 877 7 529 51 450 8
0 729 8 430 93 430 2
4867 603 5 326 116 745 10
10100 722 5 424 83 420 4
1905 311 8 590 57 813 10
5077 870 7 446 99 593 19
1983 841 6 386 115 611 17
0 749 7 445 74 419 20
4650 389 7 525 79 502 7
19 308 7 540 105 473 7
2076 826 6 315 57 788 10
1783 874 4 299 61 537 4
4931 251 7 398 115 663 11
0 779 7 377 88 554 3
375 344 8 598 123 667 1
10242 695 6 370 80 506 17
1632 848 6 522 76 558 17
5190 412 7 557 104 682 9
1763 164 5 296 116 945 6
129 693 6 524 54 335 16
1753 394 6 386 98 597 18
0 183 6 385 118 441 11
0 411 6 425 94 669 7
4868 505 7 552 65 569 4
10150 289 7 520 102 851 6
9815 740 5 341 77 588 8
10219 833 7 397 58 351 20
2280 596 8 487 83 475 7
10170 881 4 266 83 760 17
9902 532 5 357 71 835 6
0 978 5 363 106 872 18
10196 782 5 362 82 952 9
1952 344 6 385 63 470 5
5303 302 7 375 52 330 1
163 930 6 419 79 958 5
9794 810 5 387 59 769 7
5045 956 7 492 85 368 2
9972 175 7 580 83 513 18
1909 950 6 450 84 876 20
4953 865 5 361 117 758 1
9661 923 7 532 55 366 16
2116 896 8 605 63 578 6
4722 767 7 533 103 502 9
2080 723 6 541 55 324 9
2069 893 4 373 101 639 8
0 841 5 330 67 478 5
56 267 6 344 110 643 6
10222 281 7 476 76 530 4
4770 955 6 485 82 489 6
0 469 7 608 90 238 20
84 825 5 345 59 733 19
1828 885 5 386 98 597 10
2382 947 5 399 73 606 1
5262 131 6 339 96 933 20
5278 373 6 423 55 301 16
0 825 7 517 118 518 4
2337 805 7 629 55 596 7
9606 666 8 423 110 991 18
0 421 7 418 68 820 4
3 803 5 344 80 468 8
1794 733 6 411 73 670 18
10135 711 7 519 107 545 16
0 332 7 550 117 1005 11
5083 727 7 479 107 685 12
9964 831 6 530 98 452 2
131 789 7 410 47 351 8
5316 506 8 530 60 337 1
2096 600 6 389 115 821 10
4953 564 5 382 102 561 17
5063 770 7 454 100 584 8
2193 272 4 357 71 768 5
5013 402 6 338 60 626 3
0 233 7 498 86 419 8
4821 491 7 523 85 508 18
0 798 7 618 105 373 17
4679 764 7 477 98 457 19
149 837 6 507 89 494 12
0 742 7 516 71 510 8
0 619 8 440 71 395 17
0 982 6 410 113 581 1
5297 499 6 464 79 889 11
9884 759 6 416 74 615 9
5109 866 8 517 92 297 3
5201 401 7 494 84 636 9
87 535 7 524 91 375 20
10316 848 6 478 108 498 9
0 794 7 465 85 445 18
0 624 8 626 58 562 2
2212 208 8 507 59 655 8
4725 815 7 456 66 498 2
2305 262 6 522 110 801 3
10187 983 6 350 65 599 10
5040 977 8 506 123 659 5
1920 294 6 392 118 926 17
4737 281 7 543 91 376 4
51 961 6 453 58 455 7
1871 587 4 383 89 793 16
4934 920 4 375 76 651 11
380 304 8 606 66 454 18
4635 357 7 366 61 457 8
4885 399 7 622 103 304 19
5263 274 8 499 102 301 18
0 191 6 434 79 425 17
1979 842 7 585 89 641 11
5335 501 7 616 58 611 16
1963 740 6 388 63 657 10
278 989 6 407 83 625 10
0 682 5 400 90 639 17
1744 819 5 335 77 783 7
5341 220 6 406 98 693 10
0 622 6 429 98 457 3
1945 258 5 343 83 801 7
1877 916 4 329 100 615 5
1653 920 7 549 106 454 20
2127 520 6 445 50 455 17
5082 807 6 380 86 465 8
9805 121 4 298 64 541 7
1639 825 4 344 92 759 10
4625 607 7 594 104 368 17
1905 323 6 385 123 818 8
0 261 4 394 82 690 4
2297 888 7 458 74 419 11
219 382 5 370 67 508 5
2376 748 5 313 77 878 3
1840 149 7 535 107 400 20
69 380 7 528 62 421 12
2021 476 7 372 90 489 8
1781 334 5 309 119 756 8
2303 178 7 537 94 570 6
2160 823 7 385 123 668 6
0 568 7 479 58 974 2
10387 699 7 494 118 745 12
3 890 6 403 111 609 11
0 899 7 619 70 500 17
9887 174 7 393 92 673 6
5313 175 7 484 88 490 11
10242 991 7 417 115 648 4
9973 593 7 574 124 623 10
1625 901 5 476 85 557 7
4787 853 8 474 89 275 7
101 674 5 361 88 558 16
9932 444 7 369 92 858 9
343 636 6 453 82 549 6
4 466 6 442 100 425 12
4833 447 5 360 76 941 18
4932 908 6 409 98 277 16
9980 433 7 387 100 342 16
10123 338 5 369 81 810 9
10306 989 7 378 58 512 8
4956 552 7 438 70 371 11
5142 915 8 531 65 369 18
228 725 4 369 58 896 10
166 920 7 505 60 316 16
10028 985 5 423 93 382 16
4965 839 8 542 76 618 18
4995 775 5 338 120 494 5
10010 820 7 509 94 474 12
0 754 6 502 105 653 17
332 767 6 492 63 471 12
10095 845 5 409 78 736 7
1629 364 7 471 97 459 5
10192 705 6 380 112 758 17
2014 727 6 390 67 620 8
5373 950 7 369 50 607 9
2014 194 6 399 96 658 19
2350 866 5 264 79 618 3
0 575 7 523 97 342 19
10227 273 5 430 69 618 6
9609 546 8 492 72 898 9
2244 758 8 600 88 394 20
9923 564 7 467 79 471 12
4896 783 4 378 112 780 11
1774 814 6 480 100 518 1
4727 516 7 422 103 608 2
2081 492 8 522 95 717 1
2268 292 8 613 123 470 3
0 526 7 443 83 520 3
2103 754 6 438 113 473 2
4830 205 7 422 62 331 17
0 615 6 550 91 570 20
0 616 7 444 88 718 3
316 541 5 363 109 929 12
4614 222 6 520 109 717 17
1882 661 6 468 80 493 20
4822 545 6 315 106 642 7
10144 330 5 315 90 667 6
0 988 5 395 73 874 8
4874 927 7 555 70 503 12
4969 365 5 371 79 932 11
2190 798 7 536 93 538 4
10 830 6 411 97 360 8
9778 989 6 377 89 402 9
5179 812 6 480 93 428 8
0 760 6 323 68 641 8
4686 848 6 419 91 485 10
0 763 7 513 119 399 3
5115 965 7 419 86 605 1
10277 292 6 327 120 464 6
4828 208 5 390 60 763 9
10105 659 5 313 119 844 6
10333 520 8 429 94 520 6
9869 273 4 340 99 895 12
2197 860 7 544 49 341 6
0 655 8 534 73 598 12
9714 703 6 460 76 411 2
163 146 7 530 58 523 6
5275 964 7 493 92 338 5
0 559 6 502 52 329 12
10335 419 7 629 110 516 3
0 333 4 378 56 866 3
9734 884 7 557 68 470 9
0 427 5 472 104 586 20
5015 802 6 474 102 532 18
5103 340 6 413 87 461 19
10308 753 6 448 108 872 4
5132 345 7 489 115 670 9
10136 754 6 397 100 282 17
9799 785 6 321 63 757 5
9945 928 8 433 52 428 19
2025 851 5 405 113 833 11
4747 881 8 602 63 249 17
5321 235 8 576 61 507 7
4810 735 7 485 64 290 9
2108 160 6 545 91 764 16
10338 790 5 411 106 740 20
0 282 7 410 99 345 5
165 510 5 368 95 727 19
248 219 6 408 85 604 6
5207 816 5 349 82 505 20
88 243 4 365 118 724 8
4713 522 7 502 78 394 4
2343 776 8 520 82 466 19
5151 679 5 399 84 598 11
0 726 6 518 69 389 17
1927 744 4 391 85 840 6
4837 990 6 439 104 679 2
2100 942 7 447 91 968 1
332 836 7 440 97 539 5
9830 548 7 581 54 444 6
0 541 5 262 84 584 5
5261 740 7 541 98 397 16
2301 742 5 295 112 825 19
1896 214 6 495 96 582 17
9761 707 8 566 85 655 2
287 422 7 635 111 881 9
10307 743 7 365 65 955 17
4624 886 6 511 94 960 7
9943 465 7 527 69 365 20
10199 275 8 614 52 421 8
1934 431 7 538 103 352 17
5161 501 7 557 89 579 16
5008 728 6 314 81 634 8
1879 771 6 537 55 793 9
5007 400 6 396 94 587 12
1943 267 6 461 85 507 16
5058 724 8 613 112 505 7
5000 711 7 597 70 560 11
1865 812 6 531 64 737 6
4621 446 7 374 118 715 17
2080 882 7 504 72 340 9
4850 773 5 395 108 903 2
9680 742 6 518 59 429 2
2371 333 5 321 108 446 19
1643 300 6 501 56 407 18
5197 616 6 358 71 491 1
325 377 6 448 92 693 20
1679 754 5 466 84 454 1
1983 926 5 437 70 557 5
0 616 8 576 55 486 2
4839 123 5 462 89 621 18
4868 129 7 611 79 375 6
2296 715 5 295 98 902 9
1812 673 7 635 102 825 3
10190 865 7 529 115 693 4
1931 262 6 457 53 423 18
9922 495 7 532 75 412 8
9825 355 7 526 83 842 8
4983 643 7 635 61 403 9
9957 480 7 532 66 437 10
1674 354 6 554 106 540 2
10223 750 5 292 85 626 10
10205 755 5 421 95 891 9
298 135 6 550 72 682 4
5287 162 4 294 79 535 6
91 248 6 392 89 818 5
2155 878 5 335 103 677 17
294 231 7 538 90 740 6
10258 871 8 473 92 736 1
1710 906 6 451 110 825 18
9872 496 7 397 78 606 16
10261 269 5 391 64 618 6
2311 767 8 445 96 506 17
1611 723 8 465 83 568 8
4663 411 7 545 66 713 11
2344 574 8 434 79 837 17
4655 826 6 335 98 948 7
9605 986 6 462 101 485 17
161 481 6 373 71 891 17
10135 156 7 476 56 594 11
9611 928 7 462 84 671 7
10155 383 5 391 89 714 18
5233 486 5 452 116 976 17
2338 653 5 333 100 821 5
9941 954 6 386 90 439 17
5385 839 6 407 61 429 12
2019 703 6 459 104 863 9
10209 321 7 444 87 508 6
9748 599 5 400 106 976 9
5199 763 5 391 80 704 16
9958 321 5 422 94 713 10
10278 772 8 477 57 556 18
1762 758 7 400 94 818 5
0 780 6 518 102 484 10
2394 199 4 292 75 689 9
1751 727 8 572 91 300 17
1856 487 7 521 68 257 7
286 141 5 403 81 694 5
357 707 4 372 107 954 18
9619 123 7 539 83 825 7
295 743 7 481 62 359 11
2096 978 6 535 95 322 20
179 731 6 428 73 476 3
1703 934 8 605 92 453 12
2095 199 7 511 88 435 2
2093 444 7 537 112 912 8
10047 297 6 368 75 291 3
0 268 7 621 61 495 5
10083 703 5 390 90 536 17
9990 288 6 371 103 753 2
9891 631 4 284 106 477 8
10308 124 4 351 57 846 10
10389 273 7 567 84 731 18
1832 258 6 549 81 643 5
4863 426 7 511 57 356 2
4782 222 7 608 75 514 11
0 314 7 633 103 361 16
5088 456 6 464 65 535 12
2078 568 6 374 103 566 6
1616 152 7 457 55 523 11
2035 905 7 463 55 312 1
2223 579 5 467 78 781 5
180 434 7 503 60 517 20
2281 862 7 490 67 257 5
0 261 8 503 71 341 2
9756 353 7 483 62 486 5
9936 573 6 409 74 648 4
338 753 6 399 64 439 1
365 843 6 484 107 472 17
10127 967 5 387 111 797 17
10061 824 6 429 50 450 19
294 822 5 465 78 593 16
4609 354 6 319 79 688 1
10254 850 7 481 111 361 16
10381 253 8 545 55 301 20
5400 757 6 314 88 436 19
9979 978 5 293 86 871 10
0 777 7 462 85 245 11
317 297 6 449 97 646 16
5310 253 7 488 67 244 12
0 199 7 627 69 713 1
1932 299 6 317 64 713 12
5361 769 6 533 93 319 9
2244 811 6 450 72 782 19
9630 903 8 449 53 396 1
9915 746 7 478 87 589 10
69 465 5 375 103 589 8
86 921 7 430 72 372 18
1946 997 6 354 92 391 11
9824 636 5 471 92 881 7
10369 676 7 405 78 480 2
1901 818 7 516 81 689 19
0 393 4 275 83 644 16
0 360 7 432 101 493 19
1879 121 7 480 82 394 6
5014 380 7 452 63 320 2
4728 737 7 431 66 698 16
1937 790 7 496 77 407 10
1982 818 7 418 84 549 9
2148 957 7 396 74 284 5
1858 828 5 330 120 890 20
2064 789 5 261 120 501 19
9683 988 8 626 78 724 11
9820 144 7 526 77 710 3
10127 642 8 633 88 382 2
5197 689 6 397 101 806 10
9668 539 8 488 78 562 4
9947 699 6 392 50 600 19
2054 597 6 476 95 632 12
37 850 7 467 108 688 20
4766 740 7 575 86 425 17
9882 739 8 609 101 603 18
4783 373 6 465 58 835 8
295 497 8 577 60 747 16
10242 688 7 429 79 474 10
10331 129 6 505 62 489 16
1913 582 5 344 79 319 9
66 847 6 320 57 903 3
218 726 6 560 60 562 17
0 774 7 453 89 624 19
10128 320 6 382 93 292 10
4850 816 6 452 57 540 16
5031 426 6 337 57 834 8
5068 243 8 446 60 294 18
10144 544 7 520 59 479 8
4981 431 6 555 52 522 19
10250 439 6 403 84 842 19
10335 132 6 487 70 440 11
4623 235 4 347 95 798 5
171 621 7 410 59 617 19
1787 658 7 505 65 494 6
136 509 6 355 113 844 12
1732 494 7 377 104 341 10
10199 696 6 409 79 757 6
9903 742 8 554 64 407 8
295 815 5 347 64 957 20
2242 755 7 549 77 454 4
10177 864 7 450 57 950 1
1765 465 5 351 79 472 20
5298 794 7 534 98 261 3
10042 768 6 356 63 488 2
116 144 5 334 86 601 9
10166 722 6 377 50 458 7
4604 920 5 295 115 430 20
8 860 7 464 100 236 10
0 983 7 366 101 559 11
10027 941 4 313 113 549 17
10108 503 6 414 92 787 19
1767 905 5 329 84 701 10
4972 642 6 515 92 317 10
5332 469 4 306 104 596 19
0 297 7 549 88 470 17
9850 775 8 559 70 703 3
1755 778 5 391 79 869 4
5145 783 6 490 58 430 4
10034 365 5 363 83 580 6
9804 383 6 512 90 294 12
1644 490 7 404 92 646 7
10060 164 7 472 115 605 18
2319 701 8 604 100 347 7
1623 523 8 507 57 490 6
0 139 6 346 102 412 11
4942 699 7 495 65 363 6
16 734 6 347 101 644 20
4711 786 7 432 71 520 20
103 767 7 468 64 493 19
2328 732 5 344 72 512 3
10181 766 6 450 87 692 7
10204 376 7 477 120 944 6
2009 862 7 536 53 338 11
5147 746 5 466 82 437 10
2317 711 4 383 107 737 8
4709 231 7 379 74 363 19
0 169 5 278 99 948 11
2208 818 8 448 73 371 20
1734 846 7 503 99 308 20
4896 399 6 484 48 339 18
9854 714 6 405 108 470 18
9730 467 7 388 51 371 12
5348 843 5 311 103 518 3
4768 678 5 378 64 637 12
383 189 7 543 98 480 16
9954 806 8 478 80 614 17
207 711 6 350 59 539 19
10110 580 6 456 57 398 8
9612 357 6 316 75 575 19
1674 448 6 496 63 457 7
9784 650 7 469 90 261 10
1969 822 4 319 73 824 11
29 713 7 484 99 404 8
2291 676 6 403 84 562 4
314 620 6 508 106 541 3
10139 167 6 543 89 607 19
2328 785 7 631 50 429 16
5053 267 5 429 101 614 2
10142 256 7 426 69 432 4
10218 651 7 544 102 581 7
0 792 8 433 57 328 7
4966 783 7 545 83 571 8
1912 820 7 607 86 267 9
10147 198 7 596 85 698 17
9918 973 7 419 124 630 4
9621 568 6 419 68 476 1
4809 716 6 402 109 735 9
9601 740 6 413 61 851 17
0 483 6 405 105 470 3
2226 816 6 376 100 692 18
0 579 5 442 71 528 20
165 751 7 423 102 591 16
2313 435 8 432 53 461 12
1804 323 8 433 72 761 12
5208 830 7 428 69 577 12
5328 249 7 523 111 738 19
294 725 7 587 93 318 17
306 589 8 599 99 448 7
10307 793 7 440 71 668 16
9843 778 4 363 84 840 4
9733 813 6 348 58 838 9
2105 777 4 304 81 686 17
5114 601 4 376 113 770 4
2034 574 5 398 59 538 9
10031 657 5 328 120 699 16
373 816 7 457 60 492 5
2369 559 7 429 98 552 10
4798 921 6 510 97 322 5
1945 533 8 518 49 468 6
1958 704 5 368 99 452 17
5345 923 6 435 106 495 12
9947 1000 5 375 104 635 9
5166 391 5 340 71 583 6
2309 265 6 479 61 817 5
0 712 7 430 66 503 19
5310 687 6 544 74 402 17
4901 679 6 498 113 468 9
9917 756 5 357 103 885 6
10251 196 7 515 72 373 8
115 299 8 463 70 623 17
0 521 6 467 63 376 17
9906 179 6 344 78 649 11
1876 392 7 374 101 466 18
1939 753 5 428 98 461 4
1711 769 6 425 58 578 17
4929 870 6 419 99 480 10
1621 674 6 423 81 677 9
5117 375 8 596 73 491 2
10260 746 7 633 65 484 18
37 662 7 446 88 537 7
4748 728 6 527 83 437 20
10286 188 6 403 104 495 4
2347 598 5 264 107 550 9
10195 839 7 451 60 358 6
1697 687 5 362 69 845 11
323 257 8 546 98 543 11
5358 711 7 430 96 444 18
9923 384 4 278 62 449 3
183 141 6 440 72 516 3
45 934 4 340 97 793 3
4855 269 5 351 91 876 8
5223 712 6 348 59 827 1
4761 174 7 515 73 485 7
9971 722 8 437 92 432 4
10291 479 8 552 101 537 5
10386 247 8 425 71 422 4
9658 177 7 436 71 743 12
362 774 7 487 70 656 8
10269 723 7 445 59 677 3
9711 831 5 366 80 524 1
9947 931 7 380 49 441 1
9956 681 5 335 88 806 17
2105 925 7 504 49 587 4
298 233 5 396 82 653 1
4964 731 4 397 83 632 16
5188 699 4 356 79 523 18
0 805 6 522 77 499 4
2177 467 5 467 119 835 3
4826 855 6 455 73 506 3
4990 979 6 397 57 934 1
10285 738 7 380 50 363 18
9831 239 6 450 103 619 19
2382 714 6 399 66 554 9
4663 791 7 414 82 606 20
0 123 7 527 90 359 8
5067 737 7 435 60 355 3
0 641 4 303 98 436 7
10179 375 7 528 89 604 8
158 644 6 533 67 648 2
5113 349 8 468 97 744 17
1643 465 7 480 112 706 1
258 769 6 396 93 511 7
128 809 7 528 83 537 11
0 815 8 526 88 948 12
0 373 7 369 66 467 3
6 575 6 341 76 464 1
227 349 7 424 84 373 7
4662 572 6 504 51 456 20
9722 249 8 624 55 428 11
0 589 6 544 114 584 8
47 822 6 490 76 612 17
5292 395 5 472 96 520 5
0 307 8 569 64 560 18
108 529 7 479 81 686 20
1601 364 6 558 78 633 3
0 739 5 412 73 421 2
0 367 6 499 98 395 16
2073 376 7 492 74 688 19
1760 180 6 420 66 298 3
5183 915 7 620 76 662 18
171 719 6 507 100 634 19
9872 143 5 394 116 852 10
4870 802 6 527 78 879 18
0 407 4 396 80 457 1
0 342 4 349 115 967 19
9613 396 5 300 94 866 9
1637 347 7 455 69 754 8
186 975 7 446 64 782 20
127 770 7 492 115 721 5
9763 846 7 429 69 475 20
9617 455 6 517 56 701 1
9888 831 7 556 99 546 1
10067 241 6 399 66 918 17
0 518 7 598 119 678 3
10398 259 6 545 74 407 8
2376 745 7 550 105 456 1
9785 355 6 473 85 597 8
4937 978 7 486 91 830 18
309 465 8 536 75 537 2
5122 540 6 486 102 405 9
1897 645 8 511 66 575 7
1756 650 8 631 77 549 16
2125 710 7 480 89 712 3
0 793 6 523 115 752 6
5012 970 7 639 72 360 20
4600 944 8 570 77 470 20
4669 308 6 377 68 731 19
4915 389 7 602 80 814 12
1883 335 8 580 83 510 17
5105 308 6 398 122 518 2
10369 982 6 385 88 415 8
5177 160 8 446 71 471 10
9789 383 8 443 94 416 11
0 317 7 375 81 356 11
2137 705 4 381 112 779 20
394 810 7 482 75 467 9
0 944 5 311 102 819 5
4916 388 7 537 65 642 12
1997 937 7 477 78 392 5
2308 486 7 525 82 820 7
1625 506 8 615 76 809 11
2177 797 6 385 73 938 2
2209 661 8 563 107 512 8
339 826 6 343 120 578 19
86 827 4 296 84 789 9
9786 362 7 534 89 617 8
5011 613 6 390 56 846 10
5374 814 7 519 91 378 18
4940 530 5 340 70 807 12
10278 557 6 325 90 745 3
5092 902 7 454 72 831 6
2054 929 7 421 85 430 2
9866 201 8 573 76 374 1
4627 406 8 420 70 372 18
10167 129 5 266 73 793 12
150 411 6 396 111 744 2
1707 907 8 569 103 849 19
5109 961 7 599 82 323 10
10096 204 8 585 74 511 19
288 436 8 583 78 696 17
10155 782 6 519 73 489 12
2021 730 6 522 105 736 2
5176 668 6 442 95 544 16
0 738 6 484 80 406 18
4916 494 7 636 65 467 3
150 481 4 262 96 611 3
2129 903 4 319 101 619 12
4624 826 8 578 80 477 9
0 782 6 511 108 671 2
223 790 4 339 57 847 20
244 762 6 462 96 853 3
2106 765 6 486 111 662 20
1858 924 7 473 58 555 12
9680 957 7 505 95 399 7
1914 575 8 524 72 403 19
10201 273 8 511 70 441 19
10300 267 7 420 75 512 10
2188 949 6 394 68 330 1
2095 211 5 280 55 493 8
10336 954 6 462 99 387 9
5012 641 8 460 96 514 5
9619 174 8 461 100 521 19
5085 688 6 425 89 331 3
2308 351 8 428 105 500 10
0 139 5 383 87 553 7
9977 974 7 383 105 491 12
1735 713 7 472 83 733 7
0 835 5 432 56 900 4
5391 954 6 466 72 360 17
5334 944 7 438 75 483 7
4843 383 8 490 84 541 3
2027 661 7 471 73 453 3
1825 811 7 503 120 973 7
0 900 6 476 55 412 8
10289 381 6 427 98 361 3
10367 692 4 352 68 817 18
9612 317 7 475 58 527 1
5120 917 7 614 80 358 17
2065 309 6 470 83 342 7
107 581 6 459 104 501 18
1888 854 5 336 100 594 4
1999 173 8 435 119 500 19
5376 829 6 436 72 626 4
10344 992 7 513 119 781 19
0 242 7 439 86 286 10
4952 198 8 585 96 423 10
12 676 7 384 71 555 18
0 709 6 385 97 652 18
2214 356 6 526 59 442 19
5339 868 6 396 89 235 4
10178 637 5 470 99 663 4
292 581 7 481 69 290 20
1759 947 4 391 93 618 16
9918 328 6 327 56 561 1
4680 808 6 400 86 588 8
4651 316 5 344 110 747 6
2089 651 7 390 104 628 12
2083 136 8 421 95 241 16
392 374 8 530 117 477 6
10069 423 5 470 81 656 8
4774 958 7 557 107 393 11
1918 696 5 384 89 719 10
2200 724 7 439 85 548 9
1867 936 7 603 109 529 16
0 973 6 378 77 703 4
10397 983 6 343 104 669 18
0 170 6 392 111 901 17
2071 755 5 335 89 879 2
1751 780 7 379 59 383 7
0 351 7 481 84 688 7
10330 872 5 467 72 467 4
5058 634 7 512 94 504 18
10339 436 7 446 105 603 19
9775 645 8 482 69 310 6
85 299 5 379 71 356 18
9962 624 6 427 60 485 4
0 349 7 444 92 408 6
37 217 6 464 110 772 7
2026 864 7 491 60 506 6
9839 838 4 355 92 808 8
10289 313 8 626 56 622 10
0 191 6 445 81 491 4
0 350 7 456 63 980 20
250 650 7 500 61 588 16
5385 146 7 523 75 272 16
2189 770 4 302 63 506 17
96 293 7 609 61 401 2
10023 507 4 317 59 655 19
2261 361 7 366 77 546 17
1623 312 6 439 122 905 5
2352 903 8 542 62 314 12
10135 454 6 429 85 528 18
0 487 6 437 97 545 16
5117 726 6 332 86 518 17
250 806 7 371 95 239 6
9985 348 5 405 97 434 4
187 620 7 397 83 590 11
2225 718 6 412 105 318 5
1965 833 6 429 118 608 20
102 271 7 618 70 478 16
0 761 7 396 120 458 8
4829 324 7 528 86 806 3
5273 569 6 452 104 449 20
5305 417 8 614 115 566 8
4934 724 7 540 80 463 20
2217 500 6 435 89 536 19
0 909 5 454 90 677 5
1945 226 4 324 77 464 2
97 410 4 300 56 741 9
10322 226 8 466 89 425 4
10343 192 7 523 51 814 16
4947 281 6 532 79 556 10
0 407 5 353 62 628 3
5207 692 7 448 111 782 1
4802 833 8 532 96 364 18
5099 672 8 447 85 640 17
1886 597 5 347 70 489 2
10235 384 5 294 78 799 19
2234 998 8 489 83 868 9
5041 565 7 418 102 454 2
2194 777 4 309 64 501 10
4793 931 5 331 68 517 20
9999 983 7 524 57 529 7
0 753 5 447 84 337 8
0 506 6 411 56 402 2
0 232 6 485 64 350 8
1633 460 7 419 53 438 4
2183 953 7 451 68 464 11
4954 325 4 347 78 720 3
0 998 7 551 74 593 3
2113 226 4 347 85 570 16
74 409 8 566 94 237 6
2230 336 6 427 103 459 18
10124 709 7 490 57 881 17
9651 301 6 469 99 703 1
304 920 7 543 122 433 18
2350 922 6 437 71 454 17
52 918 5 299 76 442 5
5400 577 7 546 59 594 17
1982 935 6 533 71 906 3
1812 382 7 474 91 580 3
4896 479 7 624 71 577 16
10010 939 8 550 106 643 18
2294 166 6 459 114 648 4
1928 238 8 518 96 505 18
2107 638 7 471 100 318 7
9831 281 8 559 70 406 3
10310 385 8 425 119 620 5
1636 800 8 586 113 608 12
5119 842 7 451 89 281 17
2250 823 7 374 118 454 1
167 362 7 491 56 640 16
1891 318 7 546 60 743 9
2354 417 7 554 108 502 3
4731 841 6 371 82 506 16
1923 787 5 422 98 658 12
0 333 8 423 87 429 18
2055 183 5 462 78 456 3
0 851 8 620 72 613 19
2071 940 4 304 119 579 20
4959 173 6 445 64 328 5
9756 482 6 560 58 913 18
0 988 7 494 78 683 5
5010 990 5 384 75 453 2
2339 319 8 567 84 727 10
4 948 7 393 82 425 20
5061 247 8 582 59 429 16
4752 748 8 515 62 459 9
10046 383 6 471 77 694 17
9735 632 6 503 69 663 12
2069 837 6 450 60 359 16
2363 614 5 462 80 453 12
5208 288 6 406 74 584 2
0 764 8 634 64 424 20
4857 767 6 559 81 513 17
4806 947 7 629 106 681 5
0 998 4 268 69 750 5
229 454 8 531 92 411 3
10244 840 6 373 94 487 9
72 669 7 539 106 550 9
0 359 6 520 84 458 20
5225 578 7 474 103 309 10
2245 989 6 408 68 584 4
0 594 8 519 113 720 16
280 552 6 488 67 550 11
1828 799 8 529 103 621 3
4770 497 7 619 80 480 8
10044 784 7 600 75 535 7
1932 250 7 608 121 669 5
0 435 6 549 78 718 5
227 257 7 442 83 687 5
5355 455 8 577 65 415 20
10165 797 7 570 92 310 4
4607 726 7 417 81 672 19
1937 813 6 496 75 442 5
9825 825 8 458 101 409 8
1997 177 6 413 92 681 7
4908 818 8 537 66 588 12
1980 907 7 526 79 398 20
4960 655 7 571 86 617 10
9785 788 7 463 79 349 16
2201 418 7 475 119 390 7
334 802 6 370 121 857 3
5092 205 6 430 103 399 8
9964 654 7 442 71 317 3
2300 249 6 387 80 467 12
0 756 7 426 63 552 2
1976 132 7 407 59 901 12
5045 292 5 450 70 962 1
2186 679 6 352 107 319 17
1766 296 7 555 53 750 19
4955 764 6 396 117 771 19
1662 954 7 604 99 404 10
9902 321 7 546 76 595 19
5050 403 7 466 93 528 7
280 909 7 474 86 464 19
2230 712 7 454 121 575 19
9812 601 7 386 72 626 10
2102 220 5 352 77 674 5
9940 561 6 388 107 574 2
2213 911 4 266 71 655 4
1713 764 6 438 97 602 16
4859 712 7 535 110 470 7
1647 622 7 393 113 597 2
2173 762 7 539 105 385 16
11 158 6 383 105 574 3
5301 739 7 473 90 448 16
10139 137 8 557 67 718 7
344 202 7 421 81 325 20
5186 129 7 508 80 491 2
2361 680 5 290 83 499 5
1742 269 6 439 79 465 9
0 383 6 393 65 541 10
276 745 5 275 84 587 2
120 146 6 360 101 359 10
9855 602 6 387 72 597 11
4895 448 5 437 75 595 20
5331 756 7 509 66 365 20
9746 346 7 629 103 582 10
10217 944 6 547 83 979 18
1793 566 7 438 68 379 11
9658 850 8 515 50 293 6
2363 231 5 344 100 816 11
10105 280 6 458 65 328 7
9776 323 4 300 112 704 9
4670 909 8 454 106 494 18
9616 501 5 404 115 605 11
5269 850 5 342 100 446 16
2393 758 5 437 52 439 8
0 708 6 431 83 703 8
9621 188 8 523 113 651 5
9859 533 8 486 81 403 17
0 230 6 449 109 618 2
2088 493 7 560 61 693 16
5399 703 8 593 49 649 8
10177 491 5 347 61 574 20
0 670 6 491 103 565 12
0 729 7 406 60 929 12
0 838 6 336 92 733 16
2139 797 6 320 89 748 3
10318 872 4 275 71 945 11
5202 471 7 589 107 704 11
5388 778 7 539 100 356 19
2045 477 5 480 117 420 8
10364 762 8 447 102 585 3
0 510 8 446 87 436 18
10044 701 4 278 85 427 10
1786 218 7 615 94 451 6
2372 227 6 465 72 541 17
10071 728 7 549 63 427 20
1675 360 7 476 106 434 9
4956 632 7 526 91 970 19
68 374 6 397 50 415 3
4821 289 8 572 56 527 2
1939 737 7 397 114 927 20
2060 666 6 398 68 288 2
10128 348 8 569 83 363 8
9618 950 5 392 113 670 9
1719 238 6 510 58 559 5
9967 227 7 505 64 670 9
1805 993 5 323 109 855 17
5082 767 6 448 80 630 11
1879 349 6 384 81 713 20
0 761 7 555 100 434 6
20 963 7 459 98 861 1
1831 595 7 493 92 560 3
1716 433 5 413 60 745 16
9920 730 6 441 79 575 16
2298 248 6 421 78 582 6
5143 945 7 604 109 724 4
0 592 7 387 74 473 5
9724 914 4 395 55 612 19
2087 533 6 412 111 454 1
214 828 8 493 69 715 16
1922 552 6 373 48 356 3
10090 872 6 410 77 377 3
203 702 5 321 116 749 16
2075 829 6 358 123 513 17
9992 635 7 433 90 546 19
5011 474 8 528 88 286 3
0 155 6 428 95 404 5
5304 703 7 404 69 379 19
9896 601 6 500 89 545 9
165 190 6 473 93 755 20
218 796 7 491 81 587 17
4689 243 7 425 89 909 11
2319 835 5 343 98 783 10
2031 159 8 604 107 739 18
5022 257 5 428 62 424 4
214 534 7 534 76 541 1
4842 946 8 545 77 368 16
352 583 6 394 102 684 1
10394 766 6 365 60 905 5
232 404 5 408 78 867 11
269 887 7 367 74 460 7
4680 977 7 468 66 594 1
9840 984 7 495 69 352 16
246 604 7 569 60 325 10
5032 748 6 383 104 694 2
10202 677 6 437 99 514 4
1854 801 4 272 73 490 1
212 307 6 386 95 717 4
10237 325 6 439 100 744 8
2167 810 4 365 70 838 17
0 205 4 397 55 502 3
1639 621 7 545 59 456 11
9862 739 7 494 52 405 8
5326 778 5 373 99 627 3
4755 454 6 535 120 696 16
1925 444 6 454 114 559 2
5387 143 6 414 122 862 11
9637 723 7 581 85 939 7
0 468 7 622 59 653 10
4875 134 7 442 83 296 1
9667 841 6 417 58 710 10
1655 794 7 491 103 914 11
1816 780 8 581 91 370 18
5087 658 8 437 62 341 19
10358 452 7 521 53 445 17
0 890 7 388 81 320 18
1639 600 6 560 61 600 19
9750 395 8 482 89 298 12
10172 790 5 302 86 743 11
10157 832 8 491 48 470 18
4979 423 5 378 75 642 1
2187 324 5 388 73 625 17
10321 486 7 420 105 423 1
9740 432 5 430 102 902 4
1795 834 7 456 73 408 4
9602 537 6 430 70 702 2
2056 294 8 570 57 626 9
1684 223 7 630 97 490 5
10163 228 4 274 102 487 6
1612 832 6 513 50 477 8
1725 899 7 605 63 238 9
9881 904 5 366 67 659 19
0 745 7 511 90 537 8
28 760 4 378 79 795 11
5374 759 7 577 53 504 5
2368 907 7 497 86 535 10
10273 480 6 500 87 499 19
9781 237 8 483 103 404 18
10041 927 7 470 60 774 2
2115 469 5 441 67 443 5
9654 834 8 506 58 581 1
10385 404 8 470 79 622 10
139 328 4 284 105 947 12
0 508 8 540 84 791 8
9750 909 6 471 97 897 19
204 746 5 434 60 595 8
1777 669 8 495 74 455 7
5279 742 4 292 70 607 18
9832 444 5 330 68 470 18
0 872 6 522 51 411 2
10178 328 4 394 66 587 17
0 433 7 471 98 594 4
0 737 8 523 89 541 11
2093 997 7 466 57 671 6
10338 756 8 483 95 447 20
10328 144 6 474 50 338 11
336 564 6 429 109 818 9
10094 841 7 559 90 446 19
5241 306 8 629 79 384 6
5006 726 7 597 61 407 7
5330 804 8 564 70 589 7
0 779 7 453 64 412 5
240 755 5 471 114 613 7
0 569 5 339 111 610 8
9998 812 8 568 72 558 16
9609 801 6 471 104 688 5
10095 718 5 442 101 770 16
4988 708 8 595 67 834 18
9873 583 7 460 56 250 2
9828 122 7 471 70 989 4
2349 533 6 448 107 821 4
0 860 7 486 94 386 9
10051 775 5 438 60 930 6
0 806 7 522 108 692 18
5188 758 7 384 119 478 1
5091 375 8 605 103 509 2
5007 233 6 468 66 582 12
9828 952 7 496 72 606 1
10392 275 7 526 58 781 4
1844 824 5 428 62 738 18
5398 536 8 479 76 354 2
2067 912 7 418 57 635 19
206 990 5 394 84 903 5
4620 298 6 364 58 768 4
0 783 6 422 65 366 19
0 774 4 312 100 636 18
0 765 5 440 56 459 19
0 897 7 506 91 334 17
10106 493 6 485 116 505 16
0 414 6 455 91 344 16
4640 517 6 403 119 688 11
1794 402 6 354 60 562 4
4640 194 6 528 67 768 5
86 691 6 451 100 470 16
2217 187 7 574 76 451 19
4844 644 8 450 65 297 6
5127 964 6 479 76 626 8
0 717 8 427 73 675 19
5002 859 6 489 90 645 8
9960 222 6 446 100 651 10
96 742 7 371 76 477 19
0 211 5 338 99 805 3
0 389 8 623 105 325 9
5259 830 6 558 96 412 20
374 664 7 444 77 595 1
4744 385 6 314 112 757 11
10189 786 6 438 62 727 17
0 159 7 530 57 521 16
9685 486 7 381 102 440 19
0 640 7 607 67 451 10
9899 946 5 372 65 532 6
2248 703 5 389 86 421 2
1615 961 6 416 86 509 19
9793 956 7 421 75 567 1
0 389 8 632 81 609 8
5083 849 7 490 113 586 18
78 711 7 504 54 679 17
285 807 7 450 60 310 3
4828 381 6 551 93 243 2
1922 703 8 620 93 684 8
117 743 7 442 74 696 5
2394 578 7 452 100 424 12
80 797 7 591 95 469 17
5269 734 6 387 58 383 10
2246 653 7 508 84 743 1
10050 827 5 442 92 911 5
4833 463 7 453 109 831 3
0 715 6 538 88 458 19
0 638 8 458 85 414 5
9933 404 6 435 76 497 3
10187 817 6 447 99 464 12
1980 381 5 443 116 559 1
4721 338 8 478 78 380 12
2341 234 5 384 81 704 2
5300 170 6 475 105 646 19
0 946 7 470 59 670 16
1746 708 6 473 107 562 6
1841 835 5 458 108 655 20
0 875 6 555 109 588 10
9662 756 6 488 57 714 20
2399 926 6 430 60 889 5
4688 511 4 316 74 670 17
1666 485 8 634 99 416 12
5157 879 7 474 84 356 11
5036 813 6 433 51 420 20
9726 685 7 438 118 372 4
9974 917 7 406 102 461 4
2355 796 7 623 87 488 4
1893 846 7 501 95 357 16
9881 592 8 563 60 394 12
9848 787 7 493 118 477 10
1706 836 6 385 94 810 2
0 766 5 433 93 454 9
4797 959 5 410 65 445 17
4683 656 5 387 84 712 16
2214 505 8 524 68 516 10
4663 841 6 370 122 981 4
2160 875 7 536 69 743 20
2317 917 6 386 99 960 4
4830 499 6 425 87 616 7
10346 848 7 498 79 394 18
9855 836 5 455 59 459 1
334 680 7 425 69 289 8
2227 476 7 425 83 545 12
10312 204 6 456 59 805 3
52 506 6 528 118 988 19
10032 230 8 506 55 629 6
9699 632 6 362 66 529 17
210 173 7 493 48 288 17
10384 760 7 612 88 541 19
2066 749 6 425 76 586 18
4924 834 8 603 82 560 7
9631 992 5 351 110 748 10
0 724 8 419 69 583 1
0 905 6 523 65 523 10
2184 279 6 420 69 716 18
5060 190 7 518 82 782 10
0 351 6 375 96 368 9
1958 269 6 410 56 612 6
9644 257 7 442 72 446 7
4708 837 7 530 74 326 11
0 140 8 576 81 494 8
322 224 8 536 85 614 3
10345 733 6 392 85 873 18
2395 725 6 446 98 404 16
9996 775 8 418 102 518 2
2247 388 7 534 79 324 5
2240 730 7 418 70 391 8
2074 149 5 354 107 460 6
9909 806 6 460 77 470 19
201 836 7 492 88 954 20
0 914 7 534 109 497 2
310 514 7 587 69 505 9
1965 732 7 465 104 452 3
5395 978 7 453 81 338 1
2190 958 6 504 87 514 9
5014 406 6 465 72 760 6
5107 534 5 357 74 722 16
10081 971 5 392 111 796 16
9878 907 7 374 57 692 12
5318 336 7 377 102 678 5
1982 384 6 505 67 723 18
1823 297 7 539 96 308 12
5021 713 8 594 60 464 19
2086 763 8 580 61 275 16
281 993 6 410 93 442 3
2115 727 6 382 73 442 12
2028 775 5 338 67 576 10
9713 931 5 341 68 455 11
1776 770 6 330 57 881 16
0 318 7 422 69 561 18
0 495 7 593 80 298 7
0 722 5 478 72 661 3
0 587 7 577 57 526 2
1622 199 8 556 72 561 6
