16 189
4 64 72 304
8 64 100 944
3 32 76 992
5 64 52 224
2 24 96 368
4 64 100 368
4 64 100 944
3 40 100 144
3 32 72 544
7 64 80 480
7 24 116 192
7 24 120 496
8 32 68 240
4 64 124 912
6 24 112 896
4 32 24 112
11339 15 3 175 36 117 7
9280 213 4 108 42 72 5
7342 367 2 73 45 104 3
7945 60 2 91 18 130 2
5055 245 1 41 38 227 6
193 299 1 43 44 407 5
7463 267 2 40 42 423 4
11950 70 1 48 59 132 19
5233 42 1 22 22 587 3
11182 198 2 147 75 274 7
3234 318 1 103 55 109 17
10678 502 1 25 17 131 5
8139 65 1 47 37 216 1
9289 322 1 30 52 60 4
5559 491 1 49 38 389 20
746 475 3 220 25 642 5
4464 109 3 68 29 294 6
5566 376 1 44 60 128 2
1562 87 3 314 44 312 5
1856 236 4 46 79 83 6
8571 174 1 17 33 215 4
3487 297 1 10 45 185 4
8795 339 4 182 22 55 7
4104 365 1 15 10 70 3
477 350 4 143 53 190 4
4863 473 1 77 66 226 7
6898 184 2 57 54 657 5
3634 426 1 52 62 352 2
4810 352 1 46 49 97 3
10222 127 3 151 27 104 2
570 20 1 41 53 221 3
10551 362 1 31 20 416 17
5485 546 2 71 34 608 2
10101 545 2 39 13 68 7
4667 358 2 91 36 65 2
5744 309 6 317 22 330 19
9389 505 2 112 33 147 3
924 59 4 181 54 323 18
9459 274 3 60 33 57 19
10945 279 1 41 62 670 2
1226 192 2 28 25 228 16
5794 518 1 37 33 35 20
5698 483 4 101 30 79 19
611 501 1 18 37 230 20
8101 434 2 59 57 232 1
8137 448 2 237 47 202 2
5869 259 1 64 37 417 4
6690 357 2 51 48 87 6
3282 343 3 60 20 56 7
6503 427 2 38 59 216 4
11816 37 1 122 56 264 7
3173 90 1 41 58 115 3
11580 256 2 29 62 74 20
2927 84 1 67 70 157 4
7200 308 1 25 12 153 6
3588 88 3 98 6 56 5
9620 306 1 99 57 295 1
3125 32 2 136 26 191 1
845 343 1 44 47 85 5
4192 170 2 39 23 122 1
2433 225 2 97 32 213 6
218 342 1 131 56 106 4
6169 112 3 52 61 393 2
5167 512 2 33 32 227 3
2076 471 1 48 36 178 18
6321 439 1 46 21 540 2
7736 472 1 77 28 424 7
929 329 2 75 67 533 17
2244 206 1 32 66 45 3
9327 421 5 77 57 138 3
9202 31 3 47 10 46 3
7271 64 1 30 37 212 4
10115 537 1 52 39 48 4
6084 194 2 81 42 251 7
9300 66 1 28 30 91 2
1634 33 1 19 44 77 6
2634 391 7 67 50 50 1
1220 169 7 176 31 74 7
11293 85 2 33 21 176 7
11003 142 4 72 60 549 19
6819 45 1 41 8 57 15
6695 496 1 21 45 114 7
6042 258 3 153 82 287 5
10043 302 5 108 34 188 5
1090 301 1 16 29 93 6
319 258 5 84 49 71 2
4806 321 1 20 49 582 2
11287 447 3 116 30 156 7
6069 105 3 327 23 349 4
7386 388 2 63 32 104 4
10730 459 1 45 58 133 3
1972 71 1 89 59 559 15
6219 85 3 38 52 139 16
5848 472 4 123 42 645 3
6741 151 1 24 43 385 1
2567 144 1 70 39 562 3
2309 392 1 148 30 121 20
5215 549 2 22 55 265 19
6120 261 2 58 59 66 2
9248 157 2 72 7 43 3
5428 6 5 93 68 384 20
2134 123 3 130 17 180 3
2124 200 2 83 15 89 7
6711 455 3 102 35 131 5
5886 291 1 220 34 130 1
5879 23 1 88 33 95 18
10949 254 2 145 45 227 3
492 254 5 231 50 362 15
1097 313 1 69 10 41 1
8884 375 3 78 42 65 7
6035 446 1 15 55 76 4
3623 66 4 164 22 238 3
8991 158 2 46 21 379 5
8690 461 1 95 39 664 4
1136 343 2 32 16 78 19
3281 259 1 133 16 202 5
3348 407 3 99 14 60 18
9824 243 3 36 75 133 17
8285 248 2 24 36 210 1
1571 394 3 108 34 144 19
10977 471 4 125 49 71 20
8686 458 4 62 33 127 7
8133 191 2 68 30 160 18
2744 128 6 113 68 310 4
7699 152 2 34 52 652 5
3401 494 2 215 16 159 7
10635 242 1 31 41 226 4
9362 148 3 54 25 584 18
8471 352 1 19 16 162 2
2530 78 2 27 67 96 19
6377 368 1 20 57 166 19
10399 526 3 73 17 33 4
11916 201 1 40 37 262 6
8525 271 1 27 59 129 18
1285 173 4 174 84 237 1
5892 70 2 76 31 225 5
8050 191 1 44 41 560 7
8360 364 3 72 33 58 17
2531 424 4 108 60 129 2
2944 365 1 57 19 318 1
1740 113 1 106 78 274 16
11710 70 1 49 49 92 20
4119 83 2 85 37 106 20
10802 175 4 82 43 236 2
961 69 3 111 30 140 17
5280 422 1 62 42 191 19
9409 462 1 91 17 346 2
3306 340 1 14 40 173 6
10498 331 1 38 78 141 2
11800 546 1 10 28 492 6
2822 31 2 92 26 139 18
9319 531 1 153 16 142 4
300 501 3 203 22 60 5
8675 387 1 69 31 193 6
4505 517 1 139 32 402 1
9040 526 1 38 30 707 20
9274 225 1 35 32 222 3
1579 378 1 27 35 60 7
1934 170 3 185 44 308 5
637 422 2 76 5 32 3
7160 503 3 38 49 511 6
4297 464 2 67 28 602 2
4879 91 1 46 31 88 4
1617 546 1 83 48 581 7
4694 82 1 125 18 139 3
11841 296 4 93 33 158 5
687 433 1 36 23 128 6
5819 84 1 19 9 68 2
6440 172 1 60 47 177 4
4463 440 1 45 68 630 4
2123 417 2 44 38 164 18
10231 481 3 146 71 584 5
3948 255 3 61 48 164 7
7496 312 2 53 29 351 6
5464 436 6 277 33 344 6
11663 514 2 34 33 174 20
11276 347 1 65 73 434 1
955 32 1 72 27 97 20
10554 375 3 105 50 194 3
11116 385 1 37 6 68 5
9446 529 1 30 58 343 2
4079 182 1 92 27 634 5
7428 82 1 40 37 104 3
11220 406 1 14 44 256 5
1533 153 3 43 7 31 6
11881 172 3 41 28 112 4
7379 217 3 89 44 239 4
8505 83 3 59 71 364 18
7254 378 1 66 24 68 15
