45 1000
8 40 76 816
4 48 88 800
7 48 104 784
7 80 72 736
3 48 88 368
7 64 88 992
8 64 84 944
6 40 108 496
8 32 100 688
6 24 64 528
8 24 32 832
4 64 80 128
5 32 40 1024
6 80 40 688
2 80 52 560
3 32 104 320
7 80 92 400
5 32 92 528
6 24 100 736
4 80 128 656
3 40 128 272
3 80 128 688
8 80 116 864
7 24 24 400
8 24 44 272
4 48 80 608
5 48 52 832
6 32 100 272
8 40 60 960
2 24 72 480
3 32 68 448
2 48 40 912
8 48 64 224
2 80 52 400
3 24 40 944
4 32 36 368
3 64 76 464
3 24 108 624
6 64 96 560
4 48 56 528
3 48 80 288
7 64 124 480
6 40 68 848
5 32 44 944
8 80 100 192
6449 586 2 62 51 145 7
922 539 4 102 24 323 3
10403 49 1 21 57 157 10
3420 477 1 26 11 437 1
1152 371 4 119 27 547 8
9594 385 4 126 29 235 12
1536 463 1 23 28 526 15
6529 330 1 38 7 112 4
9578 356 4 233 32 420 7
6269 523 3 248 16 196 7
5007 413 5 168 30 430 8
8963 159 1 54 7 276 17
2183 293 7 543 32 417 20
5045 464 8 143 15 287 7
1243 505 1 106 16 81 12
4842 479 5 87 28 190 5
5127 464 4 57 15 539 3
11421 41 1 67 15 391 14
10215 472 3 193 47 348 10
2028 62 1 104 36 285 5
10853 636 1 42 16 177 4
3784 256 1 77 32 298 1
9751 45 5 244 46 342 9
9384 384 3 150 48 87 17
2193 14 1 39 15 651 5
5220 17 3 93 29 414 4
4233 369 3 46 19 473 8
1021 162 1 25 45 91 13
9569 293 1 25 47 223 7
6246 301 3 54 38 281 19
1395 439 1 17 30 359 14
11524 48 1 42 44 110 12
7044 282 1 26 16 277 16
151 607 1 16 37 166 18
8809 128 2 26 42 214 5
2700 136 1 17 19 301 13
4481 297 1 15 17 307 15
5559 610 3 82 38 411 13
4080 359 2 146 45 363 1
82 624 4 147 34 166 6
1838 183 2 36 9 121 13
6409 148 1 17 43 163 18
1589 105 1 149 19 232 13
1616 36 2 65 35 509 3
6360 633 2 24 26 366 6
9173 350 4 124 34 294 12
5163 21 1 48 35 353 4
6428 583 1 36 22 184 9
950 181 4 95 27 304 13
4311 94 5 231 40 369 17
6057 500 2 34 20 159 8
7726 562 1 48 42 175 12
9643 188 3 159 60 310 4
2024 53 1 36 13 312 19
3819 336 8 406 71 573 17
7425 384 1 26 42 188 14
8091 72 1 80 29 73 17
9306 326 2 94 13 562 17
6053 162 1 34 13 310 5
5965 150 3 79 16 268 9
2608 130 4 87 33 309 16
8352 475 2 76 25 197 10
3525 540 1 103 63 164 18
7978 336 2 110 28 451 4
1985 488 5 239 29 280 19
11690 322 2 128 63 504 12
1770 554 2 83 40 309 11
5941 117 4 322 26 202 14
4999 371 1 29 37 279 18
8170 300 2 85 34 180 9
3790 539 2 185 60 496 11
8514 337 6 110 12 201 17
283 405 2 35 55 163 14
256 373 5 95 38 267 20
8662 417 2 43 37 563 9
9697 331 5 72 45 57 7
7948 398 1 54 11 146 16
5516 302 1 44 63 496 3
3743 498 2 69 51 146 16
9563 113 2 52 29 428 3
8809 242 7 196 21 459 10
133 44 2 58 30 283 12
10127 513 4 119 35 51 7
2790 550 4 98 17 567 14
6701 264 1 21 24 327 2
1368 313 1 31 33 74 4
7456 179 1 67 13 209 6
6975 509 3 184 38 501 8
5198 528 1 24 24 305 17
8534 401 2 100 22 78 14
3448 564 2 53 22 361 7
2585 435 3 104 15 222 4
3631 587 2 71 80 326 13
6818 337 1 28 36 157 9
9892 466 2 32 25 358 1
5909 525 2 127 39 232 11
9198 242 1 26 62 107 17
8741 397 1 59 49 201 1
4332 445 1 18 83 196 1
482 282 2 36 19 376 4
4428 639 1 18 12 177 9
933 181 1 38 39 233 10
11076 478 3 81 15 287 6
7416 600 1 32 37 170 20
6347 291 2 50 6 278 5
2031 240 6 93 17 359 18
2606 297 2 104 20 434 3
6987 125 1 25 36 152 13
4228 45 1 109 64 134 16
10518 627 2 47 32 480 17
8005 181 4 195 60 299 13
5497 638 1 34 40 92 8
2560 501 1 31 20 144 9
10522 81 1 143 44 181 8
9521 514 1 52 13 391 8
2449 283 1 38 13 494 16
2094 301 1 18 40 181 14
4660 356 2 67 22 150 15
11606 225 3 66 40 273 15
11233 92 3 110 28 236 11
7540 644 1 14 42 216 5
9036 512 5 115 23 198 4
11367 639 1 36 19 81 6
860 468 2 37 13 219 19
9989 535 1 9 8 250 13
6732 419 1 41 24 586 1
374 29 1 44 57 174 20
1494 137 1 146 44 551 9
9426 307 1 31 13 570 1
2439 520 4 236 30 556 1
91 201 1 70 34 222 4
7596 529 2 41 16 427 20
6264 252 3 72 14 156 7
2527 296 7 152 27 269 17
3407 437 3 26 71 459 18
114 642 4 280 54 341 6
2506 150 1 150 31 418 11
11669 349 2 73 28 486 16
6007 278 2 59 24 204 4
10851 528 1 32 17 250 14
5050 623 1 167 35 254 19
7466 461 1 14 41 305 18
6598 229 1 25 33 331 2
5954 621 1 98 68 255 3
4035 203 1 27 26 157 13
11914 310 3 156 25 248 17
1395 569 1 27 46 158 13
4729 310 4 46 47 514 16
9012 401 2 53 42 111 13
11746 74 2 47 27 318 10
2911 131 2 59 31 285 17
11689 370 4 400 62 99 1
2325 630 1 271 49 164 13
3448 326 1 54 28 340 14
4557 108 1 9 64 331 15
629 60 1 46 32 447 20
10949 267 2 118 67 198 7
4995 478 5 104 27 543 19
6225 607 1 25 34 684 15
4213 362 2 93 26 372 13
6607 581 1 119 69 460 17
7529 382 1 50 45 164 3
2859 459 1 216 21 219 6
9134 570 2 125 13 366 17
10000 125 1 41 34 295 8
8419 220 2 102 31 200 19
8745 643 3 67 10 147 12
3160 315 3 49 17 690 2
11102 102 2 36 22 605 3
5290 535 1 39 18 318 13
10018 161 1 23 34 102 1
9030 410 2 124 78 343 4
7368 34 3 90 23 322 13
6510 429 5 252 56 370 12
8233 384 2 58 39 491 18
5194 116 5 183 44 729 19
8079 395 2 143 28 102 6
11615 588 1 58 88 344 2
3541 30 3 52 62 73 7
9241 254 5 176 49 192 12
11567 395 1 54 56 83 18
11092 584 2 66 49 336 1
6190 441 2 30 41 269 6
2936 417 2 70 18 221 11
601 427 1 25 40 223 3
8946 260 3 93 48 379 11
5207 308 2 65 25 204 12
8420 505 1 16 47 247 18
10048 552 2 22 43 489 16
3672 54 2 28 66 311 10
6442 92 1 17 35 154 14
2543 145 2 54 59 130 3
3667 449 4 317 31 189 9
6492 469 4 124 28 127 9
2434 343 3 45 13 597 9
8250 611 5 365 36 205 2
1760 250 1 84 32 455 5
5465 59 2 81 35 185 14
11756 310 1 17 14 200 18
794 42 2 29 32 176 17
2889 162 1 53 50 471 18
4358 329 1 123 62 402 5
3210 117 1 45 14 483 3
4057 369 1 71 44 277 3
11579 90 2 171 18 460 3
11651 469 1 15 40 145 20
2862 339 6 54 30 408 14
10581 180 2 85 52 97 15
1382 620 6 74 21 195 15
11341 73 3 33 16 375 16
8044 642 2 21 46 124 1
11742 402 2 97 62 271 5
9190 110 2 78 74 500 11
10642 623 1 28 23 538 7
5037 87 1 82 18 266 14
2920 395 2 186 82 133 10
4028 551 5 179 51 221 17
2466 514 3 107 47 225 16
11398 101 1 51 9 306 17
7564 91 2 321 24 411 3
4501 170 1 69 14 485 20
775 610 3 305 53 141 2
2666 591 1 118 52 245 19
9581 371 2 54 20 201 12
3686 95 1 48 26 231 8
6925 539 1 131 75 161 15
7474 19 1 67 48 406 9
2965 238 1 27 38 82 9
4675 462 3 167 23 474 5
9181 608 1 34 66 87 17
5155 247 1 33 19 213 13
10144 241 2 39 38 176 16
7270 113 1 16 69 100 16
4399 312 3 106 61 483 11
8623 383 1 25 61 157 12
11296 372 1 75 58 576 5
4740 233 3 29 23 524 12
776 127 1 27 30 527 4
2056 233 1 53 67 217 4
2860 623 2 93 12 439 18
1847 10 1 134 39 192 1
6576 393 1 15 10 310 2
9712 173 5 240 30 429 14
10283 85 1 88 41 530 13
8526 534 1 22 13 546 10
9821 327 1 15 16 137 8
10974 467 2 53 19 258 7
11484 394 1 32 28 83 9
10742 227 5 167 47 206 5
7394 437 2 29 21 309 17
8898 230 3 117 26 330 13
4040 340 1 19 48 197 1
6390 155 3 62 67 120 5
7550 331 4 144 59 240 9
7486 135 2 108 9 183 18
1250 629 3 54 48 309 11
1936 280 1 26 47 210 19
10095 250 1 103 28 584 9
1843 488 1 211 42 507 12
6518 281 3 312 53 316 19
994 75 1 101 28 515 18
11891 624 3 135 37 274 17
3511 218 2 72 24 622 3
9233 18 4 66 11 265 18
4426 71 2 170 66 462 1
4865 642 1 116 62 161 4
9162 355 1 57 38 162 18
10268 547 1 60 41 437 6
11514 56 3 92 43 328 9
11527 334 1 155 23 62 6
9933 298 5 124 53 243 7
5309 48 1 78 34 31 10
11616 467 4 105 31 169 12
7164 316 7 209 41 357 6
60 219 1 44 34 162 16
6591 603 2 57 29 340 19
3671 407 2 198 15 420 19
3478 630 1 64 28 263 9
1768 592 1 99 20 455 11
7813 442 3 89 25 211 1
8994 429 2 105 30 209 15
4610 173 2 107 60 267 10
11432 489 5 122 73 496 14
2662 260 5 407 81 247 5
3001 389 1 36 69 326 2
6995 14 4 95 29 300 7
10174 554 2 30 43 272 6
4854 409 1 20 22 197 16
11237 203 2 118 33 248 8
9108 158 2 35 23 220 5
5829 153 3 146 28 476 9
9213 264 1 39 12 565 16
11080 458 1 33 59 279 19
6094 408 1 48 40 578 20
11609 113 2 80 45 51 3
1754 641 3 122 27 400 5
5113 96 2 53 54 91 8
11530 422 2 39 61 62 15
5052 80 2 19 25 185 10
11452 629 1 20 58 159 20
4641 400 1 232 23 394 18
10999 622 1 31 43 439 6
3513 48 3 82 6 121 16
4943 634 1 54 28 207 1
2452 365 2 38 21 291 5
10085 18 1 20 41 137 6
7104 161 2 137 58 564 7
3420 27 5 206 58 512 12
5405 513 1 56 29 192 6
4434 447 1 21 23 276 5
6511 291 2 45 28 556 1
2178 180 1 100 71 154 8
11275 254 1 19 9 651 19
6543 290 1 52 37 204 13
10909 441 1 44 26 103 12
1465 457 2 63 38 123 4
11216 415 1 37 29 245 4
10844 70 1 28 17 598 10
7776 252 1 101 36 182 5
861 376 2 78 13 543 11
3940 603 3 59 38 215 19
149 647 1 13 12 156 8
5396 35 1 41 37 100 13
4462 588 1 61 36 108 12
3267 379 2 67 12 427 13
2527 580 7 451 51 517 5
2214 498 6 121 70 371 19
9843 119 1 39 40 343 3
7512 91 2 35 16 454 15
6433 380 4 291 46 85 7
7478 395 2 36 20 326 10
9826 540 1 109 21 57 14
2405 386 2 90 32 126 8
440 124 1 30 23 536 5
9750 46 2 45 36 123 17
1513 522 2 27 60 171 9
1803 67 1 32 32 164 15
11687 582 2 62 20 272 7
4623 608 3 110 45 92 13
2305 605 1 52 20 371 16
8016 223 3 62 54 216 19
2254 472 1 9 10 182 2
1318 44 1 22 24 559 18
6608 57 7 94 10 198 20
8842 491 2 49 26 668 1
2827 10 1 63 37 345 4
1156 471 4 185 54 86 5
5916 498 1 196 32 130 17
708 408 5 86 16 107 11
11373 36 2 79 19 81 10
10020 440 3 119 58 163 15
4420 110 1 49 10 67 2
8767 622 3 28 31 166 9
1623 133 2 82 17 259 16
8794 411 1 21 49 409 3
219 321 1 39 30 292 17
524 24 1 159 48 446 9
2683 176 2 79 37 220 15
5160 339 3 141 52 338 18
11716 157 1 23 40 464 15
4945 25 1 124 28 144 12
7516 425 1 15 19 147 12
7108 254 1 12 23 147 18
1594 201 1 161 75 207 4
8895 641 3 156 62 109 17
116 142 3 74 30 509 3
10782 351 1 13 36 194 18
184 512 1 47 28 395 1
4737 486 1 39 47 188 19
5532 307 3 304 44 154 17
733 279 2 54 19 143 14
499 118 1 25 38 285 8
2075 521 3 92 24 175 9
414 214 2 88 29 171 17
609 273 2 105 64 140 2
10864 604 1 34 20 198 8
423 576 2 33 42 110 20
2513 430 1 36 23 532 17
3502 164 1 87 20 361 16
6138 245 5 131 41 88 8
6951 352 1 57 36 198 5
4616 185 2 64 23 410 18
4057 233 1 21 35 183 15
6661 621 2 48 57 101 15
2651 105 3 116 9 62 2
3557 508 2 43 40 108 3
3505 354 2 54 47 142 13
8838 194 6 258 33 142 12
8906 458 3 91 25 479 13
3172 259 2 164 38 399 7
7390 154 5 83 29 62 14
221 399 3 175 22 482 7
3698 62 1 29 49 397 17
4610 444 2 33 29 374 12
3976 454 1 113 33 422 11
6753 39 5 73 14 254 17
6624 234 3 91 64 428 11
863 28 1 17 15 236 16
6833 89 1 31 9 404 20
10902 563 2 72 44 297 6
3201 11 1 19 61 211 20
8572 98 2 29 19 529 17
5378 125 1 57 53 127 6
6894 580 2 36 10 258 8
5720 293 2 71 13 134 12
2419 397 1 134 17 289 4
11558 599 2 24 28 160 14
767 10 5 99 16 135 17
11347 97 2 114 73 180 3
2916 147 4 452 52 239 15
10927 199 2 51 34 254 5
6988 321 3 104 39 141 6
7250 591 1 22 64 114 6
5422 239 1 20 55 310 11
5815 149 2 118 11 321 18
8327 216 1 77 31 93 1
55 319 1 23 39 188 2
2676 335 1 68 18 201 10
11451 634 1 119 46 241 9
5365 213 2 57 12 395 11
4544 257 4 209 50 506 18
1860 507 2 49 22 129 7
1747 644 2 388 27 103 2
10101 442 1 32 17 199 11
3937 341 5 200 42 334 9
3446 128 2 23 74 408 20
2679 454 5 375 33 213 3
10745 452 2 78 31 346 8
3903 21 1 23 16 648 13
6757 418 1 81 26 238 3
6127 352 3 94 21 509 15
3798 434 1 17 18 120 6
975 647 1 67 49 101 19
5059 574 3 77 18 349 12
811 482 3 111 28 122 15
8921 515 3 111 17 249 10
1305 518 3 104 59 158 16
764 192 4 72 56 393 7
6396 283 3 258 36 508 19
2555 403 2 127 11 142 2
11351 391 3 86 24 100 17
9126 367 1 71 29 245 19
5005 500 1 16 67 77 12
5883 66 1 59 16 565 9
7650 559 1 81 12 265 5
8102 404 2 59 38 244 5
3033 223 1 20 43 177 12
9977 188 2 78 33 66 2
831 432 2 58 11 349 2
8369 40 1 214 22 446 17
10772 253 2 39 51 158 8
11462 227 4 124 50 125 9
6313 312 2 126 81 584 10
11401 527 2 34 30 186 3
4205 460 1 136 70 399 10
848 224 3 40 49 156 5
1551 93 8 156 22 443 8
7669 383 1 40 16 406 17
5350 617 2 113 84 444 19
2226 204 1 301 69 178 16
6093 37 1 142 30 401 13
577 24 3 109 48 228 7
1102 125 2 22 23 196 6
6624 410 4 230 64 395 5
8451 641 1 66 38 56 2
9192 168 1 46 54 126 7
456 634 1 206 18 38 15
10654 520 1 49 15 85 3
10239 243 1 94 36 217 1
948 597 1 65 55 182 11
11953 608 1 106 21 350 6
119 52 3 51 55 134 4
8911 643 3 451 51 260 20
10725 370 1 55 25 339 4
10970 79 1 46 50 281 7
489 105 1 93 42 86 19
4017 149 4 137 34 500 4
11408 171 3 106 44 132 2
11969 289 4 277 39 180 12
2202 328 1 93 52 192 15
10356 362 2 38 12 169 11
8134 170 2 131 22 53 1
1172 323 2 62 80 302 10
8990 518 2 69 21 140 12
533 150 4 203 41 219 1
11587 156 1 36 54 80 16
1572 137 4 37 15 289 3
3492 467 2 66 10 167 6
8188 322 1 41 18 267 1
3758 531 3 89 23 196 3
9216 437 3 74 59 184 6
8133 287 2 34 11 242 17
8676 455 4 250 70 66 9
7916 21 1 19 52 335 1
6557 553 1 28 11 149 11
605 361 2 80 29 97 12
3514 400 2 75 13 224 17
2237 40 2 84 45 82 15
1398 431 1 30 57 294 18
2372 33 2 149 22 552 12
723 357 2 78 13 226 17
10595 201 3 65 42 146 4
9457 233 1 23 47 307 15
3752 591 2 158 29 462 9
5437 262 1 11 20 240 10
1644 304 1 19 29 72 4
848 650 1 13 16 284 2
11624 386 1 84 25 702 3
9721 78 3 114 52 185 16
1595 486 5 297 59 328 19
11026 423 1 25 29 120 18
5899 524 4 216 58 528 7
8058 87 4 360 56 491 13
6226 137 2 144 80 436 20
868 169 6 330 53 460 14
7939 31 2 160 33 566 5
4683 479 4 368 39 401 2
8741 597 2 161 63 278 7
9147 621 5 99 49 463 15
11454 290 1 32 62 154 15
11714 555 5 195 59 243 9
539 496 1 61 24 217 6
11298 436 6 413 21 378 14
1540 389 1 59 84 173 12
9335 65 4 130 22 187 6
4758 172 2 78 39 284 8
7408 107 1 103 45 238 7
4017 120 5 94 31 154 9
3768 554 1 42 24 176 15
4877 529 1 17 43 84 20
3659 41 1 36 24 581 17
5594 131 5 264 24 112 14
9311 265 2 41 65 207 5
394 289 1 75 60 311 14
2858 448 4 251 23 159 6
6020 296 1 136 77 186 7
9171 542 2 54 22 161 3
3888 156 1 138 14 396 4
1008 187 3 35 65 266 15
6605 232 3 75 30 149 4
7239 167 3 103 20 251 5
932 351 1 86 28 218 11
10657 12 1 13 18 94 17
2306 615 3 41 20 290 20
3655 639 1 75 23 203 18
7920 514 1 12 18 166 17
10904 440 4 35 21 172 9
6324 576 1 36 34 400 8
4857 126 6 231 44 480 8
10446 354 1 30 43 239 5
9289 589 1 25 18 255 16
5543 228 1 27 54 378 10
9634 578 1 53 21 581 18
3530 539 2 75 71 332 8
10713 505 3 328 27 345 2
9606 478 1 36 24 261 9
11685 135 2 85 31 144 18
3152 62 3 91 22 584 16
2764 320 3 88 27 252 6
8355 399 2 60 9 193 14
9622 255 2 62 36 278 18
5052 479 3 72 62 81 8
929 46 1 26 26 150 8
7702 331 1 19 30 200 9
11782 439 1 19 48 115 15
6839 403 3 67 21 177 7
5705 31 2 58 12 488 3
10401 37 2 51 22 317 2
11805 511 3 38 72 198 9
939 518 1 124 24 463 17
3007 180 1 52 36 241 19
8643 229 4 46 43 113 20
11051 390 2 146 55 321 11
9832 353 1 36 21 362 15
3293 435 2 150 23 423 1
2646 449 6 97 16 394 18
1963 39 6 233 54 244 16
462 479 3 160 39 70 9
8920 444 1 37 11 299 13
401 183 1 38 43 113 4
10246 510 1 12 49 66 17
2469 341 1 24 54 115 17
6354 118 2 63 30 358 16
6486 371 1 158 29 613 6
852 286 1 14 60 465 12
8172 563 1 57 12 588 5
3222 648 1 26 30 185 16
10531 135 3 63 15 631 5
3073 304 1 39 45 528 5
7040 169 1 48 14 216 11
2577 545 6 138 31 272 9
6168 32 1 60 53 305 14
11999 274 2 66 20 227 1
10800 18 2 26 13 284 16
778 168 3 37 26 412 5
10669 444 2 83 15 195 17
9969 175 3 75 50 132 16
7677 488 1 53 57 485 9
5664 245 2 72 55 201 18
8486 163 3 55 54 82 8
5143 56 1 62 41 66 5
3546 383 1 62 55 194 14
9496 479 1 75 14 596 8
11642 600 1 47 9 105 3
84 545 4 237 40 592 2
11696 76 1 46 35 263 10
2432 498 3 153 54 729 14
907 234 1 17 12 302 2
1218 263 1 49 41 425 20
9399 474 1 30 30 273 4
530 126 1 9 43 209 19
4261 356 1 11 15 458 12
1764 22 1 98 40 290 7
8982 501 3 85 53 226 20
11998 17 1 11 26 446 12
213 228 4 127 39 88 17
3490 216 3 127 54 271 10
5230 379 1 108 21 47 1
10140 510 4 127 28 214 6
988 209 1 67 22 108 2
1585 216 1 56 32 332 18
7685 575 1 86 44 313 20
9819 597 3 235 45 564 11
9206 104 5 144 28 486 11
9232 196 4 68 15 457 1
2806 177 2 40 20 555 17
10717 553 2 126 18 501 3
5660 394 2 71 15 671 11
5760 216 1 136 72 424 11
5901 54 2 65 20 265 1
11622 545 2 99 11 142 18
8752 509 1 28 36 189 19
9589 557 3 36 25 576 18
6689 430 2 27 50 242 5
9991 44 1 35 78 470 10
2866 484 5 418 76 568 7
4326 427 4 89 26 270 4
7484 373 2 68 36 317 15
2031 157 1 109 24 211 6
987 343 2 73 32 217 6
4993 100 1 157 42 368 14
283 137 1 38 49 167 3
9192 17 1 32 29 222 2
7545 329 1 33 27 458 10
6060 276 4 72 25 473 18
3774 465 1 52 68 224 3
10316 282 2 43 67 107 18
5725 80 1 222 26 374 17
4901 552 1 33 64 110 9
6704 335 4 278 23 396 19
8105 369 1 35 25 87 6
5055 478 2 27 22 152 8
1594 493 4 185 51 400 5
2093 257 2 71 26 544 16
8949 346 2 115 69 128 7
8619 136 3 45 8 157 11
7933 165 1 37 24 239 20
10303 58 1 74 65 396 3
8717 391 5 286 24 411 8
11335 141 2 42 24 264 10
9199 422 3 61 28 596 1
10457 316 3 124 17 712 20
3159 261 1 299 35 521 17
182 216 1 257 24 118 14
10087 131 1 48 14 178 5
1722 48 1 47 43 605 20
4770 449 4 150 56 228 6
8982 445 5 266 42 73 4
11538 191 6 99 26 148 9
4825 435 4 169 41 252 1
2108 553 1 62 26 239 19
4173 550 2 22 40 264 16
2334 490 1 19 24 263 15
9781 584 1 123 24 143 12
3836 297 2 47 13 590 6
6487 20 3 40 26 177 6
1467 464 2 257 64 267 10
4383 384 1 35 25 406 16
2817 624 1 73 32 246 8
6609 634 2 83 49 176 10
4935 551 1 45 12 307 18
11453 411 2 58 19 74 15
11891 108 1 20 12 489 17
7501 301 2 48 23 127 6
3678 311 1 32 35 132 4
10014 260 2 80 10 109 7
3954 118 1 28 42 166 18
11897 22 3 59 40 166 2
1585 300 1 27 13 239 8
7876 306 5 98 11 500 3
8583 133 2 40 16 185 8
10755 219 3 202 20 208 20
2330 487 1 31 27 135 9
7769 343 1 68 85 465 16
1188 470 1 33 31 638 13
2112 559 1 36 17 370 5
1440 420 1 50 14 577 17
7923 397 1 22 37 434 3
11535 501 2 37 34 169 20
11018 237 1 74 45 309 16
9145 73 1 17 68 97 2
3502 560 1 151 34 316 16
3393 77 6 137 9 122 9
4381 356 6 275 20 352 5
1654 346 2 62 22 195 19
7639 511 2 38 18 172 2
8324 414 1 20 46 183 3
2030 252 1 52 31 59 9
7062 404 1 12 52 229 3
9133 529 1 84 36 176 9
1564 421 2 77 20 56 5
7179 166 3 94 32 365 8
1328 116 3 52 53 196 6
9082 553 1 60 7 143 10
10885 321 4 115 23 195 17
2275 330 3 57 58 100 19
3700 56 1 44 44 145 4
926 448 2 138 29 308 5
9587 274 2 36 37 125 1
1912 394 1 59 17 244 4
7400 341 1 17 50 259 16
8398 261 2 53 25 354 16
6800 146 1 41 22 142 3
2111 562 1 97 79 290 16
4398 460 1 35 26 484 7
3446 596 2 23 21 155 5
8019 640 1 37 18 127 4
7461 484 1 63 9 240 4
6414 397 1 21 16 107 13
11310 165 1 64 30 575 1
8463 448 3 54 60 167 17
7956 498 5 194 36 371 6
10169 143 1 73 27 305 2
1158 644 1 61 21 435 7
4078 477 1 27 51 182 10
3349 103 1 40 21 465 6
2528 301 5 90 68 285 18
6532 36 1 89 11 503 16
6836 319 1 15 21 387 18
11508 585 5 109 15 271 9
5873 24 2 77 56 413 15
11676 302 2 174 54 56 7
9646 337 1 29 52 240 9
6353 303 5 236 24 471 11
2509 494 3 65 51 125 9
8028 146 2 183 71 372 17
10103 72 1 21 11 338 9
6793 641 1 40 26 108 19
7604 434 1 80 44 154 9
9845 531 2 57 17 112 2
11896 407 1 82 25 261 20
1774 452 5 227 40 578 17
7382 20 1 31 65 180 14
11056 335 4 149 51 448 11
937 640 1 16 49 116 3
8002 605 4 228 56 217 10
7706 183 1 108 49 403 1
5805 434 4 64 9 370 5
3450 518 5 185 55 269 12
406 286 1 45 45 168 2
1273 606 2 102 13 211 4
355 210 2 137 23 348 18
6467 430 1 132 19 306 6
6156 429 1 19 47 547 19
9762 633 1 26 32 165 19
4271 625 1 48 26 199 5
8262 408 1 47 28 182 15
799 221 1 70 29 614 7
3457 189 2 50 22 128 18
8020 355 1 26 13 346 14
2595 523 4 61 26 675 1
2601 584 3 116 30 570 17
616 621 6 386 24 336 10
10764 99 2 21 30 115 1
7723 521 1 87 9 285 3
8280 401 4 260 82 455 15
11440 386 1 40 44 383 4
6768 619 1 153 53 343 5
11203 271 1 76 12 604 14
7225 500 3 165 32 353 7
8905 501 1 9 17 182 12
4958 475 1 65 15 296 2
1928 644 5 197 40 230 13
58 477 1 119 30 318 15
8916 492 1 39 26 147 7
2533 298 1 54 46 179 1
7663 619 1 49 29 127 1
11976 178 1 33 51 239 14
10131 230 3 69 45 99 17
13 361 1 21 62 109 14
6372 64 1 41 20 262 17
7599 650 1 54 59 279 3
4310 416 2 161 53 275 15
1217 564 2 117 26 530 17
1640 515 1 12 12 542 18
5921 469 1 18 17 618 8
6488 91 3 151 73 402 14
8125 649 3 39 42 121 20
6027 439 1 28 28 546 5
3794 323 2 29 29 146 3
3283 268 1 20 26 278 6
1159 132 3 72 52 183 8
3366 608 1 271 73 449 18
6956 518 1 15 23 225 15
317 650 1 26 36 377 9
3462 322 4 213 49 676 10
9632 368 1 48 53 154 9
7188 615 1 18 69 184 1
2070 561 1 121 24 222 9
6956 311 1 11 21 559 19
9746 627 2 82 23 577 12
2348 368 1 68 11 434 17
1346 194 2 37 9 677 6
7364 16 1 34 26 677 19
11338 302 5 239 49 534 3
3279 25 2 38 77 102 19
3529 248 1 60 41 165 10
2571 175 1 121 40 468 20
10494 133 1 49 54 303 10
10418 305 1 87 54 154 7
3989 227 3 60 14 177 5
5831 279 4 105 45 311 15
8630 286 2 45 16 127 10
5432 579 1 81 16 184 18
4901 32 1 117 17 549 9
3184 201 1 148 38 142 18
3235 535 1 21 43 82 13
953 125 1 55 30 252 7
5782 335 1 16 43 473 14
4093 401 2 73 17 332 6
9040 25 2 191 25 133 5
7885 637 2 93 40 182 6
11196 612 1 51 13 365 11
6740 366 2 117 35 196 18
8258 67 1 72 8 279 17
10539 486 1 33 68 243 15
7443 449 2 31 30 234 18
4811 514 1 48 23 197 16
10313 550 4 144 23 178 9
10277 23 2 29 37 165 11
9783 159 1 15 25 303 7
11160 14 1 63 15 244 17
2323 645 5 146 26 402 3
10919 333 2 208 31 245 4
7545 196 3 388 27 102 17
10399 635 3 183 24 172 15
6598 266 4 108 73 359 19
9409 156 1 13 31 85 16
4351 151 7 199 24 321 14
7065 320 4 139 26 160 7
11604 364 1 22 10 189 5
7194 570 1 113 24 143 5
10250 387 1 118 12 407 2
9941 63 1 51 13 540 5
3410 393 1 42 38 245 16
4762 31 1 255 62 296 3
1226 430 1 240 12 196 9
6763 232 1 21 23 615 2
2845 79 2 24 67 310 9
7645 552 1 21 29 213 16
6286 621 1 101 12 168 17
7576 174 1 34 68 138 17
10336 328 1 89 49 314 5
6052 446 1 82 60 172 18
11110 501 1 27 51 70 6
6420 181 2 196 45 243 9
3203 241 3 70 54 107 7
7358 35 6 108 27 416 9
8750 256 2 83 19 203 3
5205 149 1 91 31 369 9
4666 606 1 23 20 182 9
10356 60 3 93 55 435 10
8971 209 1 200 19 329 15
7993 525 1 81 27 756 16
11586 489 2 105 51 480 1
2424 172 2 35 44 228 19
10008 118 1 15 9 157 14
10387 22 1 132 20 213 9
494 615 2 46 14 354 16
2276 417 1 15 14 106 17
9801 421 2 125 33 467 3
7445 63 6 239 19 60 7
4782 602 1 13 29 175 2
7317 245 1 18 16 190 1
357 537 2 29 23 340 14
11281 462 2 122 32 252 1
1090 165 1 14 16 267 10
5239 519 1 70 25 283 4
3956 118 1 32 56 111 2
1870 360 3 357 34 64 11
4032 252 1 29 28 180 13
3937 564 3 202 39 338 14
1385 48 1 14 14 624 6
7806 543 2 61 13 507 1
10911 344 2 33 44 410 20
11597 344 4 121 34 545 5
749 525 1 17 39 143 13
2139 83 7 190 39 288 13
1005 592 4 357 47 687 11
6248 110 2 50 28 345 20
11425 281 4 211 46 255 20
2276 294 2 60 35 73 10
5337 617 2 74 26 672 9
255 588 2 44 19 698 6
284 572 1 27 19 665 11
8191 394 8 124 18 264 16
9149 644 1 38 31 255 13
9061 553 2 42 57 477 20
8042 439 2 48 47 214 12
5939 286 1 51 44 168 8
11987 530 1 59 67 77 4
4486 35 1 21 51 60 4
3199 599 1 159 28 546 12
4860 636 1 9 60 408 2
10147 185 3 70 15 214 19
7925 226 1 82 24 302 17
5802 638 1 31 16 686 8
10076 436 3 62 9 225 12
7774 32 2 176 82 423 8
9854 435 1 143 46 384 11
9888 470 2 256 24 84 3
757 550 1 57 34 159 18
11523 617 2 116 21 349 6
858 491 1 130 26 573 5
1497 418 1 38 24 384 14
8783 49 1 68 52 528 17
2505 86 2 117 28 118 4
9339 225 5 96 62 318 14
10175 637 2 105 61 194 4
8941 288 4 148 48 343 3
1257 383 1 83 15 332 1
2315 632 2 58 15 281 18
3404 533 1 15 28 335 15
6253 143 3 110 19 525 20
74 459 1 37 30 517 17
2641 578 1 68 26 339 7
11239 594 4 247 9 178 18
9153 107 1 13 47 292 8
6104 387 2 36 27 229 11
5354 450 3 142 29 298 1
5340 637 1 41 21 330 10
1823 579 2 106 43 174 8
1133 145 1 10 43 160 17
29 271 1 35 33 414 4
9517 89 5 94 36 274 16
1346 237 1 24 23 278 6
9396 602 1 57 86 103 20
11325 10 1 35 12 82 3
6708 464 1 30 42 100 1
7390 400 1 114 37 281 10
9609 275 1 95 32 420 3
5134 103 1 32 71 553 1
5657 642 1 35 38 263 5
6157 642 2 153 14 285 15
10474 529 1 64 28 511 10
726 218 1 94 33 328 20
11694 543 1 102 18 578 18
2111 228 1 49 61 142 7
3893 298 1 59 34 229 14
2070 337 6 293 48 609 14
11587 237 2 129 16 198 15
11617 485 1 19 61 174 1
2488 546 2 74 84 259 19
7629 550 1 47 63 208 7
3425 580 1 21 21 380 4
895 447 3 61 29 62 14
2044 75 1 91 35 360 1
8180 520 2 298 12 324 14
2567 185 3 115 50 135 4
7465 360 2 120 27 110 4
2537 126 1 49 36 338 18
2731 510 1 58 34 177 11
7318 411 1 46 25 56 3
3704 568 2 263 17 161 17
4754 377 3 29 45 349 5
135 121 6 279 48 727 10
2303 230 1 51 47 548 11
2349 501 2 71 38 129 13
1752 71 1 140 39 283 17
7456 450 3 66 63 257 17
9707 320 2 65 48 292 12
2915 42 6 78 54 341 1
4972 486 2 180 67 58 11
927 95 2 76 25 355 10
9370 435 3 171 58 318 10
7712 105 3 239 61 107 14
68 437 8 269 36 108 14
9529 311 6 288 75 558 1
8640 456 1 39 36 141 1
6777 515 1 135 75 204 19
4933 25 3 48 87 155 4
1159 175 1 68 31 178 4
3847 468 1 31 21 293 11
1458 170 5 102 20 592 16
10032 45 1 20 19 524 3
7234 563 1 155 39 460 11
1369 228 1 41 66 189 6
4272 430 2 86 36 177 4
10153 287 2 69 28 757 19
2809 93 4 77 12 84 5
