4 59
7 40 100 832
6 48 104 880
8 48 120 720
5 40 116 880
1953 13 1 21 34 253 8
289 46 2 36 19 187 11
1762 146 1 26 17 275 8
1017 135 1 25 11 278 7
584 47 2 35 38 110 10
2362 58 2 28 34 288 1
310 178 2 52 34 253 7
1705 69 1 22 38 323 1
2375 55 2 23 45 81 10
275 226 1 23 18 54 7
2131 112 1 26 17 226 2
458 52 2 28 11 211 4
1919 115 2 50 11 85 7
109 51 1 9 11 189 2
1377 296 1 16 21 245 2
1520 45 2 39 22 253 1
2359 88 1 25 19 51 4
833 287 1 15 8 320 12
2188 251 2 42 18 234 3
1742 57 1 10 20 185 6
865 190 1 26 41 239 8
2078 74 1 29 12 188 12
100 254 1 22 31 168 1
2348 10 1 23 39 115 7
343 139 2 21 23 53 4
776 284 2 44 20 165 1
118 49 1 35 32 74 11
1604 201 2 36 37 349 8
619 245 1 42 30 264 11
237 296 2 41 15 81 4
587 276 1 20 42 166 4
2099 49 2 14 44 87 8
764 139 2 18 40 230 2
962 190 2 20 9 136 1
1378 284 1 34 15 86 5
2465 109 1 26 42 165 2
546 56 1 13 12 71 9
1064 268 1 47 14 284 5
239 73 1 8 20 282 10
595 63 1 18 43 249 1
438 299 1 12 44 166 4
2402 65 1 20 29 179 2
1864 295 1 9 41 343 2
1463 28 1 15 30 175 9
756 22 1 15 7 93 5
2263 137 2 35 18 47 3
2140 257 1 10 32 121 8
2402 216 1 9 26 297 4
492 289 1 15 35 246 1
636 161 1 9 28 100 7
1344 146 2 25 29 50 11
55 157 1 26 16 272 12
842 289 1 12 27 99 11
1216 111 2 19 11 98 7
1829 62 2 32 21 150 6
2123 80 1 40 19 245 8
461 47 1 40 32 112 9
646 4 1 10 22 108 12
2402 3 1 8 24 85 10
