30 518
4 32 80 624
4 48 36 368
2 48 76 832
4 32 48 288
7 48 72 592
7 80 32 896
3 40 64 592
6 80 52 1024
3 64 56 640
6 64 64 736
5 32 76 752
5 64 112 256
5 64 92 800
2 40 84 96
7 24 52 784
8 48 112 736
6 64 128 560
6 48 76 624
6 40 48 336
7 48 32 704
4 48 116 912
2 24 24 160
3 48 120 496
6 32 128 624
7 32 64 992
2 64 84 336
5 48 108 192
4 40 96 416
5 64 40 848
5 32 80 304
9455 409 1 38 53 52 15
10055 399 3 58 13 485 7
3854 506 1 43 19 177 12
9233 547 1 19 31 301 17
6957 541 4 351 19 403 13
10696 219 4 137 51 459 17
7794 456 1 57 22 374 19
7889 96 2 74 48 205 2
11422 52 1 50 74 180 15
743 106 1 96 28 715 6
3532 372 5 302 12 585 3
1374 495 3 103 34 108 16
6778 563 2 54 27 74 5
10021 595 4 77 17 184 5
1739 460 4 229 36 391 3
10260 174 1 104 37 628 7
6843 37 1 66 80 234 20
6399 308 5 108 47 280 1
10215 531 6 183 15 396 11
7896 98 4 80 66 239 4
3078 495 1 24 21 227 6
8279 450 2 103 37 303 3
6235 328 5 260 38 205 19
9609 111 2 43 33 93 14
8076 536 1 33 25 278 13
3535 319 2 164 23 590 13
9093 69 2 64 46 128 11
11361 391 5 101 25 61 4
2553 584 1 24 22 77 17
2485 472 1 121 45 210 20
10817 406 1 31 27 59 1
8296 500 1 30 46 24 16
10775 237 1 31 43 203 16
6049 412 2 97 23 312 2
2442 132 1 27 21 548 5
1885 585 1 27 23 49 12
9122 120 1 17 41 46 2
9004 570 1 142 83 241 18
10036 51 1 16 31 51 8
4836 420 2 104 51 374 7
6282 332 2 35 50 517 7
8268 155 2 53 49 125 14
2870 561 2 66 29 71 6
8572 535 4 84 40 271 8
6630 464 1 52 33 90 10
4818 614 2 200 10 465 12
721 390 1 23 30 260 6
8021 241 5 195 83 225 8
11479 70 1 11 9 119 17
3778 314 3 69 17 199 19
10586 91 4 94 26 96 17
11212 158 3 90 30 405 13
4183 609 3 170 9 157 3
7692 102 1 32 24 93 20
9249 630 3 103 36 336 18
1672 20 2 30 44 378 17
2917 325 1 51 68 124 14
6866 239 1 41 83 230 17
8236 119 3 154 57 88 17
7745 647 3 243 52 179 6
11800 236 4 185 45 644 19
2623 39 2 91 28 199 15
8139 562 2 133 21 440 4
519 362 2 40 20 668 13
9306 506 1 47 29 541 6
9571 411 3 126 33 297 19
4765 614 1 26 31 163 14
1959 619 4 83 26 474 4
11196 405 2 50 35 403 3
6740 524 1 76 45 226 16
6142 310 1 40 30 130 4
2895 292 3 106 36 339 16
11685 289 1 96 21 513 15
1593 417 5 203 55 191 18
11357 194 1 45 44 162 10
3559 267 1 40 45 101 8
7958 623 1 23 24 181 18
6549 513 3 66 70 274 9
9831 182 1 44 27 154 15
5688 262 1 34 42 308 8
5705 227 2 130 26 493 13
5166 333 2 53 20 267 4
4646 543 1 22 62 170 20
6324 45 2 56 15 109 18
10427 58 1 21 35 555 12
3674 106 4 231 15 421 9
10049 188 1 37 63 426 4
438 110 2 108 16 405 7
1446 156 1 82 22 260 1
9044 573 1 141 25 337 20
2602 605 2 92 66 447 17
2124 157 1 81 33 97 5
923 572 1 24 18 256 16
10239 595 4 203 14 470 3
9864 259 2 30 48 58 19
10765 605 1 60 14 207 18
7669 76 3 113 30 182 13
4552 242 1 46 32 276 9
1956 402 1 86 21 214 11
4046 525 1 208 9 381 1
4858 267 2 79 23 249 1
1284 180 1 32 56 222 19
4323 383 4 86 31 113 7
5719 597 1 330 13 191 17
2617 11 1 23 66 49 17
2832 460 1 34 12 65 11
7173 641 3 124 14 176 19
7982 442 1 56 58 173 19
5117 335 1 54 39 364 3
8942 67 3 136 14 234 20
8769 443 2 93 64 49 15
9414 109 1 50 37 148 20
6946 646 1 67 30 323 15
376 365 1 104 16 452 16
10718 168 2 73 28 145 8
3361 110 1 49 71 345 5
10274 225 1 52 22 139 15
8165 262 1 41 47 168 6
6218 264 1 27 18 194 20
11741 451 1 21 14 75 3
1430 611 3 103 19 430 17
6106 335 1 24 29 69 16
9637 108 1 30 41 106 4
8303 63 1 52 30 153 2
9243 39 1 192 40 157 14
5383 434 4 149 79 341 7
9361 344 3 137 18 238 3
5665 66 1 19 48 621 20
2879 431 1 57 56 359 9
11223 120 1 83 54 430 3
2156 611 1 129 32 500 3
7299 573 2 36 32 275 20
9388 100 1 107 23 454 7
7076 613 3 114 28 126 17
9193 114 1 30 19 156 3
7166 117 1 48 62 326 17
4782 587 1 112 40 354 5
6103 576 1 185 18 193 12
3123 225 1 122 28 599 7
9251 158 4 105 33 246 1
4403 164 2 145 34 359 16
873 370 2 75 26 336 6
3734 174 3 107 35 242 4
11888 624 1 52 19 303 16
7481 207 6 243 48 551 2
4980 264 2 69 90 315 20
2426 487 1 48 16 464 11
7744 340 2 90 80 202 11
4212 70 5 114 32 500 1
4268 336 1 33 38 169 18
11342 292 1 30 70 150 19
46 352 4 131 25 42 5
2577 67 6 366 8 516 9
1877 183 2 48 23 53 12
9426 173 1 22 56 101 1
9446 137 1 21 39 429 2
3815 423 1 23 63 311 14
7645 240 2 38 6 51 7
1033 391 1 74 28 499 14
10629 308 2 61 39 26 10
8002 42 2 29 23 265 14
968 429 2 49 61 170 6
940 562 1 21 21 91 3
2305 218 1 32 72 480 6
2664 60 1 94 17 378 16
8234 240 2 60 55 182 9
3710 445 3 74 26 249 8
11210 88 1 25 42 657 7
11774 482 1 74 22 187 20
11484 160 1 103 11 452 3
7072 45 2 28 34 137 18
3592 513 1 49 32 75 13
9754 581 1 27 59 27 7
4911 373 2 83 52 44 7
7457 450 1 33 54 142 6
1922 602 2 28 12 94 5
10762 604 1 42 52 351 8
5124 264 1 50 29 639 13
6289 273 1 25 53 185 20
7461 242 1 33 28 181 17
5823 538 2 36 58 40 15
3654 372 1 67 36 375 18
1882 100 2 81 30 242 1
6871 468 4 162 23 317 9
4497 434 1 39 24 617 17
10351 422 1 28 18 142 17
9520 199 1 17 20 94 20
7756 496 2 21 17 117 13
6435 117 1 19 14 92 16
7015 527 2 66 55 145 9
58 79 1 25 7 286 18
4724 156 1 21 42 64 13
4140 283 1 28 43 533 4
9810 597 2 38 27 255 11
3514 484 1 39 42 337 7
8096 602 3 60 28 150 14
3612 619 3 95 12 205 19
6391 282 1 22 19 375 18
9543 643 2 41 10 179 15
9258 446 1 14 64 212 8
8572 356 2 35 43 132 2
7775 493 3 242 22 339 3
11748 402 2 161 35 319 6
5354 274 1 30 26 417 8
11113 589 1 20 38 348 10
9090 252 2 81 28 454 12
5905 236 4 118 33 167 4
9009 12 4 127 22 91 7
5996 429 5 123 27 444 10
9159 588 1 38 17 338 3
8710 299 2 31 58 99 7
11180 88 1 30 45 100 16
1812 244 1 30 66 485 3
11389 371 2 78 49 305 13
2067 54 1 31 25 677 7
5253 431 2 73 65 298 3
9380 46 1 22 30 372 9
3894 14 2 83 16 418 18
7816 605 1 21 30 554 8
9684 247 2 99 36 424 11
11417 204 1 183 40 205 6
7142 357 2 59 34 391 7
6069 578 1 125 24 254 20
2144 260 3 50 36 359 1
9917 480 7 361 8 238 2
1517 114 2 79 64 119 3
8323 436 1 65 26 81 5
9801 510 1 216 26 166 8
10366 648 1 152 29 401 19
2356 429 1 62 57 87 9
9998 412 1 32 35 606 7
8067 294 1 53 20 490 20
1957 405 4 204 18 317 2
1087 96 1 43 14 275 16
1522 410 2 108 62 85 3
8100 334 1 28 26 253 14
2198 56 2 54 32 211 16
641 291 2 100 48 63 7
6131 199 6 128 24 716 19
2330 390 1 38 33 435 8
9063 522 1 26 42 151 9
8760 482 1 23 74 184 4
6712 209 2 121 21 508 11
10409 252 2 317 15 430 9
8133 418 5 77 19 503 8
9819 505 1 68 24 65 8
3079 446 1 69 46 579 17
5420 143 2 53 42 534 6
9920 226 1 47 74 274 7
1327 298 5 97 27 436 8
9837 500 1 33 40 69 6
8010 171 1 117 12 166 7
7314 111 3 89 35 395 10
11692 221 1 45 52 45 10
495 306 2 72 28 62 1
1646 30 1 54 12 172 12
4096 511 1 40 67 298 5
10498 119 1 36 58 252 2
285 71 4 127 14 230 8
5809 190 1 52 13 66 2
1166 635 1 97 24 278 18
8034 351 1 31 15 486 6
457 78 4 295 35 216 11
6355 527 2 59 41 187 16
11934 571 2 54 36 306 2
3041 61 3 74 19 679 18
6301 291 1 83 12 408 18
6576 560 1 239 17 635 12
86 632 5 230 24 146 16
3050 260 2 59 59 244 13
9468 542 5 173 9 443 4
11399 72 3 226 37 184 1
7561 222 2 48 50 214 16
6372 172 1 16 8 117 12
8173 563 2 36 24 123 2
4345 264 2 271 16 252 10
1621 462 3 122 26 280 8
2718 34 4 110 21 425 5
4134 445 1 72 43 298 5
4418 639 1 28 26 516 4
5399 290 3 53 83 308 3
1109 16 3 166 13 599 20
3590 323 5 105 25 130 4
5306 360 2 65 17 173 16
3781 68 2 46 24 38 4
9402 277 6 100 17 447 5
10542 315 2 68 16 540 20
5878 410 1 31 43 379 13
1252 252 3 55 48 429 2
10330 43 2 191 16 443 18
7382 202 1 58 17 102 12
4067 395 5 93 83 343 15
1688 350 2 95 65 536 11
10066 403 4 96 12 374 9
8413 247 1 149 35 299 20
7108 220 1 47 32 37 3
9540 492 1 99 43 214 5
5324 98 1 28 19 35 9
8610 170 2 152 44 305 3
7614 288 3 49 17 316 15
9807 90 1 161 16 333 17
6680 518 1 73 30 264 1
3588 24 2 94 54 318 3
769 55 2 169 54 163 12
3080 264 1 12 8 35 16
4800 349 1 10 22 293 20
5775 392 1 34 17 232 20
6107 370 4 144 18 205 9
5905 586 5 218 30 332 17
6467 270 2 107 23 630 5
7480 113 1 12 72 164 17
687 339 3 200 11 236 11
1868 80 1 48 36 347 11
6160 85 1 59 60 139 18
10018 633 1 68 56 237 17
113 369 2 72 16 475 16
3456 32 1 128 17 87 3
2334 351 1 98 13 634 1
10298 567 1 17 57 204 7
9469 368 5 299 32 323 15
3156 17 1 37 22 302 12
3489 568 5 256 55 127 16
3621 441 1 23 7 75 11
869 383 2 39 15 546 18
6260 238 4 70 21 416 18
235 438 2 109 29 547 15
9516 63 1 356 17 443 20
10291 54 1 52 57 296 5
7351 116 1 30 24 548 19
841 32 3 75 43 395 20
6530 400 3 92 61 457 1
11101 142 1 34 56 25 16
1445 608 2 123 58 367 6
10660 480 1 15 6 39 2
3944 188 2 131 34 170 12
10157 142 3 196 36 692 9
9979 139 1 35 48 145 16
5844 169 3 52 27 335 2
6691 434 1 20 32 171 7
7427 414 1 108 18 399 16
4629 122 3 102 27 669 20
7115 60 1 39 18 210 13
1240 329 2 258 27 266 2
5773 409 2 132 32 437 1
9109 129 1 37 47 21 14
10397 611 1 38 13 326 9
5798 343 1 38 63 508 18
11823 32 2 83 41 153 4
3223 169 3 167 22 608 20
1994 461 1 59 37 434 5
3901 272 3 79 20 108 8
5217 153 1 51 16 143 11
3640 366 1 36 20 280 10
10334 307 1 27 37 153 15
6470 63 2 69 57 211 2
11175 358 1 78 23 206 19
4451 616 3 282 8 471 4
11854 620 2 40 52 68 18
2735 29 2 184 28 250 19
2745 185 1 38 32 100 5
767 607 3 80 30 632 9
11456 257 1 35 54 50 14
8305 564 2 80 25 41 7
9389 477 1 54 40 175 19
5074 171 1 117 65 241 20
3683 341 3 151 41 280 15
8532 201 2 83 26 111 11
8946 20 3 39 68 349 6
2506 386 2 66 13 275 6
4337 54 2 58 25 89 17
10414 544 3 75 65 77 17
5715 497 6 159 26 165 17
9097 104 1 33 58 159 6
1600 556 2 43 21 223 12
11849 52 4 78 53 545 6
1744 420 1 34 31 130 15
8681 49 1 17 36 219 9
10952 462 2 195 10 581 2
10417 520 1 85 34 369 5
11657 649 2 102 71 308 14
10967 59 2 72 24 129 8
5149 151 1 103 43 496 4
11789 632 3 327 15 224 7
6044 375 1 29 10 211 2
10692 514 1 76 21 72 20
10897 624 1 189 9 622 2
2502 67 1 94 29 324 17
11264 384 2 112 51 47 16
10137 524 1 77 44 519 18
2622 370 5 65 34 203 18
5714 333 3 107 21 548 17
8536 85 1 48 46 334 20
10952 282 2 29 41 415 4
1841 549 3 245 15 177 18
10626 438 2 47 20 128 13
1733 429 1 32 37 542 12
3148 377 2 80 31 301 9
1283 74 2 55 15 401 2
11704 103 1 36 10 226 4
7080 304 1 101 48 176 4
6137 610 1 139 27 249 4
818 326 2 49 21 272 16
11542 397 4 205 18 365 12
11331 564 2 78 23 222 5
11094 564 3 62 17 263 19
7268 365 2 340 14 516 9
11282 161 2 109 20 301 14
7309 111 1 65 12 163 3
711 571 1 23 38 283 2
2306 238 2 153 26 199 8
5230 284 1 18 78 377 13
8755 604 5 231 41 326 18
2993 525 3 53 44 465 13
4257 367 1 25 18 275 2
9019 557 1 175 28 527 20
5718 104 1 42 78 274 16
460 142 1 17 23 283 6
8036 385 4 455 10 392 15
590 116 5 283 20 415 4
8760 226 2 61 51 622 4
2022 481 4 98 13 504 11
5386 33 4 112 61 212 3
3514 39 3 69 29 276 18
9221 626 1 34 79 676 10
6691 599 2 43 23 295 4
7273 447 3 76 23 79 1
7052 625 1 44 29 143 8
5985 525 1 24 36 237 1
3585 470 1 121 16 158 4
9978 553 1 34 74 440 8
3690 428 1 38 35 466 4
3545 584 1 36 66 365 20
3706 503 3 125 35 184 2
7170 645 1 39 58 77 18
9474 441 1 89 18 82 7
10154 358 1 47 34 183 11
10193 641 1 33 23 286 2
7889 317 1 19 17 216 14
3843 422 1 59 33 229 7
8584 99 1 136 26 578 14
11498 348 1 48 18 712 12
2061 647 1 26 27 76 4
3191 95 3 76 26 236 13
10462 256 4 76 16 496 1
9829 184 1 26 22 276 11
8274 625 1 24 24 463 11
965 18 2 38 78 167 13
10549 510 2 25 23 153 6
1453 421 2 37 23 70 6
1672 542 1 26 67 73 7
11865 244 1 52 27 247 15
10190 486 1 37 74 408 5
11021 126 1 145 16 155 5
8424 412 2 79 11 164 10
491 51 1 128 23 388 1
9842 370 1 28 19 114 11
9713 332 2 86 19 575 7
7003 468 2 97 54 333 7
5002 326 1 36 50 171 10
11799 171 2 35 10 106 2
8285 164 1 44 24 509 5
2803 56 1 22 18 313 14
8249 463 2 108 44 448 15
8993 473 2 147 12 443 18
7976 432 3 79 40 367 19
11966 341 4 93 40 417 3
5193 194 1 35 18 572 5
8070 189 1 18 26 262 15
3684 215 1 69 46 42 6
11789 190 3 140 75 175 19
1111 416 2 95 18 204 17
6522 333 3 159 32 257 3
798 463 1 22 27 191 4
9577 478 3 323 21 351 14
11608 421 1 23 54 330 16
690 211 2 29 18 229 8
3810 518 1 25 8 205 16
5552 448 3 132 78 363 4
2313 448 1 54 20 118 11
10409 184 1 207 23 378 13
3197 450 7 438 22 239 2
810 128 1 124 23 481 1
11331 392 1 94 13 243 13
11256 65 2 190 13 321 20
841 350 2 101 31 332 19
11353 601 1 31 21 367 4
882 39 1 34 27 172 19
2204 552 1 20 72 437 17
11432 390 2 94 39 354 9
5488 295 3 107 81 213 14
8064 476 2 101 48 177 7
11231 233 1 31 35 22 11
2437 264 1 28 42 175 15
5910 215 1 104 25 454 2
4872 525 1 23 58 32 3
10310 602 2 70 44 191 2
3363 255 2 93 41 225 14
974 273 1 31 11 65 11
3765 471 1 26 29 157 4
2869 579 3 130 11 270 16
829 35 2 34 26 415 19
3686 378 1 28 18 126 8
3443 34 1 47 54 215 1
4704 55 1 110 25 106 12
4476 366 3 80 7 384 5
7623 532 2 225 19 334 3
7231 32 1 125 26 305 1
2542 58 2 122 35 224 14
3263 386 2 55 24 396 4
472 317 1 65 16 215 7
2827 137 2 84 20 416 10
8143 312 2 126 19 541 2
7431 284 3 164 49 60 1
3 321 2 131 32 307 3
1876 171 7 260 21 206 14
11824 479 1 53 69 438 10
4930 24 1 113 16 272 11
10689 227 1 72 23 166 11
