10 94
2 80 28 96
3 48 80 160
5 32 24 656
6 64 76 384
3 32 24 592
8 32 48 384
7 32 84 240
8 32 32 1024
3 24 72 832
7 40 108 1024
1462 50 1 88 11 217 9
1187 39 2 33 29 136 1
472 130 2 116 16 589 15
1682 275 1 58 16 66 19
1825 593 1 13 32 353 16
1543 458 2 137 51 97 16
2146 313 7 186 14 243 16
309 75 2 53 15 267 8
2142 631 3 45 13 401 12
1915 364 1 32 19 346 9
507 292 1 42 17 64 16
715 362 2 36 22 610 2
1360 384 5 120 26 203 13
1394 597 6 172 20 703 16
2445 470 2 84 43 76 12
1944 231 1 14 16 162 5
1551 82 2 98 70 741 16
593 134 1 14 58 127 5
2261 404 4 235 47 187 10
1938 571 2 54 11 302 20
1741 170 3 58 42 165 4
286 33 1 61 19 36 15
1561 150 1 52 53 90 1
870 297 1 21 7 560 20
1289 425 3 43 72 577 12
46 581 4 77 44 176 10
1761 215 2 41 35 90 15
1720 79 2 124 8 21 17
876 304 1 16 11 533 4
366 16 3 84 47 151 14
1240 159 6 159 48 246 8
2492 278 1 20 17 295 13
834 229 5 105 64 401 17
1330 208 4 187 43 71 7
224 475 4 79 20 678 17
1234 137 1 48 62 429 16
1101 320 2 50 12 237 14
2154 89 3 82 15 663 17
1735 29 3 151 43 63 16
487 387 1 118 16 25 19
45 565 1 44 27 553 11
1159 416 1 24 12 411 1
2185 348 1 46 42 602 19
2258 102 5 139 23 194 14
873 190 5 321 45 99 17
1561 281 4 145 54 251 3
153 171 1 44 33 96 4
437 312 2 51 36 548 4
41 158 1 20 37 131 20
141 242 1 50 7 322 17
1508 209 2 55 14 241 10
784 364 1 23 31 243 1
2019 325 2 29 51 354 8
1721 343 1 68 32 597 13
2248 452 1 16 13 380 2
2412 197 2 36 26 84 19
643 430 2 163 38 357 10
1562 116 1 15 35 284 12
2157 587 6 156 19 169 6
370 254 6 83 33 130 13
114 648 5 140 20 203 2
398 305 1 128 29 552 17
38 135 2 35 8 121 18
1426 76 2 57 9 56 20
900 140 1 54 12 458 1
394 367 2 74 6 362 11
498 483 1 54 6 356 7
1126 585 1 59 13 690 8
678 478 1 32 19 85 19
1834 285 1 29 34 176 11
1513 485 1 32 13 55 9
360 424 2 129 14 52 10
181 428 2 59 23 240 11
815 24 1 51 21 762 19
2099 450 1 45 45 128 5
218 521 2 149 11 678 18
783 423 1 38 43 522 9
261 279 2 159 20 112 20
1135 398 1 151 35 364 11
2206 270 4 92 16 554 14
164 119 1 41 7 165 19
2195 392 1 13 20 375 8
1738 69 1 25 10 694 20
1039 148 3 51 6 159 20
2427 643 1 45 8 238 1
1571 486 1 58 20 61 3
2451 121 5 68 20 196 14
1231 121 1 35 38 98 8
2163 35 5 84 76 608 4
2499 257 6 164 7 371 19
624 142 4 222 35 229 10
1660 469 3 100 30 59 5
234 436 3 67 18 53 12
1850 621 1 38 16 62 19
