8 86
7 48 108 256
2 48 120 880
5 64 52 560
5 80 76 336
7 32 52 96
6 32 56 336
8 64 104 528
6 64 52 768
1392 57 2 53 48 60 5
1350 247 1 24 83 461 13
274 176 2 279 70 360 12
1943 63 3 135 34 217 15
2336 532 3 68 35 54 18
1632 178 3 68 31 43 8
917 229 3 159 43 345 15
1837 48 5 113 31 56 8
1673 575 2 26 29 71 13
1114 238 1 38 36 279 5
1706 408 3 68 20 90 19
2108 413 1 36 80 612 12
1513 434 2 132 35 186 1
1480 466 4 143 68 61 15
284 401 1 55 17 223 11
1555 371 3 70 50 127 1
710 107 1 104 11 246 15
95 438 1 53 27 445 15
908 450 4 105 34 163 17
896 590 1 74 21 201 1
2050 34 2 26 11 32 2
1121 623 6 311 42 147 19
2055 388 3 61 65 110 1
2445 254 4 154 38 236 12
1890 357 4 189 31 202 5
1827 17 1 38 75 384 13
4 409 4 94 31 195 3
250 314 3 208 16 352 1
2283 234 3 214 26 316 4
743 49 4 97 41 69 4
1399 72 2 246 45 339 4
405 583 1 160 28 80 14
596 535 1 92 32 229 9
254 598 3 155 22 247 17
2436 587 3 168 20 86 5
1271 167 3 86 67 378 8
761 312 2 140 20 111 15
86 150 1 20 14 122 8
2037 580 1 18 35 34 10
1674 281 1 119 31 187 8
1431 220 6 398 37 334 11
82 520 2 59 22 245 13
289 498 1 131 27 59 20
2217 550 3 113 56 59 17
883 218 4 212 14 210 15
1223 264 1 22 16 226 9
1799 169 1 217 11 203 12
1640 236 1 14 13 32 5
143 24 1 159 31 127 19
1503 507 1 104 17 153 17
519 419 1 49 22 182 3
2001 289 2 40 25 420 10
2016 75 1 20 36 157 7
349 271 2 71 28 126 7
301 482 4 196 22 466 19
860 594 1 116 55 62 11
2394 641 3 202 30 206 4
1873 608 1 40 36 583 10
2107 310 2 77 20 38 20
1097 100 3 203 50 280 8
459 87 4 84 36 218 15
1167 217 2 66 68 182 11
2311 640 2 97 18 54 16
1708 221 1 76 17 33 13
2168 134 1 84 12 145 10
1097 532 2 35 56 442 10
233 25 1 62 50 137 14
1663 55 2 68 65 198 1
2169 642 3 115 29 51 10
2226 34 1 154 21 380 15
1560 111 1 27 35 55 10
625 547 1 315 33 277 13
483 557 2 44 40 494 9
727 31 2 53 25 32 19
968 609 1 20 12 191 3
698 134 2 75 14 69 7
2280 640 3 133 22 270 12
8 276 1 35 16 58 2
980 29 1 69 47 387 18
1503 127 2 73 38 106 13
2152 406 5 148 59 168 15
253 85 3 91 25 125 5
2236 383 1 32 80 650 19
480 294 1 31 21 187 18
704 380 3 224 39 103 3
269 268 4 104 26 92 13
