74 2340
2 32 108 192
8 24 92 624
6 80 72 400
4 48 116 832
7 32 92 576
8 32 24 304
2 24 84 528
2 24 76 656
2 40 56 528
7 48 80 896
5 48 44 304
8 80 128 288
7 64 128 304
3 64 88 896
8 32 48 224
2 40 28 912
7 64 104 176
8 24 52 912
3 48 84 672
7 80 92 416
6 64 108 272
3 48 124 896
5 64 128 848
5 40 56 608
7 48 80 1008
2 64 32 576
4 80 48 848
7 32 64 192
6 64 128 624
6 64 88 496
4 80 68 656
4 32 88 880
5 40 76 336
8 32 104 864
6 40 112 640
6 40 104 368
4 48 32 576
5 80 36 576
5 64 72 960
2 48 128 352
7 24 96 256
3 48 100 912
6 80 128 944
8 40 128 928
6 48 24 448
2 32 88 416
5 48 24 176
8 24 56 624
2 48 84 752
6 80 104 752
7 32 28 544
5 32 104 512
8 64 52 704
7 80 124 528
4 48 32 176
3 24 40 992
3 32 32 256
5 32 72 144
5 48 104 992
5 64 88 944
7 80 24 432
2 80 116 464
4 80 60 816
2 24 112 624
6 64 104 960
8 48 92 624
6 80 84 912
6 64 120 176
8 40 128 592
7 80 108 848
6 64 112 832
3 80 68 992
7 40 76 752
8 32 68 816
300 48 1 21 78 151 7
17149 173 1 77 30 525 1
17825 266 1 77 41 481 18
19350 211 3 142 27 163 5
12025 378 2 33 48 118 19
7053 109 1 46 27 94 20
13066 224 1 235 29 431 16
10129 346 1 30 54 187 6
19596 10 1 40 6 101 5
12587 122 6 58 26 296 15
9576 219 3 205 45 715 6
1194 461 2 102 42 347 4
8210 337 3 159 29 186 3
2783 527 2 189 76 585 1
16782 172 1 61 29 256 2
6074 430 7 218 55 422 5
11350 547 1 92 90 155 19
19765 283 2 35 35 222 7
12093 377 1 107 9 412 3
10492 481 2 67 79 232 6
7168 243 1 162 62 513 4
6266 18 3 94 9 119 4
10932 400 2 26 36 128 19
14929 514 4 373 86 180 1
11138 478 2 38 66 384 6
2724 423 6 374 78 280 7
6481 235 3 120 36 450 1
5394 543 1 71 63 127 7
669 140 1 16 19 308 7
584 25 3 71 62 310 17
15107 295 1 18 45 146 2
6772 340 1 25 71 138 7
2490 310 1 74 24 246 5
11230 40 2 141 75 262 5
18819 359 1 24 46 268 1
9850 36 1 194 53 603 4
3709 345 5 263 70 492 17
16689 22 2 174 52 338 20
3473 273 1 38 28 508 15
16826 46 1 29 39 140 2
14503 34 4 162 43 207 4
6462 432 2 43 12 478 2
15935 227 4 142 20 497 5
11374 113 1 87 87 430 15
8793 487 2 147 10 101 16
605 190 1 25 28 82 2
7162 522 3 76 42 258 6
3627 214 3 240 23 368 6
17138 39 1 121 13 426 18
13569 341 3 65 52 195 2
5284 196 2 70 44 180 3
1582 405 1 25 18 84 15
11792 408 1 63 44 576 18
15642 217 1 19 24 125 6
16550 150 3 43 47 109 5
5764 112 2 56 23 236 6
18452 500 5 68 40 335 1
19814 255 2 126 62 229 1
6886 136 2 58 10 439 7
12266 204 4 110 29 158 19
10574 174 1 183 25 520 3
3368 458 1 25 27 227 16
18785 181 1 13 22 723 4
11452 237 1 98 44 74 2
18483 155 1 26 38 106 16
723 521 1 10 50 148 6
13545 494 1 13 48 489 16
4946 468 2 67 38 362 3
11611 221 1 38 23 158 1
8286 337 1 276 36 355 1
14821 449 1 30 69 242 5
12066 504 2 85 23 139 16
10456 436 1 22 7 162 7
11320 517 1 162 10 90 2
11224 202 1 51 30 220 6
1045 248 3 139 13 161 3
6306 181 3 76 15 142 3
5730 409 1 187 38 225 4
15854 520 1 14 27 736 7
16090 50 1 187 26 421 4
3499 247 6 203 26 113 2
16293 119 1 60 28 260 5
7570 420 1 48 35 216 7
8818 317 1 9 22 589 3
9501 489 1 34 28 447 7
13942 141 8 390 17 428 7
15110 20 1 23 84 354 5
18645 504 5 93 10 84 3
6151 321 1 148 49 290 7
13223 73 5 244 13 372 18
1740 509 2 62 16 486 6
4026 64 1 17 26 241 17
5262 60 5 200 48 118 6
7993 361 3 155 52 423 6
15737 218 1 49 63 174 2
7432 245 1 26 26 212 1
13683 523 3 85 24 562 1
11578 142 2 162 23 181 3
6324 487 3 89 21 64 1
9247 301 6 185 32 274 5
9008 49 4 236 32 271 20
18278 49 2 65 18 209 5
9438 356 1 58 66 514 5
534 309 1 162 45 346 17
5891 401 3 99 59 285 6
14722 395 1 35 41 85 16
10693 390 1 77 14 392 3
19568 402 1 127 67 323 6
5450 144 1 55 27 102 15
4995 206 1 122 44 89 3
868 454 1 78 38 379 4
19155 504 3 125 34 94 1
18411 511 1 43 42 511 1
15182 30 3 90 6 235 19
3596 292 1 93 17 592 18
16844 238 2 34 51 144 1
18503 488 2 113 45 386 6
15230 508 1 39 22 424 17
14116 85 1 32 45 425 5
16715 523 1 53 51 376 2
13580 141 2 132 11 317 3
4312 172 1 19 47 463 3
12623 190 4 161 17 361 19
16075 138 4 354 47 438 1
645 480 1 49 71 208 3
1353 406 3 206 55 298 6
10952 377 1 21 37 99 17
9263 384 4 255 66 162 16
3880 81 1 25 36 178 7
11435 424 2 86 6 133 6
16285 62 1 96 40 475 7
18043 183 1 22 37 288 6
7514 498 1 60 59 399 6
9386 221 1 25 42 252 1
18462 297 1 73 21 216 6
16595 523 2 54 14 175 17
1384 456 2 43 75 63 7
6935 495 5 72 16 169 3
10322 282 1 34 57 574 18
6014 499 1 40 15 587 5
6034 41 1 201 17 68 2
1526 49 3 127 51 64 2
15569 528 2 168 34 114 6
5139 125 2 189 14 311 5
8285 317 1 125 14 465 4
1263 36 1 62 40 292 16
9867 241 2 79 27 107 20
16528 200 1 75 34 205 5
5244 242 2 69 69 294 2
18568 7 1 65 27 406 4
8864 160 1 85 44 347 7
4347 531 2 90 27 487 3
8283 268 2 77 38 640 5
15380 413 4 122 46 438 7
974 111 2 162 86 707 1
3631 53 1 33 16 503 1
19021 40 1 54 48 177 4
9397 226 4 72 10 295 19
12985 448 2 128 30 264 19
18244 156 2 157 82 115 20
920 31 1 15 29 166 7
5765 310 1 18 28 88 18
4446 266 5 268 60 244 15
7778 543 1 167 63 388 5
14249 247 6 294 9 95 7
18519 200 1 17 41 225 7
6190 488 1 30 41 153 1
10304 253 2 47 63 274 7
14382 422 1 31 17 118 16
7419 386 1 27 11 74 5
17323 468 2 131 63 304 5
3481 149 2 79 84 670 4
6540 324 1 75 13 226 7
18692 436 3 149 21 122 18
10693 434 2 119 11 108 7
18003 454 3 122 38 453 6
9683 298 3 129 34 95 5
14290 221 5 116 31 319 2
18749 88 6 209 75 650 3
11719 370 3 108 70 529 7
2558 18 1 40 25 401 4
16055 54 1 84 33 258 4
7989 108 1 18 55 504 5
9186 429 3 44 12 190 1
4674 453 1 21 47 431 2
10163 502 3 335 39 355 16
13246 56 1 92 40 616 4
8656 18 1 15 64 80 6
4010 258 4 215 44 259 4
14070 179 4 155 6 155 3
16406 188 1 21 8 323 7
9796 218 3 222 28 652 16
3830 286 1 62 40 289 7
11075 533 1 21 17 81 3
18855 145 1 39 23 87 19
14085 450 1 69 26 490 7
14453 389 1 23 13 471 5
9629 351 1 21 36 321 4
19784 342 2 131 33 202 19
2352 206 1 13 23 180 5
13018 507 2 182 12 296 1
2735 227 4 214 15 116 6
8386 270 1 40 34 477 16
409 62 4 338 82 172 18
244 11 2 107 46 710 20
7634 58 1 30 60 167 16
11686 238 4 229 66 73 3
180 212 4 137 10 250 6
698 6 1 160 16 39 18
169 17 1 15 27 349 7
7658 536 4 302 44 110 7
18356 419 4 230 58 465 18
19118 490 1 67 11 92 17
10069 249 1 46 57 622 1
523 530 3 124 32 323 3
2151 286 1 92 32 235 1
15934 124 1 42 81 180 6
3048 17 2 114 44 297 2
17082 286 2 87 33 114 4
4230 433 2 73 12 252 19
20000 297 1 140 14 90 3
9276 116 3 37 27 96 7
17294 347 2 320 32 291 15
2027 506 1 33 40 240 19
7631 114 3 111 19 89 7
12378 172 1 124 37 532 2
252 381 3 62 45 478 3
2694 316 6 229 34 673 2
11392 151 1 19 45 165 3
4819 105 2 71 11 119 20
18664 120 2 123 39 434 3
16559 206 4 104 81 84 18
12172 452 1 108 65 125 4
5689 172 2 34 55 224 4
13428 359 1 73 54 195 3
8428 11 1 24 33 212 4
18521 150 1 21 18 545 6
11859 203 1 67 55 181 19
12702 422 3 133 6 329 1
16586 510 1 27 86 426 4
2827 204 3 203 27 546 1
5927 60 2 62 35 104 2
18259 257 2 318 69 47 3
19718 226 2 95 55 481 18
18347 59 1 35 24 614 18
17194 312 1 52 38 206 5
10111 256 2 35 34 52 20
12903 465 1 46 48 33 2
19890 519 2 106 15 140 6
7790 72 3 272 44 323 15
604 498 1 12 39 296 2
3330 47 1 29 50 256 3
7541 443 1 55 77 224 5
19063 235 1 100 25 467 19
13907 229 3 88 70 670 15
920 102 2 64 57 578 6
3997 114 1 33 78 191 6
19999 67 1 225 21 154 6
5417 378 5 60 23 331 1
14709 129 2 289 55 368 2
2739 15 2 35 50 204 6
3144 220 1 26 27 379 3
18990 353 1 36 32 113 20
16309 421 3 106 68 514 4
1894 309 1 45 20 271 5
8010 500 1 40 59 157 5
9040 354 1 21 20 269 5
8436 517 1 111 6 76 18
8759 368 4 108 25 142 3
1344 70 1 32 49 164 6
19069 443 2 66 23 192 3
4218 250 1 49 12 46 5
13900 489 3 140 29 487 7
4773 179 1 35 16 413 2
7278 287 1 60 28 196 7
18528 536 1 143 14 214 4
18286 203 3 66 11 342 5
12101 482 4 114 11 409 4
5363 359 3 124 33 647 6
18099 314 4 109 66 624 2
6705 184 1 26 12 271 5
3290 174 1 94 27 594 6
17172 108 2 113 42 200 1
19151 473 4 138 20 549 5
8099 530 1 142 27 149 20
10656 224 3 80 12 66 6
8616 151 1 75 46 267 15
15089 499 1 22 80 219 5
7143 311 1 81 66 297 20
8222 544 1 27 46 258 6
19342 137 2 101 14 585 3
8202 206 1 24 41 550 15
15556 431 1 40 20 331 2
18713 390 2 96 26 143 16
7158 404 2 132 35 402 16
3455 390 1 24 16 342 5
850 541 2 42 19 94 5
4466 477 1 108 30 98 6
6613 19 3 104 15 159 3
6471 546 1 24 53 714 15
10055 29 1 149 20 409 2
17211 256 1 42 28 80 7
3482 458 3 281 27 99 3
7010 89 2 43 34 46 3
17490 457 3 74 43 182 15
11405 492 2 68 43 431 19
1819 222 1 53 7 85 1
3041 490 1 117 28 432 1
16179 21 1 13 15 358 6
5524 71 4 63 33 343 2
837 209 4 159 68 61 2
10841 318 2 259 65 607 1
14836 349 1 24 51 508 5
19132 407 1 26 18 425 20
12734 275 4 56 34 393 20
16895 454 3 140 45 300 6
811 539 1 122 62 519 15
9057 317 1 19 52 385 3
12040 366 1 168 23 348 7
19277 24 6 204 34 419 7
15308 230 1 20 36 210 5
10623 440 1 23 51 228 6
2826 541 3 210 54 593 6
7886 138 5 97 43 184 6
10291 81 1 13 28 602 6
18178 484 1 19 19 155 2
10682 204 1 41 49 344 4
18660 33 1 29 7 92 7
16135 550 2 24 38 340 7
5961 485 1 78 64 91 17
7846 524 2 335 26 346 20
16469 172 1 53 65 447 3
5450 321 1 18 22 185 6
1755 382 2 67 6 70 3
2667 261 6 227 20 438 3
11007 326 1 26 71 106 7
9361 191 1 38 29 661 19
16233 306 1 26 14 148 2
17480 111 2 74 55 329 19
18429 411 2 130 42 366 19
2989 238 1 27 34 170 5
14438 411 2 140 24 600 4
3407 80 3 75 41 77 1
10929 485 3 264 11 346 4
8265 57 1 23 37 76 18
10524 264 1 101 33 138 1
3983 193 1 230 10 191 16
9874 176 1 33 29 302 5
9513 539 2 79 39 213 4
7484 47 2 140 55 85 7
8744 218 1 53 36 567 7
18605 542 3 109 15 167 18
9871 237 2 153 38 358 1
15355 123 2 209 88 234 1
15472 302 5 174 57 38 15
18295 104 4 310 55 290 18
5320 29 1 41 26 376 2
19080 9 1 31 25 368 16
9792 160 2 169 67 639 2
19510 548 1 62 41 208 2
261 321 1 29 20 279 7
8810 466 1 143 24 179 1
209 345 1 26 13 99 19
1433 33 1 122 31 159 1
14093 464 4 261 40 193 6
3695 383 5 202 34 110 3
14787 232 4 48 70 393 3
15136 99 1 10 28 456 4
13586 299 3 74 22 507 5
16779 117 1 17 59 153 2
17035 73 1 50 63 127 15
19143 272 1 68 45 226 5
7783 540 2 78 44 358 4
14620 55 4 256 27 388 7
14623 434 2 84 55 386 6
17702 487 3 104 56 270 20
4630 424 2 142 22 147 6
3279 384 1 67 62 507 15
6436 269 1 202 16 320 2
11612 288 1 43 48 246 2
10748 354 1 113 19 150 4
2798 284 1 30 35 404 3
13278 535 1 34 9 232 17
2511 279 2 46 55 243 20
19786 74 1 33 58 519 2
4494 251 3 181 43 488 7
19117 447 2 191 62 282 3
17858 356 1 81 51 237 4
5353 307 1 48 66 90 6
14312 360 3 150 21 159 6
5885 118 2 37 27 301 2
1048 15 1 29 30 353 5
3579 370 1 87 30 117 2
7122 51 1 50 15 82 15
13255 165 1 141 57 61 2
2523 376 2 30 57 109 3
950 66 3 91 10 138 7
16569 511 3 120 50 171 18
16416 43 1 15 61 275 18
11315 335 5 82 44 176 5
15257 70 5 170 77 320 7
3204 114 3 137 22 261 15
6337 428 2 31 36 94 7
18765 361 4 170 20 162 20
8548 147 4 111 48 94 5
18463 499 2 59 11 283 4
13153 239 3 228 57 414 4
13814 450 1 54 50 180 6
13685 91 3 42 36 83 7
2659 73 2 44 39 60 6
12617 220 1 47 21 240 6
18623 280 2 24 76 105 1
4237 289 1 60 31 290 17
19644 101 2 75 7 118 7
9763 231 2 137 59 203 16
10974 436 1 12 54 191 19
3434 158 2 44 21 167 3
19525 172 1 48 49 194 18
17333 507 2 31 55 87 4
9017 491 2 58 43 286 1
8003 401 4 218 66 126 6
1666 94 1 145 33 705 4
17196 532 1 39 54 263 4
19061 56 2 73 59 229 7
8154 420 1 36 41 395 7
17904 358 1 56 82 219 15
297 54 1 29 43 76 15
977 143 1 162 73 603 5
13891 456 6 282 31 232 1
1996 520 1 20 45 53 4
9109 318 3 82 14 162 7
16498 371 1 17 42 53 2
19520 35 2 72 35 168 6
18633 72 2 33 28 202 18
13509 59 2 122 19 508 7
4701 343 6 73 11 603 17
7630 130 5 221 52 514 4
12852 53 4 324 67 486 7
5287 43 1 20 70 93 5
19689 231 2 46 25 279 16
9866 376 2 53 35 332 17
16527 116 3 50 22 251 1
11515 236 1 185 26 234 7
3289 375 2 266 58 221 3
3498 537 3 88 42 213 1
15551 549 1 117 65 214 1
3432 416 3 120 26 336 3
11121 36 1 49 22 194 5
10957 306 1 40 62 138 4
15411 324 1 58 69 91 3
19015 501 1 43 17 41 6
18912 476 1 63 12 237 5
12975 336 1 54 7 594 19
19982 235 4 155 63 46 5
16084 331 1 32 79 200 5
11717 239 1 106 55 217 1
2879 31 2 107 14 259 19
5915 547 1 71 49 293 5
11757 278 1 118 41 65 20
18402 54 1 107 45 160 15
3038 438 2 72 17 114 17
17263 537 2 185 14 80 1
6942 393 2 84 50 361 7
7438 380 3 58 68 591 16
9423 308 2 67 54 361 1
15006 130 1 168 30 347 1
14642 137 1 51 34 664 3
13153 375 3 82 46 499 18
19615 492 7 126 60 143 2
7846 391 1 54 25 168 2
4587 156 6 171 48 429 20
4471 509 1 19 57 396 3
5954 503 1 40 8 98 3
10726 402 2 100 33 80 3
9026 183 1 39 25 386 19
19759 230 2 87 42 461 2
11273 277 2 113 31 598 20
5939 46 1 20 37 259 7
6881 408 3 170 40 356 6
1919 435 2 64 42 405 1
307 64 1 119 75 100 18
7946 216 1 39 46 431 17
1827 156 1 54 79 405 20
18048 52 2 30 16 250 3
337 320 1 34 57 350 18
10784 164 1 37 79 581 5
6420 101 3 61 17 255 5
1735 432 1 51 70 217 17
703 23 2 194 28 98 1
8304 505 1 70 25 270 19
2967 54 1 71 34 560 19
18368 232 2 67 43 229 1
9368 320 2 165 87 202 17
8648 291 1 44 36 520 7
422 111 1 55 42 129 2
2051 315 4 287 10 263 5
4571 169 4 143 69 104 2
1597 462 2 87 29 245 7
10064 331 2 96 41 189 18
15608 522 3 109 42 242 6
8239 18 1 46 84 101 7
13792 319 1 185 51 101 7
15737 404 3 65 38 173 19
1907 513 2 128 69 210 19
9521 474 1 32 41 360 7
5158 240 2 74 35 356 2
17186 469 1 39 32 275 17
15701 490 5 142 31 411 3
9549 370 3 103 30 610 4
10658 528 4 85 41 288 6
13366 325 3 84 75 305 4
16497 31 3 174 77 176 3
1555 124 1 59 11 129 3
3826 126 1 318 89 124 7
479 167 1 89 16 168 16
19240 455 3 101 48 247 6
18764 513 3 70 17 165 15
2820 189 3 202 21 240 3
215 523 1 21 33 153 2
11676 242 2 232 37 408 6
826 540 2 79 12 126 3
346 89 5 228 28 290 15
7836 154 1 18 12 651 6
4441 291 1 29 38 189 7
7182 465 4 318 16 271 20
12122 300 2 285 53 265 1
14581 62 4 138 52 681 3
7960 31 1 40 20 98 6
4080 408 1 90 25 215 2
3122 376 1 126 72 275 7
5466 147 5 400 17 108 2
855 6 1 88 14 190 16
19088 31 1 36 16 183 7
14048 510 1 137 45 726 2
6426 371 1 98 48 191 6
3626 202 1 83 40 381 6
2520 322 1 40 11 208 5
14475 281 5 57 19 190 7
14266 86 4 128 17 451 17
6011 20 1 28 34 283 18
765 38 4 163 18 70 15
670 114 1 99 53 689 1
13371 482 1 38 65 288 4
15290 390 1 27 16 245 6
7522 16 1 38 19 350 1
18329 40 2 50 17 64 7
6185 317 6 115 55 148 18
9910 109 3 156 72 475 2
2041 508 1 25 9 156 1
12029 227 4 157 22 241 4
1754 271 3 193 35 265 7
14337 116 2 136 39 161 2
19408 242 1 16 32 65 6
10388 230 2 166 15 265 20
19876 83 2 195 10 275 5
473 5 1 75 40 536 20
9946 343 1 102 13 290 3
3 185 1 197 32 304 2
1006 359 5 188 45 228 16
16452 428 2 92 37 383 2
12271 482 1 70 27 76 3
16087 228 1 29 12 312 3
15060 316 1 24 58 196 2
10940 545 2 78 42 364 15
14338 125 1 50 29 73 4
16407 515 1 53 10 128 2
8976 338 2 178 49 130 6
16712 163 1 134 41 443 2
4906 511 4 162 7 300 15
11345 246 2 100 33 618 4
14779 170 1 82 26 140 3
9900 158 1 88 73 622 5
13205 477 1 36 49 228 6
13666 161 4 76 27 238 20
11913 192 4 154 57 145 6
13000 504 4 72 13 348 2
1964 531 1 108 42 185 2
602 493 4 140 66 67 2
18647 34 2 31 34 238 6
10456 342 1 23 13 153 7
10510 278 2 391 24 453 4
13325 79 2 62 23 308 19
5489 40 1 141 8 78 15
10673 75 1 128 30 474 5
17847 313 2 31 37 463 6
10040 369 6 272 52 96 2
4310 330 1 82 32 546 20
5161 54 1 23 32 238 2
4705 264 6 99 19 117 6
4846 353 7 173 9 122 7
1981 278 2 107 42 450 1
5363 460 4 176 49 601 4
8315 466 3 94 27 203 6
15970 283 2 60 38 397 6
11691 500 1 54 13 292 1
12982 205 2 103 26 592 4
3347 347 1 33 25 439 20
1056 80 1 99 36 237 2
17914 482 1 47 22 309 3
10673 241 3 88 37 258 5
12625 323 1 137 21 195 7
8597 323 2 24 60 329 6
7129 385 4 73 17 92 20
9803 503 2 105 49 205 19
8017 345 4 272 65 298 1
2621 403 1 69 44 453 17
15228 250 3 198 12 281 20
1789 102 1 25 34 144 17
17860 111 2 37 30 393 5
16007 198 1 67 9 67 6
7510 21 2 80 41 388 2
2131 183 1 50 40 129 1
17371 79 6 146 47 117 1
4140 511 2 34 46 46 15
9176 187 2 203 50 291 18
9036 251 1 30 67 592 2
10044 471 2 130 47 194 5
11500 58 2 178 27 66 4
1351 533 4 116 45 123 15
2958 326 1 11 35 180 20
14566 42 3 110 17 179 2
18069 485 2 58 18 88 1
6958 19 4 143 12 152 7
5039 20 4 80 40 134 7
1376 489 1 21 13 383 6
15852 122 2 51 50 400 7
16782 489 1 23 36 335 3
14473 174 3 286 44 70 4
12297 423 1 13 36 297 4
2849 133 1 53 31 285 3
4449 415 3 213 31 235 2
19101 314 1 46 41 101 2
15435 355 1 27 23 579 5
19836 16 1 13 47 192 5
7040 335 1 23 15 201 5
15196 207 2 46 18 336 5
6060 444 1 16 27 453 18
14410 364 5 320 15 132 3
10208 141 1 34 66 507 1
15280 181 5 86 37 290 2
1106 517 1 376 23 461 5
14343 204 1 19 26 378 18
19585 71 2 52 57 200 17
18352 387 1 18 30 147 3
12936 47 1 116 56 358 1
3388 348 7 176 44 365 19
653 426 2 23 42 194 17
17727 24 4 179 53 309 3
1147 66 1 121 23 392 7
19093 176 2 75 17 124 1
12497 435 1 24 36 233 4
7762 9 2 55 29 87 7
13552 284 1 43 20 214 3
19383 159 1 77 76 325 5
9327 329 1 45 66 359 1
11952 315 1 18 20 139 18
5739 230 6 219 51 544 4
12576 204 5 156 27 140 7
15039 23 2 230 16 256 1
8242 30 1 34 53 72 7
528 438 4 248 59 570 1
1346 450 4 245 35 669 18
2972 517 3 102 84 509 7
12763 450 1 29 17 420 3
19639 458 5 86 29 254 7
18410 12 1 39 29 147 7
328 540 4 159 24 247 6
6695 308 1 46 18 326 5
1167 464 1 126 32 435 6
19393 147 2 54 62 189 15
19939 73 2 65 26 241 1
14684 437 2 175 27 671 16
15450 101 1 74 38 386 18
5252 542 1 17 33 97 7
12339 270 3 207 51 537 20
16864 63 4 111 6 304 19
3373 242 2 143 44 547 7
11679 492 3 134 30 260 20
9053 75 1 100 24 432 7
4555 169 1 41 17 264 5
2362 415 3 116 60 323 1
13054 480 2 308 58 98 5
3866 365 1 34 69 173 5
6102 243 2 285 54 86 17
1157 18 1 36 20 336 7
391 307 2 151 30 223 20
17269 236 6 298 59 85 1
8187 126 3 141 23 213 1
3884 319 2 78 59 249 7
4436 318 1 30 36 395 18
11514 26 3 119 38 642 4
14545 384 2 86 36 470 18
11951 67 1 66 71 125 4
15128 363 2 64 36 190 1
3339 343 1 10 48 207 1
676 475 2 129 66 97 1
18474 104 2 231 39 241 3
14517 139 2 48 46 485 6
18358 176 1 323 79 148 7
7316 550 1 17 52 326 1
18180 45 1 24 26 271 1
8762 276 4 188 31 705 5
8115 47 1 154 40 375 18
7062 430 1 26 14 206 1
1251 532 1 40 7 623 3
9852 284 1 144 43 375 20
1866 176 6 350 38 242 19
4787 341 2 69 27 226 6
5638 183 1 70 10 278 1
17597 142 1 181 41 331 20
2843 415 1 17 26 135 20
17 355 2 185 32 200 18
17523 384 2 163 40 463 1
8619 349 1 46 56 47 6
4948 466 1 57 36 317 1
10500 334 1 59 27 535 1
6105 505 6 286 14 305 4
19629 246 1 60 58 465 5
7081 256 1 48 50 160 4
17246 27 2 48 20 492 6
19549 158 3 422 21 252 18
10537 13 3 46 36 226 5
1131 24 3 86 16 642 1
12862 329 3 122 49 205 18
4414 454 3 187 29 173 16
1891 442 2 58 29 245 3
11341 178 4 113 21 479 19
15965 74 5 474 20 276 2
4846 33 1 60 38 524 7
8178 495 3 177 14 92 6
14979 7 1 20 74 95 7
11092 149 1 15 46 358 7
4198 150 5 436 17 231 1
9374 192 1 40 29 478 2
5117 236 2 187 29 41 4
19165 192 1 18 28 283 19
4365 435 3 224 27 198 5
5362 317 2 129 54 210 3
10718 291 1 23 39 128 6
6233 12 1 106 41 633 5
17319 95 3 87 72 383 18
937 175 2 234 33 217 6
18410 446 1 37 60 579 7
12664 480 2 97 43 456 7
13529 269 2 48 21 54 4
3563 20 1 43 75 142 16
2924 210 1 20 44 353 18
3802 221 2 122 32 514 2
13960 446 1 59 19 142 2
5163 390 1 92 21 323 5
16277 317 1 39 53 348 7
17770 438 2 76 87 162 3
6805 77 1 54 43 104 18
4337 179 1 111 9 129 20
4491 99 1 195 23 292 5
11919 487 3 133 17 134 17
2717 370 1 148 49 506 7
17800 63 1 26 19 344 3
467 432 2 87 37 273 1
11093 24 4 159 51 275 6
10645 161 5 223 55 119 7
18623 78 3 55 22 240 19
4728 66 1 35 39 80 7
13373 272 1 45 16 415 20
16151 402 1 62 44 185 6
885 260 1 13 27 158 1
12909 461 2 165 10 262 3
19007 99 1 41 7 132 3
4661 73 2 245 28 614 18
16732 81 3 239 34 92 2
5963 330 3 55 65 405 2
18278 181 1 45 18 132 15
5052 399 1 18 14 713 4
15940 294 1 121 13 63 15
17235 483 3 58 37 434 6
8413 55 2 80 34 131 17
12453 148 1 58 70 345 16
1076 495 2 71 43 130 17
6411 273 1 145 31 119 17
14068 230 1 27 14 89 7
1165 280 6 122 36 510 6
9456 339 1 79 34 622 6
19137 382 2 65 19 162 3
13235 45 1 36 67 316 3
49 456 1 105 69 509 20
14346 536 6 309 37 107 5
17150 300 4 122 46 148 5
803 13 1 97 40 196 3
1858 257 2 208 42 431 3
14714 175 2 228 45 346 16
14468 372 1 39 17 101 2
3664 424 1 85 47 226 6
6633 134 1 95 22 201 5
9025 348 5 113 12 70 3
7219 201 2 251 35 84 1
6055 200 1 38 16 127 6
17997 411 2 76 53 364 3
5957 185 1 66 16 165 6
13106 12 5 117 22 267 1
19263 268 4 60 32 527 3
14901 400 6 158 36 161 5
4678 95 2 58 59 174 17
18881 250 1 37 63 612 6
3845 536 2 57 27 352 5
4681 273 2 73 34 299 20
4567 119 1 27 57 123 1
13173 460 3 84 72 82 3
2663 37 1 43 37 726 4
13169 442 1 27 31 382 7
2368 208 1 29 20 400 3
9456 394 2 54 51 70 3
7023 227 3 60 38 353 7
7392 40 4 45 33 525 5
8546 108 5 225 7 120 3
12769 537 1 53 46 307 4
8824 433 3 109 36 347 5
5335 397 2 59 23 321 16
3055 141 2 177 82 259 4
17690 328 1 23 7 91 18
11735 444 1 97 14 183 2
2483 445 1 71 89 156 6
7733 106 1 140 11 270 7
18853 398 1 29 62 409 1
390 164 1 41 18 311 6
7764 520 1 17 41 356 7
11783 413 4 171 27 465 3
4441 322 4 307 39 232 5
14104 177 4 126 14 151 3
4899 13 1 47 8 153 20
11520 327 1 29 21 263 6
16447 354 2 49 31 338 2
9880 470 1 30 36 87 2
16200 491 4 99 59 302 3
13429 215 1 114 60 184 4
6669 15 2 256 30 295 4
5435 363 4 254 44 249 2
2523 85 1 105 16 354 6
12158 127 1 250 33 270 6
11369 9 2 52 20 229 7
1300 136 1 24 11 381 3
13233 406 1 72 58 277 7
6058 444 1 13 49 558 17
1118 503 2 38 50 345 5
2842 254 5 325 37 380 15
1534 42 5 105 24 100 3
11561 375 1 40 67 129 2
15039 485 1 34 46 348 5
14717 365 3 74 20 648 5
9246 224 2 48 21 251 7
16706 283 1 130 46 66 7
2468 325 6 360 33 203 16
7772 139 4 106 26 224 1
7221 412 1 105 19 597 6
191 165 1 24 44 216 7
7944 85 1 326 72 339 4
3690 549 7 186 34 310 4
17929 11 2 231 27 387 5
7984 459 4 47 28 80 1
7803 207 5 128 42 203 15
6288 434 1 65 28 118 3
14160 31 2 47 49 663 1
6034 485 1 115 19 306 16
13546 401 5 89 41 175 6
18309 275 2 62 18 362 7
8132 401 1 261 7 301 6
3185 502 6 251 36 452 18
3716 272 1 35 9 418 6
3657 103 2 20 32 346 18
890 283 1 21 39 404 6
2216 345 3 56 60 668 19
13865 149 1 131 28 91 1
3651 196 2 37 24 106 5
11976 393 2 54 44 182 4
17153 414 1 150 81 196 16
19760 56 2 119 61 320 7
2714 65 2 147 49 110 1
19006 469 2 145 60 372 6
7821 113 2 49 50 487 7
17020 418 1 29 45 407 1
1123 413 1 13 43 382 15
745 455 1 117 17 125 18
11407 318 2 24 38 386 2
12012 497 2 40 7 300 3
2339 354 2 66 59 236 6
11114 351 1 195 34 598 5
5264 268 1 91 42 255 16
2257 319 1 38 54 117 15
17762 205 1 23 38 170 17
10834 190 1 34 16 109 15
12221 422 4 178 6 179 17
5662 245 3 92 25 584 2
2779 484 2 74 82 177 4
5594 40 1 75 11 149 15
1940 241 2 21 57 296 4
11577 198 1 103 55 363 20
16869 407 1 46 23 259 4
896 477 1 82 17 120 4
437 146 1 27 43 111 3
18449 272 1 78 30 330 16
5698 109 1 132 66 82 16
18477 495 4 142 53 261 7
1120 188 4 155 34 252 2
19090 264 1 87 15 208 1
2283 67 1 129 85 89 5
17033 308 1 35 48 110 6
17715 512 2 118 19 276 19
9783 429 2 82 33 206 5
6718 539 1 150 37 404 18
9628 360 1 79 32 183 6
11117 292 2 191 64 616 3
8053 546 3 53 17 206 17
9401 317 1 9 50 144 2
9177 186 4 290 62 531 3
9575 82 1 22 43 97 4
4164 45 5 326 40 398 3
16154 532 1 66 89 185 4
19619 336 1 35 16 89 3
1261 501 4 128 28 632 6
6126 444 1 64 37 218 20
14078 407 1 89 8 93 17
15085 83 1 26 30 647 3
798 226 1 72 14 126 2
18299 484 1 41 47 225 5
3625 111 1 28 25 462 7
3355 445 4 114 9 116 16
19956 219 1 21 21 82 16
17923 333 4 250 21 375 1
10691 115 2 134 51 618 1
5888 46 1 25 15 359 6
17513 154 1 122 37 225 3
19094 27 1 16 28 141 6
11440 353 2 29 49 169 2
9113 37 1 27 15 318 5
4831 514 1 55 15 37 1
14801 299 1 27 25 137 4
12086 15 1 52 27 691 6
4929 126 1 36 37 451 3
3389 145 1 22 43 228 18
3442 42 1 18 12 409 6
17380 206 1 19 52 497 6
8463 23 2 48 13 411 18
18670 178 1 96 18 585 19
12781 169 2 240 70 163 6
11074 228 1 25 30 228 2
7752 143 2 104 40 290 2
3444 65 1 25 9 109 4
2662 324 1 27 62 502 3
17078 305 1 17 19 199 2
15602 398 1 72 19 66 2
6999 341 1 40 27 290 7
14534 78 1 64 15 200 3
6692 162 1 134 24 510 1
3121 368 3 81 30 435 2
3517 73 5 269 20 428 5
2116 279 3 92 30 216 2
326 337 1 10 27 529 5
898 466 2 35 26 270 3
18561 158 1 37 45 385 2
11518 416 4 180 63 172 5
14352 248 2 88 17 189 16
532 378 1 162 43 364 20
19397 313 1 42 33 359 5
5317 329 1 35 43 635 2
15969 509 3 455 63 257 3
11347 22 2 53 19 114 1
13822 326 4 148 32 441 15
16248 179 3 181 50 607 3
7974 98 1 55 24 566 7
17497 550 1 81 48 320 16
720 70 6 372 59 125 18
13597 274 5 208 90 407 4
3707 182 1 45 39 321 2
16019 548 2 64 22 670 4
17682 206 3 111 29 243 7
10181 372 1 74 18 219 20
19965 214 2 119 62 512 2
14354 86 2 65 27 201 6
19405 213 1 60 16 682 2
17475 270 1 53 32 109 2
19322 465 1 132 31 535 19
18175 222 1 53 25 82 6
9308 412 1 20 19 200 7
9006 41 2 54 23 217 6
6871 77 2 141 43 535 17
2235 96 2 114 33 271 4
5423 194 1 11 18 184 7
15483 210 1 42 30 86 5
18947 445 1 55 19 450 4
17481 273 1 61 51 372 1
4015 525 1 17 48 84 17
11884 56 2 20 78 388 4
19934 118 1 53 24 209 2
5938 441 2 241 34 494 6
15542 256 1 23 61 218 6
2877 252 3 82 8 319 3
17349 471 5 179 76 166 7
10076 243 5 76 49 148 20
11927 310 1 19 22 144 19
19990 243 3 323 46 231 1
11644 376 1 63 62 524 4
5372 40 1 50 57 301 19
7395 431 1 35 56 404 1
19009 249 1 24 24 211 3
5279 498 2 89 47 301 17
11323 18 1 27 22 95 15
11956 246 1 25 19 161 4
14175 19 2 27 25 445 2
13147 496 3 90 42 150 4
375 374 2 157 38 533 2
13008 241 3 239 12 187 1
18539 375 1 32 13 124 2
755 542 2 54 40 368 7
10453 190 3 251 17 121 15
13391 446 2 30 50 246 3
6307 424 2 121 81 136 5
13268 435 3 94 19 456 2
6929 152 4 245 59 261 3
3707 136 3 61 32 321 1
19412 156 2 57 23 372 7
3421 85 3 161 33 275 1
18874 224 1 51 90 87 3
2901 75 1 45 69 181 2
9004 469 1 164 80 113 16
17541 397 3 285 42 84 1
13507 459 2 55 10 60 18
1046 17 4 147 43 409 4
15800 165 1 15 23 354 16
639 477 1 18 59 109 6
101 509 1 36 59 270 2
865 197 1 125 12 178 15
3283 507 2 287 40 436 4
9164 98 3 99 28 173 5
19282 238 3 255 48 200 20
8415 258 1 149 34 213 19
714 17 1 36 41 209 7
7253 261 2 235 57 330 7
17669 290 1 39 55 146 5
216 122 1 18 47 195 7
3755 154 1 63 42 272 20
7939 102 2 62 13 420 20
3983 363 4 116 51 376 7
7253 153 3 117 19 149 2
2860 342 1 58 30 64 6
17832 314 1 22 15 80 4
2122 37 2 104 40 160 2
11299 240 6 80 28 57 5
995 115 2 155 30 315 19
6674 512 1 42 42 396 4
17712 92 4 232 63 82 3
6583 112 2 73 7 90 7
19201 540 3 150 38 508 16
17100 55 1 20 26 433 7
2367 115 4 223 62 529 6
5409 445 2 67 26 467 5
865 444 1 69 22 245 1
12074 506 1 97 29 387 6
4565 346 2 40 42 55 19
14207 391 2 55 74 410 6
5538 183 2 90 16 153 1
2610 19 7 90 19 647 1
14000 488 2 252 46 197 6
15693 352 1 196 28 186 1
2580 234 1 110 22 358 3
12702 428 1 25 18 162 20
8792 376 3 83 13 325 4
7777 516 3 70 67 719 7
8099 430 1 27 24 319 1
8365 130 3 65 60 291 4
17799 256 1 181 40 88 5
19820 242 1 185 43 428 6
1253 115 1 34 11 67 7
8025 375 2 35 44 491 1
7250 246 5 306 62 212 3
9464 228 2 135 37 236 7
1139 94 1 117 37 232 3
16945 145 1 42 69 162 1
11463 30 2 122 70 166 16
14061 107 5 147 25 155 1
9652 534 1 25 33 408 3
3410 305 3 61 42 318 7
14680 520 1 82 49 248 20
18613 207 4 99 58 547 4
5861 371 1 60 62 442 19
5286 330 1 114 34 266 5
4218 422 1 14 57 159 1
17372 261 1 30 23 660 1
12318 143 3 111 34 181 5
18262 76 4 264 77 415 3
100 197 2 99 30 430 19
1687 336 2 53 67 187 1
17624 544 1 22 14 122 6
7186 93 1 138 39 262 1
19727 513 1 148 58 110 1
12084 529 1 12 32 346 3
17651 398 1 93 89 593 6
136 496 3 136 45 69 3
14606 539 3 143 55 244 6
6715 474 2 72 37 314 5
6521 518 2 91 22 560 1
15000 130 8 334 23 351 5
6738 25 4 203 31 258 4
9441 91 4 71 24 299 5
7240 326 1 38 9 51 2
949 242 2 129 34 601 17
19010 239 1 61 58 167 2
11030 28 2 110 29 266 18
11256 119 1 41 15 612 6
16548 156 1 42 7 126 6
4527 139 2 34 65 530 19
12281 448 2 61 48 332 19
1446 273 2 41 27 652 18
1994 194 2 50 14 212 4
11925 449 6 130 32 188 6
16343 78 1 15 9 144 7
2269 388 4 105 35 414 18
1219 101 1 57 22 712 17
18426 124 1 38 10 387 20
10504 325 1 9 49 331 2
11912 417 1 37 18 191 3
11991 248 1 122 78 312 1
3198 338 1 44 18 273 5
1326 53 1 60 63 383 1
19209 80 1 26 31 487 1
8407 166 1 25 24 119 4
2078 394 1 66 35 53 19
1768 177 1 115 45 657 4
8788 145 2 67 68 249 1
18543 528 1 47 42 81 18
7958 499 2 58 54 222 4
11272 387 4 103 74 424 2
19274 477 1 14 27 457 4
4534 90 2 25 19 268 15
19308 490 6 261 55 421 6
12702 159 1 22 43 222 17
15467 458 1 112 16 236 2
13823 245 4 148 62 221 17
19661 549 2 284 35 300 18
6560 374 2 160 59 167 2
13761 290 1 17 16 348 4
4796 223 1 76 48 582 19
5376 328 1 144 23 623 3
5756 522 2 52 45 274 6
6615 288 5 176 49 153 20
7928 105 1 33 29 443 20
18882 444 2 57 43 366 3
15509 150 2 54 20 205 5
18192 474 2 27 61 229 20
12778 387 2 68 38 84 2
17487 433 1 40 22 229 5
6980 28 2 38 28 189 6
203 174 6 152 80 644 7
14698 191 2 51 42 192 2
12789 35 2 23 32 81 17
15881 11 2 22 39 359 2
10092 509 1 26 20 84 3
9023 154 3 167 20 387 6
7047 464 5 110 56 226 1
19051 221 1 53 37 144 3
12437 222 2 67 33 150 6
15431 302 4 144 47 267 5
14444 280 2 85 13 379 7
2019 49 2 29 67 79 4
7248 426 1 423 51 127 5
2129 12 1 10 54 260 6
13376 24 1 27 48 464 18
4736 422 1 12 36 571 19
11017 510 2 125 60 202 4
5040 27 1 118 8 218 1
8488 42 1 40 26 332 3
13346 211 1 121 28 558 3
12210 530 1 75 45 544 2
18673 394 4 171 78 171 2
8278 520 1 36 40 117 7
1809 527 2 107 36 463 4
5402 331 3 59 29 74 7
10490 275 2 95 29 189 4
19485 160 1 33 22 328 1
14615 424 2 58 22 327 6
12233 280 2 107 51 112 2
7629 101 5 222 65 118 1
14242 280 3 378 27 173 7
8184 464 1 35 23 391 7
17914 17 1 16 15 265 19
16936 356 1 130 22 590 16
11656 61 2 129 34 348 7
12141 460 2 79 24 197 1
4188 438 2 32 12 163 5
10109 431 1 74 84 323 6
2063 502 2 199 43 335 3
19759 45 1 47 21 335 1
17682 39 1 107 26 204 6
6501 206 1 302 65 127 4
3986 5 2 35 25 374 6
3512 484 4 162 60 275 4
12696 151 1 31 50 476 6
16711 393 1 45 49 320 3
7310 26 2 75 48 88 5
4489 285 1 9 49 248 6
16147 120 2 87 60 382 4
6298 62 1 114 43 463 2
7484 473 6 98 13 261 4
809 435 2 59 51 322 2
9397 203 2 98 34 491 2
2213 107 1 164 47 296 16
11468 80 2 34 58 292 6
16853 536 2 72 20 311 7
16460 105 2 21 46 111 17
2310 258 3 372 73 162 3
18422 405 1 21 16 107 6
10905 172 2 197 9 43 4
1324 201 1 28 54 128 18
6976 457 4 271 39 438 1
5302 83 1 47 46 327 3
1987 199 4 194 38 300 3
5689 278 3 81 15 207 2
9515 212 1 36 33 212 2
1205 98 2 77 18 496 16
14749 244 2 42 16 186 2
11864 13 1 124 29 357 3
16290 267 2 70 47 105 4
2853 335 1 150 53 183 4
6211 252 2 35 9 153 7
6413 534 1 51 15 88 20
3993 114 1 9 43 377 1
252 193 4 233 17 213 5
13647 344 1 41 11 101 6
14849 43 2 35 12 88 7
14013 524 2 77 21 72 16
746 401 1 26 72 111 2
13426 88 1 64 37 343 1
700 538 3 365 27 499 7
17006 216 1 159 70 461 15
211 82 1 29 19 162 18
16552 166 3 128 10 125 2
17770 451 4 61 31 355 19
10579 71 1 162 70 108 15
18237 546 1 33 16 240 5
7691 131 4 184 28 405 3
15739 429 3 136 25 326 4
8084 218 6 103 73 561 5
5928 303 2 85 40 302 3
15344 297 2 39 31 447 16
15509 450 6 379 81 296 4
18970 335 1 55 12 181 20
54 76 2 73 20 451 2
17676 188 2 61 31 163 18
16097 257 3 157 62 281 7
17367 117 2 74 29 432 6
6464 169 1 65 47 433 1
7008 542 3 116 56 621 5
4713 378 4 74 9 225 16
3697 120 5 188 25 63 4
11607 95 1 17 28 434 7
12780 240 2 83 43 137 6
15440 306 6 142 15 169 1
17501 44 1 91 77 100 4
9599 503 2 70 29 240 17
17498 379 3 53 60 129 7
6223 382 1 23 44 252 5
10765 47 2 41 34 46 7
18634 39 3 62 12 143 17
17938 487 1 65 73 192 7
15717 171 1 162 39 122 6
2189 234 2 46 46 207 18
10946 460 5 252 34 361 5
18611 488 1 21 27 140 18
17276 320 6 88 22 677 16
13572 105 1 50 28 73 4
12517 304 2 144 16 312 5
3954 298 2 145 30 573 2
6493 334 1 27 26 78 17
12319 191 2 77 18 197 6
6513 181 6 190 42 170 4
3135 420 1 72 25 269 3
17347 99 1 104 38 220 7
16238 203 1 61 25 127 16
16370 130 3 73 37 285 15
2167 217 1 68 8 99 7
4812 438 2 69 55 291 18
17799 129 1 110 83 62 7
9685 192 2 80 37 120 18
10430 457 1 45 44 98 1
18503 534 1 13 43 581 16
6828 407 3 141 59 173 4
7742 349 1 74 49 414 7
10241 521 1 25 33 295 17
3525 104 2 30 11 77 6
16524 282 1 150 19 396 3
17022 233 1 76 49 357 19
3116 106 2 49 38 451 1
3069 505 1 105 21 655 4
10029 406 4 137 33 220 3
3307 486 3 170 70 253 6
9611 533 1 66 76 290 7
7526 245 2 115 33 224 6
16140 144 1 56 27 523 3
13684 331 2 39 59 293 1
6567 73 1 14 63 129 2
13112 404 2 36 53 146 6
14502 24 1 37 48 363 1
15714 229 3 156 45 260 3
1447 202 2 93 48 417 2
10288 371 2 41 45 41 15
1655 378 1 145 85 454 5
7067 264 1 125 17 434 16
17188 384 2 28 21 632 1
5279 230 1 204 51 112 2
7921 37 1 20 20 95 1
15447 452 1 54 21 91 16
8159 43 1 46 34 171 18
6119 298 1 15 54 184 7
3490 387 2 96 77 202 6
3007 175 1 22 42 96 6
12318 377 1 152 22 456 17
4746 436 1 50 17 120 20
227 440 2 90 15 313 4
7338 198 1 67 45 130 2
5879 442 1 144 51 263 3
1997 390 3 93 24 565 3
9303 258 4 257 26 213 5
10102 289 2 61 29 277 3
13567 382 4 272 77 365 2
1110 308 1 37 35 176 6
1909 178 7 233 48 475 6
2251 164 4 111 58 89 20
27 510 5 138 71 321 2
3457 73 1 51 13 230 20
12056 160 7 112 45 328 1
3473 398 1 44 47 466 2
3773 282 2 47 24 66 5
13453 122 1 15 67 69 16
14878 250 1 283 71 219 6
2600 236 1 228 29 326 4
19892 469 2 53 19 172 5
13132 183 1 98 53 669 15
7995 210 2 71 54 135 7
1348 434 1 76 26 148 5
19651 512 2 83 35 315 7
8212 178 1 21 16 198 5
4481 175 1 121 45 318 16
17652 432 2 119 16 62 6
3529 435 4 256 47 524 3
10831 125 4 143 51 477 3
6451 369 4 186 39 278 2
14612 313 1 25 55 452 6
1460 484 1 116 41 359 7
410 386 2 39 14 76 6
6661 543 6 229 27 193 3
13365 331 2 85 39 245 1
11327 157 2 144 78 315 1
7466 15 1 12 28 524 17
8763 36 1 68 84 437 1
5270 261 2 139 34 336 3
7028 38 3 115 49 317 2
17746 402 5 222 58 179 3
17716 280 3 84 22 168 3
11003 535 2 52 39 170 3
6484 318 4 86 63 271 6
3763 82 3 100 44 166 20
13987 450 4 180 10 309 7
18371 271 3 89 33 101 3
8983 281 2 47 18 360 15
10194 11 5 187 30 204 18
16798 215 1 50 67 611 19
8797 508 2 185 51 407 20
17731 205 1 12 22 279 7
13464 384 1 184 7 169 4
13498 269 7 129 44 307 16
8218 200 5 194 62 280 1
5325 546 5 93 28 199 20
18354 193 3 110 46 136 1
12227 113 2 51 21 252 4
2292 90 1 93 32 181 1
12762 70 1 74 10 120 6
14002 445 2 35 17 100 18
6510 403 2 54 28 298 17
2253 285 1 24 13 103 16
10920 342 1 26 45 214 1
12521 159 1 22 37 78 1
5244 168 1 14 17 68 6
18077 487 1 28 46 102 3
17112 90 1 15 24 289 1
9599 489 2 240 15 229 3
12229 501 1 18 56 99 6
11346 24 4 192 53 302 5
12329 544 4 227 16 303 7
17272 233 1 166 11 198 3
10463 192 1 63 40 403 2
1815 370 1 249 27 118 20
3096 243 1 355 25 123 6
17579 423 2 136 23 319 4
16351 196 3 41 16 173 5
19798 353 1 33 22 347 7
1290 125 1 37 30 251 15
7687 261 2 59 62 692 7
526 173 2 34 61 281 4
6012 200 2 50 57 406 5
1395 494 3 61 27 382 6
18945 357 1 37 14 126 7
14720 491 1 153 26 602 7
378 437 3 82 41 49 5
7379 205 4 304 48 196 7
4363 56 1 33 44 684 1
11240 474 1 70 56 133 3
15716 311 1 327 47 173 20
18828 31 2 38 43 156 5
1218 178 7 194 28 572 15
8846 246 1 80 18 309 3
18532 302 1 127 30 590 3
94 545 1 107 29 332 16
11038 67 2 299 44 67 20
12541 139 2 64 11 46 2
11357 165 1 26 11 312 6
11854 316 2 93 7 106 5
5064 500 1 55 15 436 7
18241 320 1 29 67 531 2
13862 330 1 27 20 440 3
13615 498 4 174 65 328 4
10439 493 1 239 79 183 17
12380 7 1 29 28 269 20
14534 307 1 47 52 273 19
16604 338 3 107 48 418 1
15951 89 1 39 14 38 3
2193 297 2 105 48 646 2
15181 452 1 32 70 508 17
8591 61 3 150 24 230 3
6158 142 4 125 29 239 3
10354 303 2 35 23 246 2
14529 348 2 100 49 227 19
15482 75 1 109 35 389 16
13368 341 1 115 26 168 1
13280 422 2 174 10 220 7
3045 318 2 59 47 156 3
15860 250 1 150 56 429 1
5494 63 3 131 55 302 15
4878 218 4 79 52 308 4
4338 42 6 176 64 496 5
11335 519 1 24 63 391 3
9145 347 3 38 59 192 1
4008 263 1 20 35 735 16
710 522 2 101 44 263 5
13928 18 2 172 74 177 6
10574 40 2 52 9 127 1
2826 407 2 108 33 45 7
6190 377 3 193 50 155 3
3147 441 2 227 55 209 4
3972 252 1 118 40 227 3
4662 347 1 36 19 145 7
10791 429 1 416 37 231 3
18191 404 6 170 8 388 7
12916 386 2 38 22 387 2
3865 212 2 166 35 462 4
16662 414 1 252 21 117 5
18317 220 2 63 16 265 1
1943 524 1 111 17 94 15
13072 31 4 128 69 74 4
9266 109 1 65 10 61 3
734 74 3 113 24 315 3
1314 236 4 114 10 138 5
366 154 3 286 6 136 1
102 537 1 68 12 174 3
2046 104 2 97 41 99 4
703 309 1 124 30 331 6
11598 356 3 105 22 335 6
15067 113 4 125 52 358 2
2494 367 1 17 8 428 6
98 62 1 14 20 78 6
17292 288 2 37 59 127 5
17972 201 2 119 33 347 20
13002 355 1 26 43 178 19
15888 250 1 81 23 84 6
18031 325 4 178 19 125 7
16594 328 2 53 26 626 5
7650 338 1 153 24 285 1
4748 172 1 73 27 536 20
11419 254 3 252 47 190 4
16066 100 1 44 62 260 3
14758 25 1 100 70 154 7
10707 99 4 118 73 401 7
8778 297 4 300 81 510 16
5659 61 4 127 38 141 6
12706 284 2 225 57 610 5
12318 179 4 239 28 151 5
3900 168 1 80 51 41 15
3342 217 2 100 78 160 1
7985 455 1 36 38 293 20
18288 250 1 48 83 333 3
2387 54 2 52 32 405 4
4104 331 1 60 30 232 1
3703 198 6 70 41 41 19
6044 99 1 47 13 252 6
19606 448 1 133 47 176 6
18975 39 1 49 27 261 15
10067 37 1 51 27 75 20
13098 224 2 38 44 276 3
425 231 4 157 17 262 2
18005 354 1 105 15 110 5
15283 49 4 278 53 535 7
18918 302 3 130 48 390 4
16507 89 2 30 26 392 1
5718 454 1 46 23 189 6
17504 159 6 397 29 194 3
877 546 1 60 71 106 2
8106 269 1 58 34 257 1
13338 466 1 141 22 124 1
4979 471 5 243 37 113 3
996 172 4 133 71 264 5
15361 532 4 226 16 88 1
5699 507 2 103 40 308 7
10025 237 1 34 28 313 18
8078 443 2 68 58 185 5
496 255 1 32 49 473 7
8806 437 1 12 70 47 16
11162 321 1 34 18 630 6
7944 102 1 249 79 79 4
4224 174 1 27 33 266 1
17824 468 1 36 18 677 6
5190 404 7 125 60 356 1
12420 443 1 33 77 242 3
16854 158 3 103 36 500 1
12922 19 2 69 12 143 17
11094 39 2 48 17 223 1
15563 127 4 74 69 111 4
13462 233 1 54 51 436 2
8728 182 2 52 13 295 19
10669 12 1 43 31 95 5
609 261 2 57 31 474 5
6787 418 1 142 22 349 2
19457 45 1 209 42 638 3
15967 173 3 41 26 371 3
18971 283 1 135 20 167 5
4619 192 1 135 51 70 16
463 57 1 32 20 134 5
19314 176 3 143 65 124 6
11597 420 2 258 29 117 1
2241 504 2 68 30 199 6
2612 128 1 63 19 182 2
17034 92 1 51 39 212 4
14247 52 6 198 42 134 6
5234 384 1 92 27 347 7
12923 539 1 41 46 521 2
2430 82 4 79 27 190 2
10014 305 3 107 10 155 3
10527 289 2 106 60 444 5
11301 516 2 75 45 489 20
11490 280 1 21 38 386 16
14075 324 4 184 49 419 15
19587 10 3 104 33 150 7
11528 279 1 14 27 292 6
15119 528 1 163 87 335 7
517 472 2 47 42 166 3
11450 75 1 16 52 241 20
12125 44 2 82 49 249 1
19613 66 1 274 22 193 2
1027 372 1 41 24 379 3
19047 244 2 59 41 544 15
16686 243 1 120 16 200 3
12190 197 4 112 60 245 6
7303 483 4 135 60 185 2
11306 274 5 237 60 119 5
4590 9 1 174 15 201 3
5925 244 1 106 18 344 5
7944 140 1 41 30 332 19
15265 149 1 14 53 76 4
15698 361 1 28 28 263 4
5225 288 1 204 31 62 6
9919 6 1 42 29 343 17
836 139 1 187 57 685 5
7052 311 2 134 35 639 3
18932 214 1 60 16 115 15
2910 402 1 120 45 419 6
11548 546 1 47 21 57 7
16544 101 1 88 13 135 6
7597 15 1 14 28 243 5
12708 413 3 98 19 174 7
3884 475 3 37 16 93 4
15508 111 3 241 85 374 3
5238 130 2 45 39 346 4
6345 178 2 39 67 85 6
16122 464 1 25 14 128 3
8252 484 2 135 29 279 17
6807 438 1 52 24 130 3
12884 335 3 69 18 641 15
12243 121 1 45 34 739 6
3270 341 1 47 27 151 4
16190 272 2 108 56 497 6
8044 30 1 29 12 412 5
8706 110 2 69 51 470 4
15443 543 1 53 58 415 17
10417 112 3 98 43 385 15
16570 346 1 9 16 294 3
3297 8 1 65 8 359 6
2488 46 1 31 43 511 1
15684 64 5 116 45 159 2
13459 296 2 125 8 303 7
7217 411 1 62 60 202 2
7432 52 1 19 41 187 4
11466 141 2 56 76 322 4
15303 312 5 70 35 56 4
11709 393 1 102 56 431 6
13879 436 1 13 52 230 1
1222 353 2 42 7 53 5
7135 285 3 217 36 281 16
8141 486 1 41 86 123 1
16588 179 1 32 28 313 2
2991 186 5 113 38 188 7
15139 417 6 89 22 184 2
4377 341 6 139 33 185 16
19483 239 1 136 26 504 6
19873 94 1 56 71 234 2
6625 8 2 67 24 359 18
17006 417 1 23 45 317 6
16889 211 1 106 48 408 5
12396 155 2 62 21 335 1
14249 486 2 79 13 145 1
14997 248 2 82 21 172 1
5398 98 2 101 64 245 17
5744 358 3 294 39 162 6
11815 266 1 27 39 430 2
5770 462 1 93 13 181 6
14467 181 5 231 82 159 2
7242 55 1 82 12 314 18
18429 400 2 49 28 104 3
17710 173 1 80 73 625 16
18431 167 2 46 68 140 17
13175 272 1 31 44 268 2
8368 445 1 160 60 98 3
3813 309 1 32 32 331 18
4609 409 1 18 23 533 3
8412 401 2 136 20 358 20
8629 331 1 44 20 290 3
1162 351 1 41 44 203 6
16925 158 1 84 33 301 2
769 212 2 144 37 332 6
16307 301 6 152 33 106 4
14822 481 1 34 29 251 7
9378 267 1 49 20 246 16
17699 427 2 50 32 324 6
11596 442 3 197 32 323 2
3864 330 1 36 29 404 5
17705 291 1 28 59 226 7
3896 264 4 218 42 487 5
2580 76 1 100 50 316 6
13237 329 5 114 28 585 7
6443 228 2 28 43 375 4
17335 85 1 15 30 384 2
13410 63 4 86 44 623 18
14395 508 2 58 66 527 16
823 440 4 106 35 186 7
16939 339 1 73 31 156 4
16833 161 3 82 62 685 5
9643 122 1 11 69 367 4
17005 97 1 22 15 98 3
22 110 2 78 10 404 19
13397 475 1 16 32 456 1
13409 318 1 65 81 351 7
4130 125 1 48 41 182 2
15878 137 1 217 21 305 7
11406 199 2 176 30 367 5
9264 279 2 80 18 220 3
2222 153 2 70 25 86 6
9430 492 3 111 40 157 16
19627 543 1 29 31 317 5
4729 540 4 99 50 177 7
1561 204 2 164 76 371 5
15171 219 3 113 12 84 7
2532 278 4 68 42 85 20
4385 5 2 58 14 47 3
12135 457 1 87 22 283 7
16030 540 3 52 24 92 5
15734 16 1 20 32 145 15
1177 116 1 47 20 320 1
1199 478 2 231 41 595 19
3236 50 2 56 57 501 2
16549 445 1 24 38 192 1
1073 213 1 117 76 145 1
9501 540 1 34 25 354 16
19165 511 4 267 71 357 6
4321 454 2 84 18 442 7
19879 106 3 115 52 636 2
19219 99 4 180 24 244 5
15655 17 1 109 55 102 15
1599 173 2 80 35 91 7
8811 179 1 154 66 526 6
11976 417 1 123 7 79 6
10587 464 1 34 23 256 7
19513 162 3 102 33 326 19
19515 518 2 232 61 68 1
19516 345 5 214 28 314 7
16764 143 2 49 46 228 4
11654 473 1 113 27 269 16
12036 422 1 43 31 387 7
16332 164 2 138 32 446 3
19219 354 3 115 43 492 6
9388 306 1 128 33 411 4
16384 155 1 59 45 726 20
7413 12 1 160 43 133 3
15123 219 2 145 31 194 7
4029 63 3 74 28 60 2
19212 517 1 45 55 66 17
7728 259 1 36 47 195 5
988 95 1 23 63 429 16
12542 217 4 208 25 546 20
1189 547 5 118 6 172 16
8452 146 1 54 47 354 7
5452 532 2 48 45 152 4
2781 181 2 79 28 500 3
19978 480 2 92 32 593 3
6446 207 1 58 46 104 7
1760 185 1 133 42 64 6
16421 274 1 245 76 258 3
13607 343 2 161 15 387 4
16875 283 3 64 39 393 6
4004 277 1 54 23 86 7
17513 290 2 45 9 628 3
9886 168 1 118 21 400 5
2556 237 1 20 23 337 16
5258 147 1 13 21 330 2
7679 89 2 49 31 133 7
6009 297 1 34 58 91 3
16587 516 1 102 41 142 17
9941 124 1 84 23 339 7
19997 504 1 100 74 302 6
12065 343 2 63 40 447 4
9973 22 4 270 24 564 3
11618 71 1 14 11 614 6
18467 349 2 74 39 387 6
14602 448 5 114 24 84 3
12157 232 1 30 73 373 3
17978 129 4 226 44 556 20
15941 114 2 82 43 167 5
8967 398 1 323 23 332 1
9939 386 5 193 48 336 17
6088 284 1 46 25 286 18
13189 33 2 123 47 284 7
3173 370 1 98 19 85 2
10716 340 1 120 36 139 7
11907 105 1 37 27 460 3
817 269 1 41 42 174 4
9432 358 6 195 70 165 6
14689 21 4 286 48 87 3
13689 40 4 153 26 146 3
16560 312 1 33 26 214 18
13767 530 1 41 74 191 15
5655 379 5 357 81 216 3
19413 213 1 20 48 226 1
10430 159 1 34 34 306 1
13530 221 4 197 44 408 16
11369 458 2 39 39 281 2
18245 290 6 73 14 426 7
17360 432 5 106 48 379 7
3656 106 1 202 24 262 2
4512 136 4 134 36 453 3
8943 428 2 136 53 92 1
17219 111 1 134 71 467 1
3431 72 2 103 48 107 3
6310 176 2 48 22 296 2
19193 303 3 103 46 145 3
15028 476 4 226 84 292 2
11037 335 6 189 17 155 5
926 399 1 35 57 339 6
8804 202 4 112 21 557 4
4317 387 2 94 16 397 4
14059 529 1 52 32 45 5
15194 42 2 123 60 550 7
15941 474 1 108 45 200 6
15272 47 3 118 51 546 1
1891 462 1 24 20 179 4
16044 542 1 55 72 240 1
8723 243 1 36 28 447 2
18482 342 1 50 14 73 4
10939 209 3 159 6 164 5
6750 154 3 148 67 453 1
9278 209 7 156 59 305 2
2660 294 1 25 75 691 19
15335 383 1 38 55 127 3
15372 52 1 114 40 251 17
15557 116 1 46 43 132 4
15627 183 2 76 21 104 6
3368 452 4 144 58 117 5
17477 104 4 200 66 97 5
10748 272 1 172 11 616 1
12687 217 3 54 11 122 3
15881 489 2 57 47 110 5
18814 238 2 126 38 743 2
17802 7 2 94 16 124 2
7993 154 2 130 46 558 16
12791 348 4 225 44 291 3
11993 343 2 331 14 354 7
19932 408 4 210 39 509 1
340 50 3 129 53 194 1
3246 19 1 69 43 545 20
13225 546 1 15 43 97 15
5437 485 1 18 17 34 5
16314 104 1 60 38 357 5
19138 193 1 27 58 507 3
2900 135 1 97 49 213 5
13640 505 1 53 62 496 19
15334 56 3 66 42 166 16
18957 407 5 120 29 149 19
3036 334 2 128 71 239 20
11979 46 1 61 14 469 7
2378 436 3 178 28 588 4
10985 301 3 147 63 301 17
17484 280 1 77 10 332 18
16896 98 1 167 26 545 4
264 445 1 92 17 192 7
19359 489 2 35 20 266 2
8477 295 4 83 39 344 5
7041 476 1 117 26 313 3
88 293 2 111 24 423 4
1922 131 1 34 58 510 1
2926 180 2 50 34 337 7
14258 110 1 132 41 343 18
17872 226 2 106 39 574 4
10859 336 1 75 22 669 2
15560 55 2 79 44 351 5
1976 106 4 133 34 74 16
7183 359 5 156 32 419 20
1845 505 1 17 33 361 5
8048 327 2 61 28 186 1
1147 546 3 152 38 595 5
7292 194 1 101 75 132 17
2992 501 3 64 14 243 1
15543 132 3 98 78 474 4
13772 130 3 124 46 641 19
486 348 1 24 14 329 2
17080 294 3 151 27 459 19
4811 377 1 27 56 59 17
13544 432 2 51 37 287 7
9582 505 1 15 18 104 4
399 482 2 58 12 128 1
5620 509 2 162 5 174 20
5799 228 5 233 83 284 3
6042 319 3 123 17 423 3
1898 95 6 143 11 92 4
3006 260 2 75 18 312 18
15178 171 1 75 41 290 6
732 308 1 121 15 92 1
17544 321 1 49 52 683 1
414 309 1 36 37 114 15
2247 358 1 43 15 114 17
19437 376 1 104 42 144 20
3472 352 1 27 66 324 18
14963 541 1 55 40 123 6
3214 367 1 63 47 649 2
1794 63 4 42 12 188 1
2919 129 2 98 19 507 1
13467 523 2 50 20 455 4
14086 189 2 27 25 439 6
7971 78 1 18 37 562 5
15536 60 2 50 8 132 1
11839 39 1 15 15 354 7
16373 254 1 62 31 391 5
1926 112 1 24 52 77 5
9569 219 3 105 64 242 5
15338 229 2 193 48 276 15
10604 524 1 105 33 193 7
3793 230 1 24 68 332 1
10385 522 1 24 31 627 4
13437 230 4 110 23 117 7
7961 258 5 150 33 266 17
12501 309 3 98 16 85 17
7806 32 4 44 29 384 3
5051 361 3 50 17 153 16
14244 293 3 157 21 219 1
8315 266 1 10 19 413 6
8936 368 1 18 17 160 5
4231 247 2 61 35 287 7
8490 505 5 310 13 245 1
10473 65 1 67 25 426 6
10035 219 1 33 14 39 17
3302 346 1 61 35 153 4
8850 265 6 199 11 150 20
1631 219 4 48 27 85 6
1916 290 1 219 22 360 6
9168 448 2 94 23 211 3
368 426 1 59 20 59 2
7742 349 1 39 20 165 3
8503 545 3 81 16 482 4
8549 27 7 95 27 326 6
14283 38 1 36 47 452 6
14045 202 1 254 45 538 20
5128 398 1 42 11 280 5
892 22 2 121 22 499 2
7624 395 1 56 44 275 2
16816 306 1 13 19 401 2
13358 161 1 73 19 364 2
18174 483 3 65 64 327 1
18330 371 2 185 66 212 6
1480 388 1 19 13 393 3
10408 462 5 79 23 234 3
13054 86 1 195 38 301 3
12865 167 3 66 24 122 2
11196 322 3 159 15 368 5
6817 185 1 13 12 203 3
19293 93 4 125 23 292 5
1738 322 2 27 60 307 7
6611 341 5 120 16 138 19
17097 452 1 59 26 73 1
17410 62 1 51 54 312 1
585 236 3 439 12 163 6
233 50 2 47 59 158 3
10402 529 5 135 32 111 6
1372 233 2 204 44 545 7
10460 218 6 70 40 179 1
19495 291 1 45 49 406 7
19038 99 3 107 14 252 7
7543 485 4 115 46 285 5
19979 396 2 104 43 138 15
13132 526 2 39 44 99 16
9610 322 2 67 56 330 7
5273 133 1 19 15 158 15
11211 324 1 129 12 99 7
14457 263 1 18 26 349 6
13290 175 1 38 33 140 15
2746 536 1 40 63 184 6
3491 369 4 157 6 75 5
3564 31 1 38 17 303 3
12834 258 1 62 31 452 7
19623 131 2 195 6 226 4
8243 180 1 115 34 434 7
13325 452 1 24 31 255 7
8364 204 3 78 11 381 3
14749 119 3 258 29 73 6
18595 74 4 162 38 492 4
2172 415 1 85 78 353 7
18374 261 1 25 28 554 17
4699 135 3 41 58 253 17
12743 492 2 141 83 643 2
18156 489 1 32 13 364 4
903 85 1 26 47 608 16
9280 543 1 16 49 85 3
9574 93 2 129 50 96 2
6803 314 2 135 34 311 6
1924 205 1 37 40 532 3
15517 167 1 17 33 144 5
6834 220 3 134 32 482 18
3541 284 1 27 34 474 2
9450 165 1 30 12 392 2
8964 119 3 118 51 361 2
19516 153 3 171 68 542 4
2957 463 1 100 22 193 5
3860 278 1 137 49 422 6
19827 251 1 46 19 171 3
5273 361 1 19 42 255 3
15556 458 1 54 23 437 5
11845 129 1 54 26 207 6
19960 533 1 52 41 211 1
19577 149 1 50 59 206 15
16637 246 2 56 61 74 6
8154 60 1 48 29 418 20
7044 145 1 90 36 231 2
930 459 1 20 47 400 2
4590 545 1 32 38 249 18
15844 411 1 17 19 574 2
13060 126 1 123 34 218 5
14798 491 2 120 36 151 3
15696 273 2 30 55 312 5
5678 45 2 97 37 108 20
11767 231 2 55 30 88 15
2873 388 2 189 46 317 1
7237 206 2 134 8 100 2
19129 75 2 64 7 255 18
12752 199 1 25 26 67 18
7337 440 1 15 17 325 17
5841 357 7 143 57 321 17
5995 344 1 56 40 181 7
18198 321 1 22 33 78 3
11026 359 1 169 27 466 1
17829 373 4 108 24 460 5
11038 292 1 52 47 673 5
13587 27 1 78 18 354 1
9641 272 3 243 30 220 7
3774 355 1 29 35 309 5
5151 5 1 19 19 178 16
7898 203 2 38 38 269 4
13404 289 2 62 5 147 3
1407 220 3 158 63 628 19
2591 142 3 127 53 225 7
17623 471 5 312 46 181 2
17422 486 5 369 75 490 3
17268 358 1 15 23 111 19
19517 403 1 244 23 252 2
14454 314 1 80 46 259 19
19490 220 2 76 58 190 20
8588 136 1 32 20 432 5
19028 459 2 195 11 181 7
14827 529 1 75 42 250 3
19642 514 1 36 46 280 19
3841 499 5 117 19 296 20
14422 42 1 11 26 348 7
11882 452 2 58 30 213 18
19993 378 1 49 15 332 17
4275 261 1 66 30 234 2
10468 346 5 259 53 96 7
7116 306 4 162 69 232 7
8301 512 3 152 39 188 15
4412 525 1 17 48 139 2
19592 474 1 44 57 287 7
1679 209 2 52 10 145 4
14856 95 4 96 40 182 17
1577 137 2 87 29 587 5
9026 338 1 59 77 264 15
863 362 1 177 29 610 15
15054 348 4 179 47 600 19
3343 549 1 105 47 543 4
12273 526 5 150 47 540 6
2684 332 7 177 38 262 4
12688 417 1 113 33 104 19
11268 524 1 97 35 271 4
945 187 1 24 11 546 7
3513 61 1 36 35 314 5
16113 460 3 101 46 653 6
16622 352 2 35 27 422 2
6383 7 4 116 34 69 1
19836 323 2 80 59 672 3
1759 537 2 47 40 98 17
6504 416 3 123 64 122 17
8859 326 1 43 29 243 1
6708 480 3 38 65 161 1
15445 455 6 95 35 71 1
19861 131 3 210 17 459 5
1696 108 1 407 65 589 2
4576 168 2 64 25 404 15
12413 226 1 128 23 533 17
6333 425 2 30 54 217 17
286 109 1 87 34 196 1
16241 522 2 137 38 131 4
1522 334 4 91 55 211 18
15826 96 2 255 15 210 18
15724 465 3 106 28 233 1
958 547 1 31 13 216 3
8999 400 4 133 33 367 18
11410 449 5 153 81 112 5
10817 186 1 11 50 371 1
13471 203 1 69 19 420 15
1681 526 4 405 42 130 7
19677 92 1 232 48 461 17
10780 116 2 63 17 342 19
8677 44 2 45 29 245 15
13995 246 1 35 13 540 20
2916 24 1 70 38 395 19
19657 238 2 80 73 429 1
18858 144 1 34 19 271 20
1333 487 1 69 40 567 2
1876 348 2 141 37 469 3
7152 365 5 187 27 652 6
18085 528 5 117 29 68 7
1319 350 2 75 35 223 4
7913 340 1 87 47 258 6
5156 148 2 166 66 342 1
11841 287 2 148 56 437 18
12647 208 1 44 18 468 16
9573 184 2 161 56 262 2
12765 293 1 37 44 170 2
13643 205 4 117 38 372 20
8671 538 4 105 37 110 6
16535 543 1 13 19 66 1
11331 85 2 29 20 228 16
12660 414 3 98 43 468 2
1268 126 1 40 25 325 2
12980 453 1 66 39 387 7
18111 338 2 47 17 138 4
19117 110 1 97 9 266 15
19033 23 1 114 19 64 3
11150 238 3 62 47 117 1
13616 452 1 54 18 629 1
3916 71 1 181 74 197 3
12860 144 1 13 42 515 6
9135 78 1 70 23 342 20
1452 533 1 44 77 395 16
3223 133 1 62 25 311 6
5711 230 6 121 12 523 3
11280 235 7 152 42 224 19
19404 536 1 9 34 160 5
3428 549 1 90 25 91 7
15841 67 2 75 14 386 2
5606 14 1 132 35 432 6
2654 496 1 273 40 556 6
2056 105 6 169 44 96 18
4418 382 1 71 62 628 18
15566 291 1 67 17 142 3
9930 274 1 87 78 236 3
5405 47 1 91 34 409 7
15196 423 4 142 77 671 19
5077 229 1 14 26 269 2
11790 29 1 38 46 120 3
8090 320 2 105 56 330 1
13653 449 1 20 57 242 6
16539 397 1 37 55 321 6
6273 346 1 20 21 442 3
687 313 3 93 42 215 17
15534 498 1 125 41 120 3
5955 14 2 90 30 56 5
3043 17 1 312 85 249 15
217 363 2 147 78 99 3
5960 192 3 135 59 146 6
19297 60 2 25 57 107 19
8717 273 2 69 50 179 3
10343 529 1 42 38 236 1
382 534 1 26 29 99 4
4881 204 5 244 52 209 2
14294 324 1 39 35 260 5
3416 64 2 21 34 230 5
11710 486 6 215 29 238 2
8818 451 2 92 53 613 17
9295 137 1 48 87 246 2
17052 376 1 310 81 629 17
590 229 2 63 57 216 5
13888 385 2 38 6 399 5
16553 309 1 34 15 333 19
8167 248 2 170 39 497 7
6817 108 2 173 42 103 20
18632 194 1 53 19 243 2
10149 400 2 73 12 44 18
15418 192 1 25 19 291 3
18663 424 1 32 31 484 5
12643 176 2 35 38 296 6
6200 392 1 57 12 105 7
15999 436 5 163 14 206 3
14473 545 1 25 16 199 4
5284 179 1 19 24 295 1
15234 30 1 47 53 422 2
3408 286 1 44 14 62 15
5005 487 1 201 55 375 19
16865 105 4 292 33 51 5
1033 354 3 61 51 338 3
19270 264 1 203 40 414 4
8505 511 1 53 15 71 4
3358 54 2 149 22 386 6
2288 382 1 48 40 219 3
5389 238 5 205 27 253 17
14506 285 4 69 72 158 6
10559 23 1 45 32 128 7
2923 550 1 27 21 401 7
6336 432 1 63 75 515 17
7794 433 7 126 38 443 3
9491 257 3 197 16 52 2
3350 238 1 25 29 64 2
7266 517 1 30 7 37 6
14734 222 3 108 75 203 6
17082 548 1 14 19 293 1
18417 508 3 168 16 197 4
18084 148 1 157 27 294 5
2533 335 1 192 12 92 1
3086 176 2 81 51 174 4
11454 71 2 22 34 337 4
12986 479 1 30 21 303 1
15983 208 1 10 44 373 1
13459 295 1 64 18 203 19
10893 45 5 121 49 525 2
15953 342 1 25 26 322 5
10037 542 1 58 38 268 6
3401 126 2 242 53 123 2
242 255 2 49 31 374 17
1871 100 1 28 22 236 6
7381 291 1 24 41 310 2
6772 108 2 273 49 500 5
4585 304 1 110 19 311 3
5187 527 3 95 9 47 15
6452 414 6 156 16 49 4
14869 69 5 163 68 61 6
1036 41 2 41 14 424 3
290 360 2 101 72 60 2
9063 415 1 225 36 45 17
4681 438 1 283 67 275 19
13979 395 1 47 66 332 5
4210 112 1 48 41 600 19
14492 320 1 31 46 84 4
95 279 1 107 32 229 16
8021 239 1 99 15 62 4
19760 537 3 55 52 451 7
9626 395 3 41 18 339 17
10427 96 1 45 44 56 2
18776 14 1 60 54 162 5
11717 291 1 40 12 373 19
2046 383 4 76 21 364 15
10048 336 2 227 69 715 4
3269 143 3 58 38 65 17
2045 42 1 37 25 371 5
19551 35 1 33 18 189 20
18652 135 1 35 47 416 1
8302 83 4 206 28 211 2
394 503 1 186 38 69 6
14738 333 2 115 53 118 16
13808 309 4 273 65 273 5
5510 462 5 79 50 286 2
471 474 3 175 51 106 18
3486 102 1 54 15 265 5
5937 19 1 67 23 353 17
16019 230 3 51 22 594 7
18375 538 3 257 85 121 4
16993 467 1 39 79 207 3
11738 375 1 208 32 130 6
1938 480 2 25 46 62 3
17470 517 1 51 72 110 2
17375 356 1 41 34 113 6
18754 195 3 132 17 237 4
4446 245 1 23 41 412 15
11266 432 1 20 34 230 20
9724 375 2 80 8 113 7
2817 302 1 37 58 164 5
10544 399 4 100 15 299 6
18543 318 2 68 44 224 3
19210 270 1 53 13 481 7
7226 162 2 35 16 121 6
14568 191 2 91 32 255 15
15517 103 1 25 32 238 3
12036 297 1 24 26 306 15
5902 490 1 39 20 416 17
13936 257 1 155 54 142 4
13163 6 1 174 44 616 5
3949 321 2 47 47 419 2
15081 441 1 67 20 180 18
11413 59 4 238 31 198 1
18813 51 3 240 51 575 1
10096 18 1 22 52 430 1
5873 478 2 44 27 427 7
16904 41 5 218 36 203 4
19200 57 4 318 25 533 5
17530 386 1 133 37 376 17
7435 19 2 101 31 346 4
7130 360 3 117 71 154 15
1011 69 5 209 34 506 4
16575 374 1 52 52 421 4
11089 316 3 142 25 184 19
9698 205 1 33 19 259 1
11847 94 2 274 10 259 4
16857 153 1 13 24 249 6
13947 340 2 56 16 252 17
12248 225 1 100 18 179 5
1022 69 1 60 31 188 3
16756 48 1 10 49 184 5
18535 326 2 52 9 42 4
15217 203 2 56 42 247 3
200 226 2 69 19 75 1
18870 181 2 340 20 453 4
8460 269 1 42 59 206 5
8514 104 1 16 15 602 4
5812 84 5 286 25 158 1
3856 463 2 45 56 533 1
8086 57 1 45 67 93 5
11635 444 1 53 31 174 15
10183 225 3 84 38 653 3
10482 500 3 87 44 207 19
9237 187 5 302 51 343 19
11002 61 1 15 13 634 1
73 122 2 113 25 182 2
3398 409 1 37 34 483 1
5920 13 3 143 44 232 5
16135 36 3 373 25 153 7
13275 462 6 85 23 168 6
18511 538 2 226 15 327 5
12972 344 1 28 43 385 2
11640 510 1 46 13 184 1
19138 526 1 401 54 204 18
5902 396 4 95 54 239 15
18904 347 5 134 25 200 4
9363 310 1 25 54 46 3
3531 62 1 66 55 312 1
2052 62 1 151 38 282 7
7396 332 4 109 15 135 3
12988 412 2 40 12 113 7
17659 475 4 133 34 652 5
15801 232 2 88 10 121 18
14041 232 1 98 43 331 20
3675 248 3 359 13 237 6
5240 201 3 225 25 527 5
13445 27 1 29 61 118 3
13006 50 6 192 28 252 3
18222 132 3 75 18 405 15
10467 231 1 14 50 127 5
6245 123 1 171 66 196 7
17177 107 1 68 9 190 6
4643 181 4 69 6 198 7
3094 75 2 81 37 246 1
19247 112 2 46 8 211 1
9058 25 2 27 56 207 2
6147 164 2 213 12 232 1
18938 423 3 46 9 152 5
5017 358 1 15 46 206 19
5258 296 1 33 40 534 1
11247 325 1 35 61 105 15
14989 183 1 16 6 225 18
13468 180 1 10 34 463 1
11842 54 1 185 47 422 4
3569 254 1 38 89 124 20
9365 146 4 105 31 332 4
12817 535 4 145 30 407 3
14473 231 1 47 42 217 1
7521 252 2 66 52 245 3
11909 94 3 47 15 259 7
18876 136 6 102 52 368 1
2820 344 1 27 56 388 1
5837 57 1 31 47 114 19
14443 288 4 84 14 90 6
8180 65 1 35 49 319 2
18041 509 3 134 31 478 2
9123 72 2 56 24 69 1
15915 181 1 23 24 194 7
19880 271 1 28 31 144 4
3972 80 2 29 22 298 3
3891 112 4 86 38 325 5
4824 397 1 53 86 402 4
3563 388 4 133 23 619 4
11729 308 4 141 11 242 2
13132 369 1 16 17 346 4
16180 138 1 25 14 286 6
13330 62 1 132 44 263 3
17511 401 2 133 64 167 4
3546 479 1 102 38 418 4
11935 279 6 121 38 422 2
829 266 2 120 18 224 16
5238 518 1 25 40 424 16
16687 497 2 146 28 369 16
17920 333 2 121 21 424 5
912 362 2 143 33 278 1
3647 431 1 20 55 146 4
508 255 1 51 50 146 2
288 31 1 57 25 259 4
9019 400 1 15 73 224 19
18924 94 6 347 51 155 4
1740 88 1 87 19 584 7
10782 31 4 162 26 72 2
12962 430 3 130 24 89 6
7088 549 3 87 26 220 6
13621 294 1 47 30 173 5
19524 22 1 33 33 227 4
7218 32 3 276 10 229 1
6727 235 1 93 16 182 5
10295 270 5 74 42 138 4
13891 170 1 45 21 688 15
19605 16 1 18 10 619 5
7023 502 1 43 16 199 2
38 363 2 94 48 288 1
5258 115 4 60 12 279 4
16732 265 1 59 59 296 2
1874 13 1 172 8 292 7
1139 498 1 78 44 559 6
