76 3200
4 40 28 112
5 40 52 128
1 40 8 336
2 24 40 64
1 32 48 48
1 24 24 432
2 24 28 112
1 24 52 160
3 32 48 496
2 16 48 432
2 40 52 32
4 24 56 288
2 32 64 176
1 16 44 496
2 24 40 272
4 32 64 400
3 48 72 176
1 40 24 304
3 48 72 64
1 24 60 32
1 16 16 224
5 16 36 368
2 48 68 32
3 48 64 368
1 24 32 96
3 24 68 112
3 48 40 64
1 32 28 160
4 40 24 224
5 40 48 416
1 48 20 416
2 32 8 352
2 48 64 352
4 48 16 96
4 24 52 32
1 48 48 48
3 16 16 240
1 16 44 464
3 40 52 208
2 16 24 224
3 48 32 400
3 16 60 480
2 24 36 384
1 16 60 96
3 24 36 64
4 48 48 320
2 24 72 48
5 40 32 272
2 32 12 128
1 48 12 96
4 24 56 224
3 48 44 176
3 24 16 96
5 40 20 160
4 24 72 352
5 24 56 288
1 24 44 304
1 40 48 144
2 32 72 432
5 48 36 352
5 16 12 288
5 16 72 464
2 40 68 64
2 48 24 208
4 40 24 512
2 48 72 288
2 24 64 80
1 16 20 128
2 48 40 416
2 32 24 416
1 48 12 176
3 48 20 144
5 40 60 160
1 24 24 368
2 16 64 48
1 24 60 320
812 492 1 27 23 308 19
3826 946 1 43 9 157 1
4136 720 2 48 45 46 7
1805 786 1 41 10 152 20
860 119 1 37 35 19 2
1719 338 1 16 21 63 11
503 439 5 156 26 106 10
2965 765 1 21 15 86 2
1971 336 4 235 23 274 11
1071 491 1 22 12 357 1
748 227 1 32 44 46 4
3372 190 1 13 34 266 18
1274 984 3 126 18 233 9
1248 107 1 24 46 37 17
4649 402 2 34 46 29 6
1694 575 2 33 25 298 10
2399 777 1 23 46 32 12
1730 877 3 114 39 153 20
1040 700 1 44 15 310 10
2018 405 1 24 21 195 3
4532 847 1 23 40 34 13
300 119 2 45 13 392 17
3844 96 1 33 7 167 20
4080 682 1 17 34 368 1
4433 940 1 35 46 122 15
444 425 2 38 32 49 13
2715 341 1 14 47 48 16
445 518 1 21 49 32 2
4894 754 2 44 13 51 1
409 855 1 28 23 85 16
1920 658 1 17 51 24 11
4342 640 2 43 8 307 7
2763 821 1 26 11 124 13
347 551 2 43 28 74 16
3213 438 2 47 54 362 9
3961 585 2 23 14 194 11
463 151 1 24 19 328 20
1398 161 1 21 27 74 9
1062 102 1 48 37 96 16
1089 793 1 32 22 94 11
301 632 2 37 29 64 11
4295 652 1 63 17 127 2
3226 393 2 65 21 118 6
3140 614 1 32 16 190 20
4152 967 1 21 13 301 19
1562 324 1 15 31 285 8
3745 896 1 33 27 44 18
1118 195 1 22 24 272 19
664 323 1 46 41 42 10
3478 144 2 54 5 236 19
4776 605 1 37 12 162 12
2480 664 1 28 20 304 11
1207 324 1 37 35 18 2
4099 291 1 28 28 88 2
2666 571 3 95 17 80 10
1510 560 3 140 15 84 5
4415 690 1 15 39 25 8
779 211 1 90 16 172 8
1315 563 2 46 37 36 1
636 977 1 19 57 30 8
2560 880 1 32 40 32 6
2717 409 1 24 22 70 19
2868 110 1 12 59 94 3
3425 145 1 45 6 223 17
4522 570 1 18 41 45 2
4496 796 1 23 60 61 12
3318 811 2 27 8 218 18
2996 409 1 16 22 279 17
4651 935 1 169 27 270 3
2583 339 1 42 31 31 3
244 607 1 22 18 48 3
1386 306 1 11 9 191 18
4300 583 1 23 25 42 14
1237 245 1 20 48 67 5
2612 520 1 14 45 96 7
463 685 1 22 20 198 12
3252 780 4 49 10 183 17
2101 909 1 40 11 132 8
3139 888 1 22 54 66 6
1174 965 1 32 9 45 3
2010 474 1 18 18 67 8
3482 609 1 17 38 27 10
3154 953 1 18 39 122 12
3406 104 1 14 14 123 12
355 945 2 45 8 234 12
1600 461 1 48 18 73 20
2476 512 5 108 33 218 19
2946 418 3 52 40 134 19
857 387 1 24 22 301 1
1361 697 1 41 9 44 6
2193 273 3 62 64 203 4
2301 176 1 16 33 296 19
2959 489 1 16 13 65 1
1954 702 2 93 19 128 3
4700 958 1 13 45 74 8
1231 469 1 22 48 70 20
4771 355 1 23 56 30 20
994 260 1 15 15 102 10
271 995 1 43 12 93 13
348 526 1 16 34 323 5
130 640 1 18 35 47 11
1122 336 1 35 27 414 10
4586 282 1 33 42 50 10
4690 600 1 26 16 153 14
2743 324 2 43 16 369 11
1097 573 1 12 15 209 20
864 94 4 186 18 190 20
3983 912 1 27 21 137 14
1046 237 1 17 19 356 1
3851 378 2 92 28 232 11
3277 796 1 30 48 26 7
4566 739 2 32 27 314 20
1712 310 1 31 46 18 12
2279 291 1 19 34 43 8
1475 521 1 66 23 177 2
2297 168 1 70 27 266 18
2718 914 1 23 53 31 20
4775 878 1 32 15 196 12
4263 697 2 21 9 201 5
2179 873 1 13 18 101 5
3536 765 2 59 20 137 17
2942 796 3 130 35 164 3
4448 662 1 20 59 17 11
961 535 1 36 31 76 5
1126 526 1 11 11 207 3
3754 480 1 18 19 351 12
4315 764 1 34 8 262 5
1456 945 1 18 40 74 20
2623 785 1 14 38 287 20
2544 900 1 23 14 55 12
967 952 1 20 32 105 1
3371 129 1 25 28 115 8
2610 789 1 32 27 354 2
3242 718 1 37 9 114 15
4251 453 1 30 31 123 9
4717 179 1 12 37 32 8
2394 515 4 73 55 209 20
556 878 1 12 9 167 13
3439 374 1 23 15 300 13
1103 544 1 23 28 81 8
324 142 1 13 23 215 5
105 328 1 35 26 43 3
743 421 1 21 14 293 19
4494 698 1 53 7 108 17
3517 207 1 19 17 212 12
4680 836 1 18 63 42 11
2385 423 2 52 6 266 7
3637 533 1 32 13 159 1
2074 647 1 21 37 164 2
4816 219 1 37 50 66 19
3082 696 1 21 19 308 9
2139 99 1 35 28 226 4
2713 669 1 12 35 33 12
2146 552 1 45 8 53 11
3959 139 1 15 11 187 2
521 296 4 165 29 315 20
734 883 1 19 34 145 17
1933 224 1 47 16 215 19
2094 379 4 128 40 113 3
294 915 1 21 41 137 20
2499 81 1 24 57 70 10
2694 655 3 78 52 22 19
2784 480 1 13 50 31 9
1770 463 1 29 15 368 7
1929 188 1 58 18 337 9
1903 506 1 30 20 125 19
183 177 1 28 30 105 18
4681 426 1 40 27 70 5
1165 1000 1 18 22 247 3
2500 346 1 23 28 93 3
2474 560 1 48 7 118 20
555 920 1 32 15 125 3
1849 891 1 33 16 177 12
1626 555 1 20 20 257 4
2744 427 1 40 15 115 4
31 171 1 44 15 191 17
1192 660 2 95 35 277 19
2542 439 1 39 7 135 7
1437 239 1 45 14 74 8
2480 510 1 16 23 354 17
2930 172 1 28 16 73 6
2079 682 1 36 20 102 1
1859 511 2 34 26 63 10
3342 172 1 21 42 156 13
1358 130 1 12 40 35 14
433 816 1 31 26 45 17
3709 398 1 40 17 36 12
1479 146 1 32 12 175 11
1757 525 1 23 30 77 17
393 392 1 17 43 113 7
1217 403 2 28 62 46 12
1650 663 1 14 30 78 13
4582 975 2 47 9 86 17
4719 248 4 167 26 296 10
4120 363 1 16 15 243 16
2780 361 1 14 8 113 18
4455 151 1 15 41 345 20
3815 667 2 41 64 22 2
2806 599 1 78 39 30 16
309 825 1 45 35 216 18
2507 498 1 15 8 125 4
2737 606 1 11 43 47 2
4392 421 3 132 56 47 19
4665 94 1 22 15 366 5
3804 198 1 12 18 74 14
4770 678 1 21 24 55 17
884 766 1 22 20 75 17
4573 646 1 29 19 107 4
1978 431 1 30 6 195 20
4790 488 2 54 11 212 10
2955 583 1 14 19 73 7
4936 423 1 42 31 48 16
2503 808 1 40 31 73 8
1890 269 3 83 35 19 2
91 828 1 73 33 369 19
1780 673 1 46 27 32 10
1775 696 1 28 23 186 19
4157 899 1 34 19 243 2
2768 292 1 31 8 175 4
4813 140 1 17 39 21 12
2762 246 1 47 9 148 17
640 273 1 15 25 326 16
960 277 1 12 23 101 7
1200 809 2 116 46 195 10
2301 508 1 32 7 281 3
2854 409 1 31 16 106 6
1290 433 2 91 41 30 9
558 220 1 20 11 260 13
3350 409 1 41 17 398 4
622 182 1 16 12 243 2
2621 736 1 12 23 287 15
1154 346 1 11 13 73 17
1216 847 1 48 10 150 10
4036 115 2 120 36 165 11
3024 99 1 31 8 157 9
4271 844 1 32 16 111 4
4863 409 3 118 20 190 8
689 559 1 41 38 153 14
628 412 1 41 30 23 2
3953 143 2 43 5 176 1
2468 942 1 13 8 166 11
2336 560 1 13 10 174 13
4224 934 1 22 24 179 4
152 607 1 31 25 110 3
2184 269 2 136 8 52 20
1158 790 1 15 40 400 4
4461 486 1 29 46 236 2
3985 755 1 46 12 170 14
3359 278 1 40 26 102 12
3761 624 1 47 19 141 1
467 993 1 12 14 145 11
1768 947 1 21 14 68 11
890 381 1 21 43 25 19
1349 476 1 29 7 108 11
2581 642 2 71 13 430 7
3147 941 1 19 20 354 18
3325 700 3 171 10 74 18
4743 941 1 20 61 62 13
1337 271 1 13 11 178 19
4096 445 2 37 55 102 9
4727 938 1 27 6 163 1
1111 249 2 46 48 214 9
3648 516 1 12 11 147 15
3930 502 1 63 40 20 8
343 884 1 14 10 186 16
4049 155 2 31 20 169 7
219 785 1 40 46 300 20
2566 557 2 61 7 170 17
4548 939 1 31 24 143 1
2378 732 2 70 51 175 3
1290 762 1 32 48 39 11
4438 896 1 24 72 47 6
2494 462 1 24 14 158 7
547 584 1 11 19 194 6
2276 629 1 56 7 162 20
3871 929 1 19 59 21 1
1463 924 1 22 13 82 1
1924 664 1 18 42 293 3
2117 228 2 45 35 149 15
4289 797 1 19 38 133 10
756 337 1 24 52 48 5
4357 462 1 39 14 223 18
3010 88 1 31 56 38 7
2121 679 1 63 56 122 20
189 426 1 69 17 155 3
4960 235 1 37 37 48 17
1748 751 2 138 11 115 19
3442 518 1 47 8 111 2
2399 499 1 11 16 136 6
818 533 1 30 12 113 20
1959 491 1 90 12 201 6
2128 134 3 56 52 261 14
4796 992 1 48 6 143 8
1417 818 1 16 15 162 8
798 701 1 15 33 82 7
3053 395 1 12 47 85 8
405 264 1 12 26 269 2
4243 548 4 59 40 229 9
4741 376 4 130 36 159 3
823 651 1 16 26 108 11
2070 337 1 72 16 311 5
21 709 1 30 6 243 1
415 357 1 57 16 197 7
2285 745 1 56 43 350 2
3862 731 1 22 22 219 14
1685 970 1 14 13 63 1
2545 560 1 46 48 28 14
2778 987 1 16 12 111 20
1569 704 1 22 61 53 15
915 855 1 43 22 176 11
3180 668 2 41 26 37 19
4576 455 1 28 21 146 15
1933 947 2 42 36 142 7
1021 565 1 16 30 205 11
323 685 1 12 23 274 2
2665 693 1 33 27 259 8
4121 731 2 72 51 202 16
3966 642 1 32 28 148 5
1938 694 1 13 16 134 9
1842 393 1 29 23 204 6
165 354 2 74 41 16 5
4249 875 1 29 6 170 2
963 858 1 45 71 419 12
2104 650 1 32 4 224 10
1824 96 1 48 19 209 15
4390 823 1 31 21 271 1
3117 103 1 24 8 114 3
1678 793 2 38 46 47 1
1755 744 1 37 32 15 18
55 973 1 14 11 212 6
4806 813 1 39 13 90 4
226 883 1 24 36 46 18
2888 412 3 48 9 195 17
2212 360 1 22 60 50 13
3494 572 2 34 15 202 1
1831 643 4 59 9 161 4
490 561 1 17 35 59 11
2913 324 1 37 50 97 3
1005 404 1 28 41 84 1
2408 373 1 47 12 103 1
1417 792 2 43 22 176 3
1415 590 1 27 26 110 12
569 830 1 23 21 298 19
2640 203 1 17 47 37 7
659 698 2 74 19 76 10
2265 705 1 41 16 166 8
3404 750 1 38 18 129 15
4614 905 1 41 16 379 19
2653 720 2 68 19 44 15
2057 345 1 14 14 139 14
1438 501 2 41 34 44 18
440 603 1 25 16 354 8
2154 808 4 57 10 141 18
1213 584 2 36 27 381 10
4177 943 3 54 40 202 12
2795 509 2 44 13 212 16
1618 965 1 47 10 306 10
662 565 1 27 46 20 4
1716 322 1 30 20 219 3
4589 981 1 44 13 71 4
4561 470 1 40 12 170 10
1114 88 1 21 39 159 19
4234 290 2 78 34 228 9
4816 620 2 32 40 18 10
3887 834 4 75 38 107 5
3283 110 1 67 40 168 18
1864 298 2 48 6 216 1
912 589 1 12 11 132 7
4879 287 1 16 12 101 3
3156 883 1 23 59 222 7
2065 622 1 33 35 119 6
2855 597 1 23 17 328 5
1308 312 1 25 14 148 1
3975 852 1 17 43 40 1
2978 171 2 23 14 130 10
4723 244 1 14 41 238 11
1481 197 2 46 54 67 15
1428 474 1 39 38 35 15
3119 892 1 41 35 45 5
2805 319 1 46 12 76 5
2058 303 1 33 14 151 10
1889 783 1 45 43 41 19
2226 546 2 56 14 188 16
4892 281 1 21 10 67 4
1888 283 1 29 8 236 13
4868 628 1 42 11 92 5
440 631 1 22 23 240 19
3521 408 2 42 27 86 15
2155 611 2 48 21 137 7
3820 752 1 31 35 116 1
2546 180 1 20 34 43 4
4720 962 1 22 48 25 14
4006 144 1 29 5 265 8
1136 446 3 114 28 167 11
897 887 1 43 20 209 20
553 301 1 44 16 151 13
2443 608 2 76 34 126 7
4329 393 1 43 23 404 14
4708 377 3 92 36 31 15
4134 392 1 14 45 94 5
1921 86 1 23 45 31 5
842 709 1 28 16 166 14
1330 670 1 24 41 30 14
70 921 1 47 29 187 10
4768 645 1 27 8 305 12
772 529 1 32 52 26 3
4689 321 1 33 31 195 11
3406 323 2 43 7 173 18
3275 225 1 47 12 129 4
2592 369 1 16 28 350 14
992 352 1 12 14 225 13
4317 318 1 32 16 135 13
3254 398 1 39 34 47 15
2120 372 1 37 8 46 9
572 246 1 33 14 123 14
2890 816 1 35 19 200 8
3051 152 1 29 35 31 5
630 634 1 23 28 46 8
3240 755 1 18 30 146 10
1610 375 1 16 36 309 18
1791 302 1 16 20 66 14
1454 509 1 18 27 56 3
1994 689 1 30 36 22 8
4753 600 1 22 17 330 20
3500 822 1 11 17 216 17
4931 237 1 28 12 215 4
29 235 1 12 21 169 14
4546 608 1 22 55 22 19
4156 884 1 13 12 60 13
4353 766 1 16 24 265 3
2882 848 2 35 33 65 10
4984 847 1 35 20 240 9
1755 110 1 34 32 18 3
1726 201 1 40 52 160 17
3314 781 2 48 37 19 19
3919 116 1 24 42 54 14
933 877 4 70 42 169 4
1429 266 2 44 6 224 17
30 237 1 15 18 77 10
1688 463 1 18 55 28 11
2951 656 1 18 29 32 20
1104 264 1 42 10 80 7
2788 372 1 21 27 235 20
2008 969 1 48 7 65 11
1517 749 1 22 51 119 1
106 793 1 43 33 57 19
4557 296 1 16 36 38 12
860 596 1 18 23 94 12
2796 993 2 30 18 203 2
570 217 2 30 24 127 19
1689 414 1 32 11 173 10
603 865 3 72 37 26 10
921 982 1 29 18 237 18
2973 880 1 37 10 101 10
2251 959 1 14 15 203 11
3911 653 1 17 21 296 19
2682 238 1 34 24 347 18
2708 162 1 16 12 155 16
379 526 1 24 64 62 16
4786 202 1 18 48 29 6
3559 903 1 18 29 32 18
2273 289 1 21 51 102 8
2154 670 1 18 19 68 18
729 267 2 84 63 207 16
4248 174 2 48 8 205 11
3777 738 2 32 15 205 8
3647 920 1 46 12 160 9
3793 193 2 44 36 135 6
2187 583 1 19 19 51 10
539 908 2 57 49 186 20
1584 701 1 35 43 19 8
4284 698 1 37 60 32 7
1525 505 1 23 14 133 1
3248 442 2 40 53 46 17
4759 929 2 28 19 224 17
482 350 1 22 19 112 15
3025 858 1 17 24 128 20
27 550 1 152 18 142 20
2137 943 1 15 39 271 7
2578 802 1 11 12 182 2
3507 981 1 15 36 327 17
2580 550 1 19 31 39 6
4114 345 3 64 35 118 5
564 269 1 29 42 141 12
4893 759 3 106 14 180 1
1118 222 1 24 49 250 1
1196 522 1 14 10 191 5
1521 233 1 24 57 26 2
4134 847 1 17 17 203 15
3598 405 3 39 16 151 15
2816 158 1 22 24 287 14
2215 862 1 22 13 66 6
4152 267 1 32 8 138 10
661 150 1 15 15 126 6
2692 974 1 37 37 42 14
4444 825 1 22 11 294 9
2083 810 1 19 34 239 8
2789 379 1 12 22 160 14
3726 549 1 20 27 85 17
4420 861 1 18 46 15 11
3423 298 1 45 17 230 12
1674 781 1 12 16 59 20
386 401 1 44 18 355 10
1928 802 2 34 23 57 19
3758 769 1 37 39 260 12
3895 537 3 40 12 230 9
4317 633 1 31 15 149 18
3217 780 2 68 65 54 11
197 627 1 33 67 48 20
646 126 1 17 22 83 11
2384 429 1 14 13 99 17
2008 944 2 56 34 35 10
3882 287 1 20 44 58 7
4132 827 1 12 46 199 18
4622 868 1 53 11 64 9
2739 814 1 19 55 29 5
2768 513 1 44 23 112 17
3472 345 1 22 16 189 1
817 726 1 22 38 38 4
1089 781 3 66 16 58 5
3969 796 1 22 39 242 4
4756 336 1 32 17 270 10
518 610 2 74 63 364 20
2899 954 1 19 31 42 2
1442 240 1 34 7 128 5
3069 826 1 22 8 232 16
406 552 1 11 9 179 12
1067 233 1 15 61 42 7
673 433 3 61 58 385 13
2527 464 2 79 42 23 7
2862 993 2 57 40 158 5
2336 664 1 24 24 249 18
4302 101 3 56 42 158 19
2428 354 1 12 20 66 9
3630 912 1 17 27 48 14
724 775 2 41 15 81 12
3649 180 1 35 31 43 7
2051 378 1 37 16 331 13
795 791 2 66 46 20 15
1370 619 1 20 15 72 15
44 396 1 28 68 281 12
337 350 5 212 29 243 14
3492 921 4 116 39 326 14
1050 928 1 17 26 74 7
1789 872 1 43 44 46 15
3741 621 1 48 29 31 2
3281 352 2 54 13 261 1
4504 535 3 140 30 62 9
1671 81 1 32 11 54 16
2229 590 2 40 35 352 7
475 830 1 33 23 107 5
2462 926 1 17 22 261 3
1456 656 1 30 12 162 17
3992 832 1 20 43 29 3
273 307 1 40 31 57 8
1963 306 1 46 7 277 4
2298 358 1 24 10 69 17
3282 412 1 46 29 282 18
2578 390 1 48 9 86 20
1338 253 1 30 49 27 11
4633 459 1 15 16 81 13
3113 234 1 34 50 15 16
960 180 1 12 20 67 17
175 615 1 22 48 85 20
904 127 1 12 43 53 10
3457 846 1 11 39 29 20
1756 136 1 34 51 20 14
4714 226 1 45 18 336 9
1526 579 1 42 11 68 11
4069 391 1 13 37 464 2
2964 98 1 13 50 24 1
3611 485 1 41 40 23 9
125 437 1 36 12 94 14
2085 299 1 34 4 248 3
4813 101 1 30 8 78 1
3199 849 1 34 33 91 17
2641 149 1 44 9 82 2
1886 276 1 45 20 226 3
3405 427 2 85 17 175 16
49 577 1 33 8 126 18
4145 671 1 12 22 446 11
4117 205 1 37 8 46 1
2468 435 1 39 20 372 15
2486 372 1 48 33 257 2
1704 614 1 41 63 309 2
1560 976 1 13 19 101 17
1976 214 1 37 17 130 15
2327 217 2 40 32 204 12
1478 897 2 44 48 29 14
4242 688 1 36 49 149 15
4883 584 1 32 22 352 6
2511 421 1 34 34 35 6
3575 663 1 36 29 238 7
2810 315 2 121 13 92 16
3671 247 1 47 12 70 2
172 855 1 20 18 322 1
2190 609 1 63 68 317 19
2100 737 2 33 20 34 7
2564 619 1 12 15 139 5
3081 131 1 24 46 25 11
4183 366 1 34 15 356 18
642 314 1 20 13 199 2
4258 714 1 21 52 125 6
87 421 1 48 26 59 18
4089 590 1 35 34 26 17
4327 926 1 27 21 83 14
98 928 1 12 18 120 6
559 413 2 21 54 460 20
4536 583 1 34 17 303 6
2531 350 2 80 35 209 15
3802 444 1 35 23 266 14
4712 86 2 92 32 115 3
2251 280 1 29 41 25 16
1843 688 2 32 63 50 8
4542 994 2 31 11 167 12
2832 653 1 31 51 32 18
2778 947 1 35 15 318 17
1781 441 2 80 34 32 11
701 995 1 23 19 213 15
1488 390 1 26 8 253 9
347 273 1 35 26 120 4
4982 252 1 22 30 40 4
2535 440 1 26 9 76 9
428 235 1 16 43 75 11
367 293 1 22 36 356 3
4577 386 2 44 12 167 14
4850 326 2 49 16 326 6
1803 757 1 24 9 90 12
1285 229 1 16 41 23 15
3676 359 1 43 22 190 16
4258 644 1 32 19 121 17
4415 395 1 14 44 263 15
4474 692 1 43 10 64 4
4934 606 1 29 22 292 8
151 501 2 43 9 117 1
3597 169 1 30 35 28 7
1512 503 3 63 53 178 17
1292 516 1 24 22 127 15
4833 390 1 40 6 165 16
92 523 2 51 51 268 7
951 144 1 23 56 28 8
1626 423 1 34 24 38 3
2212 182 1 19 33 73 19
948 768 1 18 31 325 16
1599 575 1 45 7 72 4
415 169 1 28 8 327 12
806 897 1 17 64 37 15
901 292 1 40 41 214 17
4713 568 3 101 13 391 2
4871 102 1 34 11 74 6
1297 124 1 44 23 154 8
132 261 1 43 30 40 10
230 678 2 44 21 66 8
4572 329 1 47 47 23 4
675 811 1 23 24 344 9
4058 140 2 47 57 157 16
1226 637 4 125 20 263 17
3299 111 1 46 24 36 8
3724 158 1 21 22 74 6
1696 668 1 47 7 44 18
590 604 1 35 36 17 14
1678 147 1 17 15 64 3
99 819 1 32 8 103 16
4212 198 1 13 10 154 11
4928 960 1 23 23 237 10
2468 845 1 15 29 92 2
1466 739 1 24 31 60 2
2240 200 1 21 39 24 5
438 643 2 50 6 166 8
722 337 1 44 20 367 13
4669 464 1 24 13 171 7
4631 829 1 24 27 62 10
4715 283 2 47 57 42 8
4198 859 1 43 14 91 5
673 499 1 15 17 95 19
3449 748 1 26 16 146 6
3358 571 1 24 11 335 17
1954 893 1 35 20 118 10
171 967 1 25 22 31 16
1321 676 1 15 58 54 13
3794 215 1 74 49 31 7
4824 829 1 38 6 224 4
3382 84 1 45 13 263 3
1360 894 3 48 8 242 13
4854 770 1 45 48 39 15
2312 106 2 63 7 178 13
3500 918 1 15 30 27 5
4514 693 1 28 20 110 1
4005 426 2 69 49 15 9
3585 991 1 24 43 185 14
3775 504 2 42 32 47 3
2730 737 1 32 18 402 15
780 734 1 35 49 56 9
2637 763 1 27 24 110 4
3698 537 1 13 17 151 13
3556 369 1 43 23 90 9
508 598 1 27 20 82 5
1961 390 1 11 16 161 20
4577 349 1 44 7 53 13
1393 280 1 17 32 78 19
2261 128 1 20 28 189 20
3439 851 1 24 31 137 5
1679 896 1 19 34 26 11
1809 220 1 23 44 96 12
1680 817 1 14 13 112 5
938 347 2 56 20 381 1
3867 148 1 17 31 329 20
1562 799 1 22 28 45 15
1254 744 1 18 50 32 12
5 231 1 38 5 336 18
3982 650 1 34 5 187 4
3373 451 2 58 27 290 9
4998 623 1 43 23 59 4
1569 197 1 43 14 88 2
189 113 4 54 52 219 12
942 880 1 22 15 344 15
1039 193 1 19 60 24 15
846 946 1 28 31 336 16
3637 988 1 21 37 80 15
4018 805 1 27 5 330 7
2278 684 1 59 41 32 4
2415 581 3 61 36 18 16
3602 315 1 36 56 141 16
4385 695 1 65 31 44 7
704 324 1 19 14 88 8
3121 536 1 48 13 62 6
2266 823 1 32 14 115 4
4323 136 1 36 45 120 2
4699 857 2 44 33 21 16
4394 772 1 23 19 344 17
3700 866 1 26 13 260 15
1950 286 1 33 48 16 18
4000 579 2 63 17 61 12
3499 265 1 17 29 60 6
1617 655 1 24 36 40 12
726 99 4 88 28 203 13
2313 991 1 47 31 323 2
12 283 1 37 19 290 19
2942 174 1 21 18 52 3
1461 804 1 43 7 163 16
1969 371 1 20 48 42 9
235 210 1 17 31 62 10
1315 481 1 31 54 30 9
1690 233 1 45 43 227 16
2378 606 1 48 32 274 9
3545 598 1 48 32 252 9
3322 702 1 40 30 85 13
2331 386 1 42 41 39 18
4363 992 1 21 8 258 13
3937 966 1 28 7 172 8
3357 266 1 52 16 293 2
4761 80 1 47 7 128 18
51 608 1 43 17 184 9
2411 874 3 51 35 57 15
1657 387 1 12 12 90 8
3175 949 1 35 7 173 8
2688 883 1 26 9 108 17
3959 570 1 45 9 164 14
1913 817 1 14 23 149 20
4170 275 1 34 6 283 13
3489 828 1 34 45 18 5
3392 564 1 20 14 59 14
2100 358 1 11 11 204 19
304 225 1 22 34 49 20
1317 651 1 23 22 300 1
2488 517 2 79 43 137 13
1440 447 1 38 7 123 4
2901 125 1 22 23 127 4
532 337 1 16 12 193 7
189 761 2 28 11 258 3
3635 766 1 48 12 98 4
2375 784 1 29 15 158 9
864 174 1 26 28 74 13
925 679 1 45 56 320 20
2227 80 1 20 24 52 10
4360 80 2 82 13 434 14
1343 678 1 32 54 24 3
4890 266 1 37 17 137 13
2767 924 1 16 15 164 17
4275 584 1 36 34 140 18
549 702 1 16 27 86 11
4890 759 1 18 53 22 14
3064 789 1 39 48 143 4
3048 924 1 30 7 86 3
2030 306 1 13 54 84 13
885 396 1 18 57 276 5
3186 964 1 89 17 117 7
272 112 1 28 8 104 4
3674 855 4 152 22 105 16
2142 217 1 17 20 88 5
3962 302 1 21 19 253 13
2296 525 2 45 44 26 4
4761 778 2 27 56 39 19
728 180 1 27 29 143 8
2518 839 1 21 26 158 5
1922 969 1 17 16 76 5
3085 552 1 24 40 260 9
4564 658 1 24 37 190 6
280 764 1 21 30 82 16
2381 542 2 84 32 251 12
2767 723 3 136 10 65 13
2906 937 1 29 19 110 17
2829 379 3 138 17 135 18
3000 414 1 12 51 92 14
3071 222 1 34 52 27 12
422 515 1 19 19 298 15
2125 896 1 38 8 62 4
3068 462 1 43 48 53 10
751 311 1 22 20 158 4
4883 826 1 41 37 39 15
4921 302 1 40 33 60 19
2196 211 1 76 63 21 20
4237 501 1 21 57 16 3
2983 395 1 29 23 289 16
3245 230 1 37 44 76 12
3568 137 4 111 16 395 18
566 419 1 26 17 138 11
4400 161 3 86 15 159 1
3834 474 3 68 33 75 11
4196 546 2 41 17 321 10
2663 837 1 45 51 29 20
4995 437 1 48 41 29 2
1283 908 1 32 17 201 13
4487 896 1 20 16 358 2
3574 531 2 25 56 350 20
94 290 2 36 51 34 10
4818 316 2 40 22 56 14
3693 109 1 47 8 249 8
4630 292 1 19 26 48 13
4918 446 1 25 7 291 14
1000 588 2 56 50 17 19
205 365 1 31 29 91 9
4199 695 3 113 48 40 19
2864 548 1 11 16 232 10
2441 513 1 17 28 80 5
4569 807 1 30 28 73 13
4741 962 1 41 37 360 19
2126 338 2 27 14 165 2
3798 344 3 94 20 89 15
3465 463 2 28 35 37 19
1350 289 3 42 10 127 12
4659 675 1 34 16 288 9
805 660 2 44 46 271 12
2036 155 1 46 12 145 12
1148 546 2 25 56 40 11
1490 941 1 24 31 59 1
1506 488 3 127 27 94 1
1649 774 3 105 17 133 9
2183 366 1 19 27 83 20
4282 882 1 27 14 268 1
2696 877 1 26 18 80 20
2724 335 1 53 51 142 2
3867 311 1 37 9 47 16
4543 745 1 22 30 27 16
4975 958 1 16 14 50 15
1177 863 1 38 33 24 15
4469 265 3 122 63 147 14
3053 90 1 46 42 22 1
1692 417 1 16 10 99 3
1651 662 1 39 33 29 5
1138 589 1 34 40 211 18
2121 968 1 27 8 165 12
2586 124 1 35 11 152 12
3709 988 1 16 11 108 8
1239 211 1 44 15 196 13
4316 729 1 71 39 275 4
3516 399 1 43 9 86 8
1443 882 3 103 35 151 9
948 902 2 25 16 136 12
4571 959 1 18 34 283 5
584 213 3 83 26 83 2
3115 817 1 23 21 221 11
4123 422 1 11 13 102 4
4514 288 1 28 18 242 3
2810 569 1 16 17 97 16
259 585 1 23 38 221 4
1597 390 1 39 16 270 12
3144 832 1 24 19 234 11
4328 271 2 61 5 160 8
3101 355 1 48 9 172 14
3221 964 1 61 15 261 2
1293 496 1 22 22 64 17
2242 124 1 12 28 215 12
3888 387 1 37 19 281 20
3673 395 1 24 13 204 5
2371 821 1 15 9 133 10
585 215 1 31 7 218 17
657 409 4 83 36 174 20
1838 696 1 18 27 64 17
858 286 1 40 20 146 10
2265 126 1 24 13 269 7
4806 414 1 35 26 24 18
3559 586 1 28 15 140 16
1888 950 1 23 56 128 15
1660 285 1 90 33 107 11
834 546 1 26 61 35 9
2866 157 1 14 37 39 5
1295 383 1 35 11 94 13
434 661 3 85 37 26 20
3042 303 1 35 16 361 5
2013 347 1 96 36 159 17
1819 841 1 18 27 84 3
1797 102 4 155 18 112 20
360 312 1 36 14 272 18
4087 428 1 19 26 92 10
1112 507 1 32 12 138 15
4074 314 1 41 22 36 5
4479 996 1 19 15 81 15
475 202 2 43 17 49 1
3362 740 1 16 11 201 5
2714 465 1 14 17 70 13
2592 613 2 83 38 281 13
726 616 1 31 30 143 7
932 742 1 15 13 164 15
1797 914 2 45 8 245 17
2621 96 1 25 25 127 11
915 910 1 46 9 133 16
4059 94 1 16 8 198 11
4270 379 1 17 42 147 8
837 134 1 44 44 139 14
4504 426 1 24 32 337 18
1152 193 1 32 7 282 6
3594 381 1 38 10 405 11
4468 172 1 21 15 228 12
1804 643 1 37 6 157 18
4920 434 1 36 36 26 19
443 381 1 11 43 427 15
3419 859 1 38 9 111 5
3230 439 1 23 38 291 20
3877 667 1 17 58 29 17
4175 572 1 44 24 158 2
759 417 1 31 19 223 14
3641 144 1 23 27 180 2
4782 190 1 23 13 277 5
4540 780 1 61 44 15 19
2045 525 1 38 14 75 18
523 954 1 13 12 187 9
1787 946 1 17 27 206 8
4290 792 1 43 19 174 8
1638 717 1 21 21 61 5
2711 88 1 155 30 272 9
1344 555 1 36 22 90 3
2112 892 1 43 56 170 15
494 684 1 21 51 125 19
4721 988 1 20 40 15 20
657 989 1 22 44 28 2
2786 745 1 24 17 102 7
3918 628 1 15 35 316 16
1615 85 1 40 33 51 13
883 885 1 20 12 369 10
2237 373 1 44 17 176 15
918 279 1 16 13 210 6
3721 925 1 75 22 138 7
4172 659 2 58 5 168 17
1529 635 1 30 24 172 16
1553 571 1 17 22 53 4
68 630 1 13 9 185 16
804 771 1 38 10 103 18
3650 406 2 134 35 214 1
1328 667 1 39 37 82 8
3630 178 1 16 50 90 20
1432 795 2 70 55 44 5
1579 480 3 42 10 129 9
4903 615 1 29 12 109 14
3501 871 2 86 18 115 20
3532 110 1 15 20 66 7
2743 516 1 33 46 30 8
2992 878 2 41 20 346 18
4539 719 2 45 24 98 3
4240 590 1 20 28 72 20
4070 996 1 94 22 110 14
3774 344 1 38 47 81 3
2568 708 1 23 63 45 12
1502 619 1 15 42 40 14
367 816 1 41 33 64 6
4283 126 1 38 7 255 15
18 742 1 44 6 59 18
2853 885 1 39 32 86 16
753 741 1 15 36 56 3
3366 740 1 35 8 48 5
2085 230 1 17 23 207 3
3159 333 1 21 69 40 3
2750 384 3 117 17 130 2
3325 843 1 26 52 29 9
1666 871 1 19 24 199 10
2224 560 1 43 15 374 4
2367 159 1 11 22 191 16
3415 830 1 32 7 342 2
3173 212 2 26 13 202 11
1611 643 1 33 18 400 13
4711 952 1 43 39 67 14
1673 727 2 82 60 162 20
2543 647 2 83 16 97 7
1259 454 1 23 34 32 9
1836 618 1 61 25 135 10
2103 531 4 144 13 90 7
2135 137 1 27 45 99 6
2802 346 1 33 8 80 5
4275 836 1 46 9 144 17
4383 479 2 26 27 336 15
160 669 1 35 41 44 12
174 98 3 99 40 155 2
2812 424 1 20 23 38 5
4654 447 1 13 33 48 18
858 677 1 12 42 48 2
150 791 1 17 24 179 5
489 517 1 30 53 263 16
3085 493 1 27 17 314 15
3649 914 1 18 17 226 13
1857 286 1 41 6 82 4
550 469 1 32 23 272 11
3459 307 1 14 17 218 16
943 563 1 13 31 394 18
314 582 1 36 26 88 17
3958 276 1 13 55 32 9
1748 155 1 38 54 297 10
3334 368 1 22 21 41 10
1765 584 1 30 20 131 10
2203 330 1 12 53 68 17
1348 166 1 19 13 341 19
3847 571 1 16 18 76 9
3256 233 1 24 22 85 18
4029 229 1 16 10 179 3
4059 356 1 64 30 97 12
2800 624 2 36 41 46 16
1268 703 1 35 39 28 19
3511 639 1 31 27 33 15
1598 268 1 21 38 32 19
1290 507 1 34 22 100 5
4272 380 1 56 50 27 3
4548 175 2 77 52 141 9
1376 556 1 18 13 426 20
4254 825 1 26 41 42 20
966 951 1 20 26 87 9
1459 686 1 23 21 284 14
3709 697 1 14 32 25 1
3087 578 1 26 14 386 8
4712 588 2 65 33 26 13
3011 679 1 69 40 22 16
3120 886 1 18 33 230 5
4600 818 3 35 7 269 7
1255 841 1 17 17 70 8
4204 908 2 36 15 177 12
260 650 1 18 34 20 10
2986 262 3 41 11 248 20
2324 690 3 101 19 131 11
379 590 1 14 14 195 3
1291 99 1 39 7 112 17
3591 606 1 22 55 17 5
3284 111 1 20 40 45 1
4052 912 2 25 23 121 16
3937 490 1 23 18 351 17
2110 839 1 18 34 26 17
1700 457 1 16 22 96 12
561 820 1 20 23 61 17
4118 411 1 43 39 127 15
127 511 1 12 56 43 16
1529 415 1 24 13 144 4
882 356 1 44 33 30 16
549 610 1 12 52 87 20
730 618 1 60 48 20 1
1032 787 1 28 30 126 10
678 268 2 36 27 30 16
3888 481 2 29 43 44 4
2976 200 1 39 6 317 3
2883 496 1 25 58 24 15
3443 799 1 149 16 160 3
1957 597 1 22 24 398 20
4716 975 3 49 48 107 2
738 547 2 54 51 20 10
1020 464 1 32 49 58 11
3968 535 1 12 10 109 11
4325 600 1 41 6 46 20
3817 828 1 35 19 49 3
3577 602 3 122 47 375 18
91 837 1 69 16 118 12
256 775 1 14 45 93 6
2933 107 1 17 36 117 4
4424 226 1 15 47 86 6
3181 244 1 94 28 280 8
3103 336 3 72 34 22 18
1424 531 1 11 39 68 8
3861 407 1 70 59 313 9
4274 719 1 24 19 374 19
275 372 1 44 29 31 19
2081 596 1 17 16 375 3
1665 436 3 139 36 204 4
2709 849 1 24 7 102 12
2420 109 1 22 23 291 18
881 665 3 78 28 292 13
2592 353 1 35 20 265 17
2252 467 1 21 14 349 5
3791 262 1 12 21 212 20
41 879 1 32 44 57 4
738 235 1 14 33 85 12
4621 870 1 20 24 394 15
2223 169 1 23 16 80 5
4991 624 1 11 21 279 9
801 630 1 32 6 187 7
3337 358 1 12 11 105 10
4659 658 2 42 29 236 10
4046 676 2 64 61 256 8
2245 782 4 94 35 24 2
302 652 3 50 37 28 10
3256 781 3 49 29 52 8
3873 89 3 109 28 81 19
2980 310 1 65 40 19 4
180 818 1 20 27 36 2
4568 201 1 22 22 56 5
2791 448 1 12 34 48 2
2786 622 2 45 34 55 4
16 112 1 45 48 106 17
698 332 1 26 51 40 18
3393 907 1 35 7 97 8
632 382 5 74 44 372 11
4319 927 2 82 20 387 4
768 587 1 57 8 81 16
1527 707 4 190 17 73 14
1848 523 1 12 52 55 14
1183 362 1 15 23 426 18
3590 778 1 20 29 93 4
1904 461 1 19 20 194 13
3333 433 2 28 13 172 9
3776 654 1 39 47 24 20
308 340 1 40 6 285 16
2954 712 2 65 63 274 7
4229 603 1 35 22 26 16
2801 121 1 23 22 37 9
1120 88 3 89 34 93 7
2852 890 1 36 49 46 5
4890 220 1 13 34 66 15
4684 824 4 75 12 248 15
2026 239 1 38 16 304 18
1877 859 4 76 32 15 2
4970 327 1 23 32 146 13
116 639 1 35 45 16 15
3569 529 1 39 10 147 16
800 131 1 18 22 66 6
4865 690 1 33 19 175 5
1523 737 1 42 48 173 1
1226 237 2 88 26 214 20
3741 179 1 30 31 23 20
4066 390 1 21 56 40 16
4907 478 3 72 65 315 18
3223 767 1 13 27 230 12
4101 328 1 39 36 78 1
1434 421 1 32 16 304 3
4553 884 1 22 67 35 19
206 118 2 45 70 38 10
257 230 1 12 8 132 20
2730 81 1 14 12 128 19
2368 431 1 43 9 169 18
373 621 1 12 37 309 10
237 554 1 20 24 32 1
4570 614 1 35 6 301 6
2658 91 2 33 19 178 19
4986 716 1 23 14 121 1
954 936 1 23 11 75 17
4642 333 1 37 11 78 11
1530 290 1 22 31 332 6
716 870 1 46 11 203 20
3620 88 1 33 11 264 19
3688 766 1 36 8 44 12
2112 715 1 22 21 259 2
1633 638 1 17 19 381 1
385 827 1 23 43 32 13
160 327 3 35 12 284 9
353 522 1 77 52 16 2
3894 538 1 24 64 62 1
2456 476 3 59 52 19 7
1715 327 1 34 17 164 10
1168 161 4 55 10 144 20
4417 983 2 65 66 233 2
128 704 1 23 25 160 16
3306 768 1 24 15 74 12
310 539 2 55 16 350 1
2697 569 1 16 42 79 18
1179 144 1 24 7 109 13
3902 954 1 11 44 86 9
2707 304 1 16 19 248 16
1394 166 1 17 16 314 3
2363 927 1 31 24 238 19
3176 750 1 16 26 90 4
762 467 1 36 16 379 13
952 718 1 23 23 83 19
1342 991 1 31 8 219 8
3404 813 2 46 40 150 6
2320 717 2 48 15 240 13
3522 207 2 58 43 90 12
700 330 1 42 12 214 12
2111 929 1 22 43 151 16
4321 936 1 22 16 186 20
639 722 1 28 9 98 8
2480 371 2 56 43 118 8
3017 233 1 32 23 25 3
4263 857 3 56 26 16 14
4890 542 1 17 14 48 7
2749 615 1 18 27 163 11
4345 179 1 46 19 98 1
3586 295 1 13 14 218 11
78 195 1 43 11 107 11
2960 152 1 13 46 284 2
596 122 1 23 30 23 16
3622 109 2 43 24 185 7
3028 698 1 27 16 257 16
4486 986 1 81 19 90 13
728 784 1 41 12 123 19
3805 979 1 16 30 82 9
4245 734 1 17 54 27 10
3484 623 1 11 39 36 12
2436 774 1 16 10 96 11
2355 676 1 15 12 98 11
1219 621 3 71 11 62 16
4147 480 2 26 8 179 16
3215 232 1 15 53 85 3
2648 581 1 48 69 23 6
663 755 1 30 6 268 1
42 565 1 12 18 91 10
2201 865 3 127 24 270 3
1510 805 1 20 18 210 18
4355 318 1 31 15 216 15
111 688 1 16 54 46 3
332 111 1 23 60 29 11
3944 208 1 24 30 51 20
2580 992 1 27 26 111 7
572 590 1 23 6 230 11
4161 236 1 47 15 317 12
3475 506 1 14 10 100 4
808 559 1 16 11 114 11
960 986 2 59 48 320 10
1120 707 1 18 39 284 18
272 686 1 40 17 288 19
2973 689 1 42 23 42 11
990 112 1 75 23 170 7
2984 449 1 11 14 125 14
4577 935 1 15 53 29 15
4040 192 1 20 14 103 19
2813 299 1 22 39 24 1
3205 288 3 99 63 295 13
4034 956 1 47 32 201 4
1590 972 2 49 10 93 4
3083 871 1 47 6 318 2
4077 783 2 40 7 251 17
1850 573 1 21 20 285 19
3769 450 1 44 9 258 18
4895 543 3 77 6 255 9
4616 297 1 42 12 51 1
234 793 1 16 11 125 7
48 343 1 28 18 213 18
3495 556 2 43 14 100 6
3932 191 1 21 18 62 15
1760 849 1 21 32 72 10
3387 606 1 22 8 192 2
2634 593 1 19 18 351 6
3116 610 1 11 52 90 1
4741 81 1 26 28 36 2
4933 90 3 48 9 88 8
598 998 1 45 47 34 10
3485 111 1 70 20 91 1
4847 554 1 13 11 122 19
2314 443 2 45 22 94 10
2251 142 1 33 7 202 20
494 217 1 19 41 100 8
243 91 1 16 21 78 4
2571 702 2 33 12 220 19
4206 224 1 38 13 341 16
4348 764 1 41 37 32 12
3291 514 1 45 16 349 5
1447 701 1 20 14 329 2
4109 705 1 35 17 134 7
4126 507 2 108 31 167 10
4444 813 1 82 57 254 16
639 265 1 22 16 55 15
3681 138 1 37 6 257 17
4162 975 2 99 27 212 17
2546 408 2 64 22 306 12
2259 543 1 39 24 197 12
1833 483 2 51 5 257 9
809 466 1 14 36 277 3
1417 580 1 23 22 51 2
1800 859 1 21 39 55 7
1617 866 3 79 35 270 13
792 706 1 16 16 89 2
2823 592 2 22 14 194 16
879 113 2 32 29 124 18
2715 98 2 35 62 34 20
3999 294 1 21 17 44 9
1397 501 1 18 18 333 5
581 271 1 163 10 67 20
3920 592 1 36 18 142 19
85 645 1 16 10 111 7
3364 764 1 23 21 396 6
2251 566 1 15 32 81 17
4970 154 3 80 48 21 16
1777 508 1 20 35 73 6
4429 209 1 12 47 55 17
184 223 1 48 12 87 19
1577 852 1 39 39 138 9
2051 378 1 28 17 75 6
818 210 2 42 27 16 10
4299 113 1 17 27 172 7
4158 777 1 22 28 37 15
1808 449 1 26 40 27 12
1736 362 1 68 18 130 11
1195 338 1 21 46 148 19
349 863 2 67 57 354 19
2734 674 1 16 37 90 5
901 828 1 46 12 74 2
3270 669 5 139 27 127 12
1063 290 1 42 11 73 2
3883 936 1 16 24 267 11
138 932 1 17 32 37 14
4750 576 3 120 19 125 9
390 972 1 12 49 65 7
571 480 4 111 17 68 9
1717 770 1 14 13 106 20
4104 942 1 23 48 23 6
793 811 1 46 10 54 11
3603 116 2 47 35 45 9
3287 710 2 43 37 53 7
725 818 4 64 30 170 16
3046 517 1 23 26 226 1
3424 900 1 37 35 101 14
2816 742 1 27 17 155 10
3283 272 1 32 14 297 7
649 276 1 17 24 51 16
335 804 1 27 18 321 11
1522 199 1 155 22 246 1
823 819 1 18 24 239 16
2687 915 1 16 49 26 8
3333 618 2 83 37 252 16
3464 257 1 14 42 421 3
4629 539 1 22 7 307 2
1304 890 1 32 60 23 7
4131 978 1 23 21 310 5
1563 899 1 29 23 31 4
2994 116 1 81 33 44 19
634 575 3 34 9 195 14
2665 467 1 23 12 366 5
2312 867 1 30 25 96 16
829 946 1 44 20 377 15
4463 524 1 15 10 148 14
3554 960 2 39 19 251 16
1268 631 1 80 26 300 1
4477 331 1 32 6 341 17
3165 479 2 69 17 304 9
4049 184 2 47 9 82 14
4836 788 1 23 13 387 7
2549 824 2 33 9 128 15
267 570 1 35 27 327 11
2901 325 1 23 62 63 20
878 954 1 24 22 214 11
54 589 1 29 39 42 13
1652 403 1 40 46 28 13
2449 178 1 47 12 86 12
4087 507 1 16 21 393 7
2129 533 1 47 23 59 15
1494 178 1 41 45 25 16
3348 522 1 32 48 77 6
3955 520 1 22 13 56 9
4941 698 1 59 52 341 13
310 369 1 58 15 192 5
2894 684 1 25 25 108 4
2193 513 2 61 8 89 1
3044 456 2 94 13 64 2
3613 385 1 23 32 75 1
3785 623 1 19 10 49 6
1846 297 1 23 38 48 5
1303 100 1 37 6 283 20
415 254 2 48 71 37 2
2879 334 2 42 27 42 6
2727 954 1 42 61 108 11
86 438 1 14 33 88 16
4307 692 1 42 43 25 5
3203 991 1 27 5 280 19
4584 148 1 24 40 177 8
1968 563 1 17 36 32 4
920 698 1 30 5 282 6
3708 497 2 55 46 17 18
2951 453 1 32 9 138 17
4465 583 1 14 34 455 1
1449 487 1 24 22 286 15
4715 764 1 22 60 37 10
2181 622 2 87 37 282 17
1039 335 2 32 35 40 1
1914 619 1 47 11 94 15
2689 525 1 26 40 347 6
2395 97 1 44 63 41 15
618 920 1 24 52 69 10
4827 932 2 176 44 98 9
4935 475 1 18 69 28 18
2415 324 2 94 11 91 16
3277 894 4 106 41 236 20
4893 484 1 16 20 141 17
1891 600 1 54 11 67 20
1364 198 1 28 7 93 2
2554 140 1 37 35 79 13
2665 774 2 55 13 70 3
4664 429 2 143 39 173 9
573 781 2 76 20 139 2
2467 461 5 69 7 147 2
2010 530 1 30 15 159 20
1549 627 1 23 29 60 5
1421 758 1 23 14 228 15
1125 832 1 22 27 134 2
4111 937 3 61 38 17 19
767 409 1 17 20 43 20
1762 702 3 51 11 236 1
3051 414 1 16 9 208 1
734 481 1 25 28 35 3
4871 986 1 37 4 230 15
4950 864 2 45 18 373 16
370 487 1 16 9 151 18
3228 749 1 23 34 139 17
3635 532 1 22 33 185 11
4401 220 2 48 61 67 2
435 636 2 73 19 113 15
4200 387 2 89 13 97 20
1658 946 1 20 46 52 19
3626 295 1 27 39 111 6
3333 914 1 23 46 129 6
4637 461 1 17 16 371 4
4629 864 1 21 30 80 14
2340 204 1 36 39 143 19
159 260 3 142 12 77 12
4279 668 1 20 65 40 8
2414 503 4 132 13 280 4
4933 865 1 13 11 164 13
2088 322 1 44 12 153 13
1453 201 1 20 24 325 9
4487 285 1 28 5 166 11
3172 897 1 34 26 389 19
1500 317 1 13 55 62 6
2522 359 1 41 47 33 15
981 373 1 30 7 112 15
4345 776 1 23 36 224 14
234 383 1 47 19 263 15
2899 676 2 61 43 18 17
874 283 1 23 20 355 3
68 674 1 33 7 249 2
4756 107 1 14 12 209 17
914 595 1 39 7 80 9
1033 681 1 13 64 26 19
1893 947 1 40 45 112 7
4938 760 2 54 19 398 12
4976 742 1 16 16 120 18
517 955 1 34 52 16 18
874 988 2 32 11 195 7
2332 314 2 23 21 109 19
2003 249 1 37 19 263 13
2989 395 1 37 50 31 19
1402 395 2 39 36 75 16
3516 553 3 172 15 75 17
1895 380 1 40 19 98 15
3888 433 3 124 14 196 19
382 546 1 43 6 81 14
4832 610 1 14 43 78 8
1514 296 1 44 18 174 12
379 619 1 30 43 27 18
3857 393 1 18 56 78 13
4455 306 1 28 26 141 6
1849 155 1 11 24 328 19
3623 757 1 17 38 47 13
3758 885 1 41 48 41 4
1736 283 1 34 51 17 14
1907 425 1 30 7 306 1
499 131 3 53 16 74 9
2883 177 1 21 28 38 7
4818 157 1 18 29 20 2
1907 959 1 46 40 51 5
4862 216 1 37 44 199 16
818 991 1 24 13 251 11
4096 938 1 37 50 22 14
4638 817 1 16 13 96 10
378 585 1 38 10 115 16
3860 466 1 17 22 209 11
3630 318 1 21 45 274 6
719 294 1 30 28 85 17
3918 134 1 79 31 18 13
3697 234 1 24 16 394 18
4238 697 1 16 8 133 2
2729 650 3 62 12 191 4
2164 849 1 41 9 74 7
2211 891 1 20 31 29 5
1180 785 1 15 53 42 4
4669 892 1 19 29 384 15
1803 320 1 17 35 190 17
164 887 1 24 25 138 7
3090 554 2 67 45 28 8
281 372 2 43 27 32 3
3906 924 4 76 44 197 5
712 659 1 21 43 35 18
2037 473 1 36 14 208 17
3937 295 1 30 31 34 7
4127 478 1 23 38 34 15
4 686 1 70 34 106 2
1705 234 1 80 17 256 7
3999 972 1 14 10 159 13
4404 360 1 21 22 218 14
3570 219 1 20 71 42 18
204 911 1 29 47 28 15
1366 834 2 60 56 107 16
188 760 1 37 20 190 1
1534 639 1 35 8 152 13
518 312 1 16 16 129 13
4896 589 1 24 50 98 13
2664 779 5 58 10 188 18
3923 327 1 18 18 248 10
4107 318 1 12 56 42 3
1799 566 2 94 28 254 2
969 965 2 73 14 102 14
4742 994 1 15 9 130 12
1700 935 1 38 19 237 10
248 565 2 22 41 213 3
1570 100 2 36 21 246 6
2163 584 1 23 40 57 5
2239 83 1 40 19 167 12
2949 204 1 24 23 166 18
564 147 4 63 10 134 8
966 592 1 16 12 181 1
4618 870 1 28 37 18 19
4731 174 1 38 30 52 2
2661 534 2 92 19 185 15
4224 422 1 24 33 42 14
1071 542 1 32 20 139 8
2432 776 2 38 7 226 12
805 455 4 132 32 69 7
1966 725 1 27 57 35 3
4356 392 1 16 33 286 3
1809 874 1 14 48 48 9
1617 591 1 47 36 22 5
3037 623 1 44 9 73 7
1114 377 1 32 15 208 18
4387 774 1 21 23 32 4
4203 786 1 48 9 104 4
84 275 1 11 23 429 5
645 800 1 37 10 155 1
3214 312 2 37 39 61 9
550 513 4 53 12 209 6
2797 447 1 47 16 81 12
2090 506 3 66 57 70 20
686 174 1 18 40 54 4
4287 680 1 24 15 242 4
4812 420 1 22 29 213 12
2738 927 1 36 47 132 6
3947 552 1 19 9 76 17
2876 88 1 20 25 162 8
2501 863 1 13 29 71 2
4001 610 2 28 26 411 16
720 501 1 38 47 81 9
3754 370 1 19 56 17 2
285 896 1 16 46 48 20
194 812 2 96 11 124 16
264 338 1 15 57 64 16
1012 248 3 37 11 209 14
2767 119 1 23 39 227 8
1223 567 1 23 21 71 8
4312 724 1 12 43 34 16
1326 923 1 20 35 32 5
3265 271 1 18 29 24 7
3414 686 1 35 6 244 5
1059 975 1 30 29 21 19
4889 722 1 31 16 106 5
1688 560 1 33 43 140 12
3271 508 1 24 29 34 3
1923 103 3 59 9 53 10
600 128 1 26 35 46 10
4620 882 1 30 43 34 5
4120 959 2 41 33 361 18
420 794 1 20 12 87 19
4580 270 1 36 6 238 5
3264 315 1 16 47 34 4
1020 773 2 54 26 19 4
3700 334 2 39 32 287 6
4544 530 1 38 46 38 16
4964 493 1 35 8 182 3
2914 818 3 124 13 101 18
4284 936 1 18 16 88 14
4079 173 1 42 28 32 18
3342 644 1 46 29 45 3
889 904 1 47 5 294 15
1587 150 4 67 25 30 9
310 118 1 25 9 184 13
3754 964 1 20 27 35 11
4264 352 1 32 22 93 2
530 708 1 17 29 43 10
2206 719 2 43 47 65 3
1585 311 1 20 30 86 13
297 227 1 40 20 308 17
3158 228 1 17 21 86 10
1200 90 1 29 6 285 9
3211 786 1 23 15 160 18
684 362 1 12 32 77 18
197 869 5 164 30 266 11
4402 338 1 77 24 182 16
2526 924 1 21 31 285 18
288 428 1 19 28 197 4
350 125 1 92 64 295 13
1935 497 1 80 40 146 20
525 270 2 116 11 135 14
1702 854 1 23 54 40 20
1903 945 1 71 11 121 14
3733 91 2 48 33 189 3
2728 751 1 22 13 400 14
317 392 1 38 12 77 6
2066 87 1 24 38 28 1
4880 422 1 21 61 40 9
3700 174 1 47 59 77 11
3316 967 1 77 37 42 7
3768 719 1 23 49 45 18
424 602 1 23 16 195 18
2 687 2 23 32 36 16
3680 711 4 114 27 314 6
4876 194 5 226 27 180 16
1771 455 1 39 19 346 4
3678 628 1 40 33 144 15
1998 266 1 20 22 155 2
569 790 3 39 14 189 11
4983 794 2 60 8 79 6
606 973 1 32 6 158 2
2583 169 2 24 15 170 7
4001 736 1 48 19 221 11
3814 288 2 25 10 159 2
3103 724 2 45 12 86 17
2724 961 1 18 32 52 2
720 852 1 32 32 17 1
4948 894 2 30 7 178 13
2361 571 2 48 41 36 7
768 323 2 32 11 189 3
1873 120 1 17 39 294 2
4341 181 2 55 5 279 5
3026 104 1 26 12 211 13
2557 902 1 24 24 299 15
3432 760 3 56 46 30 10
993 154 3 55 46 29 9
4605 641 1 31 45 245 14
3505 876 2 41 47 34 12
4328 968 1 22 59 17 20
2933 284 1 48 51 56 9
4757 587 1 37 4 273 13
1169 322 1 15 10 201 6
2138 137 1 25 18 147 12
1179 434 1 40 12 95 6
1991 237 1 65 22 84 8
371 579 1 13 16 153 3
4617 558 1 34 12 147 20
4476 829 1 43 18 238 2
4279 104 1 17 17 76 17
4991 872 1 40 41 28 20
818 770 1 36 31 29 3
3890 622 1 56 12 143 16
2754 332 1 19 54 66 4
4479 379 2 32 27 99 17
3653 961 1 19 16 219 6
3793 984 2 28 13 171 1
1740 513 1 76 47 46 6
1563 303 1 23 7 77 3
4816 692 2 130 19 131 14
3408 801 2 63 10 109 13
2630 750 1 18 72 27 6
3946 642 1 14 14 125 6
4079 997 1 18 50 107 2
1025 833 2 77 28 21 17
4135 247 5 66 9 222 19
2322 97 1 24 26 232 20
1636 557 2 42 65 36 18
618 215 1 16 13 196 5
3989 629 1 31 30 80 19
196 204 2 40 24 97 16
1314 383 1 34 15 307 2
4985 446 2 77 55 252 13
4818 627 2 38 61 66 12
640 663 1 19 42 227 13
3587 667 1 50 39 333 2
1791 747 5 166 43 235 2
4149 82 1 44 41 29 3
4265 441 1 11 29 241 12
986 465 3 115 36 116 6
799 354 1 15 16 64 8
1572 643 1 63 21 236 12
2401 310 3 111 38 232 5
1489 713 1 46 64 391 1
1791 537 1 28 6 163 17
4837 297 2 92 20 123 14
504 659 1 39 13 226 11
3019 196 2 40 33 319 11
4853 904 5 90 44 156 4
427 941 1 17 21 74 10
868 156 3 62 48 27 2
341 661 1 15 15 188 10
4205 208 1 24 31 74 11
866 923 1 20 49 19 6
1601 898 1 79 31 18 15
1010 230 2 80 17 189 1
4753 574 2 38 38 16 2
4002 256 1 32 63 48 4
1721 970 1 23 23 241 2
4245 877 2 84 28 381 10
911 688 1 23 10 94 10
4873 986 1 20 27 72 6
1998 387 1 31 8 220 14
4797 453 3 53 24 30 6
2532 575 1 11 62 26 1
3347 509 2 92 34 22 13
2742 354 1 19 39 101 9
4604 302 1 22 6 210 3
713 802 1 24 30 29 13
2335 748 1 24 20 345 15
3204 642 1 52 24 205 8
3799 494 2 35 18 64 2
4559 678 1 47 32 280 20
3798 210 1 31 6 169 5
2321 152 1 26 17 104 19
2395 470 1 22 25 100 14
29 951 1 14 15 145 1
4200 810 1 18 32 193 15
541 83 1 30 15 101 12
2967 630 3 98 36 61 12
3531 151 1 21 13 308 14
533 757 1 24 34 59 19
611 349 1 13 16 144 17
3456 610 1 33 59 42 7
4100 986 1 29 34 124 18
4853 201 1 35 18 392 9
3594 260 2 39 34 221 3
4934 680 1 34 13 308 7
673 913 1 19 24 331 14
1559 993 1 33 23 75 2
2301 564 2 96 11 162 16
4548 408 1 12 23 405 16
4885 800 1 26 8 183 14
1196 992 1 23 9 135 5
4889 337 2 64 23 48 4
2184 470 1 18 42 209 15
1518 465 1 19 26 251 7
2495 290 1 44 45 69 9
4717 215 1 24 15 415 17
4032 760 1 40 12 49 4
3625 218 1 18 46 78 4
4356 343 1 23 47 30 15
3587 901 2 38 40 39 19
1991 865 1 20 34 191 17
21 955 3 52 22 362 8
3999 501 1 35 23 160 10
131 831 1 22 10 152 9
4090 488 2 76 34 134 12
524 289 1 33 12 144 5
2470 824 1 21 20 44 13
1868 488 1 14 13 90 15
112 280 1 17 65 33 18
4427 738 1 19 49 38 18
53 447 1 39 45 257 6
962 169 2 59 35 19 9
2020 736 1 38 40 48 13
2007 165 1 40 37 108 7
3129 130 1 14 19 69 19
2694 494 3 85 49 27 11
356 510 1 75 28 21 17
4024 462 1 42 9 113 13
4678 142 1 12 10 116 20
3125 231 1 30 17 108 4
768 408 2 45 33 61 13
1019 751 1 27 43 80 2
911 793 1 12 11 118 9
2852 604 3 52 12 236 5
4166 564 1 13 12 121 8
4702 353 1 38 6 83 9
2726 743 1 16 50 33 12
1589 325 2 40 21 88 17
1058 655 3 54 8 69 16
807 820 1 14 10 170 12
1250 593 1 34 18 171 18
2087 940 1 20 16 255 9
4304 860 1 30 21 152 16
4000 796 1 24 23 267 1
863 723 1 30 44 50 14
4465 501 1 48 39 44 2
2452 709 1 19 12 206 17
2866 889 1 17 36 201 13
4747 513 1 31 24 97 20
575 258 1 18 37 241 8
2169 515 1 13 32 34 17
3744 936 1 28 44 140 5
1397 167 1 42 20 179 12
4623 872 2 66 32 16 15
619 681 1 31 24 279 17
225 747 1 12 31 64 5
1574 159 2 53 24 21 15
3886 476 3 81 23 76 6
3817 737 2 27 14 109 2
2190 331 1 27 35 22 9
1787 201 2 46 29 188 9
1693 123 2 128 64 160 13
3139 433 1 32 10 89 14
2377 572 2 41 21 41 11
159 706 3 96 32 29 14
3839 552 1 29 23 140 8
285 326 1 25 11 107 3
2088 205 3 59 40 26 4
1247 126 1 17 30 133 5
4211 512 1 25 27 138 4
317 113 2 130 42 243 9
4000 880 2 37 37 261 20
2531 459 1 27 12 221 20
109 224 1 16 41 220 15
3111 872 2 60 12 66 20
2176 785 1 11 13 163 14
3635 423 1 37 33 148 14
542 983 1 24 15 133 15
1502 308 1 35 7 78 7
4544 884 3 37 15 167 17
2016 115 1 34 21 266 10
4243 738 1 26 8 298 6
3339 618 1 77 10 212 19
1263 305 2 27 14 186 14
1107 799 1 35 26 22 15
3410 995 1 13 13 123 18
3410 585 1 16 20 233 19
4738 172 1 30 14 143 20
828 564 1 24 15 155 7
4475 301 2 39 12 86 8
4232 631 1 34 34 41 13
4516 977 1 22 19 135 11
2773 775 1 36 27 110 10
4263 91 1 48 10 69 15
1096 531 1 13 28 438 17
1188 86 1 19 55 32 15
1524 804 2 27 18 120 9
342 437 1 11 45 24 20
298 812 2 60 16 278 14
2194 486 1 28 7 163 13
1064 210 1 14 9 137 9
3541 92 1 29 13 187 17
301 213 2 33 35 41 1
1024 876 1 15 31 29 11
1599 388 1 22 19 245 15
236 326 1 22 26 168 14
349 383 1 21 47 26 15
1203 907 1 13 8 107 15
4818 688 1 45 20 73 17
4078 215 1 22 34 140 13
3922 372 2 86 19 83 18
3560 578 1 16 29 424 9
1498 628 1 18 13 353 11
3128 832 1 22 15 279 12
4153 622 2 37 44 16 16
3749 892 1 14 15 122 7
2635 916 1 16 9 208 16
3934 925 1 23 20 321 18
3870 594 1 46 53 229 2
4935 134 1 22 32 57 18
4073 770 1 55 17 326 5
1563 446 1 22 20 147 11
2869 593 1 13 20 116 8
2610 868 4 54 11 201 11
1619 605 1 68 38 46 3
743 133 3 47 8 252 12
1568 412 1 32 42 45 4
1196 842 1 44 11 72 14
4863 124 1 24 23 301 14
2794 703 1 48 23 175 12
2838 780 2 114 28 293 14
4818 958 1 22 22 114 3
1435 770 1 29 35 364 6
2756 405 1 71 15 65 13
2407 449 1 41 8 165 4
324 259 1 39 20 290 4
4558 116 1 22 21 258 10
1825 103 1 32 33 70 13
2778 308 1 43 36 24 3
2930 147 1 48 16 292 12
2940 328 2 92 14 134 19
1074 114 1 12 57 40 12
4811 806 1 43 18 266 3
2973 969 1 91 48 37 5
3749 1000 2 36 70 30 17
748 451 2 33 60 42 8
3388 760 3 48 50 32 19
2996 844 1 16 12 146 2
4679 649 1 27 23 445 3
3950 212 1 29 30 23 1
4272 561 1 30 34 38 2
1348 604 1 14 24 146 8
3525 195 2 37 8 52 1
1363 369 1 32 8 156 15
985 109 1 41 21 213 10
1663 93 1 30 46 74 7
4673 589 1 25 45 22 12
2922 123 1 17 39 102 7
4209 490 1 39 29 47 16
1099 887 1 24 47 68 17
3919 497 4 53 64 271 7
2654 419 1 11 15 115 12
1385 545 1 18 50 114 19
2738 282 3 63 42 16 13
1855 720 1 28 36 38 12
1372 269 1 42 37 262 14
4149 703 2 40 35 46 9
2785 841 3 118 42 90 9
1651 151 1 22 41 96 18
1301 504 1 30 7 271 2
2250 346 1 15 41 42 11
220 793 1 22 15 91 6
235 711 1 32 5 223 4
4952 593 1 19 22 139 10
761 630 1 22 30 50 20
377 797 1 22 44 117 12
2695 560 1 24 10 64 18
4851 899 1 13 42 318 2
538 761 1 17 23 157 9
3879 212 2 75 49 221 17
402 987 1 18 40 47 9
2225 673 1 20 31 18 10
299 505 1 47 11 95 16
1949 616 1 17 30 92 19
3470 185 1 16 32 78 10
1183 616 1 69 41 23 20
3621 393 2 56 23 408 2
2618 531 1 18 38 63 5
1626 738 1 14 24 373 13
3319 835 1 25 24 139 3
1799 133 2 85 57 105 10
4919 392 2 67 17 81 9
1802 942 2 26 14 222 18
3656 653 1 29 20 191 16
2392 997 1 85 34 128 19
4803 191 1 44 18 318 19
2713 985 1 24 24 32 5
136 116 1 89 19 120 8
1282 356 1 31 16 156 4
2519 374 1 32 12 141 2
2438 516 1 55 47 32 15
2927 756 1 19 69 36 15
849 652 4 84 45 181 11
4923 429 1 27 28 17 19
1567 107 2 50 38 28 1
50 359 5 117 43 176 1
1459 256 1 23 19 201 17
2151 297 3 124 39 119 13
2535 771 1 13 30 94 17
937 917 1 41 65 19 15
4674 136 1 37 10 396 4
1468 900 1 47 14 106 8
163 563 1 16 22 294 11
955 171 1 38 7 295 6
2923 216 1 48 26 81 17
4733 651 1 36 22 194 12
3790 619 1 21 50 98 9
2296 350 1 58 10 77 5
49 871 1 16 31 95 14
4867 299 1 20 15 276 7
4202 429 1 47 11 137 10
2358 908 1 25 8 162 11
691 87 1 39 19 360 11
2123 912 1 30 42 42 1
215 371 1 40 41 70 4
4885 609 1 21 46 73 2
3316 739 1 21 14 192 19
4604 965 3 73 37 30 17
4501 593 1 14 26 272 14
2963 958 1 24 19 189 18
720 423 1 23 49 15 18
717 685 1 36 40 32 9
3260 867 2 45 26 247 20
3279 669 1 175 12 44 20
3131 664 1 13 8 175 17
4711 778 2 34 45 66 8
3890 752 1 27 40 139 6
595 617 1 16 54 28 19
34 682 2 141 56 40 8
3881 913 1 24 16 277 2
4731 578 1 82 19 126 4
1872 766 1 33 10 146 20
4066 581 1 19 39 189 14
497 986 2 130 24 129 8
4290 774 1 26 26 42 7
2716 950 1 22 28 70 16
808 280 1 24 27 37 16
514 535 1 38 15 299 13
132 668 1 12 39 62 15
1127 960 1 19 9 51 8
972 905 1 24 24 159 17
1784 962 1 68 48 394 4
3787 845 1 14 52 85 15
4367 376 1 23 20 373 3
2675 458 2 37 26 44 5
3030 725 1 12 12 187 13
4076 281 1 14 24 162 17
1932 473 1 27 45 125 8
2464 975 1 21 21 202 1
3116 339 1 12 41 293 17
1018 435 1 26 35 36 5
4124 858 2 69 19 185 11
2979 327 3 69 40 32 4
3104 964 2 48 43 15 15
4023 520 2 42 28 61 1
3590 415 1 23 18 171 13
2538 698 2 42 25 72 1
2079 314 1 40 6 154 13
1760 637 1 31 7 215 9
1815 816 2 61 17 346 13
3157 766 1 20 12 174 12
2707 851 1 31 42 17 3
4095 685 3 54 38 26 11
611 186 1 44 10 111 2
520 475 1 36 10 341 8
1933 408 1 45 20 335 17
2993 399 1 20 50 62 13
310 398 1 40 34 31 2
149 504 1 21 43 123 8
2078 356 1 12 13 69 14
684 338 1 22 33 26 11
4138 470 1 14 34 70 10
2522 449 2 32 16 134 17
298 409 1 35 7 242 17
3068 169 1 31 43 327 2
2962 153 1 21 40 167 10
4233 480 1 30 8 178 11
4205 601 1 21 43 83 15
1374 450 1 20 22 142 20
2495 524 1 38 12 113 3
2379 934 1 16 21 418 1
1066 104 2 86 58 38 12
3574 882 2 157 19 151 18
1874 516 1 23 32 28 1
1059 548 1 16 38 281 13
2656 977 1 30 21 155 1
302 557 2 46 23 361 1
1574 986 2 43 7 204 9
756 919 1 37 25 72 19
33 900 3 72 13 79 5
1443 138 1 17 19 353 17
1526 714 1 74 62 234 4
1262 950 1 30 10 77 3
3318 282 1 32 38 21 15
2618 205 1 19 18 279 12
2154 491 2 94 16 325 12
864 885 1 13 40 321 4
4383 267 1 34 5 326 18
3121 777 1 22 21 276 7
3108 299 1 20 21 416 17
579 813 1 15 11 142 9
4610 490 1 54 6 164 1
2309 425 1 55 50 26 13
235 81 1 86 42 196 14
3851 581 1 78 18 84 8
4627 216 1 15 51 39 17
1468 309 1 32 8 275 4
202 446 1 20 16 75 13
3104 507 1 68 43 72 4
3178 136 2 53 38 29 15
79 993 1 11 58 85 5
2758 652 2 42 45 56 12
2827 520 1 34 7 85 6
1135 136 3 56 6 222 10
1246 862 1 23 29 61 19
1828 497 1 23 24 342 5
3873 987 1 37 10 203 5
779 877 1 19 28 27 20
1727 258 1 17 30 225 5
4460 918 1 113 59 139 2
209 968 1 34 31 48 4
863 275 1 22 17 210 11
4280 602 1 26 46 35 16
4350 214 3 70 45 29 11
4733 760 1 27 35 33 4
1998 582 2 32 30 319 16
357 720 1 36 7 305 1
1180 367 1 26 45 30 5
2005 317 1 18 53 21 14
1377 451 2 35 21 102 16
859 209 1 43 24 356 5
3709 826 1 18 32 58 18
669 560 1 70 13 137 13
1563 943 1 40 14 329 19
1149 136 1 37 8 148 9
2221 950 1 24 16 231 5
3068 547 4 69 64 257 4
1087 476 1 14 48 95 11
1808 367 1 32 35 25 1
292 511 1 29 44 116 12
675 412 1 23 66 40 8
3216 918 1 11 17 124 4
1654 283 2 81 17 75 7
636 720 1 30 31 108 12
2031 97 1 35 11 351 11
3265 775 2 54 33 107 19
4656 200 1 74 18 98 12
4696 199 1 14 48 87 4
4236 279 1 24 36 257 12
1034 347 1 31 7 66 4
1133 185 1 40 61 55 11
260 991 1 23 11 113 8
3854 549 1 35 11 88 12
4108 877 1 36 24 174 18
2954 815 2 32 32 25 8
1609 690 1 30 32 19 20
4069 970 1 23 16 68 6
219 849 1 14 45 51 13
1256 395 1 31 6 259 20
3680 992 2 74 49 340 19
3996 400 1 20 20 105 7
3715 963 1 45 55 41 10
3047 644 2 59 7 126 7
1987 579 1 30 7 159 17
4233 183 1 34 12 73 16
4048 203 1 44 37 44 1
1875 92 2 36 38 143 5
4359 125 4 74 45 302 11
516 483 1 35 46 37 8
1627 803 1 35 22 51 16
1203 535 2 39 16 110 6
2294 1000 1 24 29 72 7
2095 744 1 22 15 62 3
4044 114 1 16 49 76 4
3324 913 2 60 12 76 13
3307 612 2 62 32 16 18
4689 552 1 22 15 247 4
1595 979 4 177 32 173 12
1992 203 1 12 19 93 1
2354 528 1 46 6 58 1
602 835 1 18 12 174 10
1749 167 1 22 31 209 3
4557 377 3 52 47 27 6
3744 220 1 19 39 230 4
739 412 1 91 15 129 20
2419 531 4 130 12 105 20
3108 384 1 36 24 197 18
3767 500 2 36 34 43 9
4502 584 1 25 7 202 7
3479 649 1 46 10 167 5
3056 695 1 41 21 136 11
963 168 1 26 51 98 20
4668 182 2 39 7 162 9
3012 975 2 29 16 120 20
551 177 3 41 51 296 12
4997 892 4 213 34 343 9
2756 673 1 13 14 120 4
1457 571 1 21 24 70 11
4212 374 2 127 8 92 5
4218 343 1 22 12 294 13
3429 988 1 25 24 40 10
118 799 1 25 21 384 10
4028 148 1 37 38 196 4
2560 790 2 35 67 43 8
4896 162 1 38 33 42 7
2885 275 1 20 28 29 10
1984 341 1 70 12 111 5
3804 179 1 16 59 75 4
1766 371 1 21 30 65 1
3979 386 5 195 44 261 17
4621 743 1 19 36 260 6
2428 96 1 11 10 114 7
1412 400 1 48 27 64 1
4520 567 1 20 31 33 8
1239 920 2 29 6 151 12
2529 702 1 39 12 81 3
1635 657 1 48 17 282 3
187 933 1 18 24 240 18
2531 256 1 29 34 21 6
223 774 1 31 6 330 16
4912 440 1 23 16 224 15
1836 121 1 44 16 185 3
3507 153 1 27 46 19 5
2060 391 1 44 20 306 8
665 367 1 24 12 351 17
4078 967 1 63 42 164 18
1629 321 1 39 7 221 11
289 170 1 32 6 276 7
4861 431 1 20 18 373 10
2038 977 1 28 24 100 7
4836 695 1 21 16 68 13
2211 967 1 20 14 318 15
1115 994 1 20 13 314 18
3319 673 2 30 15 128 14
843 459 1 26 28 41 6
4085 937 1 36 6 223 10
1941 179 1 42 36 311 18
1105 132 2 48 10 135 17
2241 949 1 23 34 37 9
4792 352 1 24 8 318 8
1183 861 1 39 15 303 14
2036 420 2 41 29 223 2
3258 352 1 32 10 204 4
4664 384 2 64 11 117 17
727 275 1 42 12 134 1
4238 964 1 41 48 36 1
4364 822 1 23 12 242 8
879 692 1 23 58 32 14
3280 161 3 97 11 122 15
1504 514 1 31 30 20 1
3758 170 1 14 12 148 3
3476 559 1 41 13 96 14
3247 877 4 118 12 208 5
3192 415 1 26 27 24 6
351 139 1 16 23 230 20
224 461 2 32 64 39 2
3091 826 1 22 12 65 19
4537 837 1 41 6 45 8
3687 983 1 27 44 67 7
4097 348 1 16 10 74 14
2348 144 3 69 35 186 17
1614 556 1 22 33 26 15
3106 129 1 19 26 158 18
1223 786 2 106 24 268 17
2556 393 1 18 42 135 6
2577 985 1 18 38 158 13
3519 585 2 84 41 214 5
1630 241 1 21 29 24 11
3998 477 1 16 22 170 15
2972 636 1 24 36 337 9
3234 892 1 37 21 50 9
3304 168 1 38 12 136 16
2081 746 1 15 11 214 4
2380 680 1 35 13 101 12
3132 718 1 21 33 335 2
459 703 4 106 16 218 15
1660 904 1 17 59 80 12
4937 482 1 16 13 97 4
365 442 1 11 12 139 11
1078 91 1 45 60 84 10
3257 863 2 72 24 354 17
4183 365 4 153 48 298 11
104 420 1 32 12 231 13
3019 465 1 20 21 408 3
2368 991 1 15 32 67 20
464 757 1 19 31 70 19
1404 456 1 24 25 28 6
4107 873 1 75 48 27 2
1208 140 1 20 29 28 16
3031 451 1 57 7 124 17
591 432 2 49 7 123 13
1975 436 1 35 6 79 15
4299 500 1 30 41 26 7
4550 425 1 26 15 157 8
1015 343 1 14 33 410 12
2417 350 1 37 14 175 17
3957 466 2 96 38 30 2
1889 494 1 13 15 90 15
3876 102 1 17 35 242 20
3683 455 1 12 28 272 12
253 971 1 13 12 199 19
205 470 1 17 23 86 18
3511 698 1 30 31 77 5
1623 378 1 23 32 264 19
3327 620 1 12 32 76 14
4546 758 1 46 16 229 5
1244 409 1 35 19 151 12
1716 786 1 45 63 235 2
445 978 4 168 40 276 2
1929 531 1 22 39 23 11
4855 939 1 16 34 47 9
4578 116 1 23 31 91 3
3452 373 2 40 63 80 12
4617 718 1 16 15 120 16
4364 759 3 90 47 16 15
1821 158 1 39 16 254 10
4114 921 1 20 28 144 7
2790 441 3 83 13 204 7
1335 110 1 24 36 200 9
4486 516 2 55 13 370 5
2942 556 1 28 31 33 8
4706 766 1 41 24 353 10
1777 402 1 35 12 182 10
1862 744 2 71 24 110 15
2920 212 1 22 21 348 11
2607 524 1 25 39 28 19
1795 406 1 33 10 69 19
2133 224 1 36 47 23 13
683 964 1 46 10 148 6
3480 607 1 12 9 111 16
3850 617 1 38 43 295 8
1935 385 1 17 30 46 9
3700 843 1 24 19 309 13
4865 766 1 44 50 47 5
4674 733 1 22 40 94 11
1438 761 1 12 11 218 14
2442 158 1 41 24 192 8
796 802 2 48 30 132 20
2419 819 1 22 19 179 16
366 900 1 27 19 152 5
3055 472 1 12 19 66 9
1176 391 1 27 23 152 5
3565 405 1 15 27 231 4
1124 912 2 30 42 23 13
4889 335 2 85 20 121 13
2203 96 1 22 6 210 17
1911 176 1 27 10 127 5
406 248 1 18 17 391 8
1258 248 2 108 11 83 8
2284 142 1 41 24 30 11
3991 387 1 34 22 331 7
66 489 1 24 28 18 11
2995 426 1 48 43 45 16
2261 899 2 80 29 140 20
4569 135 2 41 9 209 6
3042 542 1 14 12 120 19
4071 562 1 23 24 152 16
2545 664 1 30 4 171 8
768 353 1 31 38 133 19
3973 969 1 12 13 152 5
4951 925 3 114 59 141 20
2492 713 1 23 21 210 19
2065 554 1 33 63 296 15
1249 988 1 24 23 388 4
4029 735 1 23 19 83 16
379 565 1 22 23 220 18
762 409 1 16 32 76 12
4448 772 1 46 11 225 6
3171 850 1 39 45 99 6
4399 552 2 45 8 83 15
2332 720 1 20 30 331 3
1921 475 1 40 28 91 14
2414 774 1 23 40 28 2
3721 534 1 39 43 29 10
2146 166 1 34 13 127 1
3302 905 1 25 29 40 9
2956 127 1 20 35 60 11
759 423 1 24 16 81 15
2145 597 1 21 29 60 11
3855 815 1 14 14 227 17
4951 943 3 114 33 124 11
3131 644 1 23 39 30 10
3418 809 1 20 32 49 11
3148 334 1 55 8 189 1
3843 297 1 29 24 79 14
4468 926 1 19 25 216 7
3050 538 1 18 8 49 17
3811 102 1 21 42 226 4
3128 122 1 16 40 88 20
3485 871 1 15 20 113 1
4971 919 2 158 20 83 17
4930 494 1 13 51 66 5
2298 342 1 68 52 19 2
3426 146 1 33 11 48 20
797 116 1 44 8 80 8
310 926 2 47 22 108 19
3861 543 1 37 21 51 3
537 492 1 39 39 24 10
904 93 1 31 19 175 14
4953 856 1 12 35 212 17
2211 941 1 61 8 71 9
3183 846 1 46 12 232 3
1411 214 1 16 11 120 2
2610 154 1 37 36 310 10
4297 461 1 24 52 215 19
4608 340 1 68 33 32 9
619 512 1 23 14 349 19
1071 221 2 41 72 39 12
4458 629 2 33 44 70 3
3989 140 1 31 5 161 7
1108 614 1 25 25 101 16
734 499 1 32 26 30 10
1482 470 1 47 7 119 19
1859 459 2 48 20 63 1
2290 320 2 27 17 179 2
940 486 1 16 58 47 11
479 80 1 27 8 180 18
2082 553 3 64 53 125 7
586 182 1 22 15 239 9
148 872 1 36 32 39 9
191 134 1 29 9 193 1
4906 891 1 32 8 242 9
2773 455 2 85 29 281 2
5 463 1 30 8 203 6
4960 234 2 56 19 99 5
2152 956 2 44 59 43 18
518 172 1 28 6 117 10
229 235 1 18 48 44 3
3682 686 2 88 18 131 13
4247 583 1 28 6 159 7
3224 820 1 20 21 180 17
2128 469 2 70 24 121 18
1647 206 2 36 19 45 2
1883 227 3 199 18 120 11
3543 791 1 17 34 65 15
2451 176 1 37 39 211 19
3889 741 1 14 29 448 11
4474 278 2 76 20 46 5
3438 568 2 97 25 139 3
3830 587 2 32 45 47 5
635 750 2 43 43 63 13
3755 997 2 139 29 187 13
1912 966 4 73 44 15 4
3744 256 3 102 24 486 16
3239 968 2 174 34 161 3
4126 916 1 35 31 21 13
4805 762 1 12 24 297 9
2417 518 1 17 60 24 12
4694 702 2 48 15 128 18
645 708 1 38 10 215 13
2313 218 1 22 19 263 8
3581 305 1 27 41 70 11
4871 794 1 24 37 117 6
3325 443 1 37 22 42 14
3667 808 1 32 35 205 11
4696 430 1 33 18 84 3
3181 346 2 38 31 45 13
618 654 2 70 42 204 16
776 809 1 14 39 44 11
4791 322 2 35 30 35 1
3415 442 1 21 23 59 6
2195 635 2 65 33 39 3
1687 172 1 43 16 287 5
1410 126 2 33 59 24 20
4428 338 2 47 6 72 9
3057 446 2 93 52 187 14
501 630 1 21 23 32 16
3877 334 1 15 43 209 20
331 572 2 35 10 96 12
4511 116 1 36 16 293 18
4884 507 1 22 17 220 6
652 721 1 16 56 65 5
2500 372 1 14 13 118 10
140 355 1 21 27 94 7
2023 763 1 22 28 231 17
4695 418 3 48 40 155 3
554 830 1 48 33 24 15
3175 932 1 16 44 447 10
1602 357 1 96 12 96 4
4337 181 1 22 48 24 11
2117 683 1 30 26 78 17
3875 626 1 22 24 165 13
162 235 2 63 60 44 10
4244 847 1 37 6 227 19
441 856 1 13 32 48 19
3743 858 1 47 11 326 4
4960 983 1 16 24 314 20
241 558 2 107 29 258 15
2943 759 1 23 14 301 10
3229 440 1 24 34 18 4
3042 181 1 47 7 100 15
789 414 1 32 38 16 10
2883 134 2 39 47 33 15
1521 320 1 38 50 200 10
1414 109 1 40 25 104 18
2620 720 3 71 45 30 14
2640 898 2 34 14 65 19
744 325 3 72 24 32 4
602 199 1 31 7 312 14
1868 821 1 53 48 105 5
3969 640 3 90 33 224 15
1821 282 1 46 12 112 19
4882 902 1 34 8 60 16
3026 465 1 88 18 138 12
3450 697 1 12 12 182 4
1684 696 1 29 48 44 7
1268 372 3 85 28 255 10
4638 424 1 14 30 415 4
2461 398 1 43 40 38 11
863 388 1 49 21 363 3
3784 288 1 76 56 151 15
4086 133 1 13 44 29 3
692 353 1 15 11 114 18
865 294 2 120 21 56 5
2807 509 2 48 6 218 12
769 432 1 40 33 90 19
3544 809 1 34 24 33 6
4677 884 1 21 40 147 3
3337 706 2 113 48 114 16
4279 583 1 31 6 351 4
3509 437 2 79 40 16 2
2399 709 1 16 14 197 14
856 237 1 39 43 65 1
4476 153 1 32 8 331 7
3105 967 1 62 47 192 17
1221 915 1 13 11 200 2
358 518 1 24 50 32 17
850 693 1 45 43 75 4
281 811 1 47 48 32 7
2542 445 1 22 41 15 14
4818 186 2 34 41 193 15
1572 958 1 38 44 18 12
2618 572 2 27 44 36 14
1079 260 1 85 33 303 1
283 512 1 13 63 39 9
2967 122 1 18 30 135 17
851 1000 2 46 68 33 1
3078 488 1 16 26 149 10
2769 472 1 16 22 56 3
1597 913 1 21 22 364 19
4376 837 1 41 7 60 8
4916 845 1 34 8 93 13
4130 442 1 24 36 159 8
2517 911 5 59 32 303 14
4098 750 1 22 24 59 5
818 314 1 36 42 112 12
3186 865 2 31 24 178 8
3203 452 1 16 37 44 4
983 176 3 68 23 224 18
1468 263 1 25 19 312 6
4589 918 1 47 16 83 12
3834 734 1 39 11 269 2
513 790 2 25 23 223 1
892 214 1 13 41 270 8
3262 508 3 73 41 25 8
3829 827 1 34 34 55 5
2884 347 1 45 8 90 19
4962 580 3 49 22 38 15
664 670 1 19 64 37 11
4544 387 1 15 30 430 2
181 320 1 32 30 131 19
2429 824 3 95 17 69 20
2078 223 2 43 37 64 14
3802 322 1 60 43 128 18
164 433 1 20 20 197 17
254 913 1 18 19 53 1
1053 978 1 46 24 21 10
4792 963 1 71 24 49 2
774 681 1 16 38 95 7
563 474 1 22 60 24 8
3069 368 1 44 36 57 20
4931 370 1 22 39 270 20
2466 220 1 34 49 26 8
2760 468 3 40 8 175 8
1887 377 1 12 34 303 10
1265 279 1 29 7 183 18
4123 799 2 68 45 19 3
1293 211 1 22 18 217 2
4329 989 2 57 23 290 10
2616 816 1 24 16 116 19
186 418 1 56 18 292 7
3265 545 4 145 18 74 12
2717 132 1 47 10 78 9
875 92 1 29 54 24 14
2017 975 4 64 7 243 13
239 800 1 32 59 24 2
3254 440 1 34 35 25 20
4741 335 1 20 30 273 1
3917 421 1 37 24 165 15
10 913 1 40 68 43 3
4416 708 1 17 27 172 6
916 423 2 45 38 263 14
1877 718 2 47 21 293 10
2651 922 1 30 48 384 11
4151 512 1 18 33 24 16
4479 978 1 47 23 80 17
3373 319 2 92 9 59 13
3135 572 1 32 20 387 12
4519 126 1 19 25 295 4
250 948 1 16 34 296 6
3683 614 1 37 66 16 2
4707 516 1 32 11 324 4
2961 981 1 17 16 289 13
3708 616 4 89 26 21 18
3103 602 1 20 42 123 18
4153 506 3 52 9 74 1
1899 886 1 32 8 336 1
4899 821 1 73 13 97 12
4183 888 1 43 48 22 11
1620 840 2 45 14 46 7
1875 308 1 34 22 341 8
4778 398 1 15 28 332 16
1854 96 2 76 51 53 2
3451 513 1 28 24 82 11
2270 417 1 36 15 205 5
3431 125 1 37 27 322 13
1661 368 1 57 22 245 20
1690 398 1 22 28 46 12
2339 859 2 48 17 82 12
1111 432 1 13 12 86 18
785 802 4 198 27 271 18
1453 938 1 39 6 82 13
2255 698 1 16 20 125 19
1496 561 1 44 13 83 10
964 131 1 13 20 109 10
4319 203 1 45 19 49 2
3870 705 1 30 11 85 11
4843 922 1 73 12 226 13
590 715 4 192 21 306 15
3186 829 3 82 39 165 16
3509 902 4 58 9 240 9
4737 876 1 31 22 269 19
1166 987 1 33 15 148 7
650 280 2 103 42 406 7
4045 982 1 15 49 73 7
225 791 1 18 41 26 14
1125 875 1 30 22 185 12
1015 473 1 19 58 80 8
1647 682 1 13 57 92 3
2277 231 1 16 29 274 18
3699 704 1 20 41 145 4
2553 367 1 20 23 90 10
1367 921 1 11 46 23 15
1535 667 1 36 12 136 3
3999 81 1 13 15 109 9
4187 876 1 33 36 99 17
1747 297 1 30 16 144 19
755 397 1 34 9 51 7
422 861 1 30 15 259 17
3386 348 1 34 33 123 20
4853 159 1 18 29 166 7
2979 475 1 24 19 260 16
1512 935 1 23 45 27 13
1821 488 1 21 39 23 2
1794 203 2 60 8 263 11
3562 645 1 30 49 25 6
4879 284 2 40 36 267 5
1446 950 1 11 31 81 17
4430 527 1 34 21 138 6
1905 383 1 14 32 49 13
2015 178 1 28 22 294 9
3703 723 1 25 53 346 16
892 387 1 30 15 207 18
1186 794 1 21 28 100 17
168 840 1 67 32 150 16
3020 218 1 44 27 33 17
13 942 2 24 14 126 17
855 964 1 16 32 444 20
2311 89 1 43 14 390 17
2418 84 1 18 37 35 5
2104 794 3 104 20 84 11
4207 87 1 16 19 84 13
2906 700 3 70 50 188 8
667 140 1 20 13 420 15
1460 948 2 45 21 56 12
2186 493 1 25 19 87 18
1415 176 1 32 15 168 2
2153 513 3 137 62 237 14
3290 598 3 61 7 244 6
264 224 1 20 31 83 12
4155 934 1 36 10 386 12
3310 746 1 39 23 56 19
4019 105 1 41 36 31 2
2705 922 1 19 16 48 20
1465 942 1 27 48 47 19
4143 836 1 64 36 192 20
4026 640 3 127 56 58 20
3269 140 1 40 4 209 13
4224 101 1 24 19 74 6
4154 759 1 21 19 343 7
2325 769 1 46 16 78 10
2272 471 1 29 24 95 19
3360 907 1 20 10 91 15
720 563 1 16 13 294 6
4716 956 1 15 54 38 5
1299 539 1 29 12 213 12
1930 825 2 75 31 16 18
4254 531 1 20 39 59 17
987 684 1 31 10 114 10
2960 337 1 20 22 348 14
4727 443 1 15 43 257 7
2723 941 1 25 6 200 10
3405 755 1 23 46 257 3
1433 966 4 84 30 204 11
1971 988 1 32 28 113 15
907 137 1 17 44 208 12
1851 571 1 31 26 159 9
2127 477 2 23 30 23 8
1800 986 1 11 46 23 17
443 377 1 38 6 233 2
2156 826 2 26 15 154 1
4932 930 4 142 47 149 8
3640 958 1 35 6 211 4
4085 499 1 25 22 103 7
1616 223 3 35 11 133 9
2141 154 1 21 15 252 12
35 893 1 13 54 54 9
4550 273 1 22 12 217 6
2906 324 2 63 10 70 13
377 889 2 103 16 472 8
222 465 2 48 62 30 13
3010 608 1 13 33 78 3
492 888 1 40 10 118 18
3322 412 1 36 7 52 14
1405 203 1 29 7 233 10
4203 566 2 45 21 399 4
1650 103 1 63 71 229 8
70 799 1 11 42 38 13
2835 592 2 71 36 49 20
4241 362 1 17 13 85 3
2688 470 1 22 33 270 11
4827 992 1 27 28 141 18
1301 488 2 46 33 54 20
1944 237 1 23 17 118 5
4172 118 1 20 41 297 2
3279 432 1 13 24 361 5
1710 724 3 69 28 41 17
1498 142 1 22 11 65 1
2879 766 2 74 45 19 6
3949 740 1 20 58 27 5
2016 409 1 43 12 84 19
546 310 1 98 11 75 8
1060 497 1 38 12 171 16
4998 948 1 54 6 256 8
1098 154 1 41 20 97 8
2871 860 1 46 20 120 1
4592 949 1 31 37 40 3
4521 404 1 17 13 53 1
3540 204 1 40 13 403 4
1064 130 1 41 31 258 6
3316 189 1 24 11 63 2
1461 920 1 16 23 86 14
2942 865 1 27 48 107 7
3785 661 1 37 28 71 7
3421 710 1 24 34 320 17
4202 529 1 24 37 196 14
2030 786 3 53 67 281 14
3619 891 2 72 13 129 10
2751 867 1 31 24 166 9
1888 536 1 37 43 156 7
942 355 1 31 37 75 16
4365 406 1 17 34 71 14
3004 532 1 58 22 261 12
4624 246 1 32 47 45 8
176 863 1 22 37 53 14
996 160 2 77 10 95 6
3855 288 1 46 27 198 3
479 395 1 15 28 357 20
4586 109 1 24 23 301 1
3978 167 1 33 4 236 2
2685 368 1 23 24 119 8
562 456 1 34 46 37 2
2562 787 1 19 14 288 18
816 997 1 47 43 48 8
4886 740 1 48 30 253 12
4341 522 1 24 11 185 15
3810 572 1 35 29 78 18
4382 442 1 19 38 33 20
500 964 2 78 32 341 15
3933 128 1 44 14 228 14
4019 984 1 24 56 33 3
1375 806 1 14 39 346 3
4679 416 2 73 45 22 6
1574 240 1 12 8 180 2
1860 233 1 25 19 216 15
3903 849 1 17 56 156 15
2453 222 1 23 43 88 18
974 144 1 20 28 247 15
3441 230 2 92 22 197 4
1255 447 2 94 43 21 7
14 465 1 22 29 26 13
4250 200 1 12 12 211 20
997 674 1 35 44 116 8
4443 491 1 18 32 19 8
3487 951 1 24 18 171 17
3194 387 1 34 57 59 9
3750 547 1 22 25 35 11
4462 331 1 45 36 365 7
4983 317 1 13 34 299 2
4803 510 3 86 35 20 1
2328 672 1 24 27 239 16
1267 315 1 36 10 87 9
2489 840 1 40 16 269 8
3387 295 1 30 7 73 18
128 569 1 38 31 228 17
4112 519 1 18 42 119 5
974 782 2 121 11 87 11
1633 905 1 13 10 74 14
2477 779 1 22 67 41 8
4541 821 1 31 24 128 16
4083 795 1 24 23 167 18
1025 305 1 37 12 60 13
324 562 2 41 23 264 2
4123 121 1 13 9 123 12
4011 187 1 80 23 204 9
4927 793 1 21 41 167 20
493 628 1 29 26 468 20
3528 625 1 18 47 20 11
1721 882 1 30 38 39 2
2917 346 2 56 9 94 10
4846 426 1 24 6 91 13
4187 574 1 44 14 99 13
1793 379 1 19 15 83 9
3282 726 1 13 44 237 13
4980 725 1 16 24 240 18
3047 856 1 44 40 39 2
3809 430 1 22 31 62 1
4805 839 1 16 30 450 3
3075 863 1 34 7 276 19
4722 838 2 46 7 327 17
1640 346 2 23 36 35 4
1194 336 1 20 39 25 17
4447 912 1 11 29 396 9
1837 352 2 68 12 65 6
4057 718 1 15 44 29 15
3648 182 1 23 32 59 6
3204 569 1 19 30 29 14
4036 245 1 19 21 315 11
393 855 1 39 4 307 17
2096 226 1 40 12 276 7
4089 139 1 19 38 31 6
96 992 1 21 25 136 11
2427 715 2 32 12 117 15
3710 402 1 37 18 108 15
3045 871 1 43 10 45 14
4575 311 2 49 8 274 2
203 350 3 92 50 30 14
866 976 2 66 13 70 15
2142 489 1 16 34 24 2
1590 623 2 37 10 150 7
126 522 1 28 37 100 9
247 193 1 14 40 240 3
721 524 1 34 26 109 18
1532 374 1 39 39 150 18
487 532 2 60 8 95 3
4776 715 1 43 9 95 9
4467 892 1 42 24 380 5
1463 725 1 96 40 89 11
3635 244 1 17 35 313 16
93 726 1 15 10 219 9
4328 173 1 46 18 38 8
2769 313 1 23 26 256 13
776 136 1 18 41 26 7
4983 393 1 38 10 196 4
1858 950 3 56 28 61 12
2611 800 3 119 25 272 13
1752 137 1 21 18 89 19
2885 218 1 38 26 27 4
2505 229 1 24 46 48 6
844 655 1 17 29 237 6
1224 431 2 36 36 209 6
4336 582 1 42 8 121 13
4729 206 1 47 24 49 1
3660 94 1 17 14 369 9
3338 719 1 53 11 117 15
4707 502 1 50 15 283 15
4312 512 1 36 48 80 15
1596 440 1 24 35 382 20
1170 138 1 45 16 45 4
1994 425 1 24 7 303 19
1780 456 1 21 36 125 17
764 767 1 21 32 20 16
237 674 1 31 36 27 13
4758 161 1 47 14 138 3
3222 437 1 35 27 21 14
4284 595 2 34 19 30 20
2038 282 1 19 37 60 6
1586 201 1 15 11 188 4
3288 499 1 43 13 285 2
2650 851 1 35 10 401 19
3943 131 2 67 20 369 15
2720 879 1 29 39 247 13
1517 363 3 51 10 225 20
1772 845 1 20 21 193 6
2328 195 1 33 38 77 2
2670 146 1 12 28 375 10
3171 537 1 15 23 405 11
3082 701 1 39 4 309 12
2353 150 1 18 49 104 6
144 560 1 16 16 172 13
4877 320 1 28 28 157 14
2024 644 1 56 13 138 13
3824 512 1 44 39 174 13
2667 183 2 61 40 108 19
4394 95 1 14 27 339 6
1728 597 1 40 5 324 16
886 336 1 38 20 293 11
1479 398 3 125 13 108 19
2310 852 1 25 27 113 2
379 342 1 37 53 78 7
447 582 1 21 44 131 2
539 263 1 27 18 280 19
279 512 1 38 62 102 19
425 357 1 42 17 318 14
2580 360 1 15 31 36 3
0 165 2 48 28 161 12
263 996 1 42 48 47 5
2285 262 1 17 21 70 17
3353 739 1 19 27 269 6
3569 421 1 24 29 37 4
1117 553 2 36 23 201 19
4288 757 1 15 11 122 17
3727 615 3 48 34 169 11
433 348 1 23 13 248 19
8 529 1 28 38 113 19
1179 433 2 48 40 48 3
771 527 2 70 21 102 13
878 738 1 15 63 36 6
3471 628 1 39 6 50 19
4189 155 3 130 46 278 8
1407 479 1 16 10 100 19
2502 279 1 13 23 324 10
4837 601 3 128 20 137 8
1468 909 2 60 19 252 4
4121 990 1 31 42 27 20
982 451 1 22 30 65 17
3654 134 3 64 58 206 1
3063 661 3 160 38 106 19
3703 109 1 22 11 340 9
2063 189 1 26 24 333 18
4804 102 2 31 15 174 13
468 916 5 101 50 206 11
4832 516 2 60 19 274 6
3792 266 2 60 46 23 1
2121 129 1 43 11 331 6
381 802 1 30 7 63 19
3307 221 1 18 31 246 10
1141 837 1 17 14 215 14
833 411 4 57 8 179 10
4460 231 1 20 37 19 6
1636 595 1 29 37 36 2
1405 239 1 28 23 303 7
4221 656 1 47 33 47 19
4930 997 1 134 50 52 15
1617 519 2 23 7 235 8
3270 958 1 34 7 97 17
1149 741 1 20 17 422 6
1354 313 1 32 8 190 10
2302 726 1 21 23 183 11
2035 818 1 11 14 188 8
322 826 1 67 26 389 12
4831 255 1 21 30 225 8
699 519 1 15 21 214 6
3474 669 1 38 8 306 5
1548 631 2 56 44 294 3
4364 731 1 43 31 15 2
4156 788 1 14 23 222 8
102 926 1 12 30 25 2
2172 806 1 24 12 147 17
752 638 1 22 44 85 1
239 221 1 17 35 147 14
4433 653 1 30 9 72 12
2515 740 1 40 28 29 18
882 877 1 26 7 330 12
2363 557 1 22 17 321 4
4711 983 5 79 31 284 15
1466 464 1 16 25 89 2
1388 938 1 67 24 196 5
3784 504 1 35 44 21 13
3625 133 1 13 37 431 10
2938 449 1 30 14 195 11
3460 178 2 83 17 74 6
855 332 1 16 20 170 4
4747 923 2 46 22 394 14
53 776 2 90 38 407 16
2486 210 2 24 15 179 12
1976 680 1 37 58 240 8
4465 903 1 22 25 88 13
4644 299 1 22 45 42 20
3125 643 1 17 52 21 5
2873 576 1 56 15 69 4
326 860 1 40 39 134 12
1123 384 1 53 28 31 3
3131 115 1 20 71 35 5
3062 495 1 12 17 111 9
4472 969 1 35 25 27 17
615 202 1 46 55 45 16
4436 139 1 12 46 70 3
3158 417 1 39 36 30 4
869 395 2 34 36 51 10
4587 974 1 29 25 27 7
3719 465 2 34 7 186 7
4688 663 1 40 12 122 16
4102 831 2 100 40 148 8
4605 295 1 48 40 40 9
3876 411 1 17 39 30 19
917 357 1 39 16 231 1
575 350 1 12 40 88 5
3419 185 2 60 7 310 8
3956 887 1 15 27 472 5
708 574 2 68 51 175 15
4559 679 1 16 46 416 13
2201 773 1 86 23 99 4
3261 682 1 33 39 71 10
560 260 1 37 13 123 5
936 983 2 35 31 274 7
2157 533 1 27 6 270 2
2969 357 1 80 15 111 7
2792 514 1 22 21 194 4
1632 131 1 16 16 101 15
2992 330 1 19 33 31 9
300 604 1 21 24 328 5
4775 952 1 11 22 204 16
4193 747 1 16 25 422 6
4295 326 1 42 10 118 12
2845 394 1 43 39 63 9
1253 566 1 36 18 292 14
3494 475 3 48 32 20 20
3857 452 1 17 28 75 3
3380 165 1 37 21 53 15
757 963 1 20 16 68 4
4511 492 1 76 30 306 11
4772 357 1 21 33 24 19
2444 514 1 22 6 275 6
4062 748 1 28 25 378 9
2848 997 2 76 59 30 6
2440 363 1 40 11 66 19
509 592 3 59 50 187 20
70 491 2 45 50 80 7
1653 408 1 37 16 339 1
3145 729 2 93 38 46 2
4870 586 2 27 46 423 6
3701 768 1 18 22 75 3
1281 530 1 27 29 27 19
2979 953 1 39 37 62 17
1889 269 1 16 13 54 20
4307 423 3 55 28 30 18
1479 406 1 35 11 330 4
2324 458 4 71 9 235 19
2708 783 2 53 34 115 12
1866 442 1 30 20 155 7
1295 825 1 30 8 229 13
4726 285 1 48 29 94 20
797 529 1 11 19 101 18
2269 650 1 29 8 73 10
501 314 1 18 21 33 7
598 868 1 11 40 370 19
61 821 1 21 13 171 1
440 898 1 45 20 56 18
89 740 1 79 61 53 8
1050 743 1 26 22 112 5
1290 954 5 153 29 110 15
4062 127 1 19 36 18 11
4131 100 2 58 12 69 10
4199 102 1 39 41 27 4
4763 388 1 43 38 392 4
2055 801 1 45 32 31 4
1628 342 1 42 26 24 10
4208 304 2 48 56 44 9
3601 909 1 23 37 64 10
4503 760 1 31 7 281 13
2056 180 1 90 16 185 16
3444 142 1 50 6 228 9
4850 558 1 27 36 113 4
3908 861 1 36 36 41 11
1407 970 1 14 38 64 8
4801 214 1 24 13 301 19
4276 599 1 31 7 185 12
1262 837 1 36 32 181 3
2008 837 1 22 7 82 5
2709 455 1 34 6 167 18
4841 977 1 33 6 119 6
2575 157 3 140 19 113 19
2874 939 1 26 28 97 19
4910 448 1 24 28 111 19
2253 780 1 14 26 410 9
2205 772 1 73 24 201 18
2324 715 1 36 14 95 7
831 252 1 157 18 96 10
576 243 4 78 33 29 16
4894 744 1 24 19 63 14
846 110 1 44 9 53 17
97 177 1 16 50 89 17
2832 474 1 17 14 67 11
840 255 2 95 48 41 8
1879 236 1 16 16 181 2
4868 968 2 24 56 29 13
716 147 1 23 33 213 6
3031 873 3 108 24 127 16
380 533 1 35 20 48 15
2112 824 3 92 26 21 17
4737 99 1 48 48 33 11
3972 98 1 27 20 108 12
2940 468 1 14 32 370 1
3785 953 1 27 6 225 6
1424 450 1 45 32 37 13
3303 913 1 28 28 120 4
2980 633 2 38 70 27 9
1307 407 1 41 31 188 19
1212 684 1 32 9 91 13
2184 399 1 25 41 268 16
4464 577 1 21 36 378 2
4569 115 1 31 12 189 20
1898 435 1 67 34 26 14
1992 464 3 123 24 76 7
3698 710 2 54 39 18 20
1356 871 1 12 32 45 3
449 114 1 26 10 173 12
1635 431 1 19 28 163 8
3655 734 1 24 12 203 6
2773 813 1 44 37 31 11
2772 481 1 21 31 27 5
2076 270 2 27 35 28 10
2572 471 1 22 13 47 12
4669 732 2 47 11 220 5
3711 377 1 47 60 46 3
3215 402 2 88 17 129 10
3296 194 5 67 11 247 11
4308 321 1 23 30 37 12
4072 576 1 35 6 238 14
1057 442 1 14 31 283 13
1292 479 1 34 56 217 11
1739 141 1 33 8 308 13
4583 558 1 36 15 56 3
4939 139 1 13 11 145 10
3679 543 1 20 22 236 16
1444 954 1 21 11 73 5
138 229 1 20 22 89 16
826 465 2 39 24 51 7
519 890 1 43 17 161 4
3822 709 1 11 39 43 3
1069 472 1 45 56 43 17
2418 798 2 57 19 46 7
1221 888 1 28 5 215 1
4130 616 1 30 51 32 15
4807 499 2 95 44 121 15
4701 928 1 29 37 131 7
3404 264 1 24 49 19 19
2483 325 2 94 16 123 6
878 187 4 163 56 154 15
3754 719 1 40 13 378 5
4922 322 2 49 34 214 17
1288 663 1 22 17 282 10
2121 580 1 11 41 41 8
3021 518 1 17 43 106 15
3011 444 1 74 18 195 3
1101 167 1 29 4 237 19
3887 169 1 21 13 209 12
1907 694 1 22 19 85 2
285 827 1 24 35 164 13
635 350 1 35 27 99 9
2214 374 1 24 21 202 7
965 561 1 24 38 194 1
948 799 1 141 45 127 14
3051 669 1 16 32 230 2
4556 131 1 33 19 31 2
947 265 1 33 9 61 15
765 154 1 31 18 295 1
4827 361 1 29 27 28 6
3116 779 1 21 29 16 13
1539 433 1 29 13 146 13
1767 552 1 42 34 38 17
1946 652 2 37 17 79 18
291 836 1 22 45 28 17
2833 382 1 38 20 215 3
4968 523 1 23 42 279 19
1058 280 1 72 14 129 13
4834 303 1 31 6 177 5
2277 953 1 26 12 331 2
4286 718 2 52 62 95 20
4912 556 2 91 38 347 2
4208 471 1 22 44 49 13
1141 80 1 54 8 168 18
1508 198 1 12 21 135 17
1827 300 2 66 24 170 19
4977 654 1 43 9 59 6
1618 428 2 42 33 177 15
4683 451 1 19 50 19 13
2086 951 2 26 9 143 12
4297 94 1 47 15 115 3
3883 950 1 39 9 86 3
1799 849 1 85 32 272 12
4321 562 1 16 36 457 16
4492 599 1 29 28 77 18
4581 331 4 139 12 136 5
3906 778 1 18 27 265 9
4544 426 1 47 8 152 17
3421 330 2 115 30 237 9
2451 990 1 32 19 113 12
1483 144 1 21 25 70 6
1762 911 1 15 15 151 19
4885 687 1 29 12 236 10
2097 100 1 12 55 88 1
953 487 1 32 8 74 2
2370 661 1 39 63 69 11
2655 117 1 74 16 118 9
2976 743 1 33 7 320 6
82 711 1 38 9 60 11
4992 586 3 58 54 311 20
4250 822 1 33 38 97 10
786 637 1 22 36 41 7
4211 695 1 15 25 249 10
2663 590 1 16 24 108 20
1074 236 1 11 19 194 15
588 397 3 138 72 38 12
3934 923 1 16 14 121 4
1040 347 1 32 39 250 19
1001 724 1 25 26 47 1
1869 335 1 46 30 142 13
351 756 1 33 41 29 19
355 565 1 25 26 145 10
428 886 1 22 21 408 1
4184 134 1 34 15 273 12
898 492 1 38 34 287 18
1548 719 3 105 37 175 14
1974 854 1 22 21 223 20
3871 626 1 20 62 78 15
2882 450 1 28 22 152 10
1166 448 1 30 4 200 16
2156 543 1 47 19 136 1
1451 509 1 19 23 229 1
2280 293 1 23 43 16 14
1392 734 2 91 30 303 5
1464 565 1 57 24 366 4
3526 820 1 42 31 179 18
3626 531 1 23 60 34 12
2389 407 1 13 22 121 7
745 154 1 18 24 218 19
735 573 1 38 30 193 11
3647 252 2 45 8 100 20
960 805 1 26 13 158 6
69 271 1 34 34 35 18
3065 527 3 68 20 31 9
2686 471 1 48 16 232 6
1578 878 1 22 15 64 11
1915 887 1 43 17 381 4
820 405 5 80 7 250 3
1757 439 1 41 10 189 4
4201 549 1 17 28 131 18
4320 338 1 13 12 169 5
3731 399 1 47 34 28 11
4690 374 1 18 29 86 16
4063 90 2 47 19 360 5
747 346 1 30 35 87 8
3831 353 2 45 7 345 18
3939 599 1 12 10 97 9
218 506 1 31 8 268 15
4010 162 1 32 17 208 13
24 329 1 30 5 154 16
