85 3526
3 64 128 128
3 48 28 304
3 16 12 240
6 64 52 288
3 16 44 160
1 48 24 400
4 48 20 448
4 64 76 336
4 40 24 368
1 16 16 480
4 24 8 208
4 48 44 144
5 32 44 336
5 64 48 848
1 40 12 432
2 48 72 752
5 48 100 592
6 40 68 464
5 48 72 544
2 24 32 416
8 64 88 784
7 64 100 816
4 16 64 336
2 40 64 928
3 24 40 352
4 24 32 176
8 24 24 640
2 40 28 416
4 40 68 640
5 40 96 144
2 40 72 96
4 24 120 768
4 24 96 864
5 40 48 528
3 32 128 704
7 48 52 656
7 48 76 912
4 40 60 528
4 16 12 368
7 80 104 688
3 32 12 240
3 48 60 448
3 16 60 480
3 32 128 656
4 48 40 64
6 48 120 784
7 64 84 320
4 32 64 48
4 24 60 480
3 48 60 704
3 24 52 112
2 40 16 512
4 32 48 320
8 32 64 896
8 48 120 112
7 48 116 304
8 40 68 816
5 80 68 448
5 80 32 480
5 40 68 960
5 24 64 272
4 64 104 720
6 40 108 928
5 48 56 768
2 48 36 112
4 48 72 192
5 48 44 224
4 40 52 928
5 16 20 128
8 24 44 496
6 40 124 608
5 40 20 480
7 64 28 688
4 24 8 336
5 32 120 800
3 48 60 864
2 32 72 480
2 16 52 112
3 24 60 224
3 16 60 384
7 64 60 656
4 40 128 192
6 32 116 272
5 80 88 688
5 64 76 768
16279 253 2 62 45 182 2
15947 243 2 74 11 157 4
3898 349 1 98 50 87 18
4246 179 2 17 23 320 17
16623 638 4 156 102 459 11
16212 328 2 48 25 80 16
0 177 4 172 43 270 19
0 383 1 48 63 428 14
3261 443 2 20 26 332 17
16848 169 2 326 30 475 2
10529 582 1 44 43 129 18
3738 544 1 18 12 102 6
10440 689 1 12 4 166 11
817 143 1 51 23 164 18
4765 513 1 11 37 69 3
10289 253 3 52 88 167 9
10756 564 1 48 9 327 19
3669 44 4 108 49 468 2
9158 73 2 45 33 178 13
3137 294 1 27 37 250 12
3854 493 1 69 37 276 1
15329 31 1 41 42 270 3
15281 603 1 159 33 755 2
91 453 1 77 23 355 3
10730 267 1 56 44 109 16
10163 22 2 101 96 413 11
9199 94 1 123 49 170 6
16098 390 1 28 11 344 4
15068 440 2 83 10 175 8
4893 617 3 55 16 180 3
16632 264 1 133 20 75 16
0 134 4 157 13 280 2
0 493 3 45 28 238 16
0 578 2 63 82 85 13
3779 461 2 186 44 609 12
15897 202 1 32 20 42 7
16331 44 1 24 23 274 20
15504 171 2 65 17 464 11
32 101 1 14 39 220 5
10192 655 3 93 53 125 3
15896 464 3 116 11 520 1
782 220 1 32 17 580 11
16246 351 1 88 82 119 20
0 178 1 163 15 399 19
0 47 1 72 33 310 10
217 106 1 20 18 33 20
444 564 1 41 53 106 12
451 365 1 20 17 366 13
224 576 2 55 56 214 11
3340 638 3 140 33 452 16
3313 145 2 238 26 446 8
0 103 2 171 14 639 17
10582 700 1 32 25 86 12
3880 485 1 23 36 97 15
4573 319 1 34 9 180 6
3479 336 6 298 48 696 20
15044 423 2 142 64 132 13
3369 258 1 44 24 144 19
9582 298 1 150 86 454 20
16080 60 2 159 7 185 16
16559 451 1 40 19 318 11
0 358 2 108 32 675 16
0 577 5 143 57 196 12
0 144 1 74 17 180 14
9081 293 2 107 25 384 3
3854 92 3 106 30 193 6
0 194 3 47 43 167 12
4578 596 3 117 18 93 12
4992 233 3 198 76 124 16
9747 737 3 199 24 388 18
18 614 2 76 34 478 19
4798 173 2 36 63 315 10
971 205 4 282 94 429 6
15589 299 2 50 43 344 2
16918 260 1 32 44 74 8
15184 352 1 41 30 902 1
4683 313 1 27 38 206 2
10460 496 2 87 42 503 20
10493 81 3 111 39 134 5
373 577 1 15 5 212 4
16650 224 1 57 25 19 9
9727 458 1 24 13 53 8
10730 33 2 99 8 130 18
10898 449 1 78 3 131 17
16708 725 2 95 24 29 2
15711 147 1 33 9 289 16
0 625 1 22 44 405 1
0 158 2 105 39 555 3
997 374 1 34 7 248 10
4531 168 2 119 9 343 3
16006 56 1 53 19 339 19
10105 697 1 18 26 333 18
16496 156 1 22 14 286 11
394 285 2 87 17 15 18
4579 540 2 68 8 321 14
16025 70 3 95 19 213 16
267 333 1 60 8 111 4
10144 54 1 10 59 46 18
4265 571 2 75 31 408 13
16265 356 1 147 39 357 13
631 635 3 115 54 101 8
11000 728 4 259 23 479 6
10280 215 2 69 22 175 19
10821 686 3 139 59 326 7
0 718 1 251 8 368 18
4288 356 1 78 42 472 4
0 173 5 409 80 459 18
15956 79 1 191 41 252 4
15442 716 2 66 8 177 11
16661 364 1 33 8 313 17
264 318 2 63 20 51 8
10088 644 1 35 32 269 18
0 544 1 84 29 388 15
16680 219 1 34 27 33 14
0 213 2 85 15 253 17
16856 552 2 172 50 208 2
3226 609 1 118 20 164 3
9128 231 1 96 38 340 11
4223 501 1 64 58 238 10
0 429 1 304 17 494 5
9490 141 4 149 29 360 5
16504 420 1 45 37 336 8
391 679 1 32 54 19 13
16712 321 2 29 6 343 8
9797 254 4 110 55 434 9
860 211 2 99 41 220 12
0 601 1 33 31 792 9
9232 206 2 40 111 411 8
4934 710 1 344 24 315 16
390 609 1 43 23 165 8
0 722 2 125 24 96 18
0 185 2 48 2 121 1
15987 199 2 91 73 434 2
9545 241 3 43 5 219 16
3695 470 1 33 21 146 13
9502 479 1 59 43 373 7
3531 505 2 96 21 86 8
4138 78 2 62 54 94 17
4139 210 2 158 33 423 9
9542 158 2 102 36 349 12
16923 320 2 264 21 195 12
3037 611 2 35 47 215 10
0 435 1 51 34 339 16
248 309 1 11 12 76 16
3491 627 1 185 95 470 1
0 565 1 55 17 220 20
4926 607 4 173 56 690 18
438 178 6 142 86 557 11
16256 582 6 261 52 152 19
0 205 3 56 52 615 10
3879 259 7 465 99 383 12
16927 741 1 146 53 533 15
3087 312 4 68 4 124 18
3291 688 1 46 9 204 2
15783 472 2 32 19 93 18
4130 230 3 128 47 175 10
65 482 1 24 13 177 20
9355 199 2 142 17 599 5
10967 310 1 82 47 544 9
10595 633 1 50 68 352 13
4802 27 2 52 81 257 3
15455 232 1 47 6 362 10
3256 218 3 48 15 352 5
205 161 3 164 31 223 5
4558 609 3 81 27 301 2
16697 81 1 68 17 211 4
15576 545 3 125 28 440 2
4568 360 2 253 55 542 14
15610 375 1 41 49 445 15
366 383 1 40 14 323 6
16640 470 1 18 39 201 3
3111 411 1 16 12 293 12
15279 295 1 13 36 113 1
16507 257 1 47 47 542 13
10873 180 2 170 30 470 17
0 124 2 73 37 432 14
3643 629 1 34 28 156 14
16777 130 8 79 8 620 7
65 156 2 102 60 177 9
483 472 5 280 13 452 7
4874 577 2 139 25 175 19
0 324 1 25 51 253 3
15597 550 4 206 32 207 5
3495 55 2 41 30 387 15
15597 293 3 49 10 78 11
514 631 1 37 30 62 19
9265 686 2 18 19 199 4
4683 151 1 32 42 552 14
15808 24 3 149 53 628 6
3782 89 1 63 14 214 3
15928 531 1 35 8 348 7
830 601 1 11 43 134 6
623 564 1 46 25 165 6
9443 637 1 200 50 198 11
3817 703 1 39 7 126 17
3611 57 2 85 17 674 7
4583 109 1 117 9 47 9
9183 62 2 60 54 492 14
3059 588 2 122 58 634 18
16744 235 1 14 31 98 20
9205 135 1 44 29 201 18
0 108 2 20 9 202 4
10590 195 4 266 46 291 16
10829 113 3 114 43 198 14
10421 93 3 134 38 57 6
0 206 1 48 79 187 4
15078 353 1 91 101 664 4
4643 69 1 47 23 112 15
0 740 2 35 9 51 13
16892 145 1 114 40 129 9
0 550 1 34 36 85 17
4728 643 2 72 17 159 17
3229 620 6 175 32 276 2
3838 308 3 72 23 233 8
3113 463 2 116 27 529 20
889 426 5 202 47 504 2
15329 307 1 46 49 281 2
230 105 1 40 7 184 8
15011 212 1 103 14 214 7
730 95 2 49 40 296 19
735 559 1 135 21 119 17
4304 726 2 105 18 228 17
3977 536 2 73 18 413 3
4958 543 4 42 90 538 13
3035 347 2 68 112 254 13
0 209 2 61 24 536 9
9120 701 2 31 12 302 6
120 725 1 40 14 77 17
159 712 1 64 16 59 19
16749 193 2 80 34 429 6
0 297 1 26 35 211 16
10311 607 2 71 75 285 15
3993 557 1 126 93 214 16
4223 647 1 60 7 168 3
16582 30 1 35 10 88 7
0 47 1 87 85 594 12
461 44 7 330 29 196 3
0 534 1 29 72 529 19
0 201 2 53 46 218 17
9886 250 3 154 35 317 1
0 278 2 70 7 151 16
230 277 3 113 24 210 16
9025 277 3 137 59 182 1
4341 728 2 63 111 185 6
4707 384 2 42 30 523 14
15056 554 1 71 27 156 7
16736 509 1 64 22 136 15
789 576 1 32 49 134 13
3927 264 1 23 39 580 6
3070 110 1 51 21 296 10
4039 242 1 27 112 61 19
16145 539 1 76 64 376 15
443 488 2 84 89 89 8
9794 717 2 91 16 797 10
9696 560 1 10 11 59 5
9031 451 3 60 83 482 2
3767 544 3 109 36 239 4
4126 142 2 96 47 311 9
9240 676 2 43 35 354 4
10112 146 4 130 62 246 13
4566 271 3 37 23 89 2
3427 659 1 16 30 107 7
15088 710 5 227 27 249 17
3847 469 1 78 16 617 18
10500 194 1 10 30 46 2
326 72 2 38 50 229 18
10750 67 1 42 41 333 2
0 366 1 29 15 334 7
9009 174 1 16 68 208 16
0 504 1 15 33 238 8
0 265 5 145 27 250 8
559 634 2 43 3 74 1
3542 192 2 65 5 271 4
10706 711 1 24 29 308 5
3290 595 1 81 60 113 5
4088 372 3 95 63 234 18
4970 50 2 28 6 197 18
896 500 1 37 47 108 9
15603 342 3 84 56 275 17
10034 46 1 37 5 152 9
10474 160 1 71 40 49 20
15549 233 1 32 117 74 8
9958 42 2 47 27 440 9
15290 649 1 24 8 214 20
15645 93 1 79 15 55 14
4396 301 1 32 39 804 14
15492 444 4 74 33 140 17
3950 157 4 42 42 85 1
9836 461 1 18 13 283 15
4902 215 1 34 16 342 7
3054 426 1 38 24 95 8
9071 560 1 58 63 112 3
3494 216 1 70 63 60 5
4089 221 1 12 7 235 11
912 60 4 202 38 357 8
3538 570 1 55 28 76 19
0 294 2 26 64 224 14
3610 121 6 484 70 503 2
4964 526 1 15 35 457 17
16560 70 4 99 38 343 9
9367 209 2 62 37 68 16
3562 149 4 261 29 414 13
10243 338 2 68 20 126 5
9275 609 4 115 57 287 3
15259 722 2 111 75 877 3
15817 647 1 179 42 440 8
16520 486 1 181 34 472 11
9548 28 2 267 21 639 14
3962 388 3 68 48 116 5
15457 363 1 45 4 67 7
9989 503 2 71 11 495 11
3483 728 2 46 44 614 5
3731 572 5 507 88 391 3
874 36 1 98 22 44 8
4424 243 2 60 19 112 20
10869 550 1 20 6 121 11
0 254 2 102 14 210 19
15361 574 2 32 17 307 7
10959 184 1 128 32 720 10
0 35 1 22 42 262 6
840 624 1 37 15 45 3
10472 31 1 100 18 754 17
16143 54 1 26 38 312 9
4189 627 2 92 33 271 15
4406 577 2 111 115 88 17
298 110 2 190 8 556 9
0 260 4 78 5 51 18
3140 708 4 95 40 135 8
10216 34 2 91 27 368 5
0 549 4 105 21 575 3
672 616 3 144 57 121 15
16522 648 4 135 36 392 8
9618 236 8 184 10 589 5
9040 723 1 130 27 344 12
4520 684 1 18 30 404 11
9165 228 2 213 38 123 18
0 196 1 26 41 436 13
9639 98 1 48 40 174 13
10285 298 2 81 82 560 20
3779 291 1 29 8 169 11
9218 380 1 50 28 346 14
16638 454 1 29 6 304 11
3082 745 2 96 54 135 13
15976 345 4 129 38 226 5
9348 749 2 193 62 207 2
15613 389 1 198 75 139 19
16735 317 2 45 36 57 20
3951 313 2 90 25 558 18
3060 549 4 212 41 254 4
9487 586 1 89 39 367 15
3499 345 1 67 32 640 14
10196 289 1 19 34 49 8
4180 174 2 40 45 532 19
3649 113 2 53 27 285 6
4837 165 1 261 53 221 14
16974 640 1 38 42 341 12
15209 429 2 45 25 194 11
640 172 1 21 20 92 2
15270 265 2 38 25 162 5
15383 475 5 152 55 433 8
3521 468 3 69 3 208 12
15690 127 2 63 16 299 8
961 694 6 313 53 465 10
9596 315 1 36 2 155 8
3009 578 3 71 25 159 6
9340 457 2 144 27 38 10
16665 644 1 71 74 588 15
10470 88 2 61 22 59 16
4283 658 1 41 19 103 18
377 609 1 28 17 127 7
15662 505 3 34 16 65 10
10310 302 4 167 24 431 12
10649 249 2 100 60 173 2
15793 554 1 68 72 45 10
4358 697 4 236 77 771 14
10552 627 1 280 40 336 13
3480 214 3 114 28 124 10
3105 478 1 13 78 325 8
9313 722 1 55 14 273 5
16388 519 1 38 35 344 8
500 437 3 436 36 707 18
4570 686 2 42 51 246 3
0 585 1 57 30 88 9
15877 512 1 43 8 124 11
10863 724 2 48 50 36 14
4349 405 1 72 16 107 20
4371 305 2 65 52 617 8
3587 568 2 134 80 447 6
387 570 1 64 59 56 15
886 532 1 47 12 126 5
3524 347 1 49 8 125 11
16290 703 1 20 48 245 18
4060 519 4 119 29 547 15
154 483 1 127 91 78 14
0 422 3 139 52 332 10
3960 299 2 42 16 188 18
16954 125 3 158 31 615 4
3130 716 1 27 43 225 4
9679 213 2 177 37 210 16
4916 153 1 13 11 229 19
16724 515 1 25 11 261 16
16595 32 1 26 42 724 10
0 550 1 56 20 55 10
0 541 1 86 23 51 12
10129 718 3 112 28 210 19
0 330 4 89 4 156 8
10867 739 2 70 18 126 9
9702 602 2 101 18 63 6
9611 695 1 31 42 153 3
10767 749 2 116 25 126 7
867 748 2 66 30 165 15
10326 384 1 20 30 149 12
10732 237 1 220 33 339 3
9995 313 1 34 91 448 3
3842 692 1 57 41 70 13
63 359 1 40 86 77 6
0 142 1 25 42 156 1
15469 328 1 14 66 482 4
0 365 3 133 90 308 9
15054 614 3 98 39 313 10
15310 434 3 77 77 424 18
3505 717 1 220 42 246 8
15269 717 1 50 122 459 8
16057 315 1 16 23 333 5
4728 324 2 33 18 98 8
15128 362 3 161 31 553 8
10948 152 1 25 56 391 3
16270 246 4 150 18 233 14
10793 167 2 47 24 84 3
10790 412 3 95 82 557 14
9933 521 2 58 16 194 9
0 245 2 90 59 293 3
3927 82 7 90 16 132 16
10781 458 4 260 20 327 16
16014 493 4 123 39 67 18
16983 647 7 219 47 552 18
16237 549 6 206 30 337 10
10012 655 2 95 29 542 9
0 346 1 107 38 287 5
3482 135 1 44 23 82 1
3000 634 7 289 15 432 4
656 534 4 129 79 242 8
913 225 2 96 31 93 19
10803 657 1 27 22 204 13
4858 606 4 281 67 180 8
734 555 4 90 16 319 20
16933 614 3 214 34 347 1
329 415 4 238 32 368 6
16309 316 1 9 12 168 16
9022 274 6 111 20 508 10
4003 582 1 35 16 466 20
16612 169 1 199 58 449 2
9639 332 1 13 8 305 16
16647 88 2 78 26 627 3
297 121 1 106 31 151 6
4746 432 1 84 42 20 14
794 348 1 57 63 457 5
15089 217 1 48 10 196 15
15807 247 1 30 13 92 20
16843 548 1 115 42 261 9
10521 324 2 333 62 256 14
0 739 4 132 39 572 5
9658 27 1 15 26 161 11
3255 547 3 177 32 471 17
10490 465 1 32 23 113 17
16656 652 1 55 9 398 3
9962 402 3 96 82 195 17
16464 568 1 36 66 239 2
0 84 1 15 10 221 10
10765 34 1 68 28 432 5
420 340 4 62 18 540 20
432 569 1 18 27 217 6
628 516 1 241 25 484 16
16525 690 2 38 14 141 2
16145 62 1 85 12 419 1
10740 472 1 21 22 98 12
16606 651 2 64 85 110 13
10151 487 4 76 33 205 19
3597 395 4 123 31 21 14
15210 589 1 31 43 275 8
9261 276 2 63 13 226 11
4533 86 2 295 27 650 2
4003 84 2 35 21 73 1
269 679 3 307 44 203 3
3122 346 2 98 44 430 14
0 159 4 159 93 386 10
396 686 3 96 85 543 6
0 369 1 25 41 239 2
4301 284 4 113 13 68 19
9975 82 1 60 76 215 11
4826 552 1 10 7 112 6
946 648 2 82 22 53 11
858 461 1 19 24 654 19
4151 295 2 64 38 50 15
9924 320 2 66 19 59 2
10452 541 1 52 5 282 17
0 474 2 261 69 250 3
16340 172 2 180 36 571 20
10075 574 1 83 23 167 8
9065 289 2 27 39 244 18
789 241 1 18 64 350 19
10311 502 4 141 65 224 5
0 233 2 76 23 476 15
15936 453 3 100 16 596 13
3969 319 2 165 31 878 16
4747 120 1 23 13 398 12
0 678 7 120 24 382 12
9811 658 1 15 19 70 4
0 152 2 118 43 214 3
3251 202 1 32 38 55 2
9384 161 5 147 32 627 19
15973 538 5 135 34 90 10
4504 106 4 323 37 575 13
10376 711 2 45 69 219 19
15576 625 3 110 15 672 4
9198 234 2 60 19 220 6
9168 738 2 61 18 309 12
3849 431 3 121 52 456 2
244 408 1 37 61 63 15
0 707 1 22 16 382 1
9114 635 1 70 72 887 3
16350 105 1 26 22 319 2
16491 663 2 73 71 198 5
10921 291 1 34 38 400 1
3596 735 4 230 15 306 4
0 554 1 98 52 563 8
9820 167 1 23 18 205 8
4535 253 1 39 65 360 7
3363 372 1 72 42 190 4
776 742 2 19 25 40 13
15576 199 1 75 35 291 17
15740 250 2 109 37 365 9
15375 249 1 36 31 78 20
15665 191 1 31 26 410 6
10730 501 1 15 18 628 15
4445 47 1 16 5 429 12
3550 63 2 115 46 81 15
0 413 4 210 34 238 16
3202 228 2 97 24 276 18
15460 95 3 131 38 39 2
9971 533 1 15 10 97 4
10137 274 1 48 50 424 17
15979 638 5 162 27 393 1
10754 658 7 338 30 528 6
3435 658 2 59 5 138 10
774 119 1 22 10 123 11
16074 732 1 80 20 78 7
15785 202 2 118 58 392 1
3321 67 1 26 39 231 11
0 367 1 36 33 807 19
4851 700 1 46 86 120 1
186 125 2 60 10 340 16
3143 396 2 107 66 96 13
685 646 1 31 11 309 15
10076 228 5 108 18 283 2
10153 507 3 282 76 547 16
4535 376 1 43 34 73 8
671 191 2 62 34 345 7
3936 344 1 47 82 180 2
3625 175 1 28 40 822 18
15988 207 4 142 31 505 8
0 394 3 68 99 326 10
729 635 1 43 22 54 11
15916 684 2 326 113 33 14
4155 639 2 72 29 327 7
4857 585 1 24 38 77 13
0 216 5 67 11 68 15
3685 217 3 59 35 52 19
3142 657 1 40 45 38 18
16164 124 1 48 47 96 11
15864 386 1 29 35 16 13
10115 579 3 37 41 137 10
10289 344 1 11 55 273 9
9481 472 3 74 14 504 2
4753 484 2 54 113 130 20
10518 81 2 107 50 403 16
16030 447 3 76 23 272 20
15453 350 1 61 22 351 20
482 577 1 26 20 219 13
3325 326 1 43 32 197 7
9981 609 4 114 6 300 15
763 153 1 112 93 150 4
3283 703 4 112 17 318 14
16481 680 4 200 42 129 19
10245 690 2 123 39 260 10
9865 80 3 67 15 373 16
15433 253 1 26 17 70 16
10045 156 1 15 36 109 5
0 497 1 33 27 311 19
904 240 1 63 11 108 6
476 52 2 115 40 122 18
16917 465 4 251 78 460 16
0 295 1 25 10 172 6
0 221 1 20 6 107 13
61 137 1 19 18 240 1
10140 122 1 60 76 311 16
9123 294 3 236 45 638 5
0 168 1 27 17 219 14
344 554 2 117 19 429 12
837 232 1 60 17 108 15
3663 668 4 64 31 419 2
0 319 4 184 26 768 6
10646 164 1 71 15 301 5
4060 150 1 78 18 79 18
9285 453 1 54 35 55 10
9134 252 1 36 15 372 14
162 451 1 14 14 217 12
10603 248 1 12 105 483 14
9942 693 1 25 22 102 8
0 571 1 80 36 293 17
15201 276 1 124 67 473 12
0 132 2 36 20 40 4
9296 124 4 426 38 346 18
276 690 1 38 2 118 11
9468 515 3 171 42 307 1
4512 281 3 152 50 406 14
4584 375 4 121 14 240 13
10671 695 2 38 21 93 14
10015 414 1 152 70 72 2
16554 233 1 95 60 581 14
3904 508 1 76 25 75 2
377 586 4 222 12 112 17
16581 395 3 239 53 747 11
3785 491 5 329 29 443 7
3380 666 1 30 48 40 12
9794 123 3 96 82 509 10
15191 139 3 154 70 480 2
3804 131 5 70 15 276 15
16583 93 4 246 18 530 14
0 514 2 291 69 169 20
3756 703 1 19 37 461 7
9616 53 3 74 41 232 4
14 125 2 64 43 26 6
16373 213 2 78 34 214 4
0 598 1 41 8 186 18
15610 449 4 139 77 92 12
15353 639 1 22 28 218 3
15596 148 3 151 33 30 9
16530 393 2 41 34 54 8
4740 297 1 27 36 227 10
471 156 1 22 33 215 5
15775 113 2 202 62 140 16
4023 472 2 101 53 475 16
109 346 1 21 7 241 15
9711 647 2 194 64 514 16
9473 99 1 8 32 24 13
995 21 1 127 32 768 10
10371 122 1 12 33 112 18
0 535 3 24 5 79 10
10111 110 1 28 30 408 20
0 271 1 48 21 185 4
4096 622 5 78 74 283 3
4385 716 3 51 22 42 5
9232 320 4 161 27 92 16
16006 446 1 31 8 298 19
15527 638 3 272 11 168 20
15253 52 1 18 55 157 15
0 668 1 79 63 424 3
3773 528 3 333 42 135 11
4962 485 3 94 65 930 12
4654 103 1 39 38 147 1
16604 165 1 19 28 112 19
3525 684 1 24 30 35 17
4869 674 2 71 20 386 14
0 471 2 56 10 219 9
10360 409 3 287 23 294 16
4060 220 1 475 65 609 18
16627 388 1 19 20 387 16
4447 711 1 35 26 204 19
3087 482 1 40 40 586 18
3352 55 1 179 16 374 20
0 441 1 24 34 342 6
16619 163 1 31 14 200 4
16080 331 3 117 49 890 3
15902 540 3 103 66 525 14
10214 560 1 13 4 178 18
15278 706 1 48 20 212 20
3578 170 1 34 24 891 9
0 203 1 19 50 52 2
4531 114 2 142 46 829 4
10625 356 1 19 32 82 12
3208 544 1 297 22 137 2
15013 350 6 187 97 257 20
15929 309 1 14 55 415 11
10948 137 2 128 20 252 19
9993 286 1 79 15 164 14
16488 128 3 199 35 219 8
10549 350 2 227 75 720 17
16727 439 1 13 7 203 5
0 623 3 369 33 286 10
0 356 3 89 16 46 9
15889 515 1 35 9 73 1
9923 255 2 118 42 294 9
10557 442 2 460 22 363 17
15592 721 4 230 34 332 18
9855 399 2 128 88 362 14
16803 282 2 49 5 233 14
15911 413 5 187 109 56 20
3738 113 3 77 5 195 3
16675 227 1 26 30 48 17
9680 626 4 73 21 103 11
0 205 2 43 41 130 20
3355 582 1 21 66 30 18
9727 700 1 151 39 517 3
15905 251 2 133 25 472 17
4740 458 1 11 11 420 6
3833 153 1 32 13 203 3
16029 107 2 160 45 325 18
0 511 1 32 7 224 7
16248 590 4 64 11 80 16
171 235 2 120 35 752 1
15888 663 1 35 27 321 13
4163 523 1 32 125 475 12
10452 402 1 37 34 259 4
10572 436 2 61 24 342 18
4746 47 1 33 17 133 5
715 570 2 248 24 406 19
3836 446 1 18 37 196 13
3292 560 1 23 6 60 17
9523 530 2 29 41 545 5
16362 616 3 128 27 398 19
10683 69 1 65 13 385 20
357 201 3 178 26 182 15
3591 735 1 64 41 54 14
16946 399 1 37 25 94 11
9443 486 3 109 69 116 18
9123 197 2 37 7 193 11
16970 575 2 179 19 253 3
9349 654 1 84 27 142 10
10589 354 1 184 34 40 10
16379 459 1 39 22 237 10
0 70 1 23 34 220 15
10687 670 2 50 41 418 2
9803 746 2 100 35 19 16
15785 337 1 16 17 93 20
0 692 2 58 18 176 2
4595 437 1 29 87 199 14
4504 30 2 31 8 192 12
9348 591 2 89 47 345 20
4141 390 3 173 56 96 10
10023 166 1 46 42 22 19
10045 421 3 338 100 698 17
3200 429 1 14 44 246 8
10862 412 1 27 48 72 4
9488 311 6 232 56 148 11
15704 578 4 344 60 637 13
3147 429 1 168 79 194 10
9481 737 5 198 47 414 2
9279 554 3 23 25 47 11
4023 648 2 87 45 477 2
9304 732 2 27 7 92 3
4917 636 2 23 7 190 5
16960 608 2 56 6 280 18
9440 393 2 116 29 297 3
10105 644 1 43 18 602 17
743 100 2 77 23 538 6
16376 698 1 16 4 354 8
3479 259 3 119 18 125 16
15267 550 1 17 97 371 5
15989 542 2 46 10 327 18
3986 62 1 22 14 296 19
4923 354 1 34 27 58 19
4308 341 2 72 17 353 5
15952 40 3 82 47 536 15
16718 396 1 356 33 277 12
4188 437 4 200 20 675 20
3241 472 1 17 19 387 18
3893 140 1 30 30 383 6
15165 194 1 9 31 168 20
15074 81 4 161 37 211 17
0 223 1 52 9 372 7
3127 703 1 233 50 337 17
288 48 3 148 16 274 5
4065 627 1 73 20 450 17
16720 180 1 38 28 35 3
191 467 1 24 40 497 8
15074 290 1 82 31 100 16
10181 674 1 47 59 133 5
10166 387 1 12 20 127 14
3894 635 2 212 86 84 20
4278 476 2 146 29 184 12
335 513 1 15 10 379 17
9946 580 1 69 7 114 17
956 315 2 23 45 144 15
9818 567 1 41 54 201 3
16352 417 3 231 43 153 13
16667 142 1 51 41 281 8
149 84 2 158 29 246 2
3198 477 1 46 94 415 10
0 167 2 140 59 90 13
15966 739 1 22 26 122 11
10718 727 1 26 12 290 17
3460 732 2 18 23 326 11
10640 628 5 122 33 194 13
10996 595 1 95 92 90 11
3518 57 3 141 16 178 11
3667 572 1 57 24 327 7
16066 635 1 16 4 140 10
10544 639 1 37 10 78 16
4646 99 2 42 20 139 10
16004 458 2 96 17 251 14
10752 204 1 39 19 261 19
15262 50 1 35 22 87 5
9544 135 2 59 10 107 3
0 674 2 36 53 125 9
4053 95 2 91 19 371 7
9975 491 1 93 17 266 18
9054 626 1 31 5 430 19
0 300 2 140 31 280 15
10462 703 1 15 30 97 14
0 389 2 47 57 247 7
10971 453 4 81 16 535 14
15939 430 1 61 66 480 2
15438 206 1 26 23 295 8
4457 497 2 111 43 177 3
9680 120 1 14 5 141 11
0 407 2 95 41 231 8
4432 423 3 133 15 555 4
4740 711 1 17 45 465 7
10131 550 1 51 59 426 13
16671 680 1 15 35 33 19
0 35 2 205 37 263 3
10803 723 1 12 20 144 7
252 199 1 169 38 408 6
15856 642 1 41 20 432 20
0 377 3 179 35 90 19
9011 323 2 93 20 197 12
9808 607 1 290 19 375 15
4679 352 4 171 14 130 17
0 323 2 31 25 58 3
4297 453 1 111 72 374 16
4480 632 2 91 68 158 19
0 604 2 24 7 185 13
310 154 1 30 9 36 17
332 198 1 66 51 686 10
16191 287 2 46 55 108 17
10043 643 2 60 19 302 17
3951 48 2 211 39 165 7
4159 178 2 23 7 209 19
15732 28 4 239 11 665 1
9308 468 2 22 37 107 2
10097 202 1 57 66 688 9
4326 493 1 117 63 135 15
0 328 2 53 69 290 11
9249 147 3 200 35 563 10
4354 107 1 19 28 217 5
4957 258 1 101 43 662 18
16704 376 1 43 16 187 7
9165 620 1 82 14 219 8
15840 198 2 106 57 293 15
10165 97 5 141 48 484 20
735 574 2 57 52 278 20
9158 89 1 7 57 289 18
9613 515 2 79 28 259 4
10603 335 4 320 21 216 10
9551 439 3 238 59 496 4
16140 682 1 27 27 85 15
15914 543 1 51 102 378 16
4414 292 4 234 98 314 11
16014 251 2 69 36 612 3
15011 570 2 41 6 131 4
15936 695 2 154 27 516 1
10463 81 1 101 33 282 2
887 339 1 30 6 312 11
4241 658 6 354 42 463 5
9556 536 1 20 57 223 15
9208 87 2 106 28 29 11
458 184 2 66 7 220 17
4100 599 2 48 22 731 15
732 613 1 13 8 283 1
0 172 3 25 8 160 17
3586 35 2 188 8 174 1
16022 235 4 232 54 342 2
16911 431 4 87 81 128 12
0 634 2 70 19 307 12
3961 109 1 56 84 405 3
15830 457 2 54 63 306 4
132 566 1 12 50 29 16
195 510 1 95 27 26 8
4161 183 1 177 37 40 7
0 249 3 100 22 33 15
15315 283 5 238 11 102 19
16551 471 1 27 46 421 12
15759 620 1 123 27 131 7
9095 311 1 85 19 31 4
4187 573 5 154 42 442 15
16443 433 2 107 74 69 14
0 230 4 58 28 428 2
3330 528 1 119 33 568 8
16235 430 1 34 12 292 9
9761 282 1 77 44 199 19
3390 79 2 79 82 125 7
9665 83 3 323 78 76 10
10092 314 3 118 37 420 17
4397 534 2 56 76 421 3
15536 240 4 169 50 131 7
9450 57 4 225 109 522 4
174 371 3 197 101 347 18
842 389 1 109 48 113 4
9642 572 3 137 105 319 13
10614 582 5 289 44 523 8
3445 144 1 19 24 250 9
10291 437 4 137 25 110 8
9733 584 4 283 68 29 13
0 195 1 71 30 105 7
9053 215 4 185 64 181 16
4789 688 1 22 4 138 12
16161 289 2 147 11 330 15
3218 575 5 179 53 198 6
15259 683 1 183 37 160 19
0 197 5 231 41 383 2
0 164 1 28 14 551 19
15445 633 1 33 41 416 20
15309 571 1 57 37 56 14
15271 32 3 103 93 106 2
10964 103 3 251 16 301 16
9806 567 8 104 16 272 3
16188 279 1 90 74 50 11
4757 269 1 23 38 261 2
16017 258 4 252 43 59 18
9362 624 1 54 28 58 11
9762 569 1 29 19 267 15
10797 186 1 47 16 167 10
4497 239 2 54 15 69 13
9942 545 3 54 43 303 9
4454 153 1 64 45 49 6
10533 376 1 50 12 218 11
0 212 2 133 23 86 7
16665 397 4 145 34 74 16
10695 450 1 39 122 126 10
0 235 1 153 23 23 18
10428 237 3 198 50 56 3
0 460 2 55 36 813 5
10347 555 1 31 35 300 20
9966 109 2 117 37 322 13
15876 532 1 94 22 349 6
16974 474 1 80 43 697 10
4855 205 1 48 67 653 2
9885 641 2 176 27 531 15
16905 86 1 23 44 238 5
4520 311 1 66 36 101 16
15497 74 1 88 20 92 19
0 569 1 246 58 104 12
10865 527 1 30 37 82 1
3237 669 2 72 26 465 1
10127 690 2 64 24 172 9
3216 565 1 143 26 230 7
9329 533 2 48 10 93 8
15015 591 1 30 18 209 8
15059 289 1 36 15 231 6
10684 204 3 159 41 186 2
4163 219 2 95 41 122 10
3431 183 1 185 32 365 17
4611 414 3 52 43 202 9
16134 458 1 15 7 291 7
0 278 1 180 55 204 3
0 426 1 36 15 32 19
4381 244 2 96 49 481 20
4350 504 4 118 52 374 5
15303 627 2 39 23 238 20
3222 499 3 61 3 94 1
15442 678 2 220 10 194 14
16972 705 3 87 19 306 8
16269 626 1 42 44 573 17
0 747 1 14 22 228 13
16041 601 1 16 6 349 6
16643 310 2 33 4 194 10
4964 129 3 137 43 442 13
0 332 3 125 42 461 5
0 358 1 11 40 122 10
0 701 1 48 45 113 15
198 378 1 29 47 262 4
4942 313 1 9 11 82 2
309 454 1 12 42 55 20
10054 694 1 11 7 297 1
15391 689 1 19 90 609 10
16686 37 2 60 52 325 6
0 437 2 91 51 226 2
4457 56 1 45 39 100 6
9645 119 2 87 19 231 11
4306 340 4 132 45 337 9
15428 71 3 146 67 705 4
3232 453 1 51 4 477 19
3628 32 2 166 37 170 20
0 678 1 13 10 120 14
3576 326 1 40 8 376 14
0 542 3 206 62 250 14
0 469 2 115 28 281 4
16911 448 3 118 64 16 14
9714 463 1 29 21 85 10
15583 601 2 31 42 80 10
9290 384 1 25 114 386 3
4583 164 3 69 36 831 5
443 722 1 13 41 452 14
16057 563 1 12 28 336 2
10873 276 3 192 43 255 18
969 632 1 114 45 334 13
10631 322 4 141 64 765 17
367 664 5 96 76 203 6
16927 695 1 23 43 236 2
16191 716 1 23 4 301 11
831 110 1 17 110 422 5
9079 395 3 72 8 151 16
15531 154 1 22 106 193 19
10406 693 1 16 32 72 8
0 469 1 23 46 200 16
15213 704 1 55 14 818 9
3512 434 2 59 61 92 11
10138 350 4 250 65 106 13
972 368 4 257 25 283 16
10555 677 1 122 8 269 6
0 523 3 85 27 277 14
4848 116 1 27 27 262 15
3040 343 1 40 11 426 12
3115 421 4 97 31 386 10
16635 232 1 22 35 226 6
15975 199 3 22 5 98 6
9466 377 2 33 16 267 2
516 599 1 18 18 187 7
9401 391 1 265 49 424 2
788 315 2 53 14 309 15
292 66 1 12 34 330 8
0 176 1 13 14 87 18
0 740 2 210 28 268 3
4306 129 4 75 24 563 12
616 494 3 55 3 345 7
3067 231 1 16 29 231 17
0 248 1 25 68 157 6
3772 83 1 100 49 248 1
4123 333 3 159 22 403 2
16142 594 3 118 27 508 3
16875 128 1 35 46 549 7
598 40 1 140 37 202 4
3523 245 4 157 51 256 4
3076 257 1 22 11 132 18
10210 180 1 62 67 156 10
9571 225 1 55 14 257 17
9326 306 2 70 31 521 18
10033 119 2 130 92 126 7
9863 369 3 81 22 165 1
638 288 3 309 53 440 18
15412 548 1 194 44 694 5
4482 645 1 78 22 40 19
16674 75 3 237 43 419 13
180 279 1 89 27 273 2
16349 730 1 14 5 250 20
16932 439 1 63 31 776 3
10689 590 1 7 53 299 11
0 265 1 55 58 241 20
241 313 2 27 37 136 14
4293 645 1 53 35 134 12
9546 548 2 58 16 329 3
16347 470 1 225 37 202 16
305 513 3 164 29 386 9
0 652 2 50 41 413 7
16213 338 1 54 35 644 15
4108 465 1 24 97 507 1
16794 432 1 32 16 166 10
16467 627 1 14 33 101 1
809 286 2 34 51 625 11
211 568 1 37 37 84 15
337 506 3 290 67 282 19
15257 356 1 37 59 463 14
9923 107 1 36 45 626 16
3641 236 1 13 9 177 7
16037 266 3 154 33 453 17
3320 425 2 79 10 209 10
16192 741 6 352 19 153 14
215 531 1 18 17 47 18
9222 315 2 59 20 150 3
10600 46 5 167 26 227 14
9769 245 1 9 35 33 7
9945 253 1 147 94 95 10
0 490 1 13 4 355 8
4387 137 1 37 31 110 10
95 52 1 51 12 65 13
3913 638 2 35 5 313 11
0 607 6 142 37 286 4
15015 187 1 26 78 384 4
0 36 7 176 30 511 6
291 191 1 49 36 362 14
15914 244 1 32 25 163 11
4130 672 2 120 38 191 16
4351 712 2 51 41 641 3
10911 548 1 12 32 254 6
4272 269 1 52 55 97 10
3563 482 1 13 33 169 2
16211 713 4 158 16 388 11
968 631 1 32 19 139 15
10312 228 5 251 37 271 20
807 646 4 218 25 432 4
10505 602 1 29 7 229 9
0 392 1 25 58 361 1
3722 211 2 180 83 673 9
16353 715 3 43 37 451 17
9025 332 4 150 35 572 7
9215 542 1 29 37 747 7
10736 554 1 191 75 355 7
15536 108 1 178 57 68 13
0 545 1 105 40 200 19
9119 318 1 84 26 432 17
9411 628 3 93 17 189 1
4905 506 1 42 45 194 10
16258 224 4 240 63 399 3
16514 655 1 183 61 163 14
9471 521 2 41 15 193 12
0 416 2 30 13 128 9
9542 733 1 10 19 433 6
10865 136 1 14 31 460 13
4014 57 1 192 24 603 10
15108 151 2 32 27 345 3
15116 384 2 41 28 312 16
3471 226 1 25 24 112 7
60 116 4 286 39 159 18
4813 364 2 62 39 37 17
52 439 3 92 75 433 4
4230 287 2 206 33 126 6
16232 750 3 67 66 759 1
16331 454 8 162 50 82 20
4769 709 1 78 55 431 4
4242 179 1 53 108 265 3
4304 80 2 90 26 184 12
3088 285 2 60 28 418 16
4887 514 2 82 17 773 20
10955 413 1 14 26 153 11
3939 268 2 23 28 89 17
22 604 1 67 24 507 2
763 88 1 128 23 352 3
9877 403 1 48 110 412 8
16766 640 2 43 8 200 2
15862 504 2 57 122 197 5
9211 446 3 54 7 192 3
15706 358 2 93 13 404 9
15556 421 2 161 59 589 5
15184 279 4 167 41 432 18
767 153 5 251 16 234 13
0 242 3 147 33 287 13
0 394 2 56 32 499 7
9255 718 1 57 13 33 13
9250 747 1 19 38 614 3
3882 595 2 46 41 47 15
0 160 3 61 14 457 17
10206 83 3 35 54 409 12
15829 572 3 99 7 272 13
15924 285 1 20 24 128 14
16590 508 2 200 23 350 17
9696 712 2 22 3 51 11
16944 170 2 74 18 77 2
496 558 2 123 76 425 6
15363 216 5 165 67 322 7
0 286 3 45 14 205 16
0 537 1 13 13 292 11
15846 449 1 144 27 292 8
9450 498 1 125 27 323 12
10129 193 1 51 11 57 20
48 582 1 20 14 313 17
4212 25 2 50 8 381 9
9104 648 5 124 28 319 12
15233 140 1 30 13 326 14
16856 144 1 42 38 97 7
948 106 1 82 54 390 19
3425 446 2 158 68 71 4
15467 684 1 21 9 73 3
15100 709 1 11 38 190 13
378 585 1 40 9 222 18
15162 33 1 20 8 129 14
9145 206 2 200 20 376 6
0 283 1 140 53 104 17
10577 202 1 16 36 575 17
323 580 2 42 11 51 14
15544 564 1 14 36 127 3
4496 275 3 44 28 54 5
0 26 2 27 23 186 1
4616 160 1 69 21 31 12
10577 309 3 80 19 33 19
16649 29 1 125 59 267 15
16434 433 1 67 36 213 5
916 591 1 285 41 136 10
16080 125 1 119 33 575 5
10605 480 1 127 42 151 3
3456 589 2 40 9 237 17
0 246 2 51 59 832 15
239 205 1 32 7 223 20
502 596 5 185 45 41 1
283 264 1 38 80 500 15
10481 227 1 63 31 105 3
16536 662 1 18 73 311 3
15998 163 1 13 13 104 11
0 626 2 75 64 367 12
15930 332 1 32 40 453 1
4694 252 1 14 47 160 16
10492 163 2 159 26 78 3
16909 88 2 68 18 545 2
15753 138 3 185 94 170 11
15361 410 3 98 112 170 2
87 211 1 33 65 221 7
16502 735 1 62 7 115 11
4408 295 2 81 57 92 14
3920 258 1 46 16 351 2
0 112 1 13 88 318 20
15209 215 1 45 10 151 9
16708 36 1 78 10 306 14
9437 217 3 216 43 535 17
16192 527 2 80 16 186 20
0 171 2 65 55 59 17
15335 213 1 56 41 115 6
3446 433 2 78 30 112 8
3905 630 1 85 61 400 5
4752 122 1 61 7 144 10
10189 143 1 79 80 541 14
4956 313 2 53 81 75 8
3708 741 2 61 42 463 13
10931 643 3 22 9 222 2
15477 376 1 11 17 291 15
15840 337 2 42 65 166 17
16923 466 1 64 29 97 7
0 615 1 60 14 597 1
15834 480 1 28 4 167 3
10879 697 4 175 18 492 10
10481 240 1 25 7 157 6
16542 413 2 52 33 536 8
9195 166 1 232 33 267 17
4250 630 3 43 43 79 16
0 355 1 94 90 98 8
10476 298 2 158 31 544 15
10521 376 2 195 25 644 8
16657 717 1 129 26 347 20
9249 285 2 51 25 49 17
3365 649 3 171 69 666 15
214 436 1 36 22 325 12
4289 119 1 55 22 120 7
15898 31 1 9 19 408 20
15583 662 3 152 35 550 3
9602 45 2 33 22 58 5
3298 237 1 20 35 140 4
843 394 1 24 37 385 16
0 485 2 154 17 260 8
739 231 5 109 36 248 13
0 311 2 33 7 203 3
613 128 1 65 40 515 10
3449 252 1 13 46 90 6
10141 324 1 65 91 597 14
16995 474 3 92 21 517 2
16531 430 3 138 48 539 6
480 39 1 148 63 437 16
10055 615 1 36 25 831 9
4673 101 4 53 39 216 2
16977 748 3 182 61 482 10
4869 198 1 32 25 852 12
437 245 1 203 70 239 1
9382 319 1 240 27 233 12
16064 166 1 111 31 464 14
3315 364 3 179 82 89 18
998 498 1 76 88 309 8
352 291 3 110 35 242 7
0 206 1 31 26 30 4
278 93 1 22 46 279 20
3525 555 1 195 80 262 2
16522 587 3 62 7 192 11
15607 45 2 17 32 61 11
3591 263 2 57 26 789 3
0 245 2 54 13 252 5
9469 483 3 145 35 122 14
0 467 4 93 25 256 13
15614 250 1 20 28 325 13
0 424 1 27 5 308 6
9492 238 6 78 38 410 19
4580 163 1 94 93 73 20
16643 350 5 240 81 270 7
4650 627 4 52 36 284 8
15263 239 1 102 29 85 18
0 259 4 74 53 532 10
3169 604 2 71 23 195 12
16622 553 2 20 33 35 17
905 530 1 49 49 68 2
416 185 3 62 34 507 6
876 576 5 283 42 521 10
4823 229 2 32 31 151 2
3271 325 5 98 50 128 15
4612 452 1 14 14 51 17
10245 573 1 111 23 451 19
16815 691 1 47 42 67 6
10395 317 1 45 25 42 17
9660 179 1 29 69 70 2
3249 485 2 43 10 106 13
9542 707 3 149 67 84 2
15178 279 2 124 22 546 7
16325 676 1 182 80 421 19
4578 25 4 51 14 73 14
10962 362 5 115 11 260 15
4530 668 2 89 15 391 1
9107 706 4 130 64 364 20
9051 252 2 39 4 97 11
0 699 2 61 8 57 2
499 582 2 49 17 110 11
254 50 2 233 69 127 6
9661 184 6 256 39 210 8
0 342 1 13 31 179 16
3930 396 1 39 8 93 16
3485 340 1 33 32 711 16
4440 546 1 16 21 87 7
9248 656 1 114 20 184 8
4466 32 2 49 46 439 16
4289 45 1 41 24 54 19
16644 455 4 232 39 283 13
0 734 2 63 33 668 10
9786 492 3 156 112 94 11
726 169 1 12 24 198 12
16325 61 1 13 8 63 10
4157 255 1 23 53 86 4
3301 613 2 36 15 137 9
3224 601 1 70 11 69 9
311 149 1 43 12 239 2
10939 333 1 20 13 71 11
9838 46 4 74 65 306 19
0 172 2 39 64 314 4
4956 88 1 105 10 369 14
9765 683 1 18 9 319 4
15575 311 1 36 13 110 5
16253 236 1 30 7 265 7
10271 726 1 7 29 83 2
589 111 1 34 19 374 7
3628 652 3 120 15 199 6
9356 210 3 107 9 249 6
9929 282 1 31 11 273 16
9574 162 3 321 87 272 7
15636 601 2 42 70 406 9
3560 520 1 63 19 103 15
10388 614 1 16 42 216 18
3197 80 2 65 23 34 1
10881 184 1 21 19 137 20
3602 33 1 404 47 565 15
16241 491 1 31 8 351 17
0 222 4 102 33 47 17
4115 424 3 147 28 14 7
953 502 3 146 39 136 6
3655 516 1 115 42 612 2
9607 326 2 36 5 210 17
900 217 2 57 22 192 4
9880 124 2 149 46 584 3
9979 572 3 27 23 828 9
551 115 2 102 26 41 17
0 713 3 83 49 485 10
16698 434 1 194 60 274 17
9511 26 5 262 57 185 13
16897 552 1 116 57 226 16
10117 388 1 46 59 449 6
15174 270 2 50 68 532 18
15244 451 1 292 48 430 4
16790 262 1 9 43 107 3
15157 325 5 101 38 319 8
4265 629 1 24 32 111 17
244 241 3 166 7 337 5
10698 698 3 154 36 166 14
9682 672 2 29 31 502 12
10629 413 4 60 35 465 20
0 738 2 23 37 240 8
680 682 2 88 10 58 19
157 266 1 17 27 217 13
151 169 1 74 34 175 19
3273 114 1 132 34 137 10
15420 450 1 38 27 40 8
9202 739 2 142 16 352 8
15312 692 1 37 44 214 5
10516 464 2 75 9 122 2
4919 749 3 346 29 209 17
172 383 2 37 88 538 7
0 254 1 28 100 323 12
3387 685 2 40 27 94 15
16338 415 2 153 14 526 5
3723 294 1 114 72 346 2
4689 274 1 25 32 420 5
0 368 2 64 41 43 9
576 573 2 53 34 71 15
3496 374 1 15 12 164 6
0 424 1 30 12 126 14
16566 741 1 281 34 272 18
16509 590 1 65 8 81 10
9505 100 1 33 10 235 9
16563 722 1 22 27 325 6
0 311 1 64 54 93 20
885 607 1 72 25 919 16
0 716 2 221 33 304 15
4387 619 1 81 97 111 20
10912 682 2 258 53 155 8
15511 231 5 236 77 214 1
15193 379 1 47 26 132 3
3654 642 3 118 8 101 18
9905 27 2 35 31 36 13
10879 433 2 78 18 294 7
10462 557 1 12 10 323 16
10528 33 3 48 60 75 14
892 316 2 125 34 810 5
16365 20 3 87 16 27 11
4540 649 1 43 21 692 15
4551 144 1 68 41 597 17
16189 368 2 82 23 77 18
10451 235 1 52 86 583 20
9472 402 2 96 62 415 17
16395 163 1 70 40 375 5
4404 539 6 127 47 670 13
9166 64 4 56 9 125 8
9486 415 1 21 30 42 9
10626 720 1 57 8 182 10
0 27 1 26 94 481 16
3882 35 1 12 5 296 6
956 286 1 18 22 598 4
15069 628 2 101 27 96 16
3580 733 2 195 16 193 8
4609 613 2 63 11 234 10
15725 470 3 46 26 33 20
0 256 2 110 22 141 8
15423 182 1 158 19 214 6
9596 506 5 373 60 438 19
15335 541 3 409 56 306 11
4904 739 4 48 16 73 11
15674 569 2 42 9 278 11
3770 65 5 344 28 187 9
16012 333 1 31 3 162 13
16715 508 1 48 24 630 12
0 267 3 188 23 153 6
15593 437 2 106 14 841 12
9316 578 2 22 13 108 6
4920 289 2 110 16 159 13
9264 560 3 73 9 69 6
351 327 1 71 22 322 13
4980 482 2 56 16 293 8
0 508 1 70 29 514 12
539 326 1 79 21 149 13
4873 490 1 47 25 264 14
3560 172 1 62 32 214 16
15945 612 1 52 118 471 14
544 649 1 25 55 175 2
15541 123 3 35 2 55 4
352 597 1 40 15 282 13
111 239 1 37 8 140 19
4075 718 1 18 11 284 16
10496 333 3 89 23 465 5
4690 124 2 27 25 65 12
9769 119 1 24 65 54 20
437 131 2 104 16 384 14
150 701 1 7 25 53 3
16132 736 1 10 40 52 10
4581 221 3 22 7 142 2
9170 257 2 49 32 253 3
16009 429 1 8 13 46 10
16677 346 1 87 29 694 2
3811 258 2 57 47 597 5
10789 251 1 92 22 183 13
3025 222 1 286 77 171 7
498 670 2 173 51 554 14
15243 282 3 55 6 122 4
0 473 1 96 116 62 15
3038 602 2 57 11 219 12
9292 127 3 61 13 103 7
4947 72 2 118 32 523 5
9316 482 2 63 33 143 6
16165 337 1 154 40 190 8
10805 354 1 18 37 86 7
16060 113 2 108 56 441 18
10746 531 3 102 51 258 1
0 532 1 12 21 244 3
16399 344 4 249 38 188 4
9131 440 4 60 14 199 6
0 596 2 90 14 431 4
4690 659 1 44 13 345 10
4092 661 2 33 42 128 13
10609 564 1 26 16 110 6
4077 675 2 179 83 436 10
9186 447 5 284 42 472 7
16707 258 1 18 4 113 14
10559 184 1 32 40 198 13
9092 20 1 139 37 245 1
0 21 1 173 19 121 20
9408 381 1 17 20 214 18
4373 292 5 260 13 526 13
15148 437 1 57 49 105 4
400 204 1 10 14 84 6
429 105 1 41 30 228 2
3816 327 2 183 60 278 9
16796 216 1 6 14 39 10
10956 598 2 128 67 149 7
0 486 1 117 23 442 12
10877 281 6 171 17 195 17
10837 563 2 23 9 215 15
16466 480 1 47 10 154 7
26 137 1 36 7 69 2
15319 573 1 22 22 152 1
593 569 1 34 13 262 3
9045 727 1 11 32 64 1
16974 418 2 128 15 176 12
10772 367 1 38 38 616 13
0 646 1 11 35 123 1
3684 577 1 8 15 151 14
4150 698 4 49 39 256 11
16770 507 1 95 20 207 12
136 667 3 97 68 367 17
4202 131 1 49 23 34 18
4300 557 2 234 31 453 7
0 529 1 20 4 107 6
4592 515 2 79 37 380 18
9158 699 2 142 47 497 18
4551 129 1 34 18 276 12
9650 146 1 59 44 394 17
0 494 2 66 11 62 15
3255 563 1 39 45 400 2
9845 160 5 256 18 178 15
453 89 1 27 71 75 8
139 406 3 51 7 132 2
9218 408 1 173 56 441 13
0 596 2 63 13 105 11
4117 390 2 52 17 105 15
16687 608 1 16 40 120 18
0 619 7 293 28 350 20
650 64 1 28 15 157 12
16348 467 4 181 38 712 10
0 704 5 44 14 29 2
3122 669 1 129 53 89 7
16949 189 3 100 15 195 13
9600 686 3 54 27 110 1
9610 429 2 39 30 239 13
0 600 1 27 56 236 18
0 282 2 68 46 172 20
16593 750 2 32 15 101 6
16945 249 3 183 59 161 20
9978 634 1 8 29 92 6
10148 715 2 154 25 172 7
3017 365 1 170 45 690 15
9220 81 2 89 31 112 2
3629 576 3 48 8 97 16
15305 535 1 26 28 42 15
10577 397 1 17 19 290 20
4057 169 1 12 8 109 2
15598 355 1 14 7 209 1
304 212 1 43 29 438 10
9928 531 3 176 41 182 10
9869 391 1 52 23 34 7
16762 175 2 57 52 202 18
9819 372 2 186 37 301 20
4736 648 3 281 74 498 18
10453 312 4 118 36 516 12
3692 215 1 128 31 318 6
15691 583 3 134 25 601 20
602 423 1 34 3 121 4
15694 72 4 178 34 397 1
3713 177 1 30 36 360 16
3986 604 2 114 50 299 11
10613 581 1 53 29 130 7
9572 578 4 26 17 88 5
40 362 1 71 48 213 7
9007 427 1 38 32 651 3
16818 670 1 121 65 228 7
796 445 1 56 86 627 1
10810 189 2 157 58 32 15
3100 544 3 18 5 219 15
174 301 1 46 11 298 20
403 355 2 34 8 221 8
15209 227 1 44 36 403 7
4465 652 2 76 42 492 9
9617 614 3 219 84 187 7
0 269 2 156 32 553 19
10479 260 2 31 11 89 5
9921 717 1 50 89 123 14
10662 58 1 48 87 105 7
15884 247 5 157 37 303 9
16972 364 1 27 44 662 5
15211 473 1 33 33 637 10
15943 723 2 58 33 45 3
16466 699 1 35 27 270 12
10809 251 1 33 9 382 4
16386 701 1 79 32 385 8
16600 381 1 229 116 473 4
4613 25 1 41 72 359 2
4605 654 1 51 49 265 12
16986 573 3 144 80 69 6
284 252 3 113 37 258 17
10488 194 3 339 16 468 16
3502 671 2 182 72 644 10
9223 308 2 123 9 260 17
15964 151 3 107 84 619 5
15656 568 2 43 111 417 4
0 69 3 85 15 377 10
10454 343 2 27 44 413 13
3449 552 2 73 39 337 7
181 447 2 82 41 336 2
4515 186 2 31 6 160 10
15092 245 3 123 33 238 19
4215 595 1 9 6 428 2
3873 280 1 24 9 220 7
3128 45 2 137 59 189 1
6 550 2 79 19 478 17
0 374 6 150 60 159 20
3019 378 2 79 21 465 20
10217 245 2 104 61 358 14
3463 166 3 104 34 112 18
9926 346 2 62 73 218 10
10860 336 2 89 66 744 5
3164 42 3 69 8 323 9
3481 114 2 110 55 952 6
15445 718 1 10 10 275 16
175 168 1 37 14 107 18
10707 458 2 37 15 400 6
404 148 2 73 39 307 11
9113 437 2 76 10 447 11
15811 604 2 64 52 89 2
16397 179 1 130 19 578 11
10312 60 3 34 41 335 2
16870 520 6 279 29 352 15
4925 677 2 68 45 320 17
10199 633 1 37 27 342 9
3743 430 1 28 7 111 7
168 446 1 79 36 793 14
15328 687 1 46 36 433 20
3766 299 5 294 49 621 18
16996 331 1 44 16 303 18
4143 557 3 35 35 374 13
0 374 1 107 28 277 4
9982 91 1 127 53 88 16
470 146 2 217 38 326 12
10527 485 1 125 30 224 13
0 105 2 53 14 246 20
15093 409 4 156 90 95 14
4439 95 6 233 73 398 19
15382 54 3 100 38 90 14
9834 595 1 19 60 508 1
304 382 4 135 15 286 1
4638 133 5 68 24 220 15
3395 147 2 77 17 647 20
4799 567 1 30 12 146 13
3653 212 1 16 41 30 14
16946 533 1 19 61 294 13
3582 53 1 56 25 100 10
4836 53 2 69 15 314 15
15309 556 1 11 33 112 19
16132 737 2 140 90 266 18
10537 136 2 91 35 98 7
16648 714 1 27 31 80 8
3321 637 1 22 8 143 20
15028 127 1 7 16 362 15
0 595 5 188 30 642 7
0 295 1 12 27 73 16
3013 118 2 64 18 400 7
195 508 2 177 19 457 11
16394 396 2 53 58 183 1
394 575 2 22 28 231 15
15955 467 4 151 28 440 20
9757 106 1 284 23 236 12
0 406 3 133 30 158 2
15654 245 1 37 65 157 15
10553 419 1 149 79 301 6
15619 44 2 89 37 505 16
10010 538 4 245 44 418 19
0 726 2 32 18 396 1
39 212 1 63 42 164 1
3890 718 1 35 14 245 8
4745 706 2 17 25 105 8
3142 591 1 13 14 236 18
4722 675 4 158 95 545 16
15672 463 3 89 15 343 5
10158 363 2 71 62 212 6
0 731 1 18 30 330 13
3794 226 3 145 34 233 12
10336 475 1 12 7 168 17
3739 313 1 77 43 458 20
777 168 2 94 16 68 15
9059 524 3 99 35 130 10
0 718 1 88 31 238 19
3450 32 5 171 48 196 5
4596 577 2 21 32 245 19
0 279 4 262 36 144 1
0 87 5 198 45 462 18
16126 178 1 84 14 179 3
9335 500 1 19 18 26 15
9300 119 1 42 65 328 15
15588 666 1 46 7 139 5
15229 587 1 30 36 52 16
15739 652 2 80 23 512 12
10404 23 3 91 59 15 19
10884 371 1 68 45 200 1
4111 289 3 169 39 318 4
852 309 2 18 58 168 18
0 111 1 23 6 445 10
4109 384 5 123 22 191 15
3317 55 1 171 50 205 7
15011 92 2 108 61 319 3
9506 421 7 241 88 123 9
9134 726 1 43 18 258 7
4516 56 1 40 5 119 13
626 666 4 114 115 436 14
9912 643 1 17 5 251 2
0 492 2 98 21 37 19
3039 166 3 77 46 18 16
906 132 1 44 12 171 20
0 71 1 43 95 637 11
3339 682 3 173 106 159 15
0 592 4 221 84 561 19
3977 448 1 9 13 63 8
16102 194 3 159 64 106 8
10594 133 3 187 46 163 2
3072 446 1 22 42 220 10
9074 68 1 75 88 555 7
0 436 2 80 16 109 3
3022 605 1 124 7 435 5
16831 732 1 36 8 113 3
4465 158 3 76 84 259 1
3578 87 5 117 27 429 19
4837 750 2 51 10 251 10
634 422 1 23 35 251 19
4889 539 1 21 27 101 2
15064 316 1 45 38 178 5
9122 500 1 39 76 586 18
10224 242 1 95 39 176 14
15429 699 1 24 47 268 4
15275 372 4 151 18 91 2
16281 124 1 30 47 396 12
3497 55 3 63 15 194 4
16658 591 1 56 88 77 7
3420 685 2 62 54 384 7
4851 425 1 58 25 488 10
15901 467 2 30 24 139 16
36 221 1 128 38 143 15
574 129 2 74 33 188 18
4571 576 2 146 10 189 12
98 506 2 75 23 79 16
15633 679 2 44 13 75 2
4606 603 2 50 46 595 11
9822 383 2 46 27 124 6
3087 669 2 82 19 262 13
0 603 1 64 13 329 12
3733 257 3 53 15 281 12
15460 748 1 69 66 307 13
10544 295 1 45 53 236 16
9662 477 1 28 7 182 6
4127 55 4 137 52 231 9
10927 141 1 21 10 165 18
9560 96 1 28 22 228 2
10033 286 1 13 26 114 14
9165 285 1 78 39 309 9
4582 507 2 58 33 399 13
4278 733 5 164 35 56 16
3058 513 1 120 60 168 19
939 394 1 39 26 377 3
38 719 1 21 16 296 9
366 177 1 34 38 274 16
0 729 4 269 58 447 17
503 326 1 77 45 370 11
728 383 1 40 10 211 9
10301 224 1 77 20 117 15
15018 440 1 29 32 29 7
0 599 1 93 116 212 9
16986 486 1 47 20 411 7
9752 650 1 30 3 197 11
9148 272 1 15 37 55 12
619 282 2 21 65 307 16
0 373 3 252 24 544 14
321 160 3 135 26 127 19
917 278 1 14 8 255 5
3666 359 2 111 25 294 1
15987 708 2 177 77 865 15
4257 145 1 82 64 173 11
4282 605 3 210 73 342 18
3896 671 1 36 35 249 4
4127 450 2 159 26 172 1
0 261 2 93 54 183 16
15081 612 2 51 32 465 15
4702 646 2 360 53 332 3
10907 197 3 136 30 315 14
0 729 4 109 93 59 6
10847 184 1 12 31 84 19
10020 176 2 39 4 78 12
16498 582 1 12 39 253 18
3158 503 1 65 54 697 4
4960 628 2 51 34 300 6
787 137 3 150 74 37 10
4835 492 7 166 25 405 15
15754 421 1 34 46 62 13
0 396 2 168 22 673 15
4266 97 1 22 5 114 17
3091 675 2 42 40 443 1
3448 212 2 32 30 31 6
16275 548 3 135 24 200 12
84 265 5 207 26 74 10
9684 470 2 36 21 337 11
16385 293 1 30 13 279 15
0 478 3 257 16 491 14
4472 180 2 144 74 398 19
9162 594 1 253 25 566 8
10016 601 1 20 30 61 1
9349 255 1 58 14 155 3
9478 718 4 95 61 95 3
15666 235 1 37 11 63 20
929 228 1 123 72 251 18
3130 32 2 140 102 171 3
9346 322 1 40 37 477 1
15786 30 2 59 37 581 3
9277 660 5 272 10 452 14
3180 355 1 20 11 244 12
16889 494 1 12 25 150 17
3037 137 5 177 35 458 12
16253 96 3 169 35 428 10
3842 143 4 115 65 438 9
3268 123 2 97 51 391 19
676 379 1 33 15 233 8
10539 702 1 16 16 194 14
871 634 3 115 32 525 6
3681 431 1 75 21 849 19
4964 106 5 330 30 102 2
3698 230 1 35 53 475 14
10503 398 4 185 70 331 14
3588 278 4 288 38 535 15
9016 728 1 17 57 119 2
947 255 2 67 37 220 10
15002 346 1 28 33 30 4
10 467 1 22 65 488 5
9785 71 1 19 32 185 10
16494 326 1 22 6 161 7
9631 76 3 220 35 334 7
0 169 6 403 23 363 18
3995 632 1 50 64 99 3
10977 506 2 163 76 718 10
10171 82 4 83 97 176 1
3850 209 1 344 37 242 17
4271 229 1 316 14 354 19
826 112 1 63 28 65 18
15006 746 2 45 5 77 18
9111 361 2 141 33 113 5
516 702 2 38 47 80 5
9644 709 1 16 21 525 11
16164 618 1 42 19 328 16
9011 726 1 29 9 108 13
3151 384 2 58 83 133 3
15815 740 2 187 67 266 7
15909 209 1 23 43 20 6
15883 444 3 59 26 261 20
4504 461 1 28 41 323 17
16656 119 6 121 57 660 6
16794 682 2 92 30 221 2
9795 624 3 143 6 425 15
4733 629 2 40 66 341 2
15066 659 2 78 20 591 18
4892 306 2 80 20 138 20
3355 108 1 34 19 260 16
9258 88 2 80 104 501 4
9502 136 1 18 14 249 3
4160 540 1 48 89 454 19
0 304 3 98 45 892 7
15807 609 1 14 49 681 5
0 709 4 70 23 239 8
3155 49 2 41 8 254 16
15904 344 1 17 65 180 10
50 143 1 14 11 74 10
10421 355 4 268 38 171 5
10650 219 1 30 15 88 10
580 557 2 57 34 499 10
4477 262 2 62 23 254 11
3468 277 1 13 9 406 11
9998 161 3 136 39 454 16
0 703 2 138 67 88 5
10176 202 1 39 46 361 5
3711 498 3 116 21 388 8
16203 341 2 201 103 567 11
15036 719 1 34 24 545 18
15276 372 1 29 34 40 17
4534 596 4 130 26 98 13
16362 510 3 136 38 555 7
9008 160 3 130 22 268 5
15295 519 5 93 16 477 2
9928 447 1 166 7 132 6
3472 509 3 80 18 265 3
588 417 4 69 59 29 11
16317 669 1 79 36 415 15
15863 710 1 24 67 389 1
478 79 1 202 22 399 20
0 634 1 22 39 124 1
421 216 2 80 14 293 9
15910 153 1 23 77 296 6
15497 555 4 73 72 562 6
16015 133 2 52 24 91 17
16868 327 1 72 39 121 3
16238 344 3 28 11 131 9
9695 105 1 96 29 124 6
895 198 1 183 15 510 17
10759 430 2 84 33 722 19
9998 49 2 42 33 48 2
3861 432 2 90 29 91 3
10006 289 1 45 26 563 6
0 548 3 158 27 111 6
4006 393 1 22 36 351 7
9550 469 1 61 18 221 8
16675 139 4 122 22 408 5
10566 127 1 55 23 68 2
0 30 1 26 46 52 2
15812 81 1 31 34 224 8
16427 654 4 229 29 736 2
380 522 1 96 74 157 16
10296 549 1 61 11 202 19
10688 723 2 84 67 692 1
153 642 2 241 66 518 1
9440 182 1 27 43 689 12
0 95 3 125 32 35 3
3395 503 4 319 65 67 5
4929 73 1 24 62 287 14
9289 59 1 52 12 455 12
16310 173 3 58 62 542 14
4019 297 2 23 37 294 2
3154 20 1 34 35 219 14
16261 495 6 227 62 490 7
10578 729 2 71 94 89 2
0 33 2 273 46 258 19
16151 318 1 69 32 164 9
0 559 3 56 23 100 20
10205 56 1 45 16 485 18
16383 67 1 60 26 525 18
3813 559 2 36 16 238 3
49 48 3 155 43 472 10
1 540 1 15 34 146 5
16370 542 1 33 34 156 8
0 142 3 143 24 274 10
9651 566 1 32 36 251 14
16426 366 3 48 13 210 13
9390 178 5 195 30 499 1
0 705 2 64 30 218 5
10263 480 2 28 22 537 14
15658 572 4 218 22 180 14
4118 643 1 28 5 113 18
953 63 2 144 42 269 8
271 478 2 33 67 388 19
15542 115 2 169 46 318 1
121 451 3 139 70 45 18
15154 311 1 22 14 68 1
10906 746 3 61 22 155 9
251 700 1 138 28 505 16
0 600 5 282 55 515 19
10457 49 1 27 67 777 9
4193 382 2 32 9 175 4
16360 640 2 38 41 640 19
0 386 2 77 14 790 11
686 136 1 17 6 211 8
3874 358 7 150 28 262 17
963 484 1 21 8 160 12
15447 510 4 144 51 135 14
16843 623 1 38 18 81 7
16657 204 3 121 73 615 5
3742 598 1 24 68 739 9
9924 124 6 204 40 92 19
15326 369 2 12 42 170 11
15504 336 3 88 46 495 17
16169 339 1 140 36 67 5
404 649 2 41 30 124 17
16647 97 1 24 9 309 13
4361 548 1 14 4 349 4
9370 100 1 81 14 349 6
10285 100 2 55 3 198 14
0 74 2 38 20 211 19
4998 450 1 116 60 188 18
15322 415 2 129 70 44 2
15825 216 1 59 18 278 18
16433 127 4 149 57 74 18
7 631 1 25 40 222 12
4771 82 4 90 70 623 1
9523 234 2 194 24 93 8
4941 214 1 21 18 86 10
4456 572 1 35 36 107 8
3667 559 1 194 74 102 12
15353 567 2 27 14 60 15
0 270 4 203 45 101 13
884 307 2 66 95 461 4
10116 744 1 22 77 665 8
9928 30 1 36 50 457 17
85 285 2 182 20 119 20
3967 668 1 83 15 146 19
15740 429 2 230 37 249 4
3764 110 1 50 44 241 19
4077 523 1 94 24 272 20
15083 509 3 308 57 389 8
0 182 1 32 66 62 4
10384 623 2 54 10 76 16
348 450 1 37 31 177 10
15221 197 1 69 19 538 17
10541 605 1 36 27 74 14
3343 219 1 98 61 268 11
15485 694 2 81 20 275 10
593 373 3 208 43 191 13
4359 545 2 95 25 219 4
0 473 2 65 42 138 11
10298 284 2 65 15 400 8
16285 683 3 113 14 20 17
3694 139 1 23 11 148 8
15239 594 1 19 44 296 10
4321 455 1 42 16 96 10
15662 241 3 139 68 103 19
9273 240 1 25 55 57 11
4849 96 2 35 14 344 5
0 450 1 13 21 54 5
10556 510 1 54 32 100 1
4879 64 2 146 24 35 9
10841 286 3 54 20 280 17
0 708 6 331 25 462 15
16929 625 4 68 44 837 9
140 658 2 55 37 110 12
10312 426 2 204 29 331 8
3390 53 1 11 37 75 7
15757 194 4 58 21 656 4
16686 350 6 142 53 891 16
0 579 1 151 25 381 19
3314 128 1 41 10 243 10
138 135 1 76 8 304 17
15052 728 1 6 7 266 8
0 56 2 67 20 26 3
10019 386 2 27 24 338 6
3214 192 2 368 52 185 2
0 467 1 41 8 183 14
3191 606 1 56 61 493 17
9922 491 1 94 12 329 5
0 78 3 71 10 209 7
3635 408 2 112 94 121 16
106 145 3 173 49 330 3
9074 184 2 53 21 241 14
0 314 2 57 7 148 7
4256 95 3 226 42 577 10
10037 32 4 209 51 199 17
10763 676 1 87 57 254 7
35 254 1 437 54 541 2
15642 631 1 16 23 205 9
0 151 1 8 14 333 20
9230 727 1 18 49 150 18
10293 592 1 64 32 208 2
10034 142 2 36 76 356 1
3945 413 2 40 16 379 15
4757 395 1 37 23 389 15
269 466 2 114 29 310 13
10914 481 1 25 25 384 12
10798 254 3 109 8 215 2
10477 322 1 61 12 274 15
10853 201 1 34 27 142 15
469 305 1 40 26 77 7
4408 326 2 95 32 132 16
576 695 1 39 17 554 5
0 417 1 289 36 330 10
10266 622 1 47 41 225 2
0 589 1 26 42 107 14
4898 142 2 24 8 112 4
4204 237 1 63 35 311 20
15758 330 3 56 28 508 17
10194 96 2 144 41 257 19
0 613 3 47 29 11 19
141 731 2 25 66 667 9
0 620 1 9 7 425 9
9073 261 1 11 32 89 14
3229 288 2 71 4 121 11
4254 622 1 29 44 394 14
0 726 3 24 14 76 19
598 346 1 160 39 547 12
16531 291 4 50 43 189 12
4143 200 1 25 16 200 14
4960 155 1 19 23 187 6
4969 571 2 44 37 29 15
0 717 2 69 34 478 5
3934 524 2 66 20 34 2
511 241 1 29 67 61 6
0 286 3 265 53 166 13
16575 370 2 38 6 123 3
10914 466 1 211 32 200 9
3529 77 2 51 83 643 11
0 671 4 32 14 90 18
3541 31 1 32 79 80 10
9403 226 3 111 48 108 10
9608 624 3 144 106 89 14
15940 136 1 47 30 253 3
15090 172 3 92 39 14 5
3063 210 1 120 23 401 8
3069 698 4 180 15 583 2
885 62 2 268 40 169 20
10124 732 3 100 50 568 12
10377 591 1 41 37 335 2
16597 507 1 44 44 466 3
16311 412 2 163 23 264 19
10080 31 1 90 6 390 8
15726 351 3 223 43 292 17
10788 562 5 369 54 344 15
515 339 2 201 21 359 5
411 75 2 83 68 567 19
3977 378 1 40 37 499 17
15841 426 1 240 10 226 12
866 663 2 136 15 229 9
3144 570 1 27 68 617 8
16994 411 1 18 24 105 5
3805 536 2 73 29 463 15
10528 392 1 36 35 233 11
10381 93 2 25 7 317 11
15275 46 1 20 53 273 6
3891 477 2 92 29 65 16
0 231 2 100 19 299 9
3016 296 4 148 33 319 8
9608 201 4 200 82 133 10
4983 649 2 88 32 273 9
10245 123 2 31 24 247 10
15657 94 1 25 9 384 9
976 670 1 19 21 289 10
4824 353 3 53 14 72 5
9298 714 1 46 9 125 20
3894 479 1 99 22 69 12
0 461 1 23 25 839 6
16618 315 1 28 9 98 7
4157 542 3 108 28 116 2
0 521 1 233 76 645 13
3143 404 2 92 35 324 1
9395 643 1 112 13 508 8
9109 518 1 81 91 173 2
9207 613 1 23 21 592 8
729 266 1 43 24 117 11
4292 186 2 56 11 252 8
9009 183 2 34 43 303 16
16605 170 1 46 3 149 14
16308 666 2 24 14 69 8
4160 249 3 54 33 329 10
0 734 1 133 28 79 1
658 673 1 101 55 391 18
16795 449 3 43 29 280 5
10619 564 1 49 53 318 10
488 521 1 321 112 27 7
10881 592 1 79 66 444 3
4839 453 1 45 40 78 13
15510 517 2 64 65 570 1
10164 151 2 34 5 161 6
10826 689 2 159 22 227 11
9130 622 2 29 8 182 5
4314 121 1 23 10 413 9
9480 644 2 76 30 296 6
4584 64 2 27 6 132 20
16155 161 2 19 38 27 18
9675 620 1 12 9 117 1
10007 317 1 20 19 276 17
4171 186 1 182 37 183 17
0 79 1 13 8 438 10
3500 350 1 37 43 464 11
4632 678 2 37 35 161 11
9788 321 1 11 8 358 1
16180 469 4 146 23 382 18
16623 617 1 132 16 314 9
3756 137 1 15 6 87 6
9516 46 1 76 8 472 17
381 487 1 18 77 140 5
797 740 5 323 69 404 11
9372 25 2 36 21 113 16
10036 579 1 10 41 215 7
3199 602 1 27 88 589 2
9139 736 1 64 25 233 6
9495 593 2 53 47 95 1
16621 515 1 102 59 687 6
10090 668 5 164 24 598 6
0 371 2 88 46 390 10
3259 600 1 23 29 405 12
15591 711 2 63 39 376 19
794 184 1 13 8 100 20
16637 196 1 40 15 279 7
9743 566 5 88 82 339 2
9356 639 1 56 40 231 3
16003 695 2 15 29 270 18
4937 93 1 49 41 76 1
10874 701 1 10 17 194 10
16736 713 3 38 42 435 6
0 723 1 42 31 58 16
10131 172 1 62 14 221 14
16477 348 2 31 101 397 20
986 353 1 59 4 355 10
0 281 1 63 50 198 15
3429 263 2 120 91 299 5
669 111 2 45 34 330 5
9983 353 2 83 59 112 8
0 122 3 192 52 299 19
16952 739 2 162 69 445 20
4964 612 3 61 64 687 13
10507 161 1 17 29 58 10
15109 88 1 277 56 248 6
15896 741 2 215 31 250 14
949 284 2 224 104 153 7
4429 515 1 7 14 398 3
512 749 1 127 19 152 17
4730 530 1 78 44 612 11
15931 211 1 23 6 157 17
16660 551 1 39 29 53 8
789 114 5 389 80 584 17
3494 431 1 74 59 370 5
3544 60 2 44 32 271 10
15454 557 4 123 103 96 11
951 448 3 54 27 239 1
10520 534 5 186 32 649 8
4800 593 1 157 22 108 1
3061 213 5 215 24 179 7
16952 594 2 62 29 217 17
10934 672 1 39 25 246 12
16062 623 1 28 8 356 8
3097 734 3 272 35 481 9
200 586 2 38 5 233 4
9343 536 1 32 48 280 9
4341 173 2 13 18 231 19
609 501 1 245 18 501 20
9615 330 2 187 31 404 4
9384 410 2 100 27 173 6
10478 59 1 48 7 651 15
0 232 2 71 38 71 13
9717 75 1 49 100 725 9
889 406 4 72 37 329 1
3681 151 3 69 9 155 16
15276 153 3 178 86 30 20
451 301 3 18 13 63 16
9599 559 2 109 52 142 17
16143 592 1 74 27 296 8
15945 302 2 74 27 146 2
9141 694 2 63 23 320 15
3537 115 2 127 38 251 18
594 637 1 97 33 615 9
0 669 2 198 28 765 16
680 226 1 27 70 673 11
4961 198 1 101 9 36 19
9992 307 1 22 28 148 8
4140 521 3 86 33 362 9
0 87 1 80 28 308 8
9595 34 1 39 61 436 2
207 452 1 20 16 612 3
4552 650 1 53 45 432 16
16038 382 3 337 41 459 4
4644 693 1 34 16 119 12
3590 556 2 71 39 234 18
15209 621 1 44 34 331 5
4313 373 2 207 14 459 5
10221 79 2 49 17 217 14
0 439 4 185 32 498 9
15134 381 1 228 43 387 7
15026 688 1 22 37 63 7
4700 527 1 10 42 297 8
16949 331 4 173 15 56 7
970 381 2 36 78 162 20
886 301 1 29 8 259 13
16489 93 2 159 36 267 1
3633 741 1 172 57 404 16
15914 631 1 15 89 387 20
15065 22 1 29 6 369 12
0 77 1 113 29 175 9
0 29 2 77 32 163 1
16697 671 1 18 33 103 11
301 456 1 187 27 549 3
15770 547 2 110 38 93 14
9203 242 6 118 11 480 8
3718 750 1 37 33 43 16
9378 285 2 29 74 565 10
896 267 1 78 8 146 13
9782 433 1 179 38 87 20
4559 66 2 34 34 57 6
15998 293 1 31 23 608 12
15808 220 4 213 46 683 3
9125 207 1 21 45 195 14
3539 602 3 45 9 147 5
4309 738 1 33 9 223 4
10166 235 1 8 9 204 2
9808 390 1 82 26 257 15
3474 85 3 68 28 211 20
10033 108 1 57 5 364 8
15149 250 2 70 58 515 12
16516 329 1 38 50 61 20
293 143 4 110 32 237 4
3438 21 1 24 26 230 5
16257 551 2 101 16 359 3
10356 341 2 51 55 227 14
97 116 2 233 82 319 15
15017 47 1 34 14 687 16
15404 593 2 78 30 132 16
16524 122 4 176 51 612 3
10060 352 2 75 20 146 11
0 33 1 18 26 201 10
4820 58 1 21 21 141 10
9885 35 1 11 55 95 4
3749 254 2 145 43 224 3
16193 324 2 36 31 380 9
10415 244 1 76 24 132 1
9672 700 1 29 45 23 9
3774 95 1 86 69 203 17
9872 593 2 102 27 278 8
9207 598 4 368 25 81 12
4250 178 3 90 5 128 4
15798 75 1 120 56 203 10
10701 118 2 27 34 418 5
550 719 8 122 19 448 13
16630 289 1 133 11 262 20
10016 720 1 140 28 99 8
16757 588 1 37 26 43 6
10773 179 4 39 75 200 18
4081 27 1 112 40 128 5
4919 687 1 24 24 347 1
10256 233 1 44 49 73 14
16222 495 1 22 44 160 2
4138 553 1 56 73 493 16
9460 146 2 68 30 53 16
9693 620 4 50 98 635 19
4170 547 2 22 36 144 18
16346 37 2 79 18 293 5
9222 233 2 106 13 261 9
10535 665 1 83 11 81 19
16041 463 1 192 45 100 14
16646 391 1 31 38 511 18
4291 553 3 178 27 85 2
4108 183 2 185 42 123 14
15045 503 1 77 19 143 5
9599 576 6 285 43 370 9
9756 561 1 70 88 423 8
16115 687 3 101 21 656 7
10844 562 1 140 43 266 5
0 394 3 201 26 71 16
10341 434 1 127 40 239 6
16129 649 1 225 26 319 4
15786 120 2 93 25 54 4
4272 333 4 166 66 223 16
115 322 3 318 17 279 6
0 717 1 29 10 158 3
16560 136 2 144 28 60 7
3295 714 1 81 40 421 1
16789 484 1 18 3 106 10
52 77 2 31 6 435 9
10573 491 2 31 4 339 17
854 172 1 21 47 244 13
15540 123 5 210 31 601 12
4375 406 1 78 19 157 20
10165 344 4 140 54 478 19
10053 325 2 48 70 511 12
10447 113 1 40 13 116 20
3994 481 3 82 59 99 17
15151 464 1 166 26 410 16
16088 583 3 158 19 230 4
4534 700 3 331 25 445 9
9430 192 1 13 26 460 19
4654 664 1 65 16 363 11
16484 626 2 167 30 392 11
913 138 1 21 18 520 1
10422 390 1 12 17 101 15
16644 721 1 50 33 327 8
15818 43 1 314 87 452 14
9022 557 4 149 8 297 10
15754 741 1 32 34 407 16
460 721 1 131 19 630 18
9009 651 3 61 34 436 11
3413 65 1 43 6 210 7
10680 579 3 35 26 118 1
3458 744 2 62 87 131 6
273 732 4 125 12 376 15
375 598 1 69 17 229 13
0 649 1 23 8 203 16
15670 308 4 308 61 497 7
420 415 3 369 49 443 5
0 707 1 52 66 208 13
3372 143 1 16 3 262 6
78 435 2 41 32 187 3
3125 181 1 32 33 277 15
15003 200 1 126 15 309 12
4406 677 3 46 6 261 5
15752 680 2 48 10 310 5
4236 86 2 86 22 32 17
10647 112 3 66 24 242 20
0 494 3 96 42 215 15
16026 298 1 48 28 321 11
647 343 5 190 27 335 15
16297 432 1 38 27 243 13
16805 603 2 260 37 180 14
0 61 4 99 66 224 17
9057 612 3 27 40 230 12
4132 308 1 32 10 350 2
307 80 4 151 29 550 3
15830 102 2 138 26 48 14
654 432 1 25 40 43 2
3591 511 1 12 9 209 5
3136 390 1 71 18 173 10
0 693 1 153 86 450 11
9382 642 2 35 17 367 20
16589 537 2 109 34 211 4
9373 451 1 12 52 156 16
107 386 5 232 34 347 4
127 49 2 54 24 249 16
4230 326 4 152 97 368 14
3984 367 1 13 26 91 15
10469 349 1 90 111 575 12
9337 170 6 211 65 572 1
9963 110 1 34 23 67 17
0 49 2 45 14 63 17
9712 214 2 74 14 293 13
4404 734 1 75 58 291 20
929 501 1 16 5 205 17
3044 605 1 22 30 311 2
15357 37 2 107 82 166 10
3285 435 2 72 33 51 16
0 484 1 16 54 288 18
4034 79 1 74 62 48 20
3248 561 1 17 32 666 8
9306 461 1 44 31 101 6
15164 715 5 314 13 240 17
10449 59 1 25 13 225 2
9103 704 1 26 19 562 13
558 276 2 63 34 219 20
16054 354 1 275 59 127 16
10257 43 2 19 15 177 6
505 368 1 119 12 182 11
9888 462 1 84 61 77 10
9134 179 1 7 44 35 20
0 615 2 92 14 349 11
4875 323 1 8 13 262 15
0 747 1 27 53 90 3
0 268 4 134 36 82 5
10166 362 3 118 71 378 4
15438 585 1 31 44 323 6
0 43 2 39 29 339 16
0 70 2 103 51 596 7
16091 457 6 411 27 555 16
9559 221 2 75 25 222 14
16784 520 1 26 80 197 17
10675 496 5 110 24 316 9
4005 709 1 95 34 302 20
15083 298 1 27 23 60 5
9783 550 2 70 58 105 17
3620 411 1 56 8 234 12
15577 34 1 34 23 280 20
9765 437 1 54 34 91 14
341 715 3 71 26 175 14
3412 315 1 100 47 82 10
10089 297 3 38 4 244 14
3884 675 1 28 9 182 6
0 262 1 35 24 590 19
15656 57 3 110 11 294 1
3538 458 3 44 7 258 8
10000 393 1 31 17 23 13
9086 20 4 79 26 287 9
0 281 2 48 70 93 6
3107 354 4 166 32 110 20
386 106 1 161 30 118 17
10024 671 6 314 26 66 20
9517 531 1 23 56 163 12
16780 375 1 16 58 111 7
3173 330 1 17 25 342 16
10826 731 1 17 80 474 12
16744 157 2 45 57 323 7
0 55 1 38 8 120 19
0 138 4 57 22 200 18
16106 456 1 31 65 463 8
9359 55 1 91 41 849 13
16801 400 2 65 77 509 16
3929 121 1 287 11 458 9
3758 701 1 183 20 288 7
9415 335 3 142 13 216 5
10965 638 2 111 29 358 3
10518 338 2 143 63 310 11
3379 318 5 107 8 433 10
15860 37 1 33 42 290 15
0 174 4 156 28 38 8
26 502 5 94 14 407 16
3419 214 3 237 112 53 13
269 207 1 13 29 66 6
3565 730 3 73 34 10 20
16856 159 5 142 47 453 12
15492 193 1 24 7 132 17
0 612 1 157 35 239 14
10035 488 1 34 31 595 15
3273 582 3 137 35 133 8
16377 106 2 22 41 290 2
4871 416 2 22 5 99 12
3668 382 1 114 31 423 13
780 105 1 60 47 333 2
15415 265 5 134 60 324 9
16851 279 3 109 53 510 15
0 676 1 37 38 351 13
15231 587 3 81 68 600 10
4661 245 7 333 22 295 4
9028 254 1 18 30 313 13
10012 750 3 77 11 527 1
9544 116 4 329 60 317 12
559 200 1 40 6 192 14
3379 58 4 120 37 390 4
10574 148 6 334 19 505 12
4438 546 1 105 91 94 15
15972 419 1 20 15 68 7
9133 658 1 13 30 223 7
10993 415 1 15 29 61 18
4288 641 1 173 40 333 6
15818 69 1 18 46 422 5
816 379 1 10 31 399 20
3336 595 4 137 42 172 13
16793 622 3 94 47 455 13
10648 620 2 38 5 311 14
10209 600 2 400 50 556 19
10634 334 2 33 26 136 7
9452 207 1 44 16 219 3
692 437 4 68 32 248 18
15279 364 1 35 2 123 10
0 242 1 19 26 166 16
0 635 2 40 6 218 7
16776 407 3 186 52 594 5
9235 693 2 43 32 82 2
0 96 3 56 25 340 19
9623 551 2 62 57 210 20
15210 328 2 63 118 77 5
3664 211 1 31 10 105 8
15978 295 2 51 27 299 10
16186 396 3 136 19 213 19
4857 27 1 72 31 303 15
3660 293 1 68 43 488 7
15875 377 3 98 20 355 19
0 89 2 226 43 198 7
36 420 1 107 31 220 13
16946 350 2 46 31 377 11
15445 148 5 307 47 730 4
15781 87 5 179 27 145 8
10301 614 5 217 90 102 19
867 579 3 42 20 209 5
10625 116 2 88 32 484 15
3991 670 3 135 32 106 2
15168 231 2 68 35 443 13
9356 56 1 32 6 208 1
10396 562 3 81 76 708 14
10295 674 1 200 61 619 8
9345 389 4 55 41 258 4
3067 659 3 109 88 168 3
16983 269 1 36 22 450 20
4356 483 2 86 23 323 2
10569 52 2 113 27 60 1
9321 311 2 253 57 356 19
16627 460 4 76 31 111 3
4601 538 1 49 18 210 15
10494 313 3 60 36 506 12
4394 498 2 72 12 434 18
856 271 1 50 17 561 12
9862 745 2 58 14 204 6
0 427 2 115 37 238 19
535 237 1 22 26 628 16
15432 395 1 10 5 345 13
16794 674 1 33 13 122 18
15659 299 1 65 20 161 10
16401 715 1 309 18 122 13
0 256 3 71 24 95 13
0 163 2 72 16 228 12
10727 142 1 12 3 162 2
15555 672 1 26 13 30 15
16467 492 2 56 27 360 19
9801 533 1 34 3 127 10
9767 705 2 117 21 213 11
0 732 1 200 57 604 13
3824 428 1 26 39 268 2
10653 671 5 151 99 199 10
3344 623 2 61 32 682 18
833 177 1 36 35 232 8
4294 101 2 306 60 594 6
0 459 2 82 35 195 7
16878 664 1 9 11 214 15
3410 200 1 140 62 141 2
16339 287 1 42 19 478 4
3376 473 3 47 31 139 9
567 50 3 78 7 199 10
16775 216 2 26 4 61 20
10377 491 1 31 13 402 8
16341 297 2 55 81 305 18
16762 257 1 22 6 256 15
15167 574 1 14 44 148 8
16905 303 1 88 34 291 9
4738 613 2 119 35 237 1
4999 478 1 21 12 64 16
0 698 3 91 20 305 15
10641 174 3 87 57 32 2
9137 507 4 246 16 140 16
295 537 2 72 56 212 2
0 454 1 28 17 185 20
16814 480 1 35 17 142 4
15990 573 1 39 42 275 2
259 155 1 33 24 108 16
16210 259 2 67 54 139 16
9953 49 2 160 35 482 9
9256 700 1 77 64 226 14
3666 675 2 37 35 49 15
4069 91 3 100 35 757 7
0 478 2 85 14 480 12
15554 455 3 50 46 195 4
9956 282 2 37 86 357 1
0 70 3 70 29 245 9
9868 133 1 106 52 94 11
4988 613 6 107 10 145 14
4147 613 2 48 91 63 2
0 93 3 172 52 278 14
700 562 3 73 80 354 13
4761 173 4 118 61 297 15
190 412 2 23 30 108 8
10619 230 4 217 69 377 11
15906 243 4 289 23 233 10
0 271 3 60 46 107 2
9519 161 2 109 123 124 13
4302 646 2 58 42 150 8
870 464 1 44 24 171 16
9820 538 2 26 41 417 4
15437 150 1 155 90 83 9
15858 331 4 229 47 238 9
9047 635 1 59 38 529 15
16409 500 1 25 35 166 1
3947 705 1 12 26 67 7
274 638 1 17 23 98 16
16799 355 1 163 24 719 1
0 40 1 118 62 201 12
0 617 1 30 5 283 7
15633 625 1 55 115 580 13
9712 467 1 28 44 194 18
514 275 3 147 11 499 1
483 547 3 302 48 411 13
4462 742 3 188 33 304 16
95 99 1 13 13 55 3
15199 461 1 22 32 279 3
4630 708 3 33 9 175 8
4997 225 2 52 28 42 1
968 530 3 133 24 388 11
830 544 1 56 5 51 5
4750 287 5 238 25 280 18
4949 658 1 73 10 401 19
3202 357 1 40 43 52 19
9618 121 1 73 65 261 2
171 433 1 34 53 531 20
0 473 2 40 43 52 1
10401 734 2 19 56 186 17
4270 193 4 188 66 364 10
345 365 2 298 15 746 7
9217 559 1 57 10 136 6
699 466 3 46 37 291 4
16366 660 1 24 55 364 17
15506 247 1 58 5 73 15
3370 447 1 42 9 68 10
9169 63 1 13 27 231 1
10520 108 7 296 17 420 6
0 282 1 105 32 341 14
295 615 2 61 41 126 10
16619 445 1 38 16 183 9
16610 617 2 49 34 215 12
16950 146 2 155 36 529 9
15342 529 1 15 29 79 11
0 249 2 85 10 305 12
0 27 2 42 8 123 5
766 123 1 32 17 66 15
3210 304 4 431 20 368 17
15249 451 1 39 14 397 9
3551 525 6 71 17 461 19
0 24 4 464 65 223 4
16755 621 2 74 57 612 7
455 611 3 133 80 501 16
9826 311 1 48 19 29 10
3627 277 1 25 104 428 16
15 522 1 29 14 369 20
4858 530 1 15 45 476 9
3353 292 2 67 78 508 1
643 362 1 34 6 274 12
0 238 4 166 78 525 20
285 357 1 11 41 85 3
10473 368 1 15 34 110 16
9980 360 1 16 8 93 9
16107 506 1 50 23 112 9
15789 42 1 247 79 691 6
9 558 2 20 38 194 13
9903 744 1 262 40 631 15
16867 561 1 47 19 369 10
10300 440 2 77 26 362 2
15343 143 4 65 21 41 14
16566 86 1 37 25 226 8
307 677 6 242 48 234 14
10945 115 3 143 58 353 4
15288 672 1 70 26 316 1
9479 251 1 41 30 532 11
4337 712 1 88 52 140 12
16599 629 2 57 31 39 12
3016 526 1 12 48 83 17
4518 242 1 153 78 195 8
9051 202 3 71 51 251 4
16127 235 2 25 15 59 10
9022 698 2 142 34 63 12
9417 102 1 36 5 92 12
638 369 4 233 31 238 1
16155 592 3 136 67 377 19
89 575 1 46 96 262 7
10554 593 1 9 25 87 20
970 495 1 41 19 79 8
15261 227 1 24 35 506 10
10217 93 1 24 25 158 18
16184 44 1 52 75 306 18
272 230 1 39 12 336 9
4032 594 2 46 31 291 3
4583 623 2 83 13 313 20
10046 519 1 74 71 728 17
16994 535 2 26 18 46 12
143 551 1 58 57 334 2
16755 168 2 52 80 588 10
627 473 2 85 50 261 11
9633 201 2 62 24 421 4
0 135 2 29 16 72 18
0 150 3 125 40 572 19
9955 702 2 35 27 44 7
9975 486 3 320 10 398 5
3776 404 1 129 67 64 1
9350 462 1 15 60 458 17
0 739 1 30 15 350 20
16553 63 1 39 99 31 6
16821 732 4 191 40 143 20
4504 723 1 29 5 119 16
4340 139 1 52 14 33 2
0 52 1 32 11 159 13
10631 186 1 33 13 88 2
4902 458 2 99 59 92 20
325 375 1 13 14 249 8
9822 187 2 126 37 182 17
0 438 6 117 67 460 11
15727 375 2 228 49 425 20
15273 715 4 195 29 586 3
0 132 2 147 41 160 5
15636 272 3 111 24 92 18
0 22 1 34 50 40 5
4214 443 1 23 68 186 8
10713 167 2 30 73 265 10
4342 229 1 48 4 186 10
16260 700 1 36 13 230 19
15360 564 1 12 14 46 11
4134 728 6 316 103 388 6
10014 724 2 66 47 220 11
16312 513 3 115 16 325 5
10292 403 1 90 10 147 10
4859 470 1 9 33 430 5
16956 471 3 114 17 377 4
3202 733 3 237 51 88 6
16591 503 4 27 28 313 11
462 747 3 321 33 401 9
0 692 5 229 34 386 3
0 533 1 18 31 195 15
9214 742 5 381 18 225 2
4118 168 2 117 38 287 9
0 434 2 72 27 74 11
223 499 2 50 49 32 12
0 598 1 9 10 108 11
4983 547 2 93 43 604 5
10468 525 1 18 32 173 15
16125 737 1 61 25 29 19
9406 558 5 146 12 259 3
10594 108 2 101 54 47 2
15086 253 1 24 4 138 17
4911 621 3 214 22 105 17
9385 265 2 80 20 73 3
10689 383 1 18 26 884 10
16865 112 2 90 99 216 18
4195 193 5 362 51 410 3
16099 705 1 9 7 397 4
152 542 4 98 30 212 20
4353 385 1 45 54 360 16
16823 716 1 84 30 41 12
850 714 4 170 53 322 13
16615 362 4 108 39 446 12
0 180 1 48 72 55 2
987 280 1 211 39 630 15
4897 186 1 33 15 67 3
15818 634 3 203 43 147 7
228 170 1 32 17 213 2
920 54 2 36 23 200 2
9453 65 1 37 23 245 1
10827 507 1 24 5 188 10
9151 28 4 321 68 99 7
15806 116 1 172 61 540 3
15927 49 1 30 6 147 16
4384 561 4 39 5 239 15
724 567 1 15 12 296 17
9674 657 1 124 43 621 7
4445 545 1 11 3 226 16
3218 344 5 199 39 215 12
3469 736 1 67 22 526 5
4646 696 1 29 53 528 19
3062 307 2 32 19 241 19
9071 244 3 264 17 469 20
0 438 1 23 10 69 4
940 154 2 74 20 34 19
15661 644 3 102 46 438 3
4619 561 2 71 36 37 7
3722 373 1 206 24 323 7
0 282 6 296 26 286 15
3317 33 2 23 6 129 4
4463 186 3 108 19 497 1
10608 619 2 68 42 303 2
9857 71 3 107 27 649 6
15063 237 2 64 28 648 17
4708 32 1 35 5 182 12
338 195 4 69 14 216 9
16303 196 3 117 53 441 12
16591 234 1 373 7 156 10
15433 58 6 252 79 60 6
0 476 2 47 58 496 15
4041 726 6 272 49 512 19
9558 522 3 56 29 109 13
4342 488 2 227 27 333 13
9920 341 1 43 64 166 10
4485 32 1 31 30 693 5
18 501 1 112 41 49 14
16588 646 1 10 7 115 1
16805 176 1 36 32 156 12
9521 43 2 153 30 488 11
4124 209 1 35 15 217 14
4931 626 1 11 52 444 13
4925 73 2 84 37 235 20
16825 485 8 132 12 441 15
16371 544 2 45 42 345 14
3169 280 1 203 10 206 20
16974 129 2 74 16 367 15
3918 672 1 31 61 476 7
16809 408 2 68 16 73 6
391 25 1 49 55 881 5
683 218 1 86 10 123 12
10907 676 3 195 35 146 6
0 640 2 166 42 313 17
16372 49 1 53 96 334 11
16372 118 2 195 51 144 11
189 691 3 141 17 179 11
901 679 1 29 18 291 1
15005 591 2 23 4 75 7
3378 195 2 92 23 628 18
0 56 1 53 77 84 18
16546 700 2 317 105 74 5
292 433 1 19 23 160 14
15387 50 1 42 50 117 13
0 390 3 127 8 377 15
9708 506 2 86 86 178 14
958 176 5 63 54 212 7
9227 136 2 40 15 111 15
15824 52 1 39 55 476 8
3675 666 1 40 64 843 9
9233 712 2 74 40 35 18
943 266 2 66 38 173 7
10865 402 3 163 21 271 15
16031 353 7 142 15 487 12
15775 405 3 93 3 65 11
0 639 2 33 44 613 19
773 398 4 181 73 503 8
10000 538 1 211 22 356 1
775 99 1 34 9 328 9
3478 385 2 37 46 198 9
16437 108 1 32 36 124 12
15663 444 1 184 17 753 3
4141 660 5 118 41 308 16
4657 711 4 74 5 169 19
4992 239 2 51 100 406 16
0 180 3 62 20 103 20
16581 97 1 34 63 372 3
4893 61 2 63 10 339 13
16818 256 1 58 97 104 5
4073 709 1 120 20 158 13
15085 64 2 121 53 475 17
3743 513 3 178 18 264 3
3738 347 1 25 43 520 20
10513 256 4 224 30 542 15
3546 538 1 65 28 191 16
16741 226 2 122 15 373 13
0 128 2 19 33 159 17
3455 688 1 75 17 374 6
10536 686 1 15 8 312 11
10376 655 1 65 46 190 16
9532 61 3 59 13 57 11
16024 721 3 133 30 95 1
9475 403 2 89 45 251 10
4108 534 1 237 21 178 20
4274 379 1 20 45 82 9
49 89 1 15 11 226 7
16781 713 2 23 4 229 13
0 20 2 269 25 275 12
3917 385 1 178 45 589 2
15835 440 1 14 16 23 8
3032 85 1 77 50 150 6
4766 252 1 28 36 334 14
0 247 1 24 11 69 16
3496 112 1 19 45 126 11
9644 198 3 33 43 119 2
0 624 4 172 12 149 1
4404 69 1 39 8 144 9
4593 174 2 76 9 439 6
9083 729 4 70 42 273 2
4990 287 4 127 33 237 19
3367 352 5 235 79 84 20
16669 616 3 77 44 216 11
3468 550 6 320 24 479 4
9141 205 2 138 32 157 7
16343 570 3 221 62 194 8
4653 635 1 109 55 637 3
4655 203 4 228 58 383 2
0 493 1 68 11 362 10
3661 314 1 41 17 91 12
4102 76 2 46 17 53 11
10507 42 2 68 28 662 10
16520 700 4 156 24 210 14
4045 605 1 16 45 332 18
3525 518 1 80 29 235 14
16953 84 2 83 117 301 19
824 508 3 242 42 193 7
4278 644 1 29 7 246 12
16775 228 4 123 11 270 2
9404 539 2 36 13 161 16
4004 576 2 88 83 433 5
0 711 1 104 20 28 4
15561 269 2 37 23 127 15
15839 119 2 136 64 74 9
4701 520 1 254 72 392 2
9225 285 4 98 44 104 12
3317 21 1 18 35 391 19
15821 750 1 110 63 35 14
4677 513 1 35 23 355 15
9519 132 2 70 24 144 4
4256 60 1 60 9 267 15
325 415 1 121 15 312 6
4139 126 1 12 34 179 18
9483 171 2 162 96 840 1
10740 655 1 35 11 243 14
15269 419 3 122 30 179 1
3467 242 2 47 12 388 14
571 80 4 119 30 439 13
9780 517 2 39 20 291 18
10363 277 2 150 72 509 20
15314 622 2 154 59 207 1
15124 705 2 49 92 473 12
702 275 1 50 32 349 10
3015 109 5 166 39 148 16
4656 626 3 45 12 332 14
9577 534 1 20 14 185 3
0 728 1 78 107 153 16
0 316 2 76 9 179 2
0 670 2 134 17 428 10
0 360 2 166 9 455 17
3991 99 3 181 57 581 1
0 512 5 131 27 182 1
15405 539 2 134 10 88 4
15137 73 1 31 31 556 4
0 205 2 162 28 286 4
0 383 2 44 45 205 17
16093 539 2 63 38 208 18
10481 187 4 66 6 163 16
15662 554 2 53 36 323 3
0 653 1 13 11 150 10
15021 389 1 31 18 231 15
15239 106 2 95 30 394 5
10377 104 1 24 40 222 9
3874 317 4 211 33 577 9
15496 195 1 73 14 220 17
3370 602 1 30 19 201 9
9924 693 1 12 36 319 19
16841 672 5 161 28 168 7
3951 351 1 28 7 158 11
15112 101 2 93 15 329 6
3078 160 1 321 49 423 13
10664 153 1 50 41 588 11
16652 735 1 21 41 185 3
4765 654 5 264 43 69 15
4721 618 1 60 64 468 15
480 550 2 107 44 64 3
9129 137 1 33 26 252 18
10427 667 1 61 29 307 5
4903 560 2 54 61 607 18
4406 569 1 21 111 65 16
16772 45 2 100 19 248 2
765 178 1 38 36 57 13
420 508 1 92 39 383 11
16340 445 1 33 46 943 5
9563 37 1 9 9 49 14
0 720 1 8 9 312 15
9107 151 2 41 38 327 19
4900 173 1 137 45 290 4
0 515 3 96 29 202 20
9064 473 1 35 20 115 8
3081 568 1 35 14 107 20
15492 280 1 19 7 230 18
9303 707 5 85 36 200 1
0 618 1 83 13 202 16
0 237 1 23 29 139 16
982 327 1 36 31 79 18
3251 68 1 13 11 339 10
9847 51 4 220 16 408 16
0 391 1 177 39 297 1
590 351 2 210 36 631 15
4411 594 5 72 35 187 15
16042 615 1 103 56 918 7
3156 293 2 55 58 60 14
9034 31 2 112 32 291 1
773 365 1 11 8 317 2
0 750 4 155 27 41 19
0 525 4 139 42 520 6
15805 345 1 23 19 77 9
0 487 2 106 77 103 9
10077 85 3 217 41 366 10
3954 468 1 34 63 191 16
16152 693 6 55 20 130 16
9215 239 5 141 79 288 14
0 128 2 27 20 72 4
749 139 1 53 25 118 1
15038 118 1 18 8 94 15
10867 361 1 129 17 162 20
10779 625 1 13 13 62 17
3286 432 3 94 53 325 8
882 427 2 79 26 54 13
3095 160 3 35 67 328 6
16952 522 4 118 120 43 4
4379 47 1 45 14 93 15
4568 315 1 90 22 497 16
4459 713 1 61 7 301 10
311 140 3 67 30 157 8
4973 288 2 49 8 84 1
15666 585 4 136 43 294 14
0 612 1 60 65 472 8
4663 324 1 40 18 94 12
4955 117 5 147 60 365 12
4804 658 1 77 42 122 9
0 426 1 35 36 114 3
15552 514 1 133 25 715 18
4261 303 3 93 6 196 16
9205 693 4 247 32 397 15
0 424 2 37 26 87 4
3066 29 2 277 77 231 19
15169 121 1 11 31 386 4
4668 637 2 35 86 396 12
3827 648 3 196 108 180 15
0 239 1 23 58 594 8
15070 484 1 21 27 466 17
16523 598 1 10 46 187 8
697 616 3 158 23 185 18
9457 688 1 67 25 36 18
16501 503 3 159 44 291 7
4771 640 1 34 12 306 19
782 433 1 46 58 812 5
16056 344 1 90 54 162 2
15017 484 1 276 28 610 19
10685 159 1 77 48 391 1
15241 44 2 189 66 308 1
10807 126 3 150 28 125 19
9698 469 1 331 76 201 14
0 632 1 33 26 493 6
15453 361 5 160 36 432 6
16944 167 2 71 10 458 12
3382 670 5 183 64 666 10
4813 170 2 53 105 229 9
15792 183 1 146 57 83 1
10642 605 1 42 18 76 15
9623 173 1 96 36 565 5
10406 52 2 39 14 394 9
9414 685 1 61 55 543 6
4134 31 3 80 31 543 16
3744 533 3 239 36 385 6
16798 527 1 30 47 272 4
10354 431 1 21 4 181 17
15544 219 2 385 49 202 3
16174 437 4 74 33 260 8
0 70 1 163 20 820 2
10177 540 3 166 25 458 18
10968 249 1 75 61 695 16
0 205 1 18 57 294 5
0 351 4 191 85 411 19
16425 36 2 56 40 694 17
10642 147 1 24 13 317 16
3880 563 1 36 33 83 10
0 631 2 74 12 226 6
15713 480 1 17 37 159 8
15041 298 1 23 18 209 14
436 443 4 198 37 781 19
9704 258 1 66 94 98 11
16031 148 1 36 42 84 16
828 64 1 64 6 353 5
9896 34 2 77 26 295 8
15489 140 4 126 11 357 13
16922 743 1 12 46 125 4
344 604 1 124 57 419 19
9929 111 3 212 26 158 18
16584 92 1 39 33 436 11
15525 276 1 23 37 527 14
4029 428 1 29 34 213 10
0 487 1 28 35 472 14
4130 264 4 173 14 199 20
16378 502 3 281 44 222 20
4431 95 5 221 20 521 10
16546 124 2 41 32 553 9
10281 652 2 60 35 34 13
16204 303 3 252 111 76 3
4064 190 1 240 48 243 1
0 620 1 67 21 137 8
10971 172 2 99 48 252 6
9917 638 2 75 38 37 8
3822 310 2 57 18 376 13
16070 173 1 58 4 335 15
0 289 3 42 22 773 7
16150 305 4 83 59 102 19
9185 525 5 105 26 612 2
10956 297 1 118 30 32 5
10178 677 1 157 34 394 5
15452 73 1 13 14 310 1
15077 491 1 18 38 194 16
15686 373 1 90 25 39 20
16825 698 4 136 14 234 5
16459 433 1 36 41 868 5
0 334 1 31 25 164 6
15903 42 2 78 100 311 7
0 496 1 87 54 216 3
15407 684 1 31 52 69 18
16315 715 1 23 13 413 10
10180 502 3 64 33 83 16
3458 39 1 15 42 68 4
3815 142 3 97 88 208 20
16151 507 2 112 22 142 2
9601 47 3 44 9 148 4
3266 702 2 131 69 402 15
16101 623 1 44 15 94 6
5000 109 3 44 22 115 8
15738 693 6 102 86 155 18
16678 670 3 91 51 329 17
16706 448 6 115 41 245 14
16831 184 1 18 33 201 12
0 327 1 88 33 634 1
9087 179 2 39 64 450 3
16948 383 1 32 27 80 6
16377 460 1 70 99 465 4
16074 152 1 15 19 59 18
15158 245 1 220 34 589 3
3219 622 2 27 21 84 18
10859 117 3 223 43 552 20
4274 202 1 13 5 98 1
0 139 2 62 25 299 17
4926 344 2 58 7 120 19
4368 113 3 46 30 415 14
0 459 2 76 28 828 5
10429 557 3 162 24 526 14
3792 334 2 175 14 610 13
99 212 3 51 24 70 16
10618 184 4 205 15 132 5
921 392 1 62 50 95 6
3907 101 1 158 24 443 15
10266 32 1 24 14 359 2
9411 460 1 123 39 208 5
0 342 1 182 49 625 2
10000 45 3 169 55 73 14
9716 741 1 64 22 248 4
15550 437 1 12 8 43 11
9361 277 2 76 56 599 16
15591 622 1 46 10 480 20
16979 236 4 121 27 177 18
15028 377 2 117 31 287 5
15541 201 3 286 42 209 18
9807 294 2 49 16 189 1
15335 576 1 97 21 113 14
10516 688 2 28 24 34 13
9975 133 2 25 40 236 4
16892 386 1 51 51 137 16
9285 511 1 41 57 615 9
900 744 1 59 31 342 7
15462 544 1 36 52 142 2
42 581 4 323 22 426 16
4076 140 1 131 10 440 6
9312 298 2 136 30 532 10
3157 726 6 156 33 399 3
0 24 4 116 30 627 8
3847 136 1 32 56 330 13
16647 311 1 42 24 673 5
15499 612 1 44 45 196 4
9097 471 1 54 45 815 4
986 717 2 115 33 194 6
3308 105 2 25 17 372 17
493 127 1 90 28 219 14
649 35 4 112 112 135 13
4862 522 2 26 63 550 6
16534 423 2 112 92 61 20
15737 528 1 35 7 190 6
4447 271 2 51 6 127 14
9788 173 6 389 22 377 7
15256 282 3 56 31 479 18
0 294 1 41 12 53 2
4044 47 1 56 15 335 14
9497 316 3 179 76 172 15
9759 116 2 46 26 477 17
9552 31 2 76 38 493 17
860 418 2 75 12 183 3
9336 381 1 18 15 303 5
3287 739 2 301 34 261 19
10140 93 2 175 46 461 10
9237 39 1 13 8 147 16
4122 264 5 235 22 104 3
741 691 4 61 42 139 10
15459 404 1 69 17 360 19
15707 505 1 72 13 603 6
9003 402 1 64 47 90 20
530 330 1 69 39 531 11
473 471 1 62 88 232 6
15211 88 2 105 17 228 9
9510 214 1 116 21 506 6
0 202 1 98 10 97 4
15547 653 2 28 21 707 7
16820 114 1 38 13 401 7
16177 468 1 20 22 102 14
10388 280 6 277 46 205 14
16646 570 4 68 44 250 5
9943 710 2 114 32 288 19
759 230 2 135 12 414 12
3284 269 2 37 24 441 18
10597 591 2 225 81 339 6
4524 236 1 15 7 490 4
15147 315 1 65 121 69 2
4750 718 1 50 6 140 16
15438 722 3 108 30 54 7
0 141 2 40 3 85 11
16426 690 4 305 33 58 1
0 205 1 32 26 314 13
3855 178 4 168 14 231 12
9581 25 1 36 22 377 2
4105 117 1 87 28 59 13
9934 418 5 369 28 661 3
0 221 1 12 22 132 8
4912 22 2 114 29 352 6
10468 257 2 143 15 559 6
9442 171 2 39 21 232 17
4897 231 1 26 43 493 2
3577 230 1 37 14 236 20
4021 570 1 205 14 185 9
3061 374 1 61 71 290 12
10187 703 1 40 30 109 4
0 459 1 40 24 155 2
10359 717 1 33 3 374 3
9330 103 2 42 50 440 5
0 670 2 90 71 82 14
4311 571 1 6 10 353 8
153 515 1 288 43 277 17
10686 82 1 34 81 363 17
15928 500 1 41 22 684 16
15012 674 1 24 7 226 7
15478 148 1 48 100 229 11
9764 264 2 108 95 271 11
0 625 1 160 29 483 8
10406 512 2 219 63 370 1
3034 164 1 314 8 207 13
3652 445 1 7 54 252 12
4724 677 2 56 51 70 1
9665 363 3 178 39 113 17
0 187 4 191 19 476 18
4253 510 5 221 33 559 13
0 297 2 35 10 69 5
9347 573 2 31 7 196 16
10935 197 1 53 21 452 9
15022 120 1 99 37 454 12
9433 686 1 147 35 797 1
4494 577 1 121 31 403 20
9799 328 4 168 17 109 15
4876 539 1 49 45 163 17
16572 228 2 42 55 280 4
871 543 2 21 31 335 12
0 46 1 16 26 71 15
16302 304 1 137 114 105 8
15306 233 2 78 19 146 12
9400 163 3 66 4 177 9
16634 638 2 289 50 296 4
9429 448 1 12 10 287 4
0 328 2 157 52 364 2
9608 292 2 32 34 48 11
15618 24 1 121 55 486 11
9499 625 1 7 13 234 3
16723 134 1 72 57 426 16
4231 544 1 61 64 439 8
16546 227 3 221 56 148 15
4504 589 3 264 78 56 5
3012 98 1 73 70 434 12
4083 537 1 22 67 189 15
3336 208 4 330 8 406 3
607 77 7 161 51 537 14
9690 267 6 144 36 425 17
9215 246 1 31 4 267 7
199 641 3 47 59 438 1
16493 186 1 14 30 44 12
15862 689 1 40 12 316 9
15232 632 1 113 51 100 15
9150 275 2 126 45 336 14
0 48 3 167 53 152 3
735 56 1 234 57 153 4
839 610 1 96 6 159 17
4203 206 2 52 31 137 3
15740 152 3 120 41 793 19
3283 374 1 62 7 296 9
4561 663 1 26 60 225 11
10569 102 4 190 60 203 15
566 378 4 322 25 240 6
935 738 3 98 24 785 15
10499 718 4 335 56 354 15
9664 181 1 19 26 300 20
9049 170 5 157 13 218 15
3691 59 3 142 60 425 1
16034 313 2 71 47 195 15
9752 331 1 48 81 499 8
3021 521 1 68 37 245 18
15397 241 4 101 32 157 17
3072 544 6 244 41 273 19
3726 630 3 58 73 511 4
4120 618 2 23 14 91 3
0 627 4 154 74 715 8
10552 605 1 9 13 64 3
4050 45 1 71 33 166 1
15600 113 1 48 34 147 15
231 550 2 62 19 515 4
4403 52 2 64 86 114 2
4397 451 2 161 33 537 15
0 349 2 82 39 528 16
9097 61 1 14 30 268 3
15205 238 1 26 73 273 16
3568 439 2 73 32 239 8
490 209 1 47 24 838 6
15328 522 3 78 76 344 17
9738 703 3 48 21 96 8
644 707 1 80 19 172 3
3316 68 1 31 6 94 16
15431 448 1 76 32 426 4
282 647 1 46 34 322 19
29 736 4 191 36 671 11
0 521 1 173 49 223 11
3538 371 1 93 9 214 14
4872 33 1 73 16 98 5
10558 714 3 62 23 130 4
10952 228 2 64 15 142 16
3262 403 1 100 17 642 12
10539 598 4 278 19 341 17
0 715 3 164 64 237 19
3612 114 1 19 16 182 12
3613 421 3 76 37 202 8
9341 669 3 171 11 560 12
16655 230 1 67 17 323 17
4517 707 3 103 23 518 12
9761 140 1 12 45 76 7
9899 234 1 84 29 406 4
16556 518 3 51 33 144 9
15257 569 1 34 38 139 7
10318 697 1 59 7 231 3
10582 31 3 235 10 524 13
3388 651 1 148 69 399 2
4994 247 2 92 57 569 1
825 305 1 24 11 227 17
9288 700 2 193 55 207 12
0 257 2 128 11 227 6
15075 712 2 109 49 242 16
15327 710 1 140 24 227 16
4040 573 2 32 18 206 9
3384 410 1 73 37 386 18
16873 633 2 41 76 408 13
332 684 2 160 37 469 11
0 21 1 55 14 281 20
15769 344 7 126 33 521 15
4112 324 3 120 17 206 18
486 135 1 17 44 744 13
16353 359 2 35 20 237 7
16419 580 2 126 79 200 19
15215 423 1 32 7 220 11
15476 289 7 106 23 469 15
7 211 2 28 5 149 5
4654 686 5 238 31 500 7
4228 65 1 26 13 323 12
16649 504 2 77 69 300 17
3841 172 1 97 14 318 2
3653 445 5 219 33 327 8
16952 33 2 59 41 251 14
15598 153 3 255 11 360 9
16667 364 2 44 7 154 19
920 409 1 67 32 16 11
633 205 1 80 30 224 17
0 324 1 40 77 362 6
0 498 1 129 47 305 13
4407 426 2 40 90 358 7
0 154 2 79 24 76 11
4319 465 1 33 65 110 1
15863 343 1 309 32 310 10
589 411 4 119 61 84 3
15384 283 2 157 36 254 19
437 238 1 64 55 399 17
3748 186 1 20 30 396 12
4805 735 2 119 35 174 9
10006 671 4 141 47 132 13
3816 101 2 139 61 167 3
16813 414 5 225 30 645 17
3715 274 2 101 80 525 15
0 483 2 231 63 355 12
9873 83 1 23 41 32 19
3066 505 1 18 10 371 17
4200 679 3 107 14 71 12
15274 575 2 47 22 124 15
4282 720 2 81 76 574 13
16448 745 2 80 49 604 14
0 66 1 75 41 459 11
16680 633 2 77 24 80 19
16000 546 7 173 62 481 11
3354 34 2 77 11 150 2
4878 669 1 76 23 37 20
0 131 1 33 20 94 18
9502 236 1 41 28 192 8
4010 40 1 33 5 170 15
10083 535 1 20 9 185 10
4503 299 3 202 24 218 12
10984 252 1 61 42 239 11
16531 383 3 128 24 75 11
3024 448 1 53 20 262 19
15442 50 6 214 35 407 15
4471 125 1 36 16 484 8
4147 449 1 112 59 174 13
4007 228 2 176 63 255 11
3757 28 2 70 78 101 20
16690 649 3 267 55 378 12
16685 254 1 24 14 246 4
3226 371 1 27 19 902 14
16865 739 1 41 10 220 2
16951 371 2 26 55 321 7
9102 655 2 86 34 62 4
15190 748 1 38 47 419 13
16814 277 2 244 45 277 9
10467 91 3 88 14 243 11
4256 599 2 26 22 68 18
245 519 4 133 38 268 17
4844 447 1 24 30 210 5
16451 275 6 152 19 121 9
10275 676 2 92 25 154 2
15857 243 3 159 31 167 13
9274 334 3 80 7 69 14
16247 348 1 123 64 62 7
9142 592 5 215 30 162 15
0 577 2 82 17 808 6
16930 478 1 213 48 391 19
4840 321 1 10 30 104 9
10544 494 1 16 6 286 18
10293 598 2 58 44 54 5
10288 645 2 31 50 54 20
15150 517 1 22 27 232 18
15174 127 1 56 124 403 19
15774 698 2 58 23 79 5
9989 111 4 82 15 127 19
0 489 1 64 51 413 13
0 122 2 69 29 193 5
16553 146 1 35 8 90 13
0 82 3 97 96 353 14
0 566 2 32 40 65 20
626 306 1 55 42 322 20
15290 241 5 246 42 87 14
3943 455 1 39 58 911 2
4591 502 1 45 20 258 4
0 111 1 12 39 211 15
10946 508 6 277 45 320 14
3677 508 1 43 42 335 17
3958 426 2 74 37 420 15
10656 432 1 19 34 419 13
439 439 5 89 16 367 12
3923 206 4 273 103 442 4
10076 399 1 54 14 72 3
10884 123 1 199 67 268 12
9215 579 1 122 30 279 17
15229 373 1 28 64 73 14
4019 44 5 139 47 168 11
9283 559 1 32 13 353 2
4738 603 3 107 57 396 9
663 626 3 49 24 686 20
168 686 5 309 33 120 2
9510 116 4 206 49 235 18
4510 465 1 27 34 71 2
840 467 8 135 27 237 16
9853 726 2 44 7 103 5
10361 626 1 28 32 229 16
10393 188 1 127 51 149 5
10142 109 3 136 68 84 20
0 80 1 39 8 224 19
0 88 1 55 46 704 12
16403 81 1 48 15 85 3
0 249 5 267 29 316 20
4975 162 2 102 30 521 15
0 590 1 45 71 87 7
15187 48 1 52 28 56 14
10642 59 3 41 79 351 9
0 346 2 44 49 278 12
287 286 1 23 15 181 15
16566 715 1 72 54 36 11
732 638 1 26 39 38 11
10677 343 1 32 37 425 3
3461 678 1 42 7 102 14
10551 744 1 35 18 142 9
965 32 1 29 17 174 6
3470 322 1 98 17 356 10
3388 551 1 11 24 39 9
15635 646 3 120 26 557 13
4235 537 1 57 13 130 3
10671 306 1 18 36 333 16
4128 208 2 75 21 51 2
9822 512 1 33 23 104 13
15086 718 1 22 35 61 1
15604 227 3 120 17 99 20
0 692 2 140 29 501 5
10515 660 1 228 43 573 6
668 590 2 112 9 166 18
15672 281 1 13 13 402 13
9568 295 2 208 61 376 12
9394 44 2 53 44 177 13
0 440 1 87 9 51 3
10779 107 3 112 52 62 4
529 270 1 33 15 181 7
16321 493 1 93 30 379 20
10267 451 6 282 76 213 13
10383 454 1 33 12 429 5
0 320 1 24 42 129 15
10201 567 5 155 35 410 2
270 45 1 221 44 266 6
4597 628 3 67 4 117 1
3102 487 2 40 3 237 2
408 310 2 68 52 333 2
10456 540 2 428 88 450 3
16310 203 1 137 22 371 1
15426 292 1 29 8 164 15
4315 649 2 49 16 66 1
16206 261 6 155 64 173 13
9251 415 4 44 4 360 8
3102 439 4 143 7 265 7
4791 459 3 98 27 769 20
9939 671 1 25 21 736 12
10475 717 2 37 39 258 18
16381 443 3 179 33 284 17
15893 68 2 100 14 280 1
4419 536 3 86 16 168 17
16203 255 2 227 38 476 7
9962 180 3 27 30 409 7
0 164 2 142 59 206 20
0 434 4 108 31 262 13
15107 458 1 42 12 365 11
9483 708 5 232 37 471 8
200 336 1 24 11 290 9
496 474 2 73 10 169 18
0 73 2 89 23 142 4
10638 82 3 54 21 438 6
15989 339 5 99 79 118 17
0 747 1 13 7 341 7
358 629 3 115 93 368 5
