88 3787
3 24 24 112
3 32 8 112
2 16 40 144
1 16 28 144
4 16 16 144
6 64 108 896
2 24 40 112
1 32 16 144
1 24 40 224
1 32 44 256
2 24 40 256
4 16 16 208
1 24 20 224
4 24 48 160
6 80 124 768
3 24 16 48
6 80 116 1008
1 16 12 176
1 16 12 96
4 24 8 48
3 32 8 208
2 32 16 80
3 16 36 256
3 16 44 256
7 80 120 624
3 16 48 192
3 24 16 176
3 16 12 64
4 24 40 128
4 24 16 96
3 16 12 32
3 32 48 96
2 24 20 224
2 32 40 144
4 32 28 192
8 80 96 1008
8 80 108 528
1 32 44 64
6 64 128 768
4 24 40 32
2 24 8 208
4 32 36 240
3 24 48 240
3 32 40 64
8 80 116 656
1 32 36 112
3 16 48 80
4 32 8 208
4 16 32 224
6 80 104 800
6 64 116 608
2 16 24 48
1 32 16 48
2 32 36 32
2 16 24 208
8 80 120 912
1 24 16 160
2 24 8 128
3 32 44 160
7 80 108 528
2 24 40 240
2 24 32 208
2 16 32 240
6 80 104 816
4 24 48 96
3 24 44 176
7 80 116 896
4 32 24 176
3 16 16 240
2 24 28 224
4 32 12 128
2 16 32 128
1 16 12 208
2 32 20 256
2 32 36 192
3 16 48 128
3 24 16 96
2 32 16 32
1 24 44 80
6 80 120 592
6 64 96 592
3 24 12 128
3 16 8 256
4 32 16 128
1 24 24 80
3 32 36 176
1 32 8 112
4 32 40 96
5096 727 6 366 109 534 5
2230 741 7 441 87 461 11
2357 259 6 366 76 563 3
1708 592 7 375 64 477 9
186 557 7 463 57 414 6
4679 510 4 230 58 515 8
10243 502 5 462 58 314 17
1817 709 7 562 81 415 5
2111 425 6 340 128 383 8
1771 193 6 456 76 497 2
10269 965 4 382 99 732 1
4747 505 7 584 64 365 9
303 490 7 452 55 856 7
10070 973 4 267 111 473 4
1673 191 6 380 112 607 1
4754 783 6 407 104 552 3
0 934 6 334 115 477 8
5396 959 6 442 67 499 20
4983 200 4 297 59 710 5
0 479 7 415 91 901 10
0 384 6 554 74 772 9
1734 586 6 425 115 746 9
10190 757 4 353 95 598 4
9910 603 6 359 91 510 20
1802 142 5 350 91 809 10
106 423 7 552 95 994 19
10280 736 8 423 80 485 1
9636 989 6 539 97 578 17
1614 305 5 457 57 302 8
4643 286 5 333 59 552 20
10121 827 5 300 58 378 12
5351 899 7 450 96 849 16
2390 966 5 272 70 416 6
4911 483 6 367 102 571 4
4985 853 7 480 114 388 11
10234 786 5 323 82 746 7
0 303 5 415 57 419 6
4611 239 6 368 65 592 7
10011 838 7 471 93 895 5
108 389 4 330 68 593 3
2230 999 6 538 73 340 1
0 862 8 419 107 592 18
10355 881 6 460 52 276 3
9780 631 5 292 70 818 9
5095 906 6 477 69 758 6
0 651 7 539 96 550 16
9933 812 6 399 65 294 10
9752 299 5 457 67 470 19
1752 755 4 293 124 486 1
5079 579 5 396 65 764 7
1834 741 5 393 69 440 9
268 432 7 516 94 448 5
5316 798 4 317 94 462 18
4946 977 7 628 82 435 4
0 874 6 437 120 364 18
10326 386 6 416 94 357 9
0 775 5 311 102 575 20
293 999 6 545 53 464 12
1900 228 7 426 61 370 3
171 474 5 426 97 354 19
0 146 4 312 59 551 5
2023 200 6 415 56 684 4
338 746 5 330 109 740 12
10218 303 4 277 77 395 11
2380 319 6 465 101 395 3
2386 407 8 595 52 315 9
9865 859 6 264 105 388 3
9769 260 6 416 91 870 16
4702 192 8 487 74 320 11
5159 167 6 354 96 420 20
9648 158 6 426 66 303 4
1860 316 5 332 95 531 18
1703 575 5 464 102 352 9
9639 579 7 610 57 497 6
4933 706 4 303 67 849 18
1950 758 7 535 103 400 17
2167 486 5 427 69 588 12
10057 617 7 512 103 566 5
10324 933 5 385 60 766 6
1940 348 8 490 96 795 6
1956 1000 7 425 54 444 9
357 724 4 274 97 534 3
0 448 6 516 108 366 6
0 250 5 368 87 807 17
0 734 5 391 62 814 10
5119 507 4 309 58 638 17
4646 275 5 331 56 363 19
4744 755 7 577 101 322 3
2128 727 6 392 109 705 1
9696 953 5 306 114 728 5
100 705 7 436 49 763 9
10155 546 7 515 77 866 6
10087 965 5 452 119 450 7
2117 138 7 510 99 423 8
9943 130 7 538 80 572 1
1802 793 7 514 73 501 9
5126 130 4 271 95 375 10
4952 569 5 368 123 759 17
10295 808 7 492 51 794 18
181 472 4 395 100 540 1
4690 542 8 532 54 571 19
0 321 4 307 73 539 3
10169 304 6 473 120 543 17
4866 676 6 424 87 742 10
35 490 7 375 64 572 6
2311 634 5 332 57 739 12
1921 346 5 463 79 358 10
9601 820 6 391 77 699 7
10391 445 5 232 80 552 11
9603 308 6 455 114 600 10
9781 772 5 381 78 453 1
1934 576 5 273 83 766 11
1962 318 5 335 68 296 5
5398 645 5 244 128 588 11
4952 796 6 460 94 528 16
2250 649 5 277 65 756 18
32 258 6 457 107 419 18
26 737 7 531 107 269 4
1691 823 6 455 65 500 6
2109 909 5 313 113 485 9
9745 164 5 415 80 376 4
4628 151 6 366 84 305 3
9712 221 5 318 63 534 1
9610 965 4 339 102 695 19
1784 378 4 255 112 363 6
9834 767 6 533 89 575 4
1663 615 5 289 77 477 18
2167 472 5 413 86 943 11
5086 803 7 394 86 646 17
4973 809 5 252 98 576 7
5395 764 5 209 103 417 18
2379 525 7 455 67 550 3
2351 769 7 437 99 455 2
4791 166 4 327 103 685 8
5242 235 5 360 95 609 11
71 743 7 535 96 609 7
72 590 6 470 66 564 16
0 894 5 361 71 419 20
4643 680 5 285 100 430 12
4990 817 6 478 105 845 20
9994 283 7 379 83 617 4
1731 990 5 276 60 550 12
1995 798 5 439 84 621 1
0 208 6 359 83 629 4
5063 447 8 474 49 524 19
0 853 6 331 83 603 4
4 756 4 311 96 713 2
2039 760 6 450 57 520 4
9900 990 5 453 70 676 7
395 776 4 352 49 373 11
305 623 4 349 77 482 8
317 556 8 574 95 496 4
5150 407 5 315 70 417 18
1671 490 5 345 90 570 12
63 519 4 289 75 568 20
230 707 6 291 63 522 8
388 933 5 360 103 731 17
0 952 6 367 84 723 18
1804 883 5 333 96 377 16
5032 713 7 542 95 763 18
9996 316 6 465 83 487 19
10091 725 5 336 116 653 19
2036 843 7 619 102 645 10
4988 455 5 277 119 717 17
4854 815 5 429 74 402 1
10305 631 5 233 112 732 16
4822 191 7 479 48 777 16
4864 851 7 419 113 748 1
4642 805 8 423 103 363 5
5387 450 6 459 99 724 12
5079 605 7 468 85 824 12
0 685 6 344 55 317 4
0 656 5 337 96 824 18
2045 757 6 554 101 533 11
0 633 6 378 83 479 3
1804 842 8 497 90 847 10
1796 724 6 343 74 482 20
4717 647 4 295 112 991 12
5267 724 6 466 69 463 20
10221 771 7 638 107 320 16
4731 902 7 484 86 310 7
5048 401 5 226 60 529 2
4822 383 8 586 65 621 18
10161 936 7 537 55 761 5
0 281 5 461 80 881 1
2034 743 5 321 80 446 3
0 470 5 292 64 620 17
9757 127 7 415 67 694 9
294 328 6 387 118 527 19
5251 190 6 415 99 423 4
0 549 6 372 112 447 18
9887 875 4 281 93 791 11
0 510 5 268 95 644 9
9903 656 4 345 68 443 10
0 752 6 468 86 560 12
2216 846 7 567 66 902 2
48 522 5 315 68 840 17
9693 930 4 295 96 755 11
293 977 6 451 59 782 20
2036 475 6 495 45 648 3
1988 623 7 414 100 378 6
4992 642 6 336 99 487 4
5061 431 5 396 77 340 11
1908 497 5 387 57 316 19
0 785 4 311 111 782 16
10036 912 5 369 115 739 11
5046 713 5 334 61 674 18
5180 876 7 539 54 479 11
0 247 6 468 104 435 12
4788 977 5 308 75 653 18
5214 370 6 472 107 740 6
9883 939 6 347 100 326 16
2130 981 5 304 63 280 2
2230 412 4 290 110 513 9
4807 409 6 538 99 309 17
2166 712 7 434 113 817 2
9826 518 6 393 68 512 16
2335 568 6 393 113 453 20
5331 395 5 382 60 442 7
55 958 6 471 54 953 1
2349 265 5 280 86 545 18
2231 329 6 524 55 420 7
5314 726 6 409 86 596 19
5030 871 5 339 86 788 2
5307 321 6 451 56 868 8
9810 255 6 462 90 375 17
5282 776 8 608 65 598 5
4995 465 5 301 79 694 10
4783 898 7 534 107 641 7
9935 915 7 514 64 496 4
2138 689 6 365 100 788 8
5341 468 5 320 67 490 5
4817 913 5 371 58 389 1
2020 669 7 554 81 719 4
9928 887 7 523 62 495 2
10136 753 6 369 98 761 18
238 129 6 475 61 502 16
2345 443 4 296 93 302 16
4660 291 7 451 87 736 8
1656 801 5 357 63 386 1
2076 807 8 531 107 449 16
361 891 7 520 110 642 5
260 587 7 520 55 507 6
9828 751 7 431 74 494 3
4882 294 7 567 82 462 6
9798 462 6 382 55 426 12
0 200 6 385 85 286 5
9648 557 5 390 64 731 9
5205 610 4 361 107 348 1
9938 724 6 472 90 399 6
5157 921 7 482 106 412 6
9833 526 5 465 67 749 4
0 578 5 441 96 663 10
9675 597 7 439 62 1002 10
89 955 7 477 65 573 10
5251 724 6 364 60 713 8
23 899 6 410 98 538 17
4701 831 6 379 85 892 16
5110 827 7 397 114 434 10
297 789 8 453 98 460 5
2298 882 7 510 77 535 16
9923 686 5 480 79 526 19
4869 135 4 348 78 729 7
35 726 6 392 116 560 1
1781 125 6 369 59 529 9
36 599 5 284 73 419 17
10155 755 5 384 99 679 5
222 432 6 453 64 337 18
4999 746 5 366 90 614 3
2176 803 6 455 66 737 11
4975 512 5 380 73 436 12
4811 700 5 359 95 716 16
2222 832 6 437 71 274 5
0 830 4 342 117 556 8
9667 909 7 438 95 1008 4
9773 530 6 409 96 357 1
2347 541 5 472 79 498 9
9696 922 6 432 55 408 16
1746 492 5 453 104 416 18
9884 626 7 472 84 672 12
5065 190 8 445 81 445 2
10126 704 6 482 74 451 17
135 942 8 603 111 769 6
0 959 5 392 93 379 7
10333 933 5 268 102 622 20
5136 403 4 220 91 536 1
4620 356 7 469 84 557 8
0 630 8 475 57 562 7
2027 760 6 537 57 394 9
10262 421 7 396 100 464 8
2380 120 7 595 53 332 12
9646 254 6 358 98 608 20
10311 752 5 376 101 358 17
5069 161 7 461 80 349 2
0 886 5 276 75 389 19
0 281 4 233 126 669 11
0 447 5 349 100 506 19
117 522 7 539 119 741 6
9672 575 5 395 78 703 6
5085 708 5 342 52 438 9
10278 913 6 405 80 517 8
4638 544 8 612 53 382 7
5187 132 7 367 72 334 6
0 452 7 443 106 749 7
4914 973 4 349 108 971 10
9719 907 7 612 99 762 16
2273 482 5 261 89 641 12
5394 823 7 387 117 506 9
2042 681 6 478 50 368 10
210 973 6 377 69 988 3
328 554 4 335 74 643 11
323 163 5 349 95 359 3
10032 542 7 530 114 560 2
2345 326 7 465 89 673 6
2234 882 6 380 77 438 16
1726 952 5 264 89 695 10
4792 163 6 269 57 720 17
4820 483 7 630 55 684 9
9750 710 4 255 74 877 16
9764 869 5 331 103 498 9
0 904 6 347 92 863 19
0 622 7 502 67 281 8
1750 701 6 436 106 589 16
50 195 7 584 88 248 5
4739 909 6 459 101 400 20
0 850 6 416 75 460 11
2066 718 6 559 102 441 20
1621 678 5 271 69 711 19
9759 219 6 377 94 570 16
4748 337 5 318 123 473 9
5108 742 6 390 79 272 12
4605 409 5 275 123 417 4
10182 201 7 514 65 739 20
1917 700 5 355 68 557 2
1933 516 6 469 113 619 2
9757 282 7 636 56 676 9
310 707 7 501 57 458 9
0 710 7 635 71 345 19
1928 320 4 312 88 689 12
9856 944 4 281 90 500 8
5306 150 6 379 74 712 6
10189 980 5 346 71 480 12
9723 508 6 504 66 263 17
9834 782 8 574 64 296 6
1787 677 8 575 81 305 9
9822 928 6 393 74 316 7
315 204 7 392 81 556 12
2161 665 4 296 93 569 2
0 973 5 427 65 802 12
9773 388 7 608 111 602 20
1996 778 7 371 78 492 9
370 773 6 465 66 414 17
9879 810 5 209 57 426 11
2138 685 6 463 76 423 2
4787 293 6 316 90 861 10
2244 803 6 252 112 357 7
10326 313 5 246 60 421 9
10054 967 7 553 86 717 12
5253 336 7 472 111 498 4
140 598 7 418 48 806 10
10032 144 6 401 98 427 1
2054 828 6 355 76 871 19
4808 845 7 474 80 583 18
9955 276 5 267 57 820 20
0 334 7 413 106 444 7
5147 610 7 547 93 459 4
10378 740 6 552 59 324 8
4738 684 6 365 71 437 7
1798 319 7 399 60 811 16
2320 631 4 289 78 456 19
1779 707 7 373 74 749 19
4974 744 4 372 110 638 3
9848 933 5 297 79 715 1
328 666 4 313 64 797 12
9638 826 8 475 91 899 11
4627 849 5 338 95 523 17
2015 499 7 468 98 688 6
4900 765 7 372 112 617 8
1813 576 5 376 119 436 19
0 641 6 503 90 463 12
0 712 7 583 60 296 12
2334 443 4 241 53 682 12
2357 822 7 518 83 439 20
9785 832 8 626 48 584 1
0 664 5 269 65 503 4
5159 346 4 360 61 488 12
2252 727 5 441 88 470 17
15 274 4 269 94 345 17
1737 894 8 534 85 772 8
2003 821 6 460 79 304 5
10237 445 7 550 86 476 20
4849 184 5 223 79 607 1
0 764 4 372 90 505 17
9780 710 5 365 55 552 5
1666 532 6 372 104 598 12
10262 533 4 347 93 458 17
2051 985 6 464 98 849 20
0 774 5 358 60 469 20
0 385 6 536 96 582 8
0 889 5 314 96 420 16
9760 783 8 467 54 576 20
2171 855 6 433 74 458 17
5163 793 6 378 85 643 1
10149 263 5 365 88 703 12
209 837 8 550 120 569 3
10312 436 6 311 80 557 17
2337 638 5 357 99 492 17
9873 508 5 263 88 787 3
5161 699 7 489 81 257 6
0 227 4 371 71 796 18
0 568 7 547 79 670 3
112 729 7 467 118 853 7
1619 559 6 254 63 718 16
4858 895 5 295 70 828 19
10049 377 7 424 94 405 20
9656 779 7 388 86 410 16
2163 500 5 434 79 796 2
10392 815 7 408 69 362 7
4866 827 5 263 96 503 20
1706 991 6 398 88 430 12
9771 299 5 278 70 654 20
1959 253 4 301 78 420 16
4811 773 7 464 76 714 10
0 516 5 416 86 702 6
10187 846 7 501 87 768 10
4879 744 8 638 60 521 17
169 952 7 390 65 469 3
10385 815 4 345 52 789 17
2039 898 6 521 69 361 10
5082 577 7 414 80 371 20
10022 415 6 317 102 472 9
400 651 5 420 117 331 2
9824 650 4 361 90 595 20
0 518 6 365 95 607 18
2211 790 6 316 96 431 18
4992 178 5 447 99 603 19
5092 936 5 264 124 410 9
10158 195 4 328 72 663 19
0 930 6 386 123 536 12
2218 726 7 403 118 288 12
4841 828 7 480 115 597 11
1645 551 8 500 76 860 20
0 557 6 377 62 748 20
5374 834 6 412 82 643 18
10070 886 6 441 105 528 9
10176 654 6 465 72 382 16
0 707 7 522 100 492 18
97 208 6 390 57 866 19
5169 423 4 266 98 467 8
9683 842 6 397 71 517 18
10118 706 4 390 66 551 1
5228 791 5 306 93 563 17
9622 726 8 494 70 280 20
59 921 8 579 77 512 3
10323 835 5 335 83 286 19
4727 139 4 231 86 838 6
5274 908 6 317 88 527 2
1823 126 4 350 82 536 19
4924 755 5 370 110 574 2
281 724 5 473 66 705 18
10380 521 5 319 55 423 8
4824 748 4 326 63 638 10
5228 215 5 320 64 750 12
1954 561 7 474 77 587 6
233 982 6 443 87 420 18
4936 773 5 344 58 512 3
0 928 8 624 108 737 2
51 997 4 267 93 379 16
5374 513 5 432 98 373 19
9711 871 7 465 86 412 6
5052 519 6 372 58 282 1
272 803 6 444 109 709 18
9933 860 5 304 65 655 4
5047 323 6 523 83 504 16
4836 445 7 477 70 571 10
0 806 5 405 101 499 10
4678 807 5 349 116 569 16
4907 510 6 480 71 693 10
5126 361 4 314 106 715 9
0 686 7 629 62 586 6
9694 140 7 424 60 587 11
10067 667 5 399 70 607 17
10267 729 7 369 77 700 1
0 689 4 324 99 460 9
9733 197 4 372 79 399 12
192 903 5 431 49 542 7
5003 965 4 283 104 641 20
5339 643 5 351 56 875 20
2254 510 6 423 55 827 1
9718 296 7 598 106 654 17
5137 986 7 554 80 631 8
252 788 7 449 99 577 17
0 853 8 434 112 687 12
5063 1000 8 592 96 305 1
4946 950 4 330 68 720 2
5209 280 5 292 90 463 11
38 891 6 338 69 412 20
2011 858 7 493 94 754 20
9694 717 7 408 94 464 7
4758 708 7 515 84 517 17
4800 394 4 297 103 456 6
4664 209 7 524 81 508 20
281 155 4 278 108 427 8
51 905 7 387 56 406 17
4728 711 6 540 80 613 19
45 303 6 456 85 546 20
1937 756 5 383 89 661 1
1979 194 5 424 80 308 9
5319 828 5 422 93 425 1
10323 161 5 313 118 489 4
4796 806 4 301 79 746 12
4796 997 6 462 65 464 17
272 600 5 331 74 515 6
2236 503 7 426 74 396 19
1720 774 5 423 99 675 17
1774 401 6 402 96 793 7
0 672 7 442 92 524 8
9811 849 5 395 115 630 6
5067 306 8 454 50 1005 3
51 463 7 575 55 771 3
0 854 6 380 107 839 17
10097 824 5 414 81 529 20
2110 203 5 288 88 457 11
4750 630 6 435 50 424 19
5311 972 7 418 52 318 17
1780 483 6 502 112 770 3
2262 795 6 350 97 546 3
5129 184 5 348 115 644 8
0 687 5 260 62 854 16
9751 783 5 368 101 495 10
10012 856 4 244 85 611 19
9986 754 6 366 74 379 20
9918 590 4 394 110 354 9
9933 716 5 272 59 490 18
4785 733 8 535 66 505 2
0 965 6 431 85 794 9
4994 782 7 437 96 920 6
2159 306 5 316 57 639 20
1913 554 4 380 74 434 11
10230 992 5 344 99 962 16
10237 313 8 604 84 704 19
1795 843 7 451 87 489 19
4605 958 4 353 62 393 7
0 473 6 483 76 301 11
1956 388 5 276 81 451 19
9808 401 4 347 70 733 9
5185 849 6 515 50 479 20
2374 648 6 404 69 297 7
9696 516 5 388 97 633 18
0 451 6 467 56 408 8
10245 522 6 422 90 415 12
2263 955 8 564 76 813 10
1808 819 5 216 52 473 12
150 468 5 320 51 717 5
2144 845 6 455 56 392 12
0 604 4 310 75 980 12
9862 704 5 361 89 487 11
10191 468 7 505 94 489 4
0 731 5 399 71 636 18
9731 981 5 443 78 434 4
4636 860 7 509 115 721 16
2331 621 6 516 64 679 6
0 504 6 358 101 651 9
2141 778 6 453 69 543 9
10381 628 5 344 74 863 6
5033 922 4 271 76 739 6
2024 824 6 499 99 484 16
10261 195 6 385 57 634 8
2185 917 6 365 73 629 12
10128 701 5 381 104 701 19
1772 235 5 442 79 449 20
0 974 6 315 115 695 11
10177 759 5 281 113 669 18
2191 663 4 246 52 726 11
2381 359 4 229 60 630 11
1985 876 6 467 106 261 6
166 907 5 397 57 757 7
9666 717 6 444 79 670 7
131 718 6 344 82 318 8
0 917 4 282 103 553 17
10006 753 6 550 46 858 2
1937 390 7 510 120 628 10
9769 697 6 509 69 311 17
9697 950 7 638 58 664 16
10022 788 7 535 72 815 5
0 925 5 363 63 477 6
0 952 5 316 55 499 1
5221 336 4 219 88 357 17
0 782 4 391 85 616 1
4998 813 7 454 103 410 2
9672 374 5 323 72 656 8
290 775 7 411 94 378 8
4713 812 4 303 65 541 20
4819 700 6 521 64 460 20
0 905 5 335 52 808 7
2248 424 6 323 70 1000 19
10026 762 5 466 66 766 2
261 383 4 223 73 625 19
1656 526 5 419 55 689 18
4649 498 8 591 60 837 11
2318 667 4 378 101 609 17
10105 266 5 277 119 682 1
5385 174 5 400 72 462 4
2035 1000 5 333 84 602 17
5112 696 4 317 73 754 7
0 885 6 555 73 730 11
1718 598 5 326 59 427 8
10055 665 6 364 82 526 4
2326 758 7 546 103 753 2
0 377 5 284 62 594 1
9893 516 6 438 64 301 6
5399 768 6 526 95 611 5
305 318 6 395 105 603 7
205 510 4 371 121 641 16
1637 255 7 419 96 384 12
1862 330 4 231 73 643 10
10137 302 7 595 59 898 20
2312 815 6 319 94 997 19
10226 747 5 352 101 421 17
10396 530 6 428 86 330 5
1824 733 7 470 81 877 3
369 730 7 560 73 594 11
71 537 5 212 82 426 2
2175 746 7 535 97 576 20
5315 254 8 523 59 253 8
1907 745 6 373 101 356 6
0 427 5 314 61 326 1
9819 501 7 432 63 401 19
9647 660 6 434 69 419 16
10169 215 6 460 95 612 11
4708 888 4 307 76 609 3
2195 226 5 350 108 512 18
9921 935 5 259 73 498 6
1638 851 5 365 100 742 10
0 360 5 334 104 704 4
4730 258 8 638 73 553 7
9821 839 5 273 93 753 20
9730 434 5 406 56 508 16
0 882 5 474 94 809 16
10254 614 6 271 77 689 12
5128 797 7 454 100 413 3
1714 794 7 632 59 689 6
269 519 7 533 109 495 17
104 689 5 396 96 345 18
2060 861 5 348 81 839 20
2165 736 4 314 61 679 12
5089 167 8 632 73 494 11
5377 818 5 334 63 888 1
1830 816 5 459 113 730 20
1769 717 5 371 114 975 10
47 295 4 302 122 441 7
283 187 5 408 94 835 20
331 707 4 285 63 472 20
4777 760 6 360 71 681 18
5063 773 5 352 77 498 17
0 467 5 300 86 521 12
9930 172 5 272 91 409 19
195 456 7 418 60 802 5
5161 646 5 295 96 532 5
10343 209 5 335 87 408 12
9925 354 5 324 70 512 5
2253 515 4 386 79 759 16
9818 821 6 444 74 790 10
5324 692 8 605 60 759 20
5068 169 6 472 81 272 18
10099 893 4 344 70 715 20
10236 999 7 483 117 899 8
9726 137 6 492 81 836 11
183 779 5 365 95 456 11
9765 363 4 381 57 645 8
0 228 5 351 108 804 17
5080 491 5 298 81 382 6
2139 554 4 310 67 551 16
4982 845 5 380 118 399 6
9806 700 7 542 88 517 3
1759 475 4 265 94 428 7
1687 296 6 426 80 521 19
1777 643 6 477 108 563 11
5395 971 8 609 105 520 8
5164 607 5 376 70 690 11
0 818 5 273 63 492 9
5314 134 5 349 110 719 11
2337 928 5 384 50 767 20
0 853 6 474 99 318 3
1983 702 7 557 100 331 9
9835 914 5 368 78 652 7
10075 461 6 354 106 960 9
0 786 5 304 98 564 11
0 741 7 476 91 419 18
1662 736 8 597 91 337 5
2014 939 7 392 106 606 2
1853 840 4 270 53 440 18
1919 129 6 391 79 768 1
1991 306 6 542 81 669 19
9891 707 5 360 96 639 16
1749 970 5 389 97 860 20
5258 472 7 520 89 443 19
5232 367 7 530 85 849 18
5214 883 6 515 45 704 3
2346 632 6 477 58 486 19
9765 740 7 414 80 523 8
2363 759 6 431 49 478 10
68 825 8 501 87 253 5
4815 990 7 456 57 370 17
0 276 4 314 72 429 8
9640 612 6 334 104 315 9
2011 297 5 339 89 666 3
346 757 4 242 71 552 16
2174 775 6 355 113 396 6
10106 835 5 306 112 377 19
194 989 5 332 56 455 8
5201 764 8 556 84 626 9
5169 758 5 430 78 409 12
4934 244 6 541 97 374 11
9756 341 6 421 55 282 9
1760 432 7 386 58 508 18
10033 725 7 457 82 802 20
9771 839 6 331 106 272 1
5040 197 7 451 78 682 19
4714 724 5 298 105 1004 10
9886 563 4 389 92 721 2
10023 628 7 399 88 542 5
9793 233 6 403 84 565 18
0 155 7 488 69 443 16
5250 423 5 263 91 630 1
10039 281 6 480 98 369 5
9659 389 5 392 90 490 12
2168 955 5 323 70 497 8
4891 833 5 340 72 450 5
0 555 5 401 66 575 7
0 853 6 429 112 739 11
10168 571 4 218 50 491 1
354 859 7 493 102 483 8
5072 799 5 430 71 730 2
1982 168 6 438 80 459 3
10097 286 5 455 82 759 6
10108 341 7 552 71 327 16
173 847 4 388 81 409 4
228 284 4 399 58 790 7
4920 776 6 446 65 267 4
293 769 5 287 66 527 16
4626 994 5 393 74 341 8
4661 799 4 225 75 813 11
0 384 5 386 71 805 18
0 537 8 575 79 709 10
272 418 7 519 98 249 6
10353 963 7 625 93 742 7
316 720 5 410 100 536 10
5029 683 8 481 81 682 1
5351 877 5 251 71 424 16
2342 665 6 425 105 354 16
1657 876 6 472 83 867 18
0 380 6 326 75 741 4
1743 793 4 379 91 561 1
5004 720 6 523 62 333 18
0 979 5 275 118 528 3
1774 192 6 482 89 617 11
9906 538 7 498 68 635 17
73 856 5 324 89 371 2
4842 301 8 480 86 589 5
280 816 8 524 77 370 20
9991 216 6 281 90 547 18
9958 186 7 538 59 551 2
1791 911 7 529 75 528 3
0 827 6 448 72 595 3
215 545 6 516 105 412 1
2180 408 5 240 72 517 17
5370 701 6 407 85 713 11
1991 864 5 288 68 506 19
0 452 6 259 102 723 8
5203 178 5 355 110 355 20
5260 712 5 272 53 623 4
5137 793 5 311 79 581 10
2283 173 4 342 81 613 8
1620 947 6 339 64 585 10
5138 495 4 278 75 445 1
5306 873 7 546 106 609 19
0 157 6 412 55 252 1
10124 146 6 425 115 577 6
5006 184 5 468 96 492 4
9675 953 7 413 54 584 18
1774 791 4 260 125 565 16
4856 420 5 321 89 633 11
21 829 5 303 98 389 3
0 556 6 344 90 582 10
0 359 7 418 116 459 11
1899 696 6 424 99 564 16
9757 193 6 322 60 502 20
4769 683 4 364 107 321 3
4872 702 8 429 113 316 1
0 490 4 303 74 548 1
5290 257 6 377 70 797 8
4621 717 8 424 90 735 1
4979 746 7 495 95 373 18
2322 753 6 463 71 242 8
10381 924 6 425 57 508 18
9717 437 6 313 58 414 6
0 497 7 464 118 758 6
5010 826 8 499 69 506 11
1754 328 7 519 83 490 8
0 171 4 343 69 732 5
9747 239 6 411 91 780 6
4996 887 5 318 70 752 19
2371 139 7 601 83 462 2
4832 393 7 624 67 344 19
5063 555 6 453 77 285 11
218 320 6 413 121 731 5
1930 376 7 529 57 326 7
9740 127 6 413 86 859 19
5064 726 5 395 72 772 11
9967 867 7 557 85 295 7
1636 413 6 418 112 794 18
1895 705 5 434 56 947 6
10155 763 7 439 58 762 10
2314 762 6 348 98 564 9
2229 899 6 460 83 285 6
0 246 6 370 78 265 16
1919 801 8 633 73 391 9
0 475 5 475 64 444 7
4695 359 7 455 81 810 7
1927 986 7 536 111 629 1
4890 899 5 261 69 748 9
2249 199 7 533 74 391 2
0 744 8 571 56 949 4
4929 983 4 325 69 402 8
10135 124 6 381 126 595 3
10374 385 5 292 92 980 2
4990 400 5 353 89 676 16
1996 746 5 329 100 706 4
4809 185 6 308 94 588 19
10106 664 6 531 71 491 20
4995 813 6 435 114 723 19
1846 630 5 393 118 419 20
24 304 6 469 111 881 7
162 356 6 341 70 666 18
168 124 5 291 74 688 11
22 804 8 487 107 561 6
4798 885 5 429 60 732 19
10225 137 7 431 58 462 18
0 741 4 359 91 602 5
1787 168 8 621 56 326 5
0 700 5 304 124 372 18
5358 881 5 267 60 877 18
9984 663 8 616 85 423 1
74 165 7 559 110 374 3
9874 369 4 332 96 744 4
10281 619 5 282 80 759 20
2229 174 5 343 49 794 8
2072 788 5 306 61 626 5
0 731 6 337 116 660 16
334 840 5 450 61 892 10
0 662 7 434 83 531 1
4939 519 8 622 93 413 18
9949 164 4 378 70 480 3
9922 895 5 320 66 651 16
1621 387 6 314 84 615 7
2207 678 7 511 82 785 17
10054 675 6 390 69 600 6
2200 283 6 398 90 253 20
0 599 6 533 110 899 17
10148 739 4 339 107 386 19
4920 712 6 525 49 661 20
0 893 4 298 90 448 7
4934 538 7 489 64 653 9
91 987 4 286 69 573 1
5171 616 6 373 71 604 12
1702 969 4 388 95 324 7
4615 239 5 267 61 759 16
5097 760 5 362 118 599 18
0 700 4 263 58 740 19
5009 615 7 450 102 519 8
4823 838 6 443 110 414 20
4806 837 5 383 85 467 4
0 945 7 543 90 769 4
0 756 5 453 63 815 17
5137 840 6 518 73 358 11
4764 394 5 340 57 561 16
312 985 7 523 105 421 17
4926 133 5 429 95 854 10
2087 976 5 260 89 713 10
1828 265 5 345 97 667 1
221 488 7 624 115 438 11
4827 409 5 346 109 498 4
10184 303 6 323 100 472 1
1963 348 6 428 71 468 16
10002 844 7 550 67 788 3
10390 746 7 371 79 430 9
1790 977 5 381 79 418 6
4958 806 6 351 58 472 19
0 237 5 368 124 651 17
4786 286 8 567 66 619 9
2161 730 4 309 105 552 16
2093 786 6 315 91 470 1
9839 982 5 326 75 558 19
10105 308 6 370 66 914 11
4749 874 6 453 103 285 10
9622 655 5 470 112 648 20
0 151 6 257 89 350 20
2040 228 7 537 63 438 3
2359 481 5 370 96 564 18
0 472 5 230 66 587 9
201 287 8 487 115 474 17
10375 802 5 263 117 413 6
9665 784 7 461 66 354 7
5338 286 6 386 49 466 8
9707 616 4 373 53 639 7
1754 523 8 473 91 786 18
2210 844 7 583 91 507 17
9642 759 7 414 47 961 11
10253 392 6 259 117 444 11
10354 998 6 470 52 619 1
2224 864 6 367 106 932 20
5004 148 4 288 89 774 5
10384 823 5 348 90 530 6
5379 549 5 333 107 788 2
10206 304 7 531 59 607 11
0 648 7 517 49 818 2
0 645 6 479 66 833 7
9842 423 6 426 67 795 2
0 546 4 334 72 819 19
4902 638 6 437 96 844 3
9940 567 8 620 95 726 12
1871 778 5 426 64 618 7
1825 843 7 376 88 895 7
1840 728 4 318 61 897 11
0 704 7 513 102 438 1
4977 304 5 333 81 714 10
2357 268 5 419 103 648 7
0 775 6 456 85 580 10
10328 704 6 427 79 374 8
0 773 6 403 106 702 9
0 920 6 490 84 528 20
10290 960 8 590 68 537 18
1989 362 5 338 90 519 11
4749 234 8 525 104 638 4
10251 826 5 414 92 791 12
170 764 7 561 78 334 17
5213 840 7 461 91 514 16
4711 520 6 359 63 624 2
10072 346 6 323 85 514 2
0 356 6 382 78 467 2
10225 364 4 229 90 633 9
9859 741 5 390 60 450 16
5224 283 4 246 122 492 1
10213 254 6 454 89 801 19
5231 328 5 479 66 470 6
9671 746 5 314 92 760 16
4771 854 5 226 97 383 7
0 389 6 443 83 348 17
1769 798 7 632 112 484 9
9794 918 5 369 91 504 4
2098 564 4 300 101 550 8
10000 784 4 260 105 663 2
1695 848 4 300 106 483 4
10346 566 6 504 79 691 3
9696 349 7 440 45 993 11
4616 161 6 343 80 534 1
0 820 7 507 94 613 8
1838 152 5 397 87 366 4
320 152 5 403 104 617 11
0 495 5 361 76 302 3
4777 824 4 305 116 301 2
1942 820 5 283 92 619 19
10002 257 5 269 118 541 1
339 558 5 439 120 512 11
10203 758 5 380 80 678 9
1936 917 4 337 94 902 4
5158 846 5 250 98 621 20
10358 748 6 389 111 673 12
1747 271 6 357 82 308 20
1873 125 5 302 72 571 9
5304 361 5 390 68 760 5
4944 963 4 326 93 370 19
2182 846 6 528 73 404 19
9772 503 8 578 53 640 17
372 727 6 368 81 874 19
10311 300 5 467 109 865 4
9691 303 5 439 105 414 20
10331 758 5 264 50 687 19
2135 173 6 425 94 406 1
10073 941 5 316 97 629 2
2336 817 5 350 107 369 5
227 500 5 327 92 659 5
5353 704 6 333 65 343 1
9894 814 6 542 90 434 3
10357 837 5 367 59 706 7
10210 766 5 332 113 526 16
1728 483 7 502 65 398 6
294 945 6 347 105 547 6
2356 152 5 307 74 685 12
9643 361 6 559 114 557 4
2387 274 8 533 75 892 17
7 907 7 495 103 550 4
10213 890 6 362 64 647 6
10104 682 6 318 49 418 9
10284 757 6 474 54 656 8
4874 828 6 315 93 727 11
4765 147 6 368 67 401 3
4907 828 8 605 73 510 20
2184 539 6 422 92 416 4
173 588 8 496 58 572 8
4837 682 6 391 83 1000 16
5397 342 7 606 101 483 16
5317 458 7 556 102 331 10
10178 717 6 353 113 592 19
9795 613 4 272 100 378 16
10369 801 5 314 91 665 16
10029 752 5 367 99 434 16
2368 846 7 447 59 386 11
1682 127 5 276 50 720 17
5295 886 7 424 69 478 4
9850 911 5 389 96 631 4
4650 689 7 369 84 518 17
9862 993 6 367 105 836 7
0 889 7 528 61 592 2
1800 769 5 479 97 586 19
4792 563 6 490 102 325 3
9 876 7 459 83 433 10
10103 912 6 355 86 490 9
0 952 5 210 120 391 12
0 838 7 479 67 814 20
280 767 5 382 89 386 18
5332 660 6 336 95 500 18
1939 802 7 483 72 456 6
0 416 6 439 53 502 4
9757 526 6 469 91 843 10
194 344 5 278 102 409 19
2292 209 7 606 93 826 7
10057 771 5 387 94 753 18
4992 770 6 464 72 686 16
10205 149 4 347 115 727 1
1800 973 5 475 87 639 9
10018 902 6 397 87 757 4
10096 777 7 596 102 555 7
9618 338 6 559 107 455 8
221 269 5 337 49 804 9
2028 682 6 476 68 374 7
5249 962 5 464 70 627 12
9780 166 4 352 109 686 17
1610 184 7 427 77 683 7
2197 274 6 420 100 315 7
1803 490 6 386 57 500 17
9771 811 5 313 111 745 2
2231 621 6 425 72 472 5
1959 708 7 443 120 370 17
9649 827 7 437 50 495 18
10278 938 5 302 111 719 20
10228 323 5 473 104 560 5
1647 892 4 314 113 896 5
1655 924 5 361 67 461 8
5286 956 6 351 59 376 16
9867 787 4 366 123 384 19
0 838 6 397 94 735 20
1950 179 6 277 80 678 18
1891 305 5 321 98 689 7
5077 680 5 399 117 404 1
10154 212 5 268 113 355 17
1749 993 7 461 83 870 16
123 528 6 480 103 442 1
10203 486 5 404 109 537 12
10131 989 6 559 100 420 8
0 752 5 321 95 543 12
5121 924 6 378 65 374 3
10290 880 5 382 85 377 19
0 569 6 447 58 627 1
2375 908 6 348 106 648 20
0 910 6 414 66 507 9
0 517 5 351 89 628 9
5063 985 5 279 75 782 10
9864 820 4 311 99 429 1
10007 422 5 442 49 737 8
4981 131 6 335 95 830 17
9675 773 4 265 85 655 4
1828 723 6 332 75 521 19
10349 560 6 392 84 404 10
2297 239 5 210 94 395 2
177 377 5 434 100 570 12
9693 422 5 444 104 404 1
0 202 5 473 104 509 8
4994 651 7 526 105 477 16
0 190 6 349 101 420 1
0 199 5 354 108 286 20
2211 369 6 454 90 654 18
1733 788 5 398 74 457 20
4960 750 6 548 46 626 17
4870 835 8 570 64 939 17
0 221 6 456 115 690 1
1754 915 4 280 115 604 9
10388 503 6 476 81 825 5
0 152 6 319 90 502 6
4737 951 5 277 60 635 10
1968 370 6 438 69 285 20
5326 709 5 313 62 625 7
4860 798 6 467 66 453 11
0 844 6 381 97 526 4
5242 808 8 555 114 391 7
10047 379 6 269 90 737 18
5161 577 8 485 113 533 17
9928 740 4 223 76 718 9
0 808 7 440 66 462 20
9806 913 4 260 84 873 19
9854 540 7 549 83 433 19
2290 691 6 264 52 473 19
2354 510 5 353 53 457 8
1724 287 8 420 59 826 9
2167 917 5 385 122 549 6
88 209 7 484 105 291 10
263 796 7 395 63 408 6
10397 377 7 618 114 491 4
1755 786 7 443 66 749 8
0 763 5 392 89 395 18
5020 574 6 478 49 660 16
0 846 4 270 70 533 4
1785 717 6 259 95 580 18
4801 817 7 493 60 243 19
4784 736 6 360 72 425 8
10389 242 5 293 114 601 18
56 806 7 510 63 742 4
4679 366 8 610 106 422 16
0 728 4 338 103 422 18
10142 351 5 243 125 696 3
4722 641 5 353 73 474 3
9973 801 4 345 81 436 18
2058 525 8 458 107 554 8
297 441 5 334 66 318 20
5219 732 8 494 90 805 2
9646 182 6 450 51 321 8
10381 854 7 431 106 262 16
9638 847 5 439 119 380 11
2075 327 5 356 104 576 10
5262 142 6 356 79 744 16
4657 299 4 362 71 745 4
10116 154 5 323 73 572 7
4695 426 5 467 98 407 17
10293 253 8 528 76 517 8
2000 605 6 430 54 486 18
9768 208 7 455 48 871 18
5018 750 6 472 61 748 3
10085 642 8 424 77 504 10
189 608 5 349 119 613 16
124 914 6 362 111 591 17
2215 207 6 408 112 443 18
1972 432 5 444 72 771 16
9634 820 5 333 111 654 5
321 777 6 457 62 447 8
0 327 6 450 92 619 1
1862 485 6 428 88 649 7
195 629 6 357 97 278 20
1635 984 6 410 75 318 8
80 786 6 411 56 695 4
2364 507 7 490 63 381 12
5159 751 8 467 81 886 20
0 826 7 582 72 839 10
2019 506 4 366 63 704 1
9866 658 6 477 57 776 19
5357 245 5 388 55 970 2
2080 776 6 422 60 494 16
9780 821 5 363 54 600 4
305 985 5 336 105 380 4
9812 730 5 455 106 696 18
0 640 5 327 96 741 12
10053 581 6 293 124 549 9
4786 391 5 462 106 499 19
0 907 5 466 117 375 5
4758 820 5 291 68 565 7
5180 412 4 284 94 469 20
2299 341 4 274 105 733 19
10077 725 7 463 112 374 17
59 770 7 575 75 840 7
4883 474 4 387 63 562 18
5150 298 6 415 49 473 11
2024 153 6 367 88 349 17
5281 795 5 343 71 383 19
4757 920 7 605 71 868 4
2158 697 5 237 66 430 19
5077 699 6 338 72 297 10
10322 836 6 451 104 582 1
9977 363 6 424 76 447 20
0 952 5 426 102 816 1
5108 774 7 553 110 587 8
9690 422 5 354 115 511 18
2219 603 5 417 89 727 18
0 296 7 424 107 316 2
10056 786 5 463 105 373 5
9929 922 5 420 67 294 10
4683 364 6 386 97 462 19
1942 379 5 355 59 664 18
2189 993 7 366 83 441 9
4634 399 7 536 104 738 16
379 241 4 269 49 792 4
5154 844 5 266 56 416 18
1962 525 5 261 105 509 19
9850 713 7 532 88 498 18
0 783 7 487 57 759 3
1879 227 7 418 102 418 18
2248 755 7 434 73 508 16
9832 861 8 457 86 828 7
4811 970 6 379 104 762 6
9632 563 4 245 97 654 18
0 814 7 518 110 426 5
5379 502 5 360 106 856 6
1831 735 7 623 69 485 16
9950 986 6 488 58 431 20
9644 669 6 420 87 810 3
4914 925 5 278 103 548 9
13 436 4 363 59 419 17
253 326 5 333 101 772 17
9756 234 6 371 95 653 19
2084 955 6 324 72 478 4
5283 414 5 233 94 672 18
4901 212 4 326 76 778 10
387 373 4 317 107 744 8
2013 760 5 369 60 526 11
2276 930 5 266 104 443 11
1808 884 5 438 49 328 11
5359 884 6 428 103 863 20
0 829 7 551 52 448 19
5100 768 5 321 82 293 16
5393 883 7 446 62 318 16
1764 773 4 282 58 835 5
85 437 4 226 67 842 6
1993 705 7 400 87 368 6
4978 728 6 336 78 495 16
1603 248 8 498 74 849 4
9959 872 5 313 98 292 1
1679 525 5 354 68 441 9
9855 625 5 314 94 490 7
10048 305 4 286 94 871 6
0 177 5 305 100 431 20
5282 573 4 352 61 275 3
1672 570 5 454 104 996 19
5221 323 8 492 107 508 6
2296 871 7 493 118 908 19
5228 781 5 457 91 820 7
0 394 7 417 108 335 18
9624 839 5 392 116 275 2
5041 742 5 335 67 447 4
9707 550 5 347 91 659 8
1976 748 4 281 119 461 6
2118 738 4 342 96 726 11
2346 921 4 279 80 497 11
10103 364 6 553 99 363 3
9880 764 4 388 101 431 4
2029 154 5 362 75 486 10
1891 888 7 510 80 397 17
378 839 6 478 95 644 20
78 174 4 257 73 730 17
0 800 7 457 91 411 1
5211 619 7 514 94 400 11
1848 972 4 238 86 757 9
0 785 6 428 105 881 16
4603 705 6 517 116 811 11
4921 585 6 463 91 297 19
175 145 8 616 95 350 5
2182 329 7 472 72 656 16
5321 543 6 475 93 435 6
0 720 7 414 88 586 6
1909 254 7 475 120 907 3
10330 702 8 581 47 843 2
9829 436 6 452 84 581 20
9690 715 4 382 83 737 12
9882 790 6 518 58 484 3
2144 277 8 433 104 519 19
4719 996 6 433 89 323 20
9892 737 4 301 70 422 17
2045 712 7 511 80 541 2
10397 739 8 567 66 551 6
87 936 4 317 95 594 3
5064 901 8 594 106 736 5
240 383 8 628 75 885 2
4627 927 5 470 73 314 5
0 767 6 263 72 678 1
10336 131 4 262 67 895 18
4833 984 4 373 59 666 17
1909 140 6 322 107 718 20
2384 779 4 288 52 489 9
328 219 6 458 72 791 12
7 870 5 272 77 641 19
4962 837 8 449 111 746 16
5242 738 6 458 118 421 12
9779 172 5 442 86 494 6
9786 704 4 262 93 425 12
5188 892 6 390 93 270 19
0 823 4 336 121 631 1
4808 827 7 510 56 455 6
9821 873 5 314 72 458 18
9987 876 4 380 94 676 5
1607 628 5 439 66 732 9
191 938 7 473 114 584 16
9781 377 7 380 92 983 18
5078 837 7 468 116 671 18
10322 800 6 349 70 435 10
4731 273 7 556 72 331 6
0 943 6 428 108 277 4
292 300 7 445 77 337 2
4659 786 6 323 79 678 18
10115 251 4 361 99 346 20
0 738 7 548 65 503 19
0 847 4 399 72 477 1
0 335 6 516 91 730 9
9722 562 6 399 46 687 3
0 605 7 551 71 418 19
9905 842 5 354 83 410 16
5333 668 6 391 59 833 5
9912 280 6 459 104 360 18
5146 997 5 345 98 738 2
2299 807 6 433 85 736 10
0 676 7 605 75 610 18
0 239 4 365 68 297 19
317 767 4 306 66 676 4
10129 551 6 310 85 551 20
4612 334 6 328 65 512 16
0 726 5 339 81 273 6
208 925 4 353 104 739 5
10028 814 6 430 118 346 12
5384 453 5 413 61 559 7
125 327 5 410 90 446 4
9803 661 4 298 99 463 18
4997 280 5 463 69 493 7
2306 668 7 555 72 1007 8
1798 138 4 337 104 363 16
5196 761 4 388 86 586 5
9770 732 7 509 60 486 9
5009 703 5 288 74 524 6
0 846 7 552 55 478 19
345 821 6 317 92 510 2
1755 529 7 527 86 542 6
2290 621 4 308 59 413 4
5108 691 6 335 105 687 4
124 412 5 289 64 901 3
9697 300 5 321 72 689 6
9951 499 4 323 66 412 2
1884 772 7 461 66 836 20
4798 183 5 363 66 369 9
0 734 8 443 82 365 5
0 766 6 513 64 328 16
10121 384 6 338 109 451 1
4687 844 7 437 60 681 9
10239 795 8 470 49 406 6
1619 670 5 321 116 406 12
1740 667 5 373 64 309 6
9699 391 5 284 63 525 18
10061 751 6 407 106 454 2
10244 439 4 320 60 470 19
2222 799 7 372 82 658 12
372 728 6 463 57 409 17
134 530 4 399 97 341 11
10160 704 4 286 86 582 10
2129 292 6 339 120 599 17
9869 743 7 395 72 475 19
5331 782 6 411 106 430 1
377 191 6 458 97 425 5
5056 984 6 301 55 489 19
0 304 5 473 51 381 7
2211 901 5 320 58 771 9
9800 816 5 351 87 556 8
10138 250 6 422 102 586 12
10324 373 6 451 101 330 7
0 308 5 351 58 294 19
9903 707 6 332 87 448 20
4887 331 7 503 91 810 10
229 235 5 392 89 482 2
0 866 7 518 92 475 9
0 880 4 234 76 587 3
4819 832 6 475 51 406 9
0 906 5 480 104 482 17
4877 716 6 466 111 301 6
2218 760 8 490 101 460 16
2069 716 6 405 78 458 18
9615 769 8 481 61 887 20
5201 924 5 431 106 663 3
9855 819 5 298 60 446 12
10090 574 6 259 52 659 4
4927 909 8 600 67 583 17
4621 876 4 365 58 579 2
4863 710 7 470 94 669 17
9994 719 5 426 65 636 20
10098 406 4 265 66 828 3
0 794 6 527 72 603 12
2384 228 6 470 91 572 11
248 880 5 387 64 357 18
0 963 5 363 61 407 19
185 756 4 328 95 682 16
0 855 5 419 84 653 16
0 302 4 363 64 430 11
4659 795 6 337 58 365 1
0 962 8 550 117 617 20
0 877 4 375 72 508 7
4887 860 5 269 120 737 2
0 331 8 547 54 668 19
1664 588 6 449 65 502 12
9669 828 6 444 120 304 18
1961 634 6 455 90 478 1
277 203 6 481 100 291 9
0 378 6 367 59 437 9
235 831 7 620 96 1000 5
10348 533 8 613 85 736 20
10132 327 6 555 89 317 2
5018 670 6 447 109 567 12
2152 843 7 367 54 752 10
101 178 4 296 67 628 7
5258 704 7 566 91 248 19
4827 286 5 436 114 461 7
0 794 6 373 73 549 12
1883 846 6 365 66 825 4
5329 705 6 475 51 527 16
1818 706 5 304 82 682 6
2173 994 7 414 81 426 6
166 893 4 211 107 711 17
5309 855 7 538 66 509 2
1932 773 6 414 91 373 16
215 926 7 506 68 588 9
0 449 6 442 89 401 19
0 639 8 570 108 479 19
10059 612 7 396 53 487 7
9898 262 4 332 78 410 9
10119 788 6 393 82 750 4
9711 388 5 459 98 372 10
1832 669 7 452 58 644 1
1771 622 6 380 87 428 8
4742 617 8 557 75 403 6
1611 629 7 478 72 568 8
5326 897 5 320 84 484 18
2040 531 8 500 59 458 17
5185 240 8 506 55 511 18
4766 469 6 401 80 1004 18
61 800 6 454 57 453 10
4962 783 5 323 73 287 1
10264 488 5 298 60 542 18
9798 870 6 465 80 456 1
5115 766 5 357 68 647 19
1686 660 6 327 58 422 17
2273 128 6 506 95 485 20
10395 775 5 370 77 268 7
5091 810 6 500 60 660 2
5205 718 6 331 66 359 11
5389 541 5 325 76 587 12
0 730 4 218 128 732 17
10019 702 6 277 98 593 19
4743 835 7 619 85 931 20
309 704 4 264 101 389 20
10058 941 5 416 67 379 20
4855 458 8 476 111 618 3
4684 825 7 418 116 315 4
1786 704 7 530 78 756 20
9924 852 6 377 84 357 1
1673 468 4 213 86 754 2
1826 588 8 622 60 581 3
10391 711 6 433 96 449 11
4964 664 5 365 81 686 7
2268 944 5 318 76 460 3
4981 962 7 520 104 813 17
9691 348 8 582 60 715 9
0 169 6 393 53 487 8
2355 252 5 283 125 498 20
136 687 7 482 109 299 18
10379 794 5 462 73 296 20
2366 778 7 419 96 476 17
1874 733 8 512 107 483 5
4964 678 6 373 60 574 16
9978 908 6 393 96 351 20
10204 769 6 343 122 400 5
1857 826 5 439 98 559 11
320 574 7 533 60 455 19
1966 457 8 564 110 581 4
0 383 5 349 96 456 6
10017 704 5 411 89 368 16
0 489 5 422 92 739 20
0 348 5 436 91 503 12
0 749 5 371 91 669 17
5000 944 7 413 109 474 10
4941 264 7 454 73 963 10
9778 255 7 510 51 267 2
1650 921 7 500 68 488 10
10027 504 5 341 60 675 19
4859 861 5 277 87 286 18
1791 994 5 421 94 594 11
9983 786 4 257 77 492 19
1740 139 4 315 104 721 11
2277 507 7 527 75 468 6
5302 568 5 390 56 695 9
295 355 8 567 105 600 3
1868 413 5 441 115 467 7
373 844 6 554 88 354 6
4910 725 6 365 68 765 9
2239 763 5 372 104 275 4
0 860 7 636 80 749 10
2149 990 8 485 74 707 16
2254 274 6 334 88 952 7
2209 554 5 378 57 508 16
10272 847 8 516 110 795 1
1685 882 6 374 54 647 5
0 409 5 346 85 610 7
10156 132 5 318 90 555 5
110 457 5 248 72 453 7
0 682 6 397 114 304 3
2274 185 7 416 69 499 19
5000 758 5 335 70 544 1
5269 805 6 390 59 449 1
5340 443 6 445 63 461 17
2291 745 6 291 126 665 2
0 775 5 354 85 489 17
1844 681 5 319 83 576 6
0 220 7 628 77 655 18
9735 353 5 421 102 286 6
4632 517 8 603 96 467 8
9608 939 5 312 87 408 6
2303 756 8 623 83 506 6
4851 498 5 387 64 524 16
1 374 5 347 92 312 16
5015 337 7 422 109 385 2
0 424 4 317 110 442 10
1912 747 4 336 60 701 17
0 487 5 268 116 559 7
120 193 4 301 74 532 4
2058 989 4 319 79 650 18
2035 739 5 277 119 369 3
1801 807 5 404 64 737 8
0 701 5 314 97 603 12
2087 480 6 435 70 563 18
4789 724 5 248 72 891 1
15 983 7 527 73 442 10
0 701 7 499 77 480 16
5054 867 5 327 70 492 4
2019 818 8 483 94 809 1
362 441 6 427 76 312 1
0 238 7 375 83 490 6
10196 744 6 461 107 465 18
0 502 5 299 95 709 5
4735 783 5 398 92 508 8
1712 868 7 459 76 649 17
1828 721 6 527 84 458 16
4717 481 6 530 77 578 20
0 158 6 487 69 557 6
59 986 5 373 100 955 12
9635 980 6 389 114 835 7
114 229 7 456 65 437 11
4632 233 5 375 103 581 11
378 909 5 377 53 306 19
10329 383 6 482 102 501 2
10129 822 6 426 83 487 19
0 440 4 368 58 526 17
176 751 7 521 70 349 1
4658 471 5 397 87 529 8
2371 716 5 325 59 283 11
180 265 7 501 94 421 19
10278 198 6 385 114 665 18
0 623 5 418 55 262 9
1630 857 6 469 99 656 11
5013 145 4 292 85 747 17
82 151 5 329 108 299 11
304 701 5 402 64 627 5
23 813 8 529 107 497 18
2009 320 5 380 114 688 20
0 809 6 370 64 809 16
5270 917 7 542 94 411 4
10389 689 6 542 78 520 6
0 985 5 345 66 407 18
1728 770 6 512 61 537 6
2103 751 5 292 96 510 7
10014 390 5 276 116 458 16
10356 475 6 434 80 456 11
2089 244 4 303 101 864 17
10174 642 6 354 97 998 11
5308 862 6 448 92 371 19
4620 837 6 376 60 727 4
346 848 4 327 82 698 11
1873 662 6 349 104 739 8
10350 741 5 287 96 609 9
2207 457 5 390 95 559 1
87 719 4 352 99 367 18
10200 765 8 606 110 422 8
9744 785 7 452 111 409 20
5183 947 6 394 86 507 5
10322 666 8 636 120 778 12
4716 726 6 488 108 458 17
0 572 4 274 78 458 4
14 842 5 298 65 392 9
9977 836 6 552 86 408 19
10 900 5 280 63 528 16
2076 333 8 610 60 792 6
9976 380 7 388 73 611 18
165 996 7 384 109 575 18
10135 777 6 477 91 916 1
1967 754 6 451 91 892 18
0 763 6 343 92 704 1
2050 633 4 325 97 410 5
9905 157 5 286 84 515 9
1719 828 6 485 75 737 20
4979 438 4 383 61 366 9
10003 796 4 341 59 534 17
1943 936 8 638 82 463 19
9808 238 6 435 99 461 10
5273 759 5 341 89 393 6
5217 247 5 262 51 718 9
10360 785 6 370 44 741 12
0 409 7 615 64 902 19
2216 688 5 404 91 724 6
5351 732 7 456 113 574 17
10392 449 7 444 71 351 8
1806 651 5 297 92 764 5
5074 836 5 349 103 519 19
9634 967 6 450 67 704 7
10309 987 8 557 72 504 11
10279 841 5 399 55 806 8
4991 353 4 333 73 487 2
5022 821 7 368 112 560 19
1962 636 4 305 89 536 20
93 290 4 358 110 449 18
5226 342 5 385 103 676 16
2179 256 6 442 57 627 2
4921 203 5 412 90 783 3
10056 501 4 329 60 669 18
10257 781 5 265 87 597 1
5357 584 5 472 75 962 20
9995 346 7 533 47 858 11
5130 780 6 369 59 683 5
5138 447 7 545 66 470 16
0 570 8 498 105 498 3
5363 882 6 506 92 483 9
2264 663 6 468 77 308 2
0 296 5 326 111 652 18
0 344 6 542 99 733 17
9873 934 6 402 106 645 1
212 429 5 304 94 273 4
5214 355 6 467 116 689 18
0 273 5 340 97 594 17
5257 541 7 503 81 841 19
1981 355 6 320 69 298 16
10276 760 6 439 76 478 17
2112 752 5 291 70 416 2
1799 143 6 450 93 629 19
1729 162 8 492 95 557 17
0 939 5 341 125 349 8
4616 656 5 347 86 726 19
9984 921 6 524 106 862 18
147 557 5 337 113 415 5
1632 773 6 315 93 856 16
2076 910 4 380 107 621 20
5106 506 4 285 75 872 11
0 722 6 503 55 485 17
9739 878 7 556 93 793 17
344 993 7 508 92 440 9
9911 723 5 436 61 729 18
9839 390 5 301 106 703 10
9965 876 5 347 78 510 17
9701 570 7 506 82 715 1
129 730 8 509 95 639 20
356 977 4 262 81 719 18
4614 300 7 395 52 509 5
0 249 5 241 76 452 10
9884 488 6 474 78 600 9
0 827 5 325 66 553 6
1643 852 6 476 104 432 17
9621 263 5 285 103 377 20
9726 315 5 458 104 536 17
4722 772 7 404 83 771 2
121 447 5 396 75 535 5
5301 859 4 377 63 422 16
2342 805 8 539 100 780 16
4733 165 7 543 99 669 7
2089 723 6 378 63 392 20
2381 409 7 503 113 307 11
4823 745 6 369 65 754 10
10369 742 5 316 78 664 20
2320 414 7 455 105 546 9
2291 739 5 306 65 738 12
0 150 6 495 48 623 10
1786 251 7 535 82 538 8
117 731 6 443 94 306 17
4795 614 6 382 87 780 17
10357 908 5 226 81 455 7
2307 561 6 402 68 419 19
2023 771 5 377 123 438 11
2210 563 5 298 82 717 8
4723 894 8 453 69 680 17
5154 755 7 444 69 890 2
10156 767 7 465 96 369 3
9634 143 8 477 65 754 8
1622 988 5 287 85 629 17
97 712 5 351 96 511 9
0 332 5 402 58 515 12
386 636 5 355 55 582 3
2114 323 7 373 119 401 5
10292 703 5 402 52 769 18
9731 865 8 542 61 634 17
2115 552 6 524 84 542 18
5277 895 5 320 80 643 8
2373 707 7 402 106 402 4
4633 743 6 283 117 347 17
5123 729 5 353 50 279 4
0 673 7 505 61 388 16
158 858 5 322 77 574 8
0 566 4 221 79 651 7
2330 623 5 290 60 763 17
0 765 5 335 83 682 2
1934 891 6 376 86 838 17
10346 417 7 438 81 251 17
2203 192 5 284 119 627 17
9975 674 4 281 84 715 20
4614 725 5 468 84 400 16
4704 339 5 324 59 774 11
0 740 6 447 109 462 6
10255 955 6 299 111 412 16
9828 594 7 507 67 650 20
0 274 6 548 89 402 18
9758 929 5 294 77 581 10
0 911 6 420 83 368 5
1846 250 6 375 103 496 20
1707 506 4 261 77 603 5
10117 821 4 217 65 666 5
4673 555 7 422 93 656 3
10118 742 5 437 65 634 18
2092 809 6 455 88 441 3
4827 703 5 330 75 518 4
0 701 5 349 62 495 3
4799 637 7 386 70 612 2
0 692 5 394 98 521 19
10287 844 5 320 100 469 10
0 254 8 634 82 992 16
1762 925 7 557 90 431 18
10154 888 5 373 103 775 10
0 742 4 243 108 819 7
4907 424 4 315 64 767 16
1954 462 6 534 56 253 10
1916 459 6 475 103 782 20
9954 156 6 435 71 793 7
10236 126 7 503 70 529 8
10297 986 7 493 86 580 19
4894 769 8 451 118 900 4
0 892 6 436 79 547 4
1992 373 6 403 110 528 16
4992 218 8 495 84 872 17
2027 671 5 331 91 475 18
2229 889 4 304 56 548 17
1964 798 6 437 89 763 18
1959 628 5 273 52 722 3
2009 965 4 276 97 657 1
4873 177 7 588 68 526 16
4723 288 7 412 105 292 19
2220 791 5 392 88 407 4
5158 224 5 345 124 635 4
4658 619 6 334 104 671 5
0 978 4 292 81 499 8
10326 252 6 426 78 689 1
10104 453 4 345 56 325 8
10202 895 5 324 111 625 2
2350 813 7 560 50 576 19
4679 724 7 543 105 406 1
4716 381 7 372 68 619 10
2369 219 5 479 55 554 12
0 355 7 426 60 360 12
10235 912 5 246 88 745 20
0 692 8 553 67 442 18
0 794 7 468 99 687 10
5074 429 5 469 65 385 10
4891 749 5 342 56 331 20
2310 984 5 367 60 707 12
1912 787 7 554 63 522 10
5100 449 5 300 78 796 16
0 854 5 460 55 328 20
1765 937 7 532 97 256 18
1746 139 4 284 87 772 10
1643 701 5 450 50 515 12
9923 909 5 416 78 549 11
4858 197 6 464 58 761 8
371 959 6 390 78 769 20
9891 783 8 529 98 422 7
5134 910 6 315 51 595 5
9627 818 5 318 69 789 3
5018 134 8 515 67 825 17
1760 566 4 335 69 503 19
9739 146 5 475 89 806 12
0 734 7 543 75 603 19
10304 421 6 458 105 540 12
2254 395 4 334 94 445 1
369 615 8 598 60 291 2
9745 495 6 428 48 563 5
10368 711 7 437 108 528 3
4766 701 8 590 66 801 8
4775 795 4 396 73 505 10
10043 937 5 448 84 424 8
2340 676 7 505 57 483 3
2155 279 4 327 58 408 20
10343 252 5 403 58 896 20
9902 758 6 538 68 369 20
1778 489 5 254 77 739 1
0 678 8 609 68 836 5
10334 479 8 552 62 785 5
1916 710 4 280 86 771 20
4799 782 4 271 57 671 5
2094 693 5 371 66 577 8
10075 616 6 498 55 290 3
5335 837 5 357 61 436 11
5074 500 6 462 74 587 8
0 629 5 348 111 488 3
1616 861 5 369 103 551 6
6 833 5 417 92 456 6
5143 279 6 369 68 583 10
0 164 5 209 124 352 1
10018 537 7 450 61 374 7
2052 795 6 302 59 472 16
0 823 7 518 69 375 5
1770 795 6 354 102 430 12
290 251 6 377 87 364 16
215 751 8 581 60 284 3
9829 565 4 305 103 635 20
10116 556 6 428 81 615 17
10345 567 8 511 82 391 9
1937 136 6 399 79 515 1
0 771 4 250 85 613 8
9836 729 6 375 64 688 6
4900 321 4 317 84 599 4
0 507 5 380 103 461 6
0 892 5 422 79 628 5
1848 707 6 421 84 595 4
9937 156 5 354 75 426 2
10186 164 5 269 88 275 6
4976 773 7 613 106 599 10
4772 825 5 449 51 459 9
0 826 8 455 99 417 19
0 867 5 354 116 480 16
38 762 5 218 101 793 19
325 279 5 345 68 543 11
0 671 7 442 109 909 11
9616 840 7 370 56 317 18
97 988 6 413 67 566 10
10368 968 5 459 81 367 18
9726 718 7 552 95 805 19
1828 831 4 350 100 521 19
2209 917 6 468 64 925 4
4759 904 6 352 68 595 11
369 597 7 473 73 716 18
0 376 7 515 84 386 6
5388 911 6 339 98 400 9
0 825 5 375 80 699 5
9754 341 5 369 85 796 7
9898 297 7 570 114 526 9
4917 917 8 484 67 399 4
10240 628 5 348 104 878 3
2118 386 7 377 86 556 7
10048 483 8 638 68 264 7
9841 783 5 310 95 272 8
1717 707 6 550 80 420 17
1819 811 5 298 116 796 8
5273 689 5 312 59 765 10
9933 556 7 544 99 366 8
5332 129 5 429 90 483 18
5233 915 6 500 84 446 8
5241 941 7 515 103 870 17
278 824 7 581 59 399 12
374 673 6 315 70 337 17
5391 738 5 345 112 847 1
4632 358 4 340 103 595 9
9627 935 5 320 50 535 17
1952 704 7 453 52 281 2
217 244 6 474 92 285 1
98 691 6 333 103 760 17
254 329 5 313 55 464 1
9916 566 7 374 81 620 20
10296 276 8 517 114 661 2
0 503 5 396 120 454 1
0 528 5 300 95 570 5
2149 677 5 324 109 556 18
10118 921 6 451 96 881 10
106 836 6 428 95 491 18
1801 480 4 294 79 361 10
1602 752 6 410 108 328 9
9649 383 4 285 73 707 17
4916 528 8 506 79 507 6
4778 894 4 269 68 578 20
4839 969 5 448 103 496 4
9794 513 6 332 81 462 6
9852 301 6 323 103 726 9
5373 296 8 563 102 411 5
2325 729 7 551 92 787 7
2059 618 5 450 85 365 7
2379 722 7 429 68 836 10
10368 324 6 403 50 748 5
5136 583 5 294 69 531 17
1879 940 7 406 56 334 20
4687 560 6 371 96 785 8
1827 727 5 386 74 748 16
5089 411 6 369 112 667 17
0 276 5 329 116 459 11
0 172 5 447 88 521 10
10244 151 4 349 84 639 18
10177 689 6 457 75 707 12
2071 955 6 490 83 457 3
9957 399 6 456 55 703 9
1851 799 6 496 95 451 11
1960 342 7 480 84 418 6
9913 1000 6 540 106 383 9
9942 849 5 381 99 660 11
10020 627 4 218 84 654 20
1879 880 6 269 62 418 6
1720 374 7 428 75 365 12
4874 933 6 400 84 497 2
5223 983 5 307 49 366 11
5069 871 6 374 117 466 20
10212 770 5 283 113 428 10
9922 436 6 472 76 419 20
297 736 6 422 115 821 4
4621 793 5 351 76 437 8
255 925 7 542 93 326 10
5056 337 6 435 94 490 17
0 764 4 290 84 576 8
2101 604 5 268 82 689 19
0 862 6 380 63 584 1
4640 239 5 321 66 402 20
9991 691 6 351 88 574 6
5259 870 5 415 98 531 16
0 903 7 624 78 985 1
4805 670 7 392 111 810 19
5010 472 7 508 72 570 8
160 721 6 352 93 617 16
9925 996 7 553 82 513 16
5379 516 8 471 93 670 16
4983 179 5 463 60 898 10
10022 967 7 456 96 560 12
4938 733 5 376 75 542 20
10176 690 6 408 87 694 8
4955 826 7 479 55 912 2
2028 746 5 374 123 629 2
369 163 5 301 87 472 20
4718 718 6 334 104 527 9
0 545 6 324 68 449 17
10010 817 6 373 69 625 3
371 898 6 375 60 522 16
2185 916 5 398 103 827 9
10111 605 7 470 73 430 4
0 695 5 375 106 862 2
10290 687 5 359 76 565 16
9992 553 7 501 101 462 17
5392 768 8 596 83 863 20
1722 713 5 274 57 325 8
0 776 4 220 87 472 20
10008 351 7 388 50 749 7
110 545 6 432 69 748 5
4963 719 5 317 72 417 19
0 598 6 366 55 785 11
10238 738 5 331 104 624 1
1688 454 5 321 69 502 4
241 815 7 467 58 777 16
9941 390 7 428 94 657 6
1719 921 4 256 62 571 9
1931 427 6 315 76 615 3
258 308 4 323 117 663 3
2334 403 4 297 58 646 6
1882 841 6 464 88 395 20
4744 207 6 361 101 528 7
2189 555 7 393 57 459 5
2001 947 8 627 64 992 17
264 689 6 421 71 523 17
4989 340 5 385 71 695 3
2153 688 5 309 114 431 10
370 291 5 362 59 690 2
0 752 6 480 91 523 12
10338 421 7 586 75 505 7
4841 176 6 335 70 410 20
4706 549 5 402 88 240 1
9773 942 8 599 96 906 11
2106 543 7 512 87 703 18
1633 500 5 382 115 507 17
38 453 7 509 98 348 12
4902 121 6 286 106 462 11
2087 271 5 289 91 509 1
9684 796 5 425 66 577 1
60 262 4 337 56 349 2
2031 358 5 388 91 624 6
9909 710 8 495 49 872 11
0 998 6 491 62 383 9
10158 234 7 505 90 509 5
0 213 7 486 67 358 16
2341 814 7 452 81 788 8
9929 563 6 472 75 774 9
10185 749 5 397 56 732 17
10068 607 7 604 64 303 7
2030 334 5 462 113 588 4
105 843 7 454 62 388 6
4833 676 6 345 57 590 19
2117 142 6 395 59 652 16
9675 763 4 262 97 603 7
363 682 5 337 103 368 16
0 922 8 595 88 638 17
128 808 6 470 117 285 7
0 731 5 442 98 940 4
5181 526 7 477 93 910 8
0 581 5 327 81 618 6
4945 555 5 321 111 499 16
0 298 5 466 57 587 2
1610 271 6 335 106 421 19
0 533 4 326 64 578 19
4758 249 7 432 103 512 12
1960 983 5 315 75 621 19
2354 848 6 510 86 521 16
5280 295 6 418 106 358 5
5328 199 7 516 54 743 1
1885 725 5 387 73 306 6
1899 728 5 315 64 516 12
187 818 6 306 119 376 20
0 539 4 303 99 674 2
9928 795 4 304 60 306 20
2092 384 5 399 115 748 4
5302 574 6 479 82 509 9
10364 742 5 400 86 538 17
5158 896 5 293 81 466 8
1982 915 7 558 90 499 17
2083 202 6 370 51 769 1
0 379 6 318 64 543 5
380 766 6 478 96 484 11
4719 764 5 339 68 512 10
0 583 4 308 84 445 6
0 372 6 323 69 635 19
9991 715 5 348 113 518 3
1697 869 7 395 51 757 19
1870 835 5 347 111 608 16
1813 793 5 317 119 527 9
5328 457 5 346 84 617 6
4840 861 7 584 105 549 4
0 379 6 385 90 616 12
9701 515 6 318 88 530 8
4885 354 6 509 75 315 11
9601 816 4 286 85 410 11
10088 208 6 377 124 464 6
194 264 4 322 76 675 6
1676 866 6 556 71 248 7
0 570 4 277 59 550 7
0 779 6 453 78 376 16
4911 954 4 232 117 442 17
0 811 8 509 100 320 18
2342 281 5 232 75 451 19
295 801 5 338 101 800 10
5154 130 6 446 73 580 17
4772 749 6 370 72 544 1
1793 810 7 528 79 879 20
4636 989 7 394 53 374 7
2282 322 6 401 74 242 11
0 876 7 469 97 827 20
0 385 4 264 70 349 20
2277 274 4 304 52 772 11
9957 910 6 379 127 366 3
2006 876 7 520 53 404 6
1704 744 7 535 73 675 16
0 869 8 612 62 467 7
4727 442 7 438 63 409 20
288 306 6 473 94 596 4
5296 521 5 391 55 417 4
10116 550 7 579 64 340 17
10026 670 7 452 108 739 19
10336 871 6 476 89 589 11
4968 610 5 233 50 834 10
1662 600 5 259 69 627 19
2235 577 5 372 112 285 10
1609 495 5 281 108 723 9
0 876 4 257 72 417 10
2066 133 6 346 58 578 9
2300 388 6 449 68 491 8
10042 278 6 417 49 682 3
5122 398 5 453 105 483 12
9662 398 6 426 91 325 16
10139 718 5 351 65 483 20
10241 349 8 541 53 565 18
4952 853 5 356 85 465 2
9993 510 4 362 79 865 19
5096 535 6 419 92 530 1
5032 840 7 550 68 573 17
323 838 7 596 61 564 4
225 552 5 403 102 908 12
9799 861 5 354 73 553 3
9665 547 6 434 86 316 11
5032 620 4 246 62 515 8
0 837 4 345 67 713 18
4601 764 4 389 94 522 7
0 422 5 321 76 371 7
0 306 6 409 84 719 17
5071 831 7 470 91 720 16
0 843 5 210 96 451 20
9924 761 6 553 104 579 3
9793 570 6 341 91 496 6
48 493 7 536 56 457 17
213 163 6 311 61 659 8
9673 248 6 416 81 452 11
10099 324 6 347 61 508 16
96 287 8 619 71 285 9
10044 842 5 285 125 508 18
5220 776 4 267 70 467 18
10387 834 5 298 94 687 10
362 808 4 371 112 634 4
9970 183 7 431 54 566 5
282 157 7 549 82 690 12
1847 541 6 474 74 474 20
2197 476 5 373 81 338 1
160 575 4 265 66 689 8
2346 630 6 266 70 714 12
5239 523 6 395 116 383 2
1932 470 5 211 101 506 16
29 202 6 394 61 377 20
10354 850 6 399 94 465 7
1780 243 6 263 104 495 7
5088 803 8 608 79 341 1
1882 557 5 313 47 694 12
10189 644 5 448 81 448 10
322 121 5 418 83 454 20
1665 731 5 321 72 414 9
9750 391 6 424 58 697 17
380 840 4 213 90 626 12
0 723 5 441 68 828 7
10144 739 5 254 100 472 7
0 629 6 409 89 287 12
1689 995 6 413 76 635 1
9762 444 7 564 80 351 7
9694 383 5 380 74 624 9
9900 910 8 510 61 831 9
9985 786 5 450 63 405 2
0 949 6 412 59 473 5
9712 233 7 519 87 492 7
1917 273 6 476 109 619 4
0 860 5 317 58 405 17
1659 827 5 359 58 667 20
2072 933 7 455 91 285 18
0 583 5 241 67 658 10
10123 366 4 305 70 456 7
5356 509 6 395 102 374 17
10344 695 6 370 73 463 7
1848 311 7 507 106 493 2
2187 765 4 341 54 831 20
2145 950 5 445 108 658 4
369 762 7 425 89 356 12
0 710 5 362 61 534 9
396 510 7 446 74 397 10
0 131 6 322 82 535 9
0 702 7 422 111 591 17
2374 841 5 297 84 596 16
1664 157 6 350 105 854 6
1913 955 7 450 98 336 18
10373 546 6 384 72 552 4
9847 968 5 319 90 566 12
10280 339 6 473 109 407 8
2142 883 5 480 99 308 12
9877 447 8 586 77 956 5
0 454 4 391 76 509 7
4699 778 6 428 113 875 7
10013 362 7 584 89 514 7
5339 701 4 356 102 679 3
10284 901 5 432 102 879 19
1852 179 7 562 57 420 6
1813 611 6 498 89 471 20
364 311 6 397 98 503 17
4705 222 6 446 93 792 8
5080 149 8 596 45 864 19
384 579 5 291 73 640 10
4953 474 7 436 90 453 9
1757 911 5 419 97 643 18
5074 923 6 311 77 878 19
9843 767 7 390 112 346 11
285 407 6 431 57 633 1
2010 815 4 252 66 822 6
5387 724 7 518 94 741 20
9903 718 6 398 81 683 8
9987 742 7 619 73 680 17
9805 353 6 425 72 359 16
2271 156 7 413 74 825 3
2247 544 6 529 94 787 11
1661 710 5 343 97 373 12
293 418 5 209 59 518 18
1743 395 7 472 86 462 20
9979 122 6 348 59 608 11
1634 385 6 447 80 689 17
5392 273 4 275 95 763 7
39 719 6 351 104 539 6
5101 243 4 346 55 524 16
2143 845 5 309 81 550 1
9930 826 4 398 99 578 19
1975 754 6 424 61 576 5
2315 713 7 526 104 278 9
2147 872 5 426 96 340 12
2043 297 5 273 99 767 4
1641 380 5 422 78 601 1
5032 759 6 345 104 649 11
10084 999 6 492 56 336 3
1928 682 7 421 85 248 16
10248 354 5 316 95 742 2
5235 891 6 391 82 601 6
0 727 6 397 110 520 18
2301 897 5 331 119 598 6
1641 736 4 269 80 533 1
0 956 6 383 46 862 11
0 561 4 305 55 526 19
4814 631 5 279 102 573 8
1979 840 7 610 63 477 9
1869 569 5 327 103 715 1
1699 935 4 274 101 477 4
156 723 5 323 73 645 11
5007 724 5 345 73 762 19
9756 825 5 246 85 622 20
0 782 5 430 62 703 1
2147 402 8 522 94 762 2
10247 793 4 326 94 481 4
24 304 6 514 57 420 10
9898 126 4 304 52 610 11
4968 715 8 520 76 709 7
376 608 5 416 61 487 17
1748 365 4 397 85 429 4
2277 877 5 267 94 323 4
1742 496 6 400 109 346 6
276 761 7 457 83 250 12
286 174 5 354 55 470 12
249 138 5 353 66 376 8
2346 486 6 414 56 444 12
2065 981 5 383 107 818 4
1798 982 5 405 117 426 5
2332 140 6 433 59 450 5
9919 796 6 429 103 442 2
0 258 6 364 88 523 19
9639 818 4 275 111 602 7
10169 156 6 463 70 634 6
10132 965 4 359 47 396 18
255 755 5 294 120 571 2
10292 647 5 318 118 717 3
9927 677 6 462 103 936 10
5153 401 5 351 63 376 18
5109 707 8 557 92 556 8
5219 412 7 534 54 492 6
162 942 7 441 67 431 1
219 802 7 510 69 462 7
343 934 8 479 70 910 5
1791 462 7 597 88 267 10
379 799 7 551 73 321 20
2202 212 5 421 97 519 8
4762 596 6 430 119 456 18
217 650 5 382 90 508 7
5104 541 7 429 65 819 10
344 481 7 385 93 562 1
4 802 6 463 77 467 6
2040 451 7 375 108 502 7
1656 827 6 490 48 467 4
9894 369 6 395 63 303 16
0 739 5 373 70 270 7
9794 260 4 294 91 790 7
162 126 5 305 111 613 7
0 682 7 489 88 493 1
2338 583 5 378 90 560 19
2121 820 6 430 51 733 17
326 982 6 544 78 385 12
9603 324 8 559 88 504 16
9776 463 5 389 68 435 18
5023 364 6 329 90 878 9
1884 339 5 393 97 373 9
90 268 6 389 85 670 17
0 680 6 445 105 568 19
4830 785 8 488 119 841 12
4897 750 8 430 93 557 2
1690 276 5 316 95 731 4
10334 873 6 366 101 621 1
9641 788 6 385 118 592 11
5233 391 5 285 83 535 7
0 875 6 367 98 902 16
2310 761 7 375 79 786 17
5044 551 5 278 85 421 7
10035 176 6 554 89 645 20
4820 277 6 351 62 609 16
120 649 5 350 58 862 2
0 494 6 369 107 497 17
10218 392 6 436 99 715 6
10198 288 7 463 93 407 16
275 609 5 334 90 601 5
0 944 6 369 88 516 18
0 342 6 492 66 803 2
98 914 6 325 81 365 3
2158 716 6 346 67 658 1
374 680 6 362 84 515 9
2301 960 6 393 88 470 17
4741 775 7 633 75 758 4
1788 164 7 578 89 496 4
9773 438 6 472 50 699 4
5308 854 6 403 90 339 11
5358 286 4 366 72 621 9
9958 762 5 439 61 639 3
10106 571 5 461 103 692 6
0 655 5 251 119 605 7
10271 730 8 514 69 627 6
2058 534 6 415 110 497 5
1706 814 4 277 90 804 2
2148 968 7 531 93 555 16
2149 586 8 455 111 555 4
4752 828 6 326 60 509 1
5058 841 5 391 71 710 17
98 844 5 334 75 649 6
1916 535 4 222 108 483 1
0 947 5 413 109 585 6
123 847 5 277 76 659 9
5347 947 6 474 63 409 18
0 717 5 475 101 597 8
9967 454 6 409 106 313 9
10189 188 5 331 69 431 18
2107 965 8 566 67 413 17
2225 938 5 261 79 580 19
160 951 6 447 114 755 16
1780 986 7 553 70 324 7
5230 389 6 380 113 541 10
318 760 7 475 58 859 5
4857 467 7 539 96 466 18
2115 900 4 211 60 757 5
4612 355 7 423 91 695 1
5129 727 5 351 104 705 20
0 377 5 335 100 648 16
294 921 6 366 108 298 4
244 786 5 230 127 621 1
4602 780 7 611 47 790 8
2214 908 5 230 94 659 9
1858 748 6 375 91 385 5
4944 693 7 386 114 461 20
9777 946 6 343 113 429 8
5127 680 6 313 70 474 2
4905 891 5 269 67 649 11
0 751 4 320 60 753 3
0 851 5 308 98 551 10
0 361 7 449 90 396 20
0 793 5 361 61 995 5
4757 644 5 370 82 520 8
9880 193 6 386 70 283 11
1848 811 5 351 60 545 10
10090 896 5 313 82 661 3
5187 561 6 532 70 451 9
9928 262 6 432 70 446 5
10040 489 4 369 123 409 3
4739 797 5 380 109 476 2
4678 996 5 465 70 677 16
2289 244 6 400 70 372 6
4986 854 6 366 76 803 16
9733 255 5 372 65 419 18
0 848 7 402 95 419 1
5152 878 4 345 80 404 12
2248 974 7 539 95 576 3
0 342 6 366 103 251 9
68 714 6 467 69 517 1
311 580 7 607 96 586 6
1876 369 7 564 57 504 12
0 519 5 338 79 637 7
5040 946 5 271 62 376 4
4848 776 4 351 70 523 16
4983 601 7 379 62 429 2
2205 841 6 538 86 348 8
0 160 7 398 112 460 4
5300 226 7 543 57 477 8
9667 258 6 398 101 593 9
2312 458 6 390 76 509 18
59 552 4 361 97 627 7
4887 884 7 634 77 868 7
0 866 6 324 100 260 10
4916 825 5 365 106 700 9
9693 808 5 393 55 527 12
1980 193 7 492 77 239 16
2142 733 6 322 85 674 2
10358 912 8 609 91 608 2
338 246 4 397 97 299 16
5128 998 6 385 88 538 12
0 390 8 552 84 750 3
4610 261 6 356 100 287 6
9863 816 7 461 78 474 7
20 897 6 458 84 658 19
5298 273 4 275 65 627 1
49 861 5 397 91 452 7
4746 723 5 283 119 403 6
0 456 6 330 55 609 18
4865 166 6 299 80 864 7
0 339 6 426 72 552 19
4987 988 5 386 88 777 12
1778 866 4 356 69 646 5
9761 942 6 336 66 552 16
5085 541 4 295 81 484 1
5079 710 7 535 99 508 10
1785 802 6 368 86 491 20
0 283 6 281 80 574 1
240 717 5 450 82 444 9
10039 720 7 587 92 520 19
0 802 7 423 67 852 11
5062 761 6 370 92 523 17
9949 491 4 399 96 512 18
2210 854 8 419 75 496 2
10315 627 5 331 110 327 16
9643 657 5 304 128 409 11
5254 928 4 374 86 559 16
1791 708 7 639 116 814 11
4888 679 4 379 70 930 11
2056 705 7 471 92 749 18
0 779 7 604 51 598 19
10162 471 5 331 86 492 9
0 322 5 400 62 454 16
1949 741 5 459 52 684 6
2305 336 7 586 99 554 16
2018 871 6 541 92 454 3
4647 561 4 319 111 573 6
1693 172 6 370 114 736 11
9636 723 4 262 99 639 3
1962 267 6 424 56 352 19
1813 302 6 398 116 434 17
0 686 5 358 82 617 10
2398 653 5 346 91 622 12
9644 254 7 481 92 322 11
2319 294 5 327 91 764 17
10 723 7 520 68 628 3
1713 624 5 329 119 756 4
10316 317 8 547 95 700 4
0 730 5 385 77 558 18
375 814 6 366 77 672 1
2045 257 5 372 95 568 11
1730 815 6 370 69 254 20
4742 808 4 333 75 344 4
2123 802 6 452 103 859 7
0 660 4 397 68 460 1
2352 329 5 341 59 423 12
5082 648 5 296 104 605 19
10042 455 6 543 92 323 19
342 478 7 628 55 420 9
2231 465 7 467 105 876 20
10290 842 6 376 69 403 18
0 496 6 424 105 818 11
0 672 7 450 75 328 4
0 750 8 430 118 760 18
218 478 5 275 89 354 2
5287 233 4 386 59 584 11
1920 865 5 397 65 807 12
0 980 7 540 75 684 18
34 782 5 461 88 496 6
7 761 5 417 82 291 20
10255 880 6 482 115 888 11
2341 947 6 554 88 729 11
5303 712 5 332 110 672 9
272 495 5 313 75 570 3
0 212 5 295 66 627 19
5229 412 8 637 76 496 10
1875 717 4 268 86 702 3
2036 532 7 488 91 245 12
5371 733 8 602 87 586 7
5140 750 7 459 116 613 1
4751 556 7 431 57 877 18
0 409 7 434 69 417 12
4636 949 4 372 110 552 18
2095 273 6 469 89 337 3
9636 264 6 369 55 429 3
9931 529 4 340 61 788 5
9628 235 6 366 79 310 19
10191 832 5 296 74 743 9
0 506 6 298 95 853 2
243 744 8 463 53 462 16
5096 204 5 402 63 608 6
344 688 8 528 86 361 20
1739 715 7 442 93 604 2
0 733 5 335 86 333 9
9836 508 4 269 80 468 20
0 233 7 459 86 403 17
4957 592 5 328 73 742 4
19 323 6 349 56 418 17
1874 807 7 453 101 365 12
9744 398 7 604 78 495 8
0 718 8 636 68 363 8
5242 444 7 541 112 437 16
4628 506 5 318 111 440 3
9722 259 6 379 57 793 16
10071 489 5 327 114 836 12
0 714 6 483 54 716 12
10262 811 5 323 85 483 18
35 846 8 491 81 446 11
2358 883 4 288 112 480 19
5215 620 7 400 60 656 16
2216 998 7 411 90 619 4
1606 722 6 417 107 421 17
10092 237 6 540 98 501 5
0 953 4 222 73 871 6
4836 792 5 438 60 777 2
4809 584 6 503 90 549 16
2194 477 6 393 110 484 18
259 349 5 337 64 813 8
5366 470 6 317 65 409 17
10073 733 6 554 69 341 6
62 711 6 438 112 519 7
10112 779 5 427 100 301 10
9922 474 5 237 99 812 1
1908 966 6 538 109 356 4
1901 766 6 372 110 403 12
5307 963 6 392 80 338 7
2081 795 5 329 92 799 5
1957 745 4 312 86 487 6
10121 849 6 491 66 259 8
0 954 7 486 80 872 19
5329 593 5 386 107 296 9
1649 711 5 392 62 440 17
1644 626 6 480 92 410 5
1791 802 6 444 61 261 10
10298 485 5 313 56 527 18
10006 358 5 367 66 450 19
382 727 6 475 85 502 1
5032 660 6 365 110 765 19
96 129 7 480 62 523 5
4872 617 6 274 68 611 1
0 171 5 394 114 755 17
10377 347 6 366 73 551 5
239 901 7 470 116 353 3
4967 208 5 325 104 392 4
9948 849 5 354 57 722 10
328 274 4 318 103 361 18
0 846 6 371 89 514 6
9716 823 7 542 61 463 8
1662 493 8 572 72 397 17
10305 844 7 512 65 507 20
1805 637 5 229 88 615 11
173 211 5 414 98 339 20
0 653 5 289 64 361 8
137 242 6 322 82 513 11
2083 798 4 373 62 490 20
196 611 7 597 56 709 19
2020 899 7 544 78 949 11
378 937 7 471 103 880 1
5138 232 6 495 96 349 17
9751 273 8 460 45 533 1
1790 465 5 420 86 676 17
2325 344 7 387 61 556 20
142 826 7 504 65 294 17
10033 982 5 329 94 466 9
4759 188 5 283 83 743 19
4773 686 8 585 71 435 7
2292 890 5 347 55 876 3
0 186 4 290 67 476 7
9772 770 5 363 110 865 1
9652 480 5 369 87 687 1
5158 889 5 342 87 547 3
232 700 7 554 85 349 18
5061 910 7 571 54 478 8
9721 761 6 493 60 383 17
5261 158 6 470 65 414 16
194 967 8 456 72 470 10
2127 785 6 460 101 607 5
10083 128 4 223 61 415 3
9659 869 5 272 126 458 11
9790 704 4 261 49 590 20
9688 395 6 369 104 347 16
191 254 5 322 119 708 1
0 804 5 269 121 620 19
142 714 8 596 81 245 20
0 828 5 289 51 822 6
0 391 8 570 77 377 17
10361 155 6 463 57 573 8
0 371 6 429 103 326 12
4892 694 6 318 69 495 19
0 328 5 310 116 466 19
10346 543 4 317 58 628 3
5358 809 7 463 94 240 8
10378 563 7 419 57 478 20
2278 128 8 576 72 283 17
5085 429 5 390 94 849 8
0 656 7 498 71 831 8
0 585 7 608 69 789 7
0 878 4 293 72 706 1
0 313 6 372 58 266 7
10239 836 5 301 104 635 11
4928 486 5 390 117 541 10
1712 223 8 574 108 362 16
9978 291 5 312 62 698 7
4969 587 6 386 64 299 4
1683 995 5 366 77 586 20
4679 905 7 530 66 637 17
219 704 4 310 86 463 7
4895 342 7 479 65 449 3
5190 301 5 338 72 421 17
178 690 7 637 96 376 2
9669 556 5 372 62 545 2
0 782 8 565 89 615 10
0 353 4 361 82 658 19
1921 131 5 392 56 763 17
5378 967 4 335 101 732 5
168 763 5 250 87 619 20
9836 805 6 358 89 521 11
4756 817 7 533 91 518 10
1605 953 5 305 100 795 2
9721 615 6 426 68 290 2
0 453 6 427 87 647 20
4978 909 5 337 82 701 8
2113 764 8 446 56 355 5
10082 864 7 408 83 343 6
4632 128 6 358 72 759 18
5235 231 5 337 99 949 20
207 709 5 388 91 444 6
5177 570 6 343 52 512 4
5071 555 6 463 60 609 4
10399 717 6 403 76 702 17
53 348 7 379 77 547 3
2151 645 5 234 96 677 3
5146 171 4 333 80 589 19
10297 408 5 314 91 409 8
10282 724 5 339 105 466 9
0 829 5 392 116 678 10
4637 769 4 215 72 860 3
5235 194 5 315 105 718 17
10212 511 7 420 58 487 9
0 771 6 276 57 663 16
1862 427 7 509 98 524 9
10061 812 6 438 103 331 12
5054 917 7 459 101 513 19
0 876 4 289 112 315 16
9877 751 7 518 102 311 17
5149 433 5 335 102 659 2
10106 756 6 514 60 474 1
2215 839 6 411 108 308 11
0 267 5 443 63 329 3
2091 589 6 426 104 310 19
0 871 6 478 105 714 5
9768 911 5 371 61 879 3
1764 946 5 266 51 631 9
164 516 5 371 82 432 17
0 720 4 370 112 992 11
2393 830 5 335 70 468 7
2118 843 7 436 76 579 18
2259 185 8 533 98 506 17
1857 300 6 327 73 496 8
9652 422 6 507 104 762 18
10154 702 4 275 79 829 2
0 827 7 454 79 247 11
9702 147 5 460 55 624 19
5294 200 5 348 102 487 20
9954 203 5 369 53 696 3
4925 949 6 478 58 584 9
9994 130 8 443 59 317 7
273 680 7 414 80 592 6
4938 975 5 349 100 455 17
4894 281 6 320 95 401 11
5103 675 6 387 65 529 11
0 328 4 336 81 513 2
1791 802 6 325 102 443 20
5262 792 5 300 99 582 19
0 363 6 272 90 628 11
252 799 7 546 113 593 5
238 802 5 273 94 546 17
5246 643 6 351 65 655 8
10340 833 5 347 74 720 1
5397 821 7 598 58 653 1
5239 281 5 368 53 736 11
2331 231 7 485 102 401 10
151 417 5 379 68 277 6
5070 164 6 379 97 606 5
10265 418 7 488 100 646 1
4890 643 7 559 83 921 18
352 417 5 337 90 745 20
10219 823 5 334 90 619 3
2142 758 5 447 67 637 18
1992 432 5 244 93 664 18
10371 744 8 633 105 654 8
10110 483 6 502 106 294 18
5346 443 5 354 91 371 6
5050 752 4 333 93 728 4
4885 372 8 515 59 751 20
9903 166 5 309 67 461 12
363 545 6 427 112 763 16
2084 832 5 281 95 500 10
204 140 5 332 90 673 8
5293 638 7 487 73 446 9
10369 828 5 287 87 552 2
4869 228 5 448 71 248 5
4897 122 6 315 66 767 20
9759 651 4 326 97 590 20
0 742 7 459 56 302 5
4997 399 7 526 106 404 5
9988 828 4 367 63 544 12
97 368 6 365 76 837 16
9772 761 6 356 95 704 5
5334 759 4 247 51 630 6
9763 202 5 400 72 902 2
40 866 5 357 81 458 4
2265 746 5 299 79 789 20
2290 131 4 302 98 423 1
9933 426 5 357 104 414 4
2032 762 6 519 104 340 16
50 851 4 290 66 629 7
4708 714 6 357 94 731 16
5029 807 6 410 88 573 20
375 700 7 508 83 683 9
4938 999 8 583 68 343 3
2210 466 8 463 59 558 3
10118 839 6 333 99 684 18
10030 788 6 530 76 325 18
0 192 7 474 55 425 6
5059 696 7 517 96 354 2
1843 816 8 449 115 493 20
387 152 6 387 87 285 9
10384 220 5 322 111 892 19
10241 853 8 449 73 388 10
78 873 6 553 105 505 12
5143 501 6 431 116 957 5
1864 629 5 343 113 466 16
5025 506 5 380 88 532 16
208 773 6 416 55 249 17
142 787 7 569 103 436 3
4875 717 7 490 70 644 11
5137 710 6 328 56 474 16
4766 814 4 216 63 789 2
10274 659 5 446 94 562 6
5273 967 5 283 58 670 18
4623 236 7 547 97 554 4
4903 716 6 560 75 430 19
2249 122 6 430 118 545 12
9727 531 6 263 87 839 4
2181 473 6 416 102 440 17
0 408 6 389 85 430 2
10167 380 5 377 97 628 3
1820 833 5 359 103 329 1
2181 523 4 323 93 583 5
5078 929 5 367 85 811 18
4639 703 6 478 67 360 16
5212 166 7 472 80 510 2
2034 304 5 318 63 663 1
0 280 7 540 61 683 10
9833 426 6 430 102 426 10
10319 868 4 380 92 525 6
157 912 6 524 83 522 9
348 585 6 548 98 258 3
0 883 7 512 96 246 17
0 613 4 357 98 409 8
0 545 5 396 105 430 20
2028 734 5 214 128 730 9
2053 799 7 529 110 878 18
2114 980 4 330 98 722 10
0 121 4 287 87 493 6
173 574 5 311 64 784 18
9618 749 4 370 119 370 3
9625 481 6 324 90 694 9
5141 202 8 626 97 364 20
5313 481 4 227 75 443 20
10198 769 7 531 85 521 10
120 568 6 398 98 335 20
5220 662 6 368 104 405 2
0 841 7 593 74 527 2
9886 127 6 426 107 363 20
130 731 6 288 102 730 17
9787 767 7 449 55 560 7
1985 136 7 485 108 318 8
5337 264 7 408 75 839 10
5348 795 5 468 85 448 8
9858 815 8 454 94 509 17
1839 257 5 390 78 289 20
5400 241 5 351 59 579 3
4812 766 6 381 71 286 9
0 157 6 366 59 941 16
146 278 8 475 51 627 1
1960 243 8 571 74 431 20
10397 709 6 326 74 663 8
0 135 7 494 65 380 4
176 273 6 426 105 730 20
1973 934 5 457 81 721 18
9730 377 6 317 127 510 12
0 610 7 512 71 341 17
0 672 5 411 85 423 19
10242 188 5 284 67 707 10
9728 314 7 431 89 886 17
5122 454 4 334 98 604 18
4908 402 5 356 119 426 7
5040 531 7 537 119 597 3
1862 857 6 449 107 463 9
0 741 6 360 85 454 11
10109 972 6 521 91 478 18
1631 796 6 372 75 585 20
2057 765 6 355 64 657 5
10240 210 7 550 92 542 8
2197 466 7 434 67 723 1
0 401 4 339 90 729 2
0 762 6 309 81 619 6
9944 811 6 313 84 422 18
0 127 6 475 100 502 2
5061 522 7 476 72 743 3
2116 642 5 281 70 476 16
10329 730 5 441 96 583 17
9986 738 5 415 82 279 2
9881 907 4 247 121 623 1
2169 272 6 314 109 269 11
4849 754 7 383 64 891 1
4628 182 5 364 52 438 7
10243 203 5 340 84 603 4
2226 872 5 366 64 633 3
4943 897 5 368 79 375 10
126 803 7 497 72 540 8
48 742 6 326 98 765 3
0 567 5 415 104 726 7
10359 868 5 360 57 792 1
2337 556 4 320 57 923 7
5033 632 4 317 82 503 3
1690 730 5 401 101 506 12
10372 939 7 450 51 799 18
4619 445 5 358 59 485 19
170 648 5 362 87 662 17
278 817 5 444 78 373 12
0 601 6 405 112 423 18
275 744 8 569 57 370 6
9801 844 4 339 72 744 11
4769 515 4 351 104 679 12
1611 317 5 288 124 467 3
9630 516 7 473 109 466 18
0 219 7 452 68 438 5
9766 783 6 459 90 420 8
9695 558 5 423 78 679 4
128 782 7 632 113 620 4
10289 588 4 230 78 627 6
5130 158 4 215 103 635 2
9820 996 7 529 63 431 16
2046 728 5 296 127 594 6
337 573 6 392 54 552 10
5049 822 5 437 107 402 12
94 861 7 544 71 484 12
10099 795 4 296 77 495 3
307 591 4 332 99 451 7
2189 904 5 307 94 449 19
9806 553 5 364 105 471 20
2206 795 6 359 90 732 16
4960 721 6 540 66 717 7
4742 848 5 441 77 564 1
2022 601 4 255 116 418 16
10085 847 7 599 58 552 7
356 753 5 260 95 385 17
1905 823 6 399 100 535 18
10216 754 7 370 80 563 19
9975 573 6 381 110 415 9
4895 173 8 597 60 681 18
10354 641 8 562 59 899 7
2095 850 8 550 82 332 10
1887 732 5 357 109 546 20
279 230 4 345 88 981 8
5296 201 5 287 85 718 6
1632 762 4 243 52 481 1
2286 210 4 349 64 410 16
0 826 5 424 89 414 17
1689 835 7 545 109 596 19
9815 317 5 409 73 615 19
4726 685 6 378 96 604 9
1681 500 5 264 77 797 20
2312 817 8 568 96 492 18
5384 144 6 421 56 292 19
123 356 6 401 107 245 12
4632 413 8 534 81 628 16
0 218 4 239 53 454 5
9708 643 5 406 105 649 9
10103 206 6 502 46 758 3
9897 209 5 271 97 600 8
141 274 8 586 98 293 8
352 255 5 318 90 507 8
2084 918 6 524 74 355 17
5070 737 4 359 73 479 19
9669 957 5 413 106 883 3
2275 723 8 567 88 386 2
10386 469 6 471 95 324 8
9706 586 4 258 66 537 16
0 641 6 361 112 584 2
1820 156 5 358 96 637 18
2005 825 5 430 85 479 3
4924 130 5 330 107 811 2
1881 800 6 437 63 391 4
4897 264 6 444 65 429 19
2106 905 5 281 72 658 1
9623 159 7 499 109 696 2
2318 973 4 289 106 393 10
10162 408 7 638 71 823 4
4846 442 5 218 53 544 5
9891 507 8 529 98 880 5
4877 361 6 417 80 721 9
9912 627 7 540 102 311 20
5178 889 6 548 56 256 3
10136 162 7 535 106 292 3
324 731 6 452 98 377 7
0 607 7 451 75 535 16
9919 342 5 224 86 496 18
10173 529 5 428 102 404 19
2088 677 7 420 83 471 5
0 720 5 468 85 700 19
10247 805 5 340 106 548 9
9644 644 6 319 89 734 9
0 564 6 480 54 802 1
297 774 6 330 105 930 16
9795 691 7 547 81 347 16
4946 801 8 507 114 412 16
0 461 5 430 92 534 1
9790 291 5 353 93 559 9
2390 133 5 344 66 678 7
1913 405 5 349 61 557 1
268 181 7 455 80 379 18
4730 252 5 276 119 644 2
1696 909 5 382 65 488 12
5307 192 6 417 85 583 3
19 235 6 371 67 514 6
334 588 6 268 91 543 6
9939 941 6 503 81 689 12
5105 708 6 540 50 341 16
1849 234 5 307 93 489 11
4679 347 4 377 57 895 11
4629 723 5 334 67 582 4
0 991 6 445 94 776 20
4779 472 6 376 73 425 19
5095 335 6 394 107 753 4
5000 478 6 364 108 758 10
2043 205 6 560 57 624 4
0 762 6 358 83 455 7
2230 529 5 402 54 857 10
4653 987 6 274 78 762 5
4626 486 6 380 58 517 20
2097 785 5 340 84 691 18
2132 730 7 428 80 403 9
5126 710 5 243 115 528 8
9759 244 5 322 111 389 18
4868 616 5 357 51 495 18
9712 543 6 315 102 301 10
9778 171 5 393 58 472 3
10324 492 7 541 104 478 18
4958 793 5 461 73 689 4
2360 681 8 466 88 474 11
5134 765 5 315 71 650 16
9882 923 7 559 88 545 20
2025 623 8 507 76 826 9
264 626 5 382 87 655 9
4832 695 7 519 83 892 10
1632 766 5 278 108 501 19
117 218 8 628 55 655 5
4822 780 5 370 89 600 20
1725 789 5 281 102 605 1
0 721 4 253 94 753 7
10119 676 7 548 58 683 12
5009 609 5 382 79 883 19
9697 223 7 602 104 632 16
4803 299 5 281 101 549 6
1911 859 6 418 89 359 20
10339 801 8 495 45 911 6
0 434 5 295 80 590 20
10395 475 6 454 63 476 20
10168 858 5 479 114 460 17
171 848 4 239 94 560 5
2155 744 6 464 84 430 11
94 750 5 242 79 385 9
4796 392 6 440 105 557 20
9937 844 6 382 73 470 5
10107 877 5 445 91 360 6
9864 327 7 615 112 358 16
4997 626 6 284 96 516 11
153 592 7 495 58 479 17
4895 653 5 372 111 495 2
153 304 4 393 110 963 18
9987 603 8 603 117 635 17
10127 638 5 290 62 425 8
1635 764 6 301 56 458 9
4911 767 5 326 54 640 5
5069 896 4 223 77 707 17
46 313 6 306 71 793 5
1909 371 5 373 113 313 2
9629 356 6 365 94 421 4
0 254 7 472 118 829 16
0 212 5 408 73 595 16
5207 713 5 480 56 565 18
2174 712 6 401 115 606 19
2353 951 5 293 100 504 2
0 807 5 382 56 492 16
10085 794 6 469 52 481 17
5081 463 6 444 65 759 6
1986 218 5 233 67 677 11
0 888 5 429 83 815 10
1758 551 5 362 98 784 4
2080 600 5 359 80 278 20
2104 664 4 313 92 756 19
9789 771 7 548 88 395 19
10044 642 6 341 54 260 3
2364 240 4 340 103 455 7
9735 944 7 546 63 920 16
5081 862 7 421 111 427 8
10019 624 6 450 68 787 11
10084 748 6 359 95 790 5
2151 923 5 267 53 704 11
1879 825 4 361 66 495 8
1998 296 7 437 94 611 2
1851 611 7 548 109 799 4
0 441 7 371 55 675 19
69 896 4 289 79 631 16
4674 902 5 267 106 508 16
141 885 7 545 81 454 5
2196 221 5 320 119 703 18
10264 270 5 280 80 735 1
10334 553 4 273 60 352 20
4646 473 6 463 110 631 1
132 323 6 458 58 395 18
2290 619 5 386 103 666 16
1601 998 7 417 71 757 1
0 383 4 395 73 349 6
9836 480 5 382 120 495 18
2395 167 6 333 104 601 4
9965 667 7 473 56 791 8
4856 404 8 449 57 481 11
10285 489 4 398 67 333 2
10104 326 8 476 82 565 20
1863 825 7 503 99 360 20
5075 843 4 382 75 674 9
2096 885 7 383 106 721 20
1676 457 7 532 55 337 10
2278 505 6 356 76 359 11
3 891 5 393 49 413 7
9694 193 6 385 70 484 20
2046 809 8 427 93 601 1
10017 120 5 379 91 494 16
5105 763 6 431 50 363 11
4806 573 5 383 87 309 12
5400 838 5 378 67 624 17
0 256 8 634 98 360 19
9994 764 6 461 112 499 20
10038 584 6 321 73 595 1
2184 412 5 406 83 474 17
1919 744 7 455 114 614 11
0 807 4 307 83 613 16
1991 850 5 273 66 842 3
0 814 5 321 106 387 4
4 268 7 455 84 414 19
9954 755 4 347 112 598 11
5277 889 6 376 105 384 20
2002 585 5 448 83 610 11
2032 992 5 270 90 523 18
387 374 6 390 55 259 16
10271 486 5 355 77 800 4
2005 764 6 375 96 346 1
2259 826 6 351 59 553 9
166 990 6 365 96 588 6
40 295 7 479 57 863 16
4618 460 6 299 78 672 2
10253 755 5 367 57 765 17
1871 488 6 436 72 616 8
0 512 7 482 114 755 10
0 534 4 299 62 361 4
282 582 5 348 92 603 10
0 806 4 398 49 682 10
10076 743 8 561 87 437 11
9819 528 5 287 122 374 10
0 271 8 465 58 723 4
4642 714 6 344 120 611 18
0 318 5 290 58 390 7
1797 983 5 335 109 766 12
5240 780 8 472 91 458 7
10021 462 4 309 103 897 18
2104 680 4 286 85 644 9
4856 784 4 315 80 405 9
10086 250 7 446 110 369 19
397 859 7 530 66 349 7
10226 325 6 497 86 442 2
5261 865 5 336 69 616 10
10140 202 5 347 60 380 6
2002 137 5 316 67 425 9
10354 814 7 524 89 932 3
1735 449 5 370 49 612 20
1910 654 6 465 96 373 16
0 811 6 307 86 571 20
9926 925 5 289 66 489 9
1923 982 7 459 92 526 1
381 198 7 373 55 365 20
285 599 6 425 81 381 5
5006 268 6 473 60 893 8
0 891 5 394 87 673 6
1742 516 6 323 80 461 1
5296 438 4 303 96 744 16
112 817 5 390 53 724 2
9764 721 7 499 57 339 5
1750 648 5 334 76 705 4
1661 879 4 306 112 653 19
2208 156 4 271 102 735 17
1854 893 6 460 115 546 1
143 628 5 397 99 644 19
10000 758 5 387 114 448 10
0 533 5 267 110 665 12
1606 420 5 275 76 493 16
2055 939 6 476 79 502 9
9822 562 7 472 55 468 4
166 490 6 367 121 670 9
4929 702 7 510 84 375 20
10323 531 5 349 91 406 7
153 310 7 538 83 514 8
10098 587 7 557 50 343 5
5164 355 6 272 73 730 17
4752 336 8 598 62 1008 19
1987 956 6 466 88 579 7
10019 315 6 292 53 720 19
2224 984 5 266 55 805 17
10261 138 4 261 66 650 6
0 907 6 372 70 732 10
4691 500 6 412 64 360 1
205 643 6 371 90 422 10
1907 250 5 301 115 1003 6
9879 525 5 336 78 766 19
141 927 8 483 51 764 20
0 734 5 377 54 665 7
5361 463 5 338 83 598 18
10325 475 6 383 63 396 1
1957 235 5 391 119 459 16
0 976 5 471 66 576 20
0 910 5 327 67 695 18
10263 959 6 368 102 510 9
10372 417 7 635 92 417 18
5393 621 6 472 50 845 5
4607 822 6 430 50 603 16
2181 842 6 496 98 337 19
5279 828 5 378 95 380 20
5393 513 6 550 72 660 8
4652 904 6 327 71 353 6
10153 679 8 502 67 872 2
241 453 6 344 83 780 5
10387 497 5 457 97 699 5
224 175 6 423 110 456 6
2198 715 7 555 77 531 4
194 768 7 537 93 403 10
181 571 5 376 114 579 9
0 874 5 413 66 912 16
10247 881 6 498 56 385 9
1639 541 8 483 72 557 20
2373 159 5 256 108 826 6
5386 722 7 488 111 606 7
4624 243 5 346 66 612 5
2176 448 5 449 72 654 6
4633 739 5 461 50 328 9
9855 965 6 427 87 362 17
0 547 6 444 65 547 2
1655 756 5 216 91 743 3
1633 520 6 453 108 468 10
9692 980 6 389 89 313 10
0 555 4 364 53 993 19
0 708 6 417 104 633 9
0 767 5 364 103 358 20
2156 698 4 301 66 397 3
5236 698 5 259 90 438 6
5248 986 6 412 68 282 8
4838 792 7 435 70 380 7
0 297 6 345 89 712 5
0 294 6 399 95 412 3
10326 937 5 330 91 388 16
1975 231 5 466 67 520 3
5184 976 4 232 62 421 8
2334 375 6 333 90 786 3
10338 768 5 373 74 513 18
0 678 6 356 64 491 6
2345 827 5 346 104 618 19
5165 162 6 462 82 681 18
9606 697 4 247 111 565 9
2166 741 7 533 105 347 4
2341 348 6 479 72 322 20
0 946 4 360 99 297 7
304 716 6 321 120 526 16
2116 964 6 342 86 562 19
5328 808 7 397 119 588 1
9919 597 5 264 114 483 1
5039 400 5 324 48 579 8
4836 553 4 310 94 518 16
315 719 5 399 97 338 16
2078 215 7 427 108 495 16
1728 717 8 551 71 799 8
9728 842 7 522 80 833 18
41 946 6 322 52 451 11
0 719 4 221 98 645 10
5400 746 4 392 93 505 4
9820 838 5 350 92 435 10
0 768 4 316 101 499 4
5223 860 5 286 111 452 5
1805 906 5 359 121 662 5
1878 419 7 369 50 957 5
5336 796 6 452 74 535 20
5187 229 6 421 85 252 20
5119 438 5 358 99 876 20
10004 619 7 441 106 478 17
9680 811 4 323 59 712 1
2221 283 7 522 72 812 18
9637 478 6 361 66 737 1
10008 601 7 418 102 365 4
9772 893 4 222 81 649 11
10140 759 5 308 91 434 7
10172 916 5 452 63 495 1
5028 846 6 428 97 303 8
369 739 6 474 89 357 1
10173 836 6 549 103 248 20
0 682 6 515 83 434 10
1833 848 5 331 68 394 17
10036 832 6 387 109 392 7
9764 843 7 459 83 583 5
123 772 5 452 84 527 4
2169 739 7 539 111 330 5
4643 477 7 366 89 409 2
5290 279 8 628 94 773 16
4993 317 5 341 83 766 6
1831 362 6 378 80 629 3
0 149 6 510 84 527 17
2182 160 4 211 86 441 9
2098 335 6 535 59 296 4
1694 620 5 368 68 667 6
81 799 4 261 58 708 6
1808 423 7 533 112 442 5
67 852 6 379 97 896 19
5031 487 6 476 91 457 6
9619 313 4 385 58 634 1
0 679 6 414 93 415 10
138 625 5 284 82 845 10
5369 653 6 486 75 462 16
1803 275 6 335 92 342 10
4854 550 5 376 71 297 11
101 464 7 416 116 675 12
2289 784 4 256 93 619 9
4680 945 5 367 75 389 8
10299 828 7 457 91 560 4
4855 412 6 405 73 836 3
9709 917 6 421 87 391 6
366 734 4 388 81 859 2
2267 511 5 384 93 687 18
0 747 6 391 80 565 20
1663 825 5 403 90 445 4
1983 414 5 326 82 732 20
4808 826 6 345 90 558 9
0 192 7 561 68 317 7
1765 727 6 433 71 257 8
1872 949 7 454 91 656 1
5111 747 7 569 71 304 10
216 345 5 337 72 671 6
399 187 8 454 99 286 5
1903 793 5 276 102 468 20
0 645 6 467 90 899 12
9805 496 4 230 104 584 2
1695 383 7 495 61 318 7
9861 973 4 388 61 418 8
1667 357 6 532 90 261 1
150 144 7 509 57 640 7
0 132 4 328 86 931 7
5277 411 6 425 78 844 17
8 868 5 418 64 536 8
1859 418 6 450 96 502 9
0 922 6 381 88 566 1
10330 129 6 473 100 673 1
9933 258 6 387 92 289 18
5106 814 4 356 64 913 8
10106 796 5 410 83 811 4
4770 829 5 404 99 742 10
1809 700 8 492 57 875 18
4652 508 5 284 121 569 12
1830 844 5 273 76 578 11
9826 803 5 344 60 547 4
1777 980 4 341 65 309 12
5228 808 6 314 89 734 17
4907 734 5 255 103 852 18
1763 708 4 274 105 445 20
5160 391 5 387 67 304 1
0 975 5 382 94 745 16
5065 503 7 417 69 697 18
1905 868 4 277 56 505 16
9792 802 5 310 84 428 11
1855 577 6 268 59 470 20
10305 762 7 396 64 873 19
41 726 4 364 66 833 4
1694 803 6 445 78 443 11
4850 424 5 337 89 426 18
191 182 8 639 120 577 3
2049 641 6 415 55 350 2
10292 869 6 412 99 398 2
4833 914 7 444 99 257 3
9604 718 6 389 94 388 7
129 364 7 485 54 312 3
10210 723 7 473 104 716 7
0 593 7 488 68 838 18
0 826 6 343 106 495 4
9723 909 6 448 111 335 18
5071 552 7 542 54 335 9
9994 422 8 521 65 829 17
9833 385 5 307 71 518 19
10398 907 4 374 60 304 11
302 757 5 369 99 366 16
10220 742 5 338 109 267 12
5089 369 5 445 81 893 8
5371 713 7 439 74 628 5
10131 850 6 367 103 779 11
0 354 8 587 50 1000 1
1699 587 6 368 63 589 12
10376 742 7 385 84 347 11
10270 131 6 420 109 651 2
9950 373 7 509 59 630 19
0 781 7 399 88 561 16
196 263 7 526 61 433 8
355 514 6 337 95 599 10
9601 284 6 390 107 466 19
4748 396 5 434 115 477 3
4713 182 6 533 71 409 4
10028 413 5 475 110 987 11
4943 722 8 522 70 971 2
4921 739 8 419 77 641 2
0 915 7 551 66 595 16
0 759 6 407 72 335 20
10145 676 6 391 90 303 7
10347 811 5 383 61 932 4
1634 520 7 517 88 738 12
0 845 6 317 122 650 3
0 961 4 238 113 570 20
2208 160 4 300 75 414 20
227 906 7 602 95 476 12
4850 487 6 431 119 316 20
0 221 4 386 69 769 7
10163 687 5 258 117 653 4
93 803 6 506 90 354 11
0 690 6 342 64 729 20
5367 869 6 387 79 674 10
126 423 6 442 78 577 19
5158 767 5 433 85 585 3
10387 677 5 400 54 447 19
10206 858 8 513 52 270 11
1954 440 4 279 99 601 18
9721 919 4 356 79 640 19
10256 927 6 544 93 275 19
9804 988 7 523 86 310 16
249 144 4 243 108 356 19
257 337 4 388 87 561 5
9695 837 7 582 64 856 18
10237 486 7 479 79 412 10
10162 914 6 400 64 352 8
5275 711 6 260 90 841 19
9666 773 5 432 120 421 20
9943 409 7 552 63 468 11
4822 352 6 507 71 643 18
9757 300 6 519 60 460 1
4631 696 8 612 82 518 19
9600 338 5 430 58 525 10
1708 696 6 316 89 750 12
86 800 7 410 87 526 11
95 704 6 438 53 260 7
5202 296 6 432 95 695 4
10126 747 5 298 107 548 20
5195 926 4 373 116 873 4
10224 956 7 485 87 421 11
224 187 6 481 86 405 7
4925 608 6 523 97 479 1
1854 358 7 428 51 1000 4
163 832 5 342 93 698 8
4991 178 7 521 77 695 19
1761 744 8 620 69 259 19
2312 441 5 356 110 438 11
1804 302 6 425 89 599 16
0 132 6 415 82 383 17
4924 729 6 532 83 869 16
10241 512 4 317 99 404 1
4745 206 6 437 97 530 3
399 493 7 472 102 579 20
0 687 6 466 114 864 19
1875 491 6 429 78 255 18
9790 445 7 373 85 732 12
1728 779 5 263 89 801 10
198 288 6 431 62 459 18
1783 457 6 443 98 395 18
368 807 7 607 63 371 11
5288 694 6 555 100 476 18
10335 617 4 295 105 576 16
4963 598 4 230 88 814 20
10045 179 7 549 60 497 7
4750 722 5 259 98 520 1
305 406 5 411 99 341 5
2038 684 7 512 63 409 10
2090 742 7 471 78 665 2
2383 716 6 384 71 602 6
0 985 7 425 96 505 20
5305 773 8 417 102 624 20
1701 700 5 265 110 705 11
10341 705 6 308 93 729 9
2121 882 5 382 57 806 9
2134 121 5 313 88 774 10
4887 811 5 478 98 371 3
9666 263 4 266 80 482 12
22 348 4 278 56 361 20
5123 242 7 442 93 345 8
10331 912 4 371 91 409 7
1705 760 5 350 116 673 20
4885 739 5 367 53 477 9
2136 123 5 285 58 368 19
9626 523 7 514 81 414 3
1842 350 4 284 76 646 5
1738 655 6 279 107 605 16
1670 360 6 352 124 433 4
4850 570 5 252 101 809 1
0 286 6 427 94 565 7
0 358 8 494 71 363 16
0 367 5 332 109 494 6
4991 842 5 358 110 421 18
1760 759 5 317 57 325 19
5154 781 8 488 78 512 19
275 991 7 482 54 840 7
251 416 5 324 50 339 2
0 197 6 411 91 418 20
10187 492 6 547 107 273 7
0 887 8 529 71 345 8
4710 804 6 415 108 387 16
0 996 7 556 68 778 18
2081 899 6 461 80 621 11
2146 394 4 399 71 344 4
1733 863 5 236 107 473 8
9873 652 6 465 104 443 4
5284 601 5 293 93 868 8
10373 139 5 348 80 413 16
1703 458 6 534 87 531 4
5213 292 4 381 102 371 1
9821 270 7 459 65 558 4
9794 773 6 400 69 384 6
10177 951 5 349 75 461 19
1714 481 6 450 49 522 18
4943 468 6 374 73 799 9
1883 844 7 510 73 427 16
9804 885 5 353 66 334 5
2016 701 7 600 72 491 7
9843 800 6 457 69 407 4
5377 618 6 447 77 470 19
9775 979 7 638 104 728 2
9920 997 6 514 58 332 16
4687 298 6 264 74 393 10
203 764 4 236 97 450 18
9714 940 6 390 101 496 16
1880 649 7 569 77 574 3
0 655 6 420 60 541 20
5330 982 7 450 91 577 5
0 786 6 281 102 379 6
1787 533 7 602 44 757 8
2126 275 5 408 77 683 2
4903 725 5 221 107 837 5
0 297 6 522 86 329 7
4860 453 4 350 77 519 17
9604 362 5 374 109 855 19
10265 168 5 441 92 466 6
5095 413 8 619 92 772 6
377 788 7 528 81 328 1
1891 397 5 456 113 595 11
5395 413 5 257 49 518 8
5257 702 5 365 72 455 6
10087 241 5 284 69 355 3
44 702 4 318 87 506 7
0 909 5 345 91 514 19
10196 802 8 446 57 745 17
4727 996 7 536 100 579 16
2328 675 5 433 69 475 11
9901 905 4 320 99 461 4
0 738 5 264 107 697 17
0 728 6 369 108 996 4
4743 846 6 385 104 480 1
5172 341 5 393 113 749 2
9962 690 6 478 98 467 19
4743 972 4 253 77 473 16
1831 621 7 495 85 860 11
9821 663 7 372 113 322 11
10248 809 6 416 84 466 3
1726 513 6 437 92 369 17
10138 427 7 568 92 567 4
29 775 6 455 104 480 1
72 650 6 327 93 714 7
10051 940 6 452 90 311 1
10067 986 7 436 53 462 7
1877 685 5 354 108 499 19
1762 874 5 283 92 373 19
4987 488 5 296 71 713 17
5069 710 6 413 57 751 3
5131 948 5 475 64 510 4
4688 336 4 393 69 682 19
1933 949 8 538 70 503 8
5143 814 7 397 69 660 8
0 786 6 427 69 528 1
4609 742 8 468 68 537 6
10306 339 6 359 75 280 1
0 292 7 487 107 247 16
1903 569 7 417 69 339 12
9784 465 6 421 62 400 12
4751 443 6 454 58 488 11
9872 720 7 492 65 529 18
63 300 8 490 52 952 9
5093 186 7 552 65 820 18
9930 843 4 322 95 867 2
2055 391 6 358 107 403 6
10283 789 6 386 90 413 8
9733 777 6 449 89 569 18
178 800 5 385 84 754 19
4709 766 6 428 81 460 3
9911 838 5 327 110 511 18
1755 785 5 347 106 713 1
9875 743 4 354 76 590 4
5186 744 7 621 97 562 5
4924 890 6 461 114 508 4
5300 804 5 436 110 762 20
0 814 5 215 80 634 19
1733 977 5 333 62 509 18
2319 950 6 376 59 433 4
2372 954 4 388 93 926 7
5099 737 5 350 68 611 10
112 405 4 241 101 810 3
0 877 6 422 83 588 5
141 144 6 343 116 543 17
0 274 7 444 82 456 12
4642 873 7 496 70 546 3
1719 491 7 438 79 521 11
0 443 8 563 111 790 2
9661 760 5 449 76 682 3
2012 802 7 497 96 386 2
4902 352 6 495 86 332 4
1675 541 5 475 81 673 1
1662 345 8 588 69 650 5
151 376 5 389 73 522 6
1750 879 6 273 93 521 7
282 540 4 339 102 330 11
10002 402 5 432 56 895 17
19 923 6 336 66 749 4
5086 618 4 365 83 521 16
2117 951 8 624 102 377 6
5074 657 5 440 94 850 18
0 806 5 261 65 697 7
9796 797 6 445 67 621 7
2110 805 6 433 61 433 12
2008 191 6 282 103 424 20
5106 711 7 390 112 871 4
2031 626 7 430 86 686 8
291 689 6 378 90 637 9
0 730 6 339 76 530 18
276 249 7 496 76 239 16
1929 829 6 432 60 669 4
9816 649 6 517 87 388 19
10371 423 5 275 98 758 19
9713 888 5 434 116 737 4
0 193 8 460 64 394 19
5093 877 7 614 83 812 2
0 785 7 396 101 243 16
0 472 6 254 128 390 11
5268 973 6 522 116 284 1
5026 389 6 395 70 578 11
9807 414 5 215 55 618 6
10264 791 5 300 78 717 11
5324 588 7 422 55 765 11
10006 972 6 317 70 337 19
2014 346 7 514 59 759 20
2387 426 5 369 59 436 1
5193 386 7 466 95 781 7
9773 775 5 391 87 704 4
4646 550 5 416 102 532 3
10197 410 7 541 67 573 6
9864 947 7 378 90 633 4
0 175 4 372 112 948 6
203 844 5 461 73 288 9
271 542 4 346 90 627 10
5215 611 7 369 56 254 4
2391 995 7 532 70 422 2
115 508 5 354 93 532 16
9901 707 8 427 67 541 11
286 169 5 366 86 756 16
0 836 6 450 56 989 11
2381 809 6 394 102 696 1
5326 175 6 389 72 692 7
5219 953 6 311 51 412 9
10062 943 5 317 64 707 16
36 703 6 393 73 438 1
4841 572 6 483 72 294 3
131 359 6 371 61 611 4
168 800 5 277 88 456 12
2180 237 5 266 104 625 4
313 726 4 340 78 908 3
2205 183 6 445 76 848 19
4802 782 6 494 70 389 6
1721 589 5 296 100 639 18
110 587 7 555 80 507 16
5075 972 8 535 103 888 3
1640 924 8 599 65 419 20
1664 971 7 435 66 829 4
2358 869 7 490 82 738 17
9612 893 6 319 78 800 1
356 424 7 499 80 630 4
4924 184 7 629 102 437 16
17 911 5 362 94 866 5
0 781 8 509 60 572 17
10061 948 5 365 77 510 6
9882 913 4 340 50 507 11
9641 962 5 352 91 571 10
1754 821 5 426 94 342 2
9888 550 8 420 53 328 4
25 810 5 346 69 614 9
400 414 5 397 77 599 11
62 727 5 279 76 580 9
4761 355 7 438 71 674 5
336 344 6 464 78 530 16
5249 441 7 520 59 283 3
4686 744 5 219 61 456 19
2212 823 6 429 58 623 1
0 764 7 433 95 636 12
0 203 5 220 103 583 3
354 893 7 442 73 877 17
2022 679 5 326 71 454 18
5232 486 8 573 76 384 16
10186 708 6 403 81 329 12
2355 337 4 319 85 589 16
10185 683 6 412 55 533 11
9983 470 8 567 89 775 19
9775 413 6 544 94 465 19
0 986 7 450 90 355 12
5338 943 5 472 102 666 19
1925 884 6 370 98 633 8
4968 863 5 377 63 460 4
9699 542 6 546 56 337 1
10139 599 6 434 56 368 17
10089 779 5 297 96 637 16
98 387 7 508 62 403 19
10132 758 8 638 55 298 6
5381 586 7 473 100 444 20
10319 840 5 285 68 432 12
5054 786 5 412 55 310 20
0 159 6 318 86 505 20
0 598 5 468 90 766 6
118 180 5 321 85 452 20
9893 194 4 282 81 581 11
10220 875 4 370 75 439 17
138 797 4 336 73 760 7
5176 997 6 321 81 698 1
317 370 7 538 99 493 9
10331 916 5 313 68 407 9
10138 652 6 464 93 395 10
5005 678 7 521 80 558 19
119 600 4 328 103 301 6
10367 933 4 317 75 697 20
1608 831 7 392 69 358 10
5299 917 5 274 57 494 8
5041 821 7 431 56 269 7
1653 256 5 442 109 605 19
167 996 4 321 52 684 9
1624 811 5 363 84 456 6
341 926 6 381 61 516 9
0 837 5 466 87 669 11
9863 722 5 450 75 415 1
9888 818 5 334 103 531 9
4763 123 8 445 97 468 7
0 992 7 465 55 854 4
1734 592 5 338 57 716 10
0 341 7 489 78 341 3
2309 216 6 393 77 316 1
5125 241 7 462 82 276 2
1842 553 7 482 85 619 8
1886 540 5 457 78 642 10
322 706 4 268 88 466 8
9624 761 8 570 74 409 4
5026 514 5 472 59 414 8
210 821 5 371 87 573 2
0 710 7 588 51 528 17
1938 285 5 393 71 525 4
13 588 5 476 118 398 20
5208 793 5 289 84 544 17
67 755 5 430 80 636 1
9650 338 5 274 62 657 16
9843 764 6 363 90 468 11
5379 732 6 415 50 308 16
10039 840 6 474 94 532 17
2292 732 6 513 97 777 11
5257 800 7 617 46 566 20
0 294 5 366 87 488 1
10129 991 8 533 93 454 20
151 995 7 447 100 490 12
2150 888 6 320 70 806 7
26 962 5 213 84 679 7
9618 914 6 402 68 594 11
2178 433 6 423 74 267 18
4937 335 6 475 89 401 17
2015 339 5 268 53 460 5
10250 799 6 377 115 715 18
2149 968 6 270 60 416 20
9761 685 5 352 99 359 2
1995 637 6 321 75 468 16
269 934 5 281 84 787 16
10247 452 6 528 69 813 18
9863 806 6 360 63 463 7
2199 709 6 356 78 555 17
4869 800 5 329 123 763 18
2373 729 6 308 60 503 18
0 790 6 378 107 425 8
5073 716 8 615 113 388 2
2032 675 4 342 98 807 6
9989 373 7 471 74 647 17
10089 907 5 316 51 638 8
2325 751 6 354 108 457 6
1846 566 7 416 86 372 20
25 316 4 278 102 857 18
2156 997 6 422 79 473 3
2215 268 5 325 79 600 17
1933 762 6 459 67 613 17
5287 400 5 361 113 766 19
2275 758 4 221 92 849 10
4827 725 7 508 58 689 16
0 905 5 457 81 609 2
2389 869 5 379 96 717 1
0 935 5 448 100 368 3
1966 820 5 473 72 526 6
4934 770 7 616 67 363 11
324 553 4 310 83 707 17
9698 600 7 621 66 892 18
2270 307 7 513 60 587 3
371 315 7 532 96 492 3
1614 366 8 611 65 670 17
9924 488 5 367 117 289 2
268 124 5 428 101 461 19
83 416 6 358 94 775 4
4643 190 5 361 48 659 20
1828 999 6 384 73 606 1
2092 938 4 347 66 587 19
9811 854 7 535 117 662 6
319 537 8 534 66 891 16
9866 897 7 429 66 624 2
0 849 8 522 56 514 4
5184 577 5 336 83 654 18
10081 817 5 313 111 727 7
274 983 5 479 64 517 3
4646 696 7 370 62 448 6
5290 689 5 347 77 547 7
10013 840 4 290 92 606 18
9804 731 8 564 61 579 8
0 150 8 591 73 318 7
10294 669 6 401 59 255 3
365 143 4 298 86 510 5
2375 542 6 438 91 391 17
2100 710 7 550 57 376 16
0 828 5 258 93 526 16
2073 757 5 375 83 869 17
0 312 4 392 59 687 19
2346 694 8 461 76 388 5
138 796 5 382 75 444 16
10036 251 4 387 85 689 20
0 359 6 457 64 614 2
5264 797 6 452 64 367 2
0 634 7 527 77 648 3
9883 612 6 467 114 454 4
4866 800 6 430 103 586 11
5008 868 6 394 93 715 19
9837 958 6 319 49 306 8
10160 486 5 474 102 271 19
0 920 7 527 57 643 19
10301 397 6 375 59 360 9
10232 942 5 317 113 600 16
247 488 4 295 104 776 12
5164 926 6 393 113 347 12
5011 908 8 513 87 828 7
4703 790 6 474 82 644 3
10124 739 5 380 102 440 8
104 839 5 383 90 276 2
4729 977 6 468 55 714 19
2000 895 5 466 75 391 18
5292 167 6 413 71 780 12
0 949 5 339 87 450 10
1677 838 6 318 69 416 1
5100 643 6 477 65 637 2
4817 597 4 306 126 624 10
2155 262 5 286 64 821 6
4814 814 5 344 59 585 9
1826 817 7 582 96 595 7
126 832 5 253 72 886 1
10337 892 6 432 76 247 8
1960 874 5 477 62 549 5
5037 866 5 328 69 428 5
10129 356 8 635 55 482 16
10111 440 6 440 109 432 1
2090 352 5 355 62 389 1
9913 598 5 422 91 731 17
2386 757 5 412 58 749 20
2250 533 5 415 84 482 1
4830 630 5 384 100 775 3
28 778 6 368 82 390 11
1818 646 5 334 54 640 1
328 280 8 514 90 337 10
9673 755 4 262 112 424 18
10201 765 5 436 114 478 20
2135 122 6 559 101 603 5
0 839 7 537 84 658 16
0 755 5 419 90 457 16
5238 809 7 532 53 309 6
10003 154 5 456 60 312 3
1652 723 5 328 81 454 6
1901 712 4 285 90 391 6
6 366 5 316 50 449 8
0 634 7 471 76 722 6
0 125 7 477 69 499 19
5106 432 5 366 71 675 4
135 757 5 477 71 417 11
2106 904 5 256 95 477 16
10031 741 5 315 68 586 7
228 230 5 274 89 614 8
1727 797 8 500 88 859 1
4865 746 7 527 105 750 4
1639 786 5 385 69 449 16
4861 674 4 222 74 552 10
10051 319 7 425 108 868 10
0 249 7 402 100 415 20
1873 948 6 433 60 305 11
1963 611 6 442 74 652 3
4815 779 8 555 83 894 18
1907 971 7 449 46 536 10
1733 451 5 397 79 704 4
4781 594 6 453 51 738 11
4661 825 6 476 80 390 19
