46 946
5 48 60 576
5 40 64 112
7 64 108 288
8 80 92 256
4 24 84 160
5 24 28 288
2 24 96 256
3 40 64 624
2 40 40 1024
1 16 48 304
1 24 24 336
4 64 84 416
5 64 104 272
2 24 36 496
4 64 76 272
4 32 20 272
8 48 48 1024
2 32 16 384
5 40 20 96
8 24 44 272
3 48 12 128
2 48 56 224
4 48 120 992
8 64 72 272
5 40 104 608
2 64 120 432
1 48 56 384
7 32 76 320
5 16 36 256
8 48 28 336
2 48 120 928
4 40 40 544
5 24 28 80
2 32 116 800
5 64 120 800
5 24 32 416
6 24 104 624
6 32 40 320
1 16 48 256
4 24 72 416
2 40 32 128
2 24 32 384
3 16 36 432
3 32 68 928
7 48 116 976
4 48 88 624
55 564 2 52 54 548 2
2113 601 6 191 35 55 16
10084 278 2 33 10 64 13
9752 294 2 33 20 230 6
0 316 2 67 96 601 12
9620 353 1 87 30 828 15
10019 411 1 30 27 494 7
9445 657 2 118 61 266 9
6535 206 1 15 46 212 1
6496 78 2 252 58 176 9
2437 421 1 78 53 205 9
348 303 1 31 36 473 3
317 63 2 141 53 83 9
2483 481 1 13 47 158 2
83 227 1 45 22 235 7
5583 536 2 25 30 92 20
9915 562 4 53 68 386 3
6000 735 5 83 15 347 7
6505 321 2 33 20 178 20
9211 138 3 58 19 223 2
9684 744 1 55 10 406 2
9527 715 1 25 39 348 4
6243 347 1 68 43 154 4
6214 242 1 64 76 227 12
9537 139 1 15 68 353 1
2596 61 2 41 42 364 3
9383 286 2 76 21 258 2
244 370 2 36 22 204 10
9177 56 1 31 24 247 8
10141 673 2 55 56 332 6
9516 673 1 50 80 199 11
5592 691 1 20 15 488 17
2590 84 4 86 58 180 12
1884 244 3 169 17 178 18
9362 236 1 122 55 208 6
565 658 1 16 15 297 8
9389 191 2 163 41 232 12
316 321 1 27 34 493 17
9099 229 1 19 34 203 1
5493 355 1 214 79 178 7
475 480 2 43 23 302 6
9646 690 2 121 48 164 9
2009 320 1 40 50 193 9
6151 649 4 276 11 283 9
6353 297 2 138 101 59 9
155 339 1 81 33 65 20
2740 113 1 58 13 125 20
2753 717 1 20 15 363 15
9726 96 1 9 14 75 14
449 507 1 17 85 151 7
9100 67 2 104 74 415 12
6456 457 3 49 23 237 14
9635 94 1 11 30 69 12
9540 726 7 312 16 254 13
2674 167 3 120 26 190 13
5435 315 1 19 10 154 3
5758 120 2 96 44 254 1
6512 322 3 119 73 708 17
31 656 1 16 20 118 4
0 338 1 12 46 281 7
0 483 1 19 17 238 10
2524 602 1 41 42 312 3
6449 280 6 258 13 292 6
2466 151 1 14 41 151 2
9500 301 2 177 78 441 6
0 635 4 300 35 151 19
5780 676 1 38 47 181 6
0 372 3 115 8 163 15
2424 521 1 35 59 504 17
2014 185 2 40 10 67 7
5455 339 1 318 19 218 5
6179 608 1 7 41 247 12
2493 631 2 27 14 284 3
10032 605 1 22 58 329 7
2530 483 1 300 75 167 16
418 295 1 39 23 59 4
5606 431 1 54 81 571 3
0 282 4 119 35 77 17
0 670 2 33 23 326 11
6088 646 1 44 74 384 19
6517 424 1 62 73 374 15
5530 624 1 19 25 388 4
2704 545 1 34 16 54 16
6432 332 4 98 20 224 10
10024 313 1 16 26 332 9
1962 173 4 116 28 153 16
5482 68 1 78 69 82 14
0 710 1 22 17 173 9
9333 603 1 43 46 142 3
2820 750 3 82 55 445 5
9773 316 1 48 33 268 14
194 564 1 40 66 193 14
9351 281 2 90 28 464 4
0 605 1 14 29 161 4
6108 280 3 138 54 282 4
2399 749 1 17 19 218 20
10181 450 1 40 20 399 16
6274 424 1 75 40 104 19
6535 24 4 81 19 97 6
2016 391 2 29 10 266 4
6077 655 8 268 39 62 16
9832 209 2 287 39 642 18
6079 216 2 40 18 70 15
5926 578 4 251 55 204 4
10077 380 1 29 25 604 11
2916 263 4 47 69 428 11
453 87 4 98 48 367 8
1992 375 2 48 29 109 7
425 217 1 23 41 291 15
439 341 2 70 9 246 14
0 275 2 211 38 279 19
2889 303 1 36 64 526 1
2933 307 1 18 53 187 12
10128 35 1 19 9 86 11
389 527 1 41 38 204 14
9072 566 1 23 31 148 8
159 161 1 145 88 157 19
5984 430 1 19 45 303 10
384 414 4 43 27 80 2
0 240 2 128 79 217 5
318 253 3 79 5 158 8
10105 166 2 93 27 537 8
6401 650 5 73 41 364 15
9631 635 2 47 10 92 5
9129 171 1 58 22 112 5
6488 268 1 41 52 658 4
5533 693 1 90 8 92 17
10160 187 1 33 43 237 20
6050 386 1 15 43 242 8
5436 166 1 20 15 140 18
2339 499 1 34 83 619 6
2914 245 2 123 29 593 7
217 415 1 33 16 130 4
2047 215 6 140 63 525 8
0 62 1 27 8 67 6
5408 632 4 255 15 196 15
2223 705 1 19 9 186 18
2191 232 1 32 12 266 13
9009 286 1 16 26 285 14
2540 116 3 58 13 55 20
2737 356 2 79 41 413 16
2280 574 4 97 25 116 7
0 22 1 175 60 530 10
2105 358 1 8 36 205 13
0 221 1 30 44 892 14
2420 470 3 308 30 178 1
65 177 3 91 44 66 12
9395 186 1 30 18 248 9
2985 574 1 47 8 63 2
0 205 4 37 15 273 19
2056 209 2 80 22 145 13
5799 610 1 87 44 191 16
2674 436 3 98 51 445 11
2873 543 2 91 73 112 9
5472 742 1 25 21 312 19
495 178 1 44 43 242 13
2501 35 3 97 31 55 12
10063 662 1 16 18 169 9
9735 732 1 12 21 247 11
6576 613 2 41 33 125 11
6538 399 1 63 39 623 6
9476 694 1 20 12 158 5
267 226 1 81 65 455 6
1814 719 1 64 36 386 19
0 112 2 66 13 191 20
9654 323 2 225 68 116 16
6003 625 1 23 14 271 1
2733 193 2 108 26 152 15
10053 634 1 22 16 235 5
9704 202 2 49 38 100 20
6306 31 1 28 8 118 13
6141 671 1 9 58 158 20
1835 232 1 46 58 762 3
0 59 1 8 47 171 17
10035 311 1 91 52 205 7
6141 255 1 40 17 87 10
1849 66 2 129 14 273 9
2277 626 1 39 56 275 7
0 574 1 35 27 71 19
10034 331 1 38 31 189 9
2577 89 1 29 20 359 9
9383 425 3 233 71 483 5
0 221 4 153 29 416 7
9472 332 2 36 7 326 9
9846 157 1 15 11 230 1
9340 98 5 109 27 315 16
0 613 1 48 32 98 1
0 708 2 54 24 210 13
6018 266 5 88 19 399 14
2296 306 1 24 56 130 17
472 413 1 6 24 210 11
2994 740 1 117 113 469 5
0 123 1 50 39 605 11
9485 635 4 62 47 288 15
1920 628 1 48 92 498 13
5568 128 1 32 19 241 17
2066 99 1 201 65 181 7
6136 458 5 201 102 172 18
9103 538 1 66 81 637 15
9132 605 1 41 10 56 10
9872 415 1 32 19 206 13
131 666 1 33 24 89 4
2350 626 1 147 16 412 17
9506 268 2 52 30 312 2
6408 535 2 42 25 186 3
9360 168 1 109 38 268 2
561 693 3 91 57 167 4
6122 218 3 34 39 61 1
2994 261 1 21 20 78 5
9366 213 3 54 48 84 3
0 315 3 89 77 533 3
5959 358 1 19 12 23 10
6456 252 2 266 44 76 17
9067 710 3 52 58 147 3
2481 150 1 61 46 576 6
9322 91 2 161 33 1024 12
9616 189 2 225 103 111 17
1841 701 1 48 32 78 10
10124 544 2 93 38 236 20
5610 711 2 30 29 427 17
2678 681 1 24 16 177 7
0 701 3 148 39 180 14
0 659 1 21 19 309 20
420 407 2 95 38 157 19
9599 194 1 151 14 61 20
6322 189 1 56 65 274 12
10107 388 3 51 8 161 9
0 51 1 17 18 175 7
5972 209 1 60 17 388 4
9032 193 2 44 22 122 3
10005 33 2 114 74 415 6
2703 513 1 78 22 223 13
5867 130 7 219 83 254 13
9505 29 1 44 25 245 18
9008 683 4 185 69 199 9
324 453 2 80 27 300 15
0 537 5 76 34 247 4
6088 485 1 40 51 315 12
441 131 2 57 25 38 3
541 42 1 39 25 368 7
0 740 1 119 35 384 10
2976 480 1 22 4 341 5
0 265 5 101 9 180 6
9735 376 1 65 13 247 20
9804 736 2 32 16 21 16
0 214 1 10 27 233 15
0 522 3 87 34 47 2
2708 256 1 52 61 672 18
9742 36 2 27 10 334 18
9742 672 1 108 41 191 17
6191 713 2 66 27 171 13
0 409 1 54 91 401 2
6542 571 3 68 9 356 16
2142 67 1 46 4 65 17
2485 172 1 26 31 240 9
237 317 1 32 66 811 10
5990 619 1 26 29 362 18
2001 349 1 48 83 42 12
2441 671 2 97 37 147 16
1906 30 1 19 8 304 20
86 346 1 21 22 313 16
6482 714 3 85 12 39 9
264 712 1 54 62 182 4
5998 431 1 46 23 228 19
2249 327 6 102 104 341 20
2542 469 4 136 20 216 9
415 584 3 304 46 114 9
428 334 1 74 6 71 1
2884 435 2 46 17 281 9
9949 295 1 22 20 316 16
6584 36 1 65 25 175 13
0 322 4 63 14 84 19
1863 136 4 187 45 630 2
9599 504 1 19 15 163 17
2627 649 2 75 49 127 17
9653 505 4 176 62 482 14
9274 589 3 82 37 291 13
6308 118 3 31 18 195 15
9677 375 5 141 25 226 19
1842 330 4 75 9 237 16
2549 383 3 80 13 67 12
9454 716 1 52 43 414 2
186 468 2 37 12 252 4
0 98 6 288 50 118 11
304 291 2 83 75 680 3
2866 465 2 159 18 882 3
6472 557 3 93 25 370 15
5687 122 5 94 32 572 2
1817 515 3 80 59 112 20
9847 596 1 30 10 981 1
10108 102 1 53 20 231 18
2666 682 3 87 82 464 9
10090 568 2 73 36 450 2
2397 261 1 94 32 96 16
10135 750 4 193 76 248 5
9264 262 1 12 23 187 13
205 199 1 124 25 159 11
9502 292 2 49 16 120 19
9816 397 1 7 28 133 20
2791 629 1 23 30 189 1
9701 149 2 80 9 239 15
584 485 1 25 93 460 13
6479 143 1 10 25 121 15
6053 196 1 67 46 167 8
2540 683 2 116 84 197 19
2296 646 2 47 16 238 3
10106 742 1 44 65 219 1
0 51 2 67 34 126 2
9705 127 2 70 17 476 18
0 369 1 204 20 208 7
474 255 2 65 22 227 8
10115 405 2 33 14 318 2
0 665 2 42 53 255 13
9843 47 4 133 73 217 20
9235 459 2 61 67 91 11
0 500 1 46 42 205 19
1991 29 2 41 49 299 10
6352 703 2 183 42 281 12
407 587 4 266 98 284 9
241 553 2 30 27 151 8
9555 26 3 244 29 132 7
1920 524 2 61 19 117 2
2537 311 1 67 83 702 15
9913 618 1 37 23 300 20
1878 421 3 202 76 216 11
5540 714 2 85 105 280 17
0 679 4 70 30 205 10
9484 338 3 126 5 61 2
9989 676 1 32 11 67 1
0 633 1 11 24 329 14
2447 597 1 18 17 128 5
0 50 1 62 87 517 17
10143 449 3 163 57 100 11
10148 654 1 135 37 307 3
2184 619 2 174 93 130 11
6555 248 1 7 41 178 20
5407 536 2 24 9 262 8
6155 49 1 11 31 343 16
0 329 1 22 11 137 1
9144 522 3 210 71 664 10
2480 388 2 142 33 356 11
2784 701 2 39 70 313 6
6475 53 1 23 20 217 12
5554 395 1 32 19 282 17
5868 726 1 318 43 94 6
504 62 1 38 19 79 2
6472 26 2 91 24 380 13
384 544 1 38 41 143 4
0 604 1 115 32 55 18
1803 33 1 12 26 83 18
1983 189 2 155 19 179 12
5583 673 3 31 59 277 13
5530 671 1 69 13 185 18
0 31 1 13 10 262 19
9420 335 1 121 39 53 10
6440 612 2 48 13 119 2
2768 442 1 21 30 367 8
436 399 1 20 8 200 11
2936 428 2 119 56 858 15
5973 150 2 48 54 377 7
5400 89 4 88 13 60 8
9122 741 1 14 30 225 13
9345 250 1 157 49 195 7
9994 23 1 15 14 77 18
10168 631 1 35 10 51 4
0 541 1 19 44 165 1
208 671 4 127 87 699 19
9945 552 2 42 25 167 8
5430 471 4 127 66 477 13
9288 650 3 120 71 442 14
6048 337 2 15 32 321 5
6361 350 1 146 49 58 13
2502 562 3 239 41 352 10
2061 384 1 30 65 407 6
9978 456 1 20 50 256 14
359 89 1 32 12 49 11
6546 39 1 10 54 95 9
0 76 1 22 39 564 10
0 725 2 57 11 65 11
0 343 1 17 25 266 18
5807 136 1 280 77 158 18
2616 490 3 145 36 198 12
0 674 1 178 62 285 13
9710 171 1 53 65 248 16
9973 44 1 36 79 559 20
2680 438 2 79 46 129 13
0 619 1 15 30 127 1
6544 126 2 132 57 438 19
2219 209 1 81 23 263 5
9016 488 1 112 37 368 4
509 640 2 38 40 140 13
9826 667 3 95 74 720 8
10175 687 1 79 28 371 18
0 551 1 249 58 185 7
1925 493 3 234 31 77 17
6075 664 5 112 39 247 8
9634 656 2 38 59 315 19
17 627 2 42 17 182 2
6301 664 1 31 16 80 12
9611 360 2 47 54 102 15
9792 555 3 56 60 278 19
5890 134 1 32 42 55 1
0 727 1 42 106 455 11
1956 522 1 54 39 414 2
226 749 1 240 48 140 7
5507 136 6 217 75 262 6
2367 452 1 206 60 205 20
5600 249 1 29 40 318 9
170 72 1 34 91 428 10
9830 438 1 36 26 184 12
6007 471 3 124 33 331 9
5429 590 4 105 32 166 10
2359 692 4 120 22 217 7
2516 332 2 41 10 301 5
1825 696 1 38 19 642 19
5713 655 1 12 58 120 2
0 742 1 14 15 123 16
5823 530 1 29 79 755 15
374 328 1 42 6 125 11
0 707 1 78 74 935 19
1998 662 1 28 11 58 8
2499 120 1 22 39 518 17
494 419 1 63 13 184 6
1889 601 1 13 16 252 8
0 247 3 60 56 131 18
1933 310 1 63 8 58 12
2529 305 1 106 54 201 9
0 233 3 132 3 93 13
6541 84 1 106 47 133 3
0 291 2 14 24 93 15
9154 493 1 35 37 83 4
2698 344 3 65 14 464 14
6490 337 4 35 34 554 19
9209 163 2 128 120 366 18
1824 724 1 31 21 476 4
5528 464 1 18 16 193 14
9267 658 2 248 59 196 17
6457 42 1 34 39 519 3
6233 558 1 152 45 326 18
2646 276 1 36 31 116 20
2105 239 3 99 42 72 12
9453 715 1 12 10 165 8
35 376 1 94 3 83 14
0 333 3 61 27 127 4
10088 677 3 81 23 478 7
348 216 1 6 23 242 10
2097 323 2 222 36 129 14
2063 167 1 39 18 208 12
155 485 3 105 90 225 6
2986 129 1 44 71 457 3
303 503 1 354 67 176 10
9045 317 1 11 28 157 4
0 542 1 34 20 491 4
6064 676 1 34 41 427 14
2925 577 1 413 49 112 18
17 672 3 118 9 69 5
0 92 1 13 16 246 16
6198 113 2 64 57 272 6
1937 75 2 152 73 545 11
0 591 1 22 35 166 9
1807 416 5 212 26 342 17
9276 428 1 14 89 373 18
5921 51 1 40 40 606 11
5910 223 1 47 84 305 10
2194 183 2 82 53 588 12
9056 264 1 78 87 735 7
10091 456 2 60 25 974 15
434 567 1 111 9 195 1
9616 107 1 28 34 288 17
2115 645 3 96 71 176 6
0 254 1 30 58 215 9
9208 575 1 24 25 449 17
0 351 1 12 35 249 7
599 649 1 52 19 165 11
0 478 1 423 49 216 18
2537 670 3 146 90 245 6
522 624 1 72 21 109 20
5753 60 3 105 26 270 2
407 134 1 109 19 182 4
9735 292 3 46 22 185 3
9546 724 1 86 21 118 6
2154 450 3 34 23 145 8
10155 64 1 20 18 261 8
2536 395 1 92 33 127 20
10155 613 2 45 49 96 20
6293 557 2 137 37 264 2
5541 245 1 10 32 89 12
1934 520 3 113 31 452 16
1800 113 1 55 3 68 4
5611 41 3 119 104 238 12
6545 379 1 22 65 428 20
9797 658 1 95 67 304 16
0 140 1 34 96 242 13
6168 288 5 177 50 138 12
1871 77 4 161 74 445 15
2363 559 3 24 30 52 2
6116 499 1 22 13 154 13
5941 55 2 125 16 199 11
1947 104 5 256 12 834 1
9627 153 1 209 46 194 9
2108 78 2 112 72 675 4
10154 508 1 103 15 530 14
6582 280 2 75 42 163 18
0 59 2 31 17 118 7
6114 479 1 34 31 160 18
395 443 1 18 8 357 6
0 533 1 13 41 222 3
6416 319 1 78 32 98 14
1831 170 2 47 13 223 3
6286 722 2 112 84 403 14
10054 629 7 314 11 157 15
2485 526 1 18 54 252 9
5813 686 1 198 50 80 20
5566 505 1 25 76 424 6
9496 321 3 123 27 68 19
122 578 1 69 17 220 5
1815 27 2 39 20 91 11
2263 317 2 25 48 193 8
2164 328 1 40 58 548 12
2318 122 1 8 28 87 15
0 563 2 47 12 70 13
344 80 1 12 44 189 10
9538 314 1 38 8 304 7
10003 641 2 90 43 399 19
10173 351 1 114 36 68 20
10108 96 1 19 51 563 6
9761 682 3 194 33 383 8
2358 445 1 14 16 280 5
34 557 2 185 26 397 10
9316 168 1 22 42 348 8
9837 660 1 20 13 292 4
246 473 2 43 10 364 9
2065 281 1 59 90 373 16
2661 90 3 65 11 120 8
2272 296 2 86 12 76 10
6433 102 1 102 96 652 20
2272 221 1 65 25 157 19
2208 23 4 74 11 227 2
5946 136 1 34 81 178 10
0 483 1 138 49 339 3
515 726 4 52 74 141 18
6124 357 1 17 12 225 18
6563 495 2 54 42 564 5
5592 495 1 44 32 81 17
9955 315 5 121 40 429 15
75 264 1 52 31 204 17
5847 180 1 13 13 328 3
6514 25 1 19 32 100 8
2823 396 2 31 12 170 3
2571 430 1 14 17 101 6
6113 261 7 143 31 161 10
2128 594 1 18 14 82 8
0 321 1 75 46 393 10
2383 61 1 26 8 135 20
2752 126 3 123 12 353 2
0 162 1 204 61 229 16
6274 166 7 338 15 253 6
2477 581 5 60 16 202 17
2744 437 2 110 42 436 19
1852 182 1 43 5 186 6
2833 168 2 94 33 614 6
0 66 2 45 7 50 15
0 750 2 89 7 86 1
9541 111 3 60 14 55 15
505 741 5 139 31 96 17
6390 48 2 37 39 106 13
9120 728 3 88 11 181 15
23 351 1 67 7 58 3
2613 619 5 152 33 146 19
1849 687 1 51 6 133 6
5903 451 1 190 55 786 1
1971 482 2 39 12 106 8
6441 412 1 22 12 198 4
2919 40 2 64 22 211 16
585 220 2 76 43 629 12
9897 678 3 89 69 142 15
10188 434 1 38 16 77 20
5853 191 1 15 13 70 16
0 665 3 93 10 108 17
5677 600 1 24 59 539 6
9587 380 1 60 20 148 20
234 267 1 27 30 323 9
2019 385 2 123 42 68 3
5462 72 1 24 8 273 6
9292 395 1 49 88 161 14
0 105 1 73 27 233 3
6141 262 3 66 47 451 10
245 709 5 56 19 206 8
5495 368 1 45 12 702 12
9209 173 3 156 72 241 2
1812 196 5 241 69 843 13
2862 329 4 86 36 198 14
2289 460 1 36 59 43 1
5593 478 1 26 41 448 5
5691 603 1 16 30 131 20
0 263 3 45 26 65 15
2248 614 1 18 27 239 10
9777 669 2 29 61 78 10
5472 181 3 182 100 800 10
9242 701 1 22 19 283 10
9943 273 1 38 89 688 9
5872 246 2 27 28 354 5
0 326 1 106 61 526 15
10158 663 2 47 17 100 5
5464 248 1 37 9 85 10
556 156 1 36 39 191 14
2064 362 2 41 38 331 8
2135 591 1 40 14 101 17
6216 21 2 21 9 182 19
6349 551 1 197 60 544 18
6316 749 1 301 20 168 14
0 587 1 37 18 115 8
331 145 1 90 36 789 17
2658 715 1 81 43 82 16
2243 30 4 133 66 107 20
11 639 1 18 39 331 10
0 171 1 42 28 381 5
0 587 5 192 83 748 20
6452 290 1 13 29 286 10
9093 268 1 39 48 185 4
5469 54 7 302 45 140 2
112 201 1 51 47 165 1
2651 238 1 16 30 174 7
2168 250 2 58 53 154 17
1977 38 3 128 23 178 15
2562 479 1 321 28 654 2
9957 717 1 31 14 147 15
10071 51 2 329 33 153 17
5794 379 2 102 17 226 7
9181 143 2 48 62 918 18
0 155 1 82 35 233 17
2336 497 1 20 46 89 11
5682 667 1 11 35 78 2
1952 533 2 45 11 260 16
2691 331 1 23 40 115 7
9385 600 1 111 55 573 17
2698 519 1 25 83 172 6
9373 70 2 52 78 239 3
2812 324 3 106 92 812 17
9043 305 1 48 49 108 4
2620 262 6 545 86 170 9
9554 161 2 245 73 205 5
5547 671 1 24 37 245 11
6457 82 3 102 18 357 15
523 117 2 33 15 160 2
2109 196 1 7 11 170 19
0 89 2 94 81 927 19
5789 735 2 44 14 192 11
6538 732 5 231 46 546 11
9740 337 1 12 25 151 8
5806 618 1 14 28 94 15
2009 580 1 86 118 620 4
6547 295 4 132 27 740 14
9647 499 1 86 9 275 1
9249 280 3 75 6 261 20
0 595 1 39 31 389 1
2804 350 1 50 102 402 19
1923 477 2 51 11 357 15
9459 172 1 30 58 200 12
2297 276 1 56 11 377 5
2055 238 1 38 17 179 14
5532 700 1 30 11 101 3
5958 302 1 33 61 448 17
2571 436 4 144 14 600 10
5905 161 1 19 26 204 3
91 226 1 141 10 550 12
2713 419 3 252 12 233 9
0 615 1 72 20 44 10
1896 69 1 49 54 597 20
76 242 1 59 29 238 13
9967 627 1 65 9 97 20
0 424 1 42 21 113 14
5588 532 1 17 14 613 15
2832 353 1 47 17 213 11
9800 288 1 87 17 70 13
6567 499 2 26 38 250 17
5742 735 1 40 54 224 14
10160 464 1 75 56 73 1
9827 378 1 28 9 141 9
288 734 2 71 20 96 15
5764 742 1 76 11 212 12
5850 157 1 64 9 140 3
2999 311 2 43 82 370 4
132 395 1 20 61 124 18
2848 180 1 151 41 510 17
125 485 1 64 23 80 1
6296 103 1 23 21 26 5
10023 704 1 41 38 532 16
2768 645 1 56 11 134 13
1820 405 1 198 37 125 5
9825 415 3 103 48 455 10
2437 144 1 21 60 77 10
6172 342 1 18 14 279 7
2441 343 2 110 39 85 19
9225 663 2 67 24 445 2
6504 32 1 51 62 542 8
0 557 2 19 14 129 11
2978 505 1 28 83 504 15
324 707 1 55 48 142 18
196 483 1 34 44 115 12
0 371 5 109 21 176 19
2459 262 2 68 58 126 19
538 262 1 32 15 48 13
2439 387 1 32 45 315 11
6288 416 2 185 55 245 15
1816 693 1 488 60 145 11
1891 136 4 240 86 692 8
1936 563 5 102 53 463 19
2123 581 4 42 12 385 4
5520 386 3 94 35 238 5
6382 592 1 20 12 239 16
2273 684 3 50 19 62 19
9680 603 1 32 62 230 6
6222 451 1 33 13 589 5
2397 535 1 38 48 194 16
5620 678 1 157 33 288 3
2128 267 5 57 50 336 15
2763 645 2 78 72 211 4
5425 73 4 219 73 572 15
6467 697 5 216 70 214 11
208 207 1 14 19 223 13
9362 282 1 23 11 180 19
0 412 1 32 18 51 2
5427 504 1 26 15 751 6
6329 187 1 47 22 283 6
569 606 2 56 86 133 7
0 578 2 119 44 191 12
0 181 3 175 8 54 14
2921 324 1 41 43 256 5
2972 641 1 69 33 234 3
333 436 2 26 16 376 14
1924 206 1 232 21 73 7
9763 356 1 9 12 76 18
1979 349 1 27 10 216 6
9141 297 1 34 23 47 15
44 126 1 15 25 148 7
9543 139 1 178 95 261 5
5728 633 2 80 84 355 13
6222 359 1 41 67 467 3
2548 681 4 91 74 542 7
6462 409 3 125 58 209 19
10151 603 1 34 35 159 10
175 303 2 41 81 177 8
5663 404 3 201 60 194 19
6424 353 1 89 30 661 20
6042 451 2 35 34 635 14
2390 738 1 17 13 326 19
5479 361 2 41 45 199 11
6192 377 1 16 15 151 13
0 605 4 138 30 148 17
9164 375 2 42 18 125 3
6128 456 1 7 21 254 16
2575 699 1 77 17 99 2
0 464 1 35 42 202 1
5473 603 6 204 61 516 20
2542 178 2 101 55 294 3
2599 653 2 18 94 134 7
1832 496 2 78 24 685 11
9744 749 1 62 14 292 9
9567 544 5 375 66 214 10
6117 702 1 18 19 176 9
9805 432 3 207 93 179 3
10165 405 1 14 26 156 5
1878 576 2 65 33 463 15
10197 523 1 13 59 517 6
10191 136 2 86 47 318 4
9445 56 1 29 24 149 18
6550 547 2 42 78 113 16
0 433 2 88 92 160 7
6576 513 3 209 95 660 8
9275 53 6 244 30 685 20
6063 611 1 33 15 382 13
9647 48 1 51 31 495 16
539 527 2 36 94 164 8
2759 290 1 13 109 167 14
413 456 5 191 36 50 4
2854 355 5 68 16 116 9
6029 414 2 45 19 68 13
5735 390 5 81 14 54 10
2757 436 2 36 16 213 12
2304 85 6 284 45 151 19
21 659 1 21 17 68 9
2911 630 2 123 53 392 15
407 24 1 16 24 300 14
5860 89 2 187 32 165 16
2521 102 1 13 15 305 2
580 444 3 77 8 84 17
10161 495 1 16 19 259 1
0 290 1 38 25 246 8
12 180 2 110 14 54 12
1963 448 1 243 59 180 18
9344 604 2 219 113 568 18
2859 213 1 36 26 167 12
9606 711 2 214 85 674 14
0 661 2 172 68 195 13
9097 483 3 71 44 106 10
0 375 2 89 33 170 15
0 165 2 47 44 451 7
5558 746 1 20 8 162 3
6094 503 2 70 15 63 2
0 200 1 18 10 229 10
9460 678 3 49 96 452 14
1853 589 2 74 9 78 1
0 201 1 41 17 322 15
495 82 2 29 25 220 7
184 719 3 192 50 220 13
2919 684 2 73 68 491 13
5651 603 2 139 50 441 17
10156 178 2 29 30 61 6
9485 582 5 304 84 208 3
2134 64 1 35 83 141 9
1863 163 3 92 14 197 13
5422 93 2 96 90 92 9
9841 720 6 115 68 456 15
2440 204 3 150 7 57 9
9164 111 1 17 81 335 18
9815 561 2 62 29 168 12
0 381 2 62 21 202 19
5703 363 2 52 63 535 11
250 25 1 33 38 99 2
2372 523 2 85 54 157 4
2059 262 3 117 17 240 11
2169 604 1 122 10 75 13
322 270 7 377 50 195 1
72 114 2 93 27 276 14
2943 136 1 123 50 148 17
5897 501 1 36 44 337 19
9189 617 1 239 42 162 18
6053 657 2 69 39 559 3
9290 376 1 190 74 342 20
2455 358 1 14 96 122 12
0 203 2 60 33 227 13
9610 427 1 24 12 80 17
448 210 1 32 31 354 6
6071 515 1 47 70 102 15
6175 721 2 52 28 53 19
6154 35 1 58 42 159 20
9101 525 1 17 18 185 14
10119 229 2 77 13 211 4
2850 677 1 99 64 129 7
2426 193 1 33 33 581 13
6218 132 1 11 17 495 1
6389 551 2 135 88 471 14
6158 588 3 137 28 89 10
9233 254 2 103 24 211 19
2242 185 1 27 69 461 5
5908 186 1 25 22 276 16
2432 649 1 48 41 267 4
2536 444 1 105 34 157 10
0 335 1 19 18 321 8
5603 270 1 18 12 176 2
2552 54 1 22 38 407 10
2127 199 1 24 18 216 20
10097 538 1 60 24 66 18
9985 70 1 185 25 201 16
2292 348 2 162 62 185 1
6272 633 1 23 46 104 15
0 730 3 84 69 727 4
133 354 1 10 24 70 7
0 578 1 13 11 78 15
2438 490 5 102 26 155 8
9037 496 1 18 32 487 7
2471 132 2 111 83 225 6
5880 505 3 95 26 211 2
5565 249 6 451 71 240 12
2231 422 1 19 20 143 15
2789 516 2 81 10 235 15
5606 96 1 91 24 507 2
2205 102 1 46 52 100 20
134 57 4 68 7 95 15
9296 244 1 64 17 220 10
6403 301 2 51 16 56 5
5642 44 1 18 25 344 10
2162 402 4 89 17 97 19
1877 548 1 17 8 199 3
2217 136 1 34 4 95 9
334 248 5 125 29 89 1
6017 511 1 42 33 154 18
5820 234 1 262 62 765 11
6304 637 1 14 43 229 19
9026 294 2 88 16 153 20
9118 598 6 175 27 169 19
0 582 5 29 13 91 7
2849 480 5 110 49 479 3
5815 238 1 24 88 701 13
5406 549 2 63 32 559 20
10105 383 2 70 37 373 14
9258 108 3 95 27 201 10
2064 123 8 443 26 57 10
2028 69 2 106 78 448 1
9810 187 4 62 49 154 9
2319 407 1 27 89 641 9
9806 665 1 141 43 229 4
6105 309 1 99 58 94 18
0 545 4 121 47 223 17
5805 550 4 139 10 153 19
1841 630 2 66 6 69 16
9834 394 4 74 32 394 9
5590 356 2 76 39 514 15
10052 661 6 223 22 225 9
2464 630 1 16 23 177 14
0 657 1 48 25 341 4
6573 203 1 107 71 292 1
6446 301 1 35 28 241 6
6514 374 3 44 13 25 19
6577 505 1 16 26 103 18
0 71 1 165 38 176 16
5925 316 1 109 104 354 10
9353 730 3 82 34 288 20
2424 571 1 92 14 67 11
9213 603 1 34 98 397 18
6544 370 3 135 76 378 4
9822 404 2 72 9 61 4
10150 284 5 135 54 398 12
2832 332 2 109 22 45 11
9639 411 1 24 24 288 14
2124 352 1 179 8 199 4
9650 37 4 191 13 70 3
5769 307 2 58 40 323 13
2636 526 1 29 43 332 1
6370 653 2 26 9 269 3
2709 72 1 32 112 466 9
2703 559 7 233 26 229 16
0 523 3 75 26 478 19
9422 461 1 48 36 453 11
2165 30 3 40 17 91 15
9317 654 1 61 8 181 17
0 72 1 20 76 99 4
0 610 3 114 45 306 13
2003 40 1 58 61 73 6
5506 116 1 55 70 648 17
6156 385 4 150 15 61 8
9398 633 1 21 10 248 13
0 228 2 77 10 413 16
67 617 1 164 47 199 10
5607 631 1 36 23 46 19
463 199 2 241 60 442 4
9117 337 2 22 13 209 19
99 655 2 316 15 165 10
6066 607 1 15 26 101 2
466 524 2 31 75 159 10
2574 345 2 79 7 218 19
0 123 1 60 46 563 4
2406 83 2 155 35 318 10
5508 478 1 41 14 147 1
0 553 1 25 21 152 17
