28 402
4 64 68 464
5 40 36 432
6 48 112 624
2 64 92 816
4 16 64 256
5 40 48 752
5 40 72 496
3 48 92 608
5 48 36 96
6 48 108 720
5 40 56 416
7 80 120 976
5 32 64 368
8 40 60 896
3 64 92 160
5 48 64 720
2 24 52 896
4 24 24 224
5 32 76 688
5 80 84 656
2 32 72 64
8 48 120 752
5 32 16 96
4 32 20 256
5 64 76 208
1 40 36 176
4 32 52 128
4 24 120 560
0 694 1 56 32 415 16
2325 86 1 36 31 153 16
203 710 4 140 30 216 2
0 642 2 58 45 154 13
6376 300 1 55 52 48 19
6529 743 3 69 9 252 10
2555 362 2 81 21 58 5
2685 334 1 87 35 203 2
1848 655 6 121 56 395 5
6549 29 2 163 72 468 15
2436 511 2 135 17 209 6
9268 81 1 41 50 558 18
2187 460 1 32 22 85 8
2385 99 1 78 72 422 4
9 255 1 34 63 405 12
9407 80 2 91 4 62 6
6043 324 4 156 37 326 4
9179 613 4 296 84 455 11
9351 665 1 71 7 130 14
534 705 2 34 12 221 3
9875 152 2 132 33 335 14
0 276 1 16 22 70 10
5457 523 1 32 22 119 20
2307 449 2 46 47 174 6
6438 463 1 45 21 499 17
6394 687 2 88 117 388 6
9398 338 7 207 56 891 11
9784 191 1 100 42 258 2
0 108 4 56 17 143 1
5855 105 1 102 13 87 18
0 334 1 37 38 115 15
425 701 1 119 26 117 9
5781 592 3 80 38 75 3
6218 204 1 52 43 372 10
6383 597 1 104 60 634 7
2802 601 2 70 10 65 20
2031 33 1 23 10 93 10
74 357 1 42 70 359 15
0 730 1 41 90 349 18
6250 624 5 163 19 552 15
9945 530 3 112 31 137 15
1819 173 3 75 62 346 13
6328 41 1 41 54 18 12
0 147 4 178 20 71 3
555 351 2 112 37 462 20
0 460 1 19 73 458 14
9945 691 3 100 63 227 19
9056 724 1 34 14 157 9
0 659 3 133 21 517 7
2951 58 1 115 6 86 8
2644 699 1 39 40 141 15
2155 722 2 43 16 127 12
10175 264 2 24 49 883 16
9082 555 1 91 27 304 15
287 575 2 60 31 198 10
9451 467 2 30 35 154 10
0 280 1 79 21 428 7
2079 740 1 215 53 179 10
0 734 2 47 33 36 10
6560 158 1 36 39 250 8
2494 246 1 94 9 68 7
0 69 1 32 12 192 7
2458 120 2 26 64 136 11
9726 86 2 39 56 96 3
9723 316 2 53 37 37 15
6481 373 5 231 51 354 13
6116 664 1 42 12 568 17
6104 448 3 121 47 371 1
2233 230 1 71 28 546 11
1978 256 5 210 24 399 8
2682 348 1 58 68 420 15
157 590 4 229 28 373 10
5577 538 2 58 72 573 8
102 349 1 27 25 103 13
5764 590 1 107 69 609 15
9314 445 4 88 24 176 9
0 197 3 147 26 125 20
428 395 1 18 32 487 12
2969 407 1 13 54 654 10
6437 230 1 50 19 58 4
2972 450 1 79 45 119 11
9822 219 1 41 36 495 15
9182 518 4 110 62 327 10
5938 365 1 278 21 283 15
595 542 2 248 69 616 15
2054 708 2 37 66 250 1
2818 686 7 144 42 473 16
5875 164 1 100 9 55 10
49 363 5 112 11 54 19
6549 437 5 164 53 265 12
5433 112 2 68 31 76 16
5551 666 5 171 82 339 4
1988 672 1 36 50 187 8
2336 334 4 54 20 140 19
9287 476 1 191 32 450 5
6373 629 1 39 22 192 3
1926 727 2 109 40 129 16
1925 48 1 19 37 461 11
100 521 3 115 20 223 12
9227 329 4 114 34 536 1
2206 680 2 139 45 269 4
2712 638 2 63 56 216 14
9393 436 1 72 40 108 19
0 298 2 108 39 169 13
9567 142 1 16 32 236 9
6525 663 1 22 6 128 4
2499 648 3 102 47 206 2
379 742 1 26 49 411 20
9805 539 1 24 27 55 8
0 347 1 32 8 68 1
2603 282 4 73 55 190 4
6076 677 2 157 71 296 14
521 363 1 123 36 67 3
1855 688 2 77 11 92 2
6326 398 1 51 22 32 12
9168 218 2 30 44 483 9
6383 390 4 78 23 82 3
103 54 1 27 62 214 17
5489 408 1 19 17 334 13
0 256 1 26 17 84 19
0 363 2 28 40 160 2
9311 264 1 31 30 262 11
2242 384 1 48 71 342 5
453 338 2 49 28 48 16
2325 445 2 86 11 178 6
2791 410 2 178 60 157 14
9883 240 4 135 42 250 14
10004 714 2 107 43 198 9
9671 480 1 45 32 45 14
2073 686 3 79 14 238 13
6397 585 2 62 15 134 15
2487 654 2 27 16 200 19
0 294 2 24 56 248 18
9346 641 1 36 21 582 11
2279 541 3 94 32 513 16
0 150 1 39 64 456 20
9023 175 1 24 34 422 13
2371 480 1 27 38 171 1
2250 273 1 26 48 61 10
6146 150 4 60 22 144 13
344 183 1 56 31 114 8
5793 432 1 44 61 799 6
2672 735 1 64 21 88 3
0 724 3 41 64 153 2
9793 501 2 31 68 447 2
2222 293 4 228 15 762 2
9925 252 4 135 93 407 9
5903 222 4 223 79 596 10
5919 670 1 59 15 300 3
6005 477 3 259 53 166 18
2626 697 3 354 65 706 12
2290 445 1 24 9 67 18
9676 669 1 51 70 442 5
6431 402 1 31 12 161 10
2809 87 3 84 29 208 6
5612 534 1 25 14 140 10
9084 219 2 127 96 166 13
9134 520 1 43 5 137 4
2326 244 3 137 60 151 15
378 350 4 255 16 150 7
0 290 1 40 39 297 9
9300 453 6 153 41 539 20
6097 345 2 106 16 96 5
10099 688 3 116 37 200 18
571 635 1 46 10 112 13
2941 441 1 53 41 503 20
221 648 3 105 31 288 11
2262 386 1 170 55 311 12
340 642 2 78 19 435 12
2436 672 2 112 5 57 2
210 726 2 56 84 298 3
2276 551 2 128 46 174 4
0 158 2 61 31 103 8
5906 301 7 407 64 722 2
2891 512 4 228 46 682 10
6215 434 4 123 34 358 5
9355 99 1 46 56 425 13
503 209 3 70 23 168 3
5597 185 1 38 22 270 14
5448 690 1 31 11 65 9
0 372 2 108 47 511 6
0 187 1 58 79 337 10
9785 641 3 122 45 326 1
9267 41 2 40 43 120 7
2378 669 4 148 10 300 10
10049 274 1 39 27 46 10
9883 472 2 57 71 460 17
2530 51 1 26 59 44 17
254 147 4 187 31 157 19
5800 559 1 120 19 85 10
2427 211 4 52 8 88 20
10194 402 1 74 10 203 12
0 325 1 31 26 49 2
2840 420 2 79 76 354 15
10013 256 2 56 13 123 15
2972 285 2 137 27 451 20
5529 212 6 113 74 481 1
6412 469 1 44 23 61 15
2419 205 1 25 62 403 1
500 311 1 22 23 508 1
5908 647 1 52 52 50 17
5954 747 5 154 47 140 13
9930 614 1 38 12 148 14
5688 451 2 100 16 282 6
6508 358 3 118 23 74 17
1993 743 2 118 34 196 9
2198 143 1 63 39 66 8
9855 744 1 35 15 155 2
6250 561 2 61 10 20 16
6371 391 4 230 61 304 2
6188 659 2 122 26 316 18
9352 623 1 142 48 398 10
5649 283 3 62 50 331 5
6096 433 3 48 61 114 2
10178 558 1 46 17 106 10
7 177 1 25 25 28 20
9588 725 1 440 39 490 7
6022 434 2 98 86 117 9
6541 159 1 16 29 50 1
1882 685 8 289 51 701 14
2416 578 2 195 22 328 16
6013 741 5 93 22 218 7
6405 79 1 44 24 145 18
0 209 2 43 35 47 9
2840 612 3 165 19 220 7
2228 310 2 41 35 79 15
2570 177 2 84 55 191 16
9908 430 1 165 41 118 14
0 725 3 37 46 213 8
9444 303 4 272 27 113 13
9180 579 2 110 19 541 13
5497 49 2 21 48 541 14
2313 654 3 75 27 336 14
5936 65 1 13 80 263 9
0 694 1 25 31 187 13
2532 558 6 212 43 741 19
6031 643 1 60 70 578 19
9294 667 1 47 50 33 13
579 648 1 122 30 455 17
9677 22 1 106 12 49 8
5733 97 2 92 80 120 6
2558 27 2 66 21 163 9
9096 48 2 104 39 484 6
109 233 2 27 39 106 1
2287 344 5 377 44 215 14
5508 691 1 45 22 69 7
5974 272 1 24 46 30 18
387 87 1 37 22 57 18
2382 731 1 22 10 62 16
153 353 1 53 57 297 1
6521 149 2 65 88 72 12
0 750 1 33 30 588 18
1946 54 1 51 37 82 19
6319 67 4 105 42 609 19
2367 388 1 98 40 370 11
9781 427 1 24 33 891 13
1882 636 1 41 77 218 14
106 598 2 61 9 63 6
6032 510 2 33 24 121 15
6191 337 2 49 35 209 8
0 358 1 31 24 540 18
6557 66 1 17 26 655 4
5624 77 2 73 16 170 17
0 256 5 238 51 544 6
6527 605 5 78 30 318 1
9002 374 4 117 53 468 16
0 561 3 147 18 103 7
2350 232 1 37 28 86 2
2887 718 3 117 45 268 15
86 658 2 145 22 188 17
0 265 2 14 44 105 3
22 594 1 31 28 176 8
2591 444 1 93 78 509 16
10180 659 1 172 32 213 12
1986 375 2 77 47 191 13
2254 548 1 43 9 58 12
0 532 1 16 52 151 17
2122 173 2 99 26 652 17
9119 570 1 104 33 80 9
9856 118 1 100 42 213 1
0 119 1 64 27 445 5
6007 42 2 56 24 14 9
2155 686 3 222 57 707 3
10013 94 3 152 28 430 8
2110 37 2 156 35 168 14
2774 666 1 70 10 212 18
6569 257 1 38 63 260 19
1887 563 2 139 84 140 13
69 183 3 215 9 65 15
9397 101 1 24 24 123 2
0 291 2 61 29 282 2
2824 195 1 24 67 503 10
9674 680 2 27 59 177 20
9188 323 2 50 60 393 1
9531 571 3 226 83 555 11
2397 170 4 104 62 266 18
1880 550 1 40 22 37 14
6425 326 1 26 52 284 9
125 419 1 105 50 280 9
5495 363 1 132 9 90 15
9810 281 3 87 42 328 20
0 31 1 26 22 419 19
2685 41 2 264 38 535 9
2403 509 1 15 12 87 9
6136 704 1 110 51 53 19
148 157 2 36 51 840 3
2848 700 2 23 65 57 19
495 436 2 35 34 106 7
2130 658 1 46 22 422 5
6035 126 3 95 52 490 7
5629 744 3 158 32 132 2
2586 388 1 186 39 304 1
6348 479 1 28 46 371 2
2868 546 2 103 43 362 9
9210 720 1 19 44 467 12
9674 293 1 72 21 156 1
2031 314 1 48 42 524 10
1940 333 1 177 82 51 20
2401 347 2 155 25 40 5
0 31 1 15 13 142 20
10153 61 1 59 70 341 7
0 114 3 64 22 55 9
6015 32 2 56 61 413 1
0 30 3 210 51 649 8
2428 379 2 210 20 68 14
9536 652 1 28 11 107 17
2528 441 2 38 41 510 15
99 36 2 90 24 411 8
2162 557 2 137 43 285 7
2338 578 1 133 58 692 8
9189 288 1 42 30 868 2
6449 185 3 63 53 232 3
2129 482 2 189 35 55 14
2137 391 1 170 73 688 3
0 36 1 11 44 108 1
10031 522 1 44 21 301 4
9463 126 1 219 30 92 11
6338 448 2 115 8 75 4
2569 99 4 126 42 294 16
2657 134 2 63 83 561 1
9614 514 1 119 76 190 6
2579 392 1 43 14 62 10
9462 486 2 91 90 576 17
5607 184 1 24 12 154 5
6504 538 3 86 62 310 20
10160 147 3 136 117 738 19
6172 252 1 155 68 163 8
9751 624 2 53 43 74 7
6072 98 3 40 44 79 11
1808 643 4 116 37 310 10
6258 599 4 60 25 202 7
367 97 3 109 71 413 4
34 711 4 89 28 553 5
6519 745 3 171 29 724 13
0 72 1 29 28 289 20
5715 514 3 111 40 498 16
6374 56 1 38 34 83 13
9200 173 2 76 41 414 2
9108 75 4 116 17 305 16
6408 70 3 67 101 370 15
307 745 2 32 42 160 9
5650 455 1 58 25 385 2
9337 282 1 34 55 86 6
430 608 2 80 12 182 12
2904 410 1 50 81 343 15
9858 420 3 76 13 60 7
2584 592 2 46 53 604 10
6220 658 1 44 92 551 11
0 208 1 47 19 57 2
6556 164 4 72 13 100 7
9854 579 1 29 19 87 11
6085 565 1 34 27 94 12
6057 566 4 159 34 517 13
9473 523 2 82 66 341 14
2842 411 1 25 13 79 19
2227 202 1 18 25 197 9
2221 144 3 231 40 145 19
0 688 2 51 13 56 3
9380 562 1 242 81 265 18
2458 218 1 151 64 73 2
536 386 2 233 68 403 3
2925 560 3 142 21 343 2
9159 258 1 18 64 54 1
9159 633 2 82 91 224 12
464 534 3 141 21 29 6
6371 52 2 108 67 286 6
2874 520 4 71 22 314 11
6048 36 1 21 33 238 5
5925 528 1 189 107 404 19
6011 327 1 14 51 149 11
6094 592 1 63 36 142 1
5567 266 2 66 15 107 19
190 115 5 106 38 387 7
390 344 1 109 40 427 14
5621 533 1 54 80 540 16
9235 48 1 20 22 64 19
9322 526 2 65 56 796 19
6397 720 3 135 25 245 11
5635 113 2 39 32 623 2
0 262 1 28 19 63 16
1947 306 1 33 16 106 7
2740 248 3 38 47 132 3
