25 372
4 80 104 976
6 64 128 896
3 40 28 192
6 32 56 816
8 64 80 96
6 32 72 528
4 32 52 928
8 32 80 128
6 80 84 864
7 24 108 384
8 32 60 96
2 48 84 992
7 48 52 544
4 64 104 128
6 24 108 432
6 40 84 112
8 32 72 848
8 80 36 448
8 64 28 688
6 80 124 912
2 64 24 1024
7 32 104 528
2 64 112 528
7 24 72 320
7 40 120 176
3885 180 1 26 21 47 4
7403 495 5 221 43 237 1
3125 413 3 95 80 600 16
10758 425 1 14 19 506 6
1414 341 4 190 15 149 7
622 447 3 42 70 141 2
9659 519 1 50 22 31 13
4193 182 1 24 7 746 17
258 120 3 138 25 196 3
10032 107 2 66 26 386 4
9538 466 1 55 69 245 7
682 97 2 140 49 94 8
8957 530 2 148 26 462 2
1270 153 1 18 52 45 4
5637 608 2 49 45 302 1
9396 383 2 23 48 219 1
11794 29 2 44 47 160 15
11552 223 2 68 30 254 12
7994 199 1 26 50 365 6
8841 648 3 119 32 38 8
3736 252 6 240 18 285 14
4914 372 4 59 36 581 3
1807 93 1 36 41 740 6
6354 560 1 24 40 503 19
3638 459 1 49 10 581 10
3699 11 4 63 17 52 2
7586 133 1 109 72 361 1
6104 568 2 94 62 122 16
1560 603 1 38 73 351 20
8562 608 1 18 57 233 13
5728 83 2 80 18 30 17
7452 236 2 32 64 229 1
9607 113 1 41 19 266 19
10816 531 6 244 13 110 1
3104 23 2 128 59 467 10
8257 465 6 366 15 160 4
8742 519 6 210 18 23 18
8130 36 1 40 18 472 14
8420 387 4 61 36 195 17
4395 506 1 79 11 472 19
4414 595 1 37 30 129 18
8218 218 2 60 66 280 19
1448 209 3 92 61 241 7
9699 54 2 55 41 358 9
1790 455 3 66 40 31 6
1450 339 1 44 13 103 9
4863 541 3 96 10 120 14
5230 224 1 38 65 275 8
2542 384 2 67 22 627 12
4823 403 3 61 31 51 9
4660 315 3 180 18 296 11
4283 526 1 57 29 253 9
1730 547 1 21 20 340 6
1226 51 1 26 43 64 7
4490 180 5 174 38 522 14
10754 135 2 80 45 230 10
3975 82 2 52 16 291 16
8110 421 3 339 21 186 14
1370 619 1 68 21 126 13
3367 509 1 26 45 206 2
6532 80 1 44 35 295 1
8782 73 2 49 24 27 11
974 341 2 58 32 38 17
10435 271 1 39 13 173 9
5062 364 1 39 45 361 19
9800 56 1 33 70 134 5
6955 225 1 30 55 43 20
5564 251 7 85 17 70 15
2168 411 3 160 23 280 8
5021 448 3 133 36 94 16
6723 94 1 79 19 541 10
8881 32 8 209 43 69 9
2296 451 1 55 56 54 4
9850 149 1 187 32 285 7
152 378 2 71 26 334 9
6995 150 3 195 39 375 19
10890 140 1 131 52 442 7
7944 279 2 43 47 650 1
11623 255 1 63 25 210 18
2154 465 2 37 38 657 3
11477 99 1 128 40 88 14
5894 605 2 33 42 264 16
9101 83 2 123 38 96 11
600 190 5 283 17 243 11
2561 301 2 51 52 674 17
6161 389 1 23 11 262 7
10420 191 2 96 21 35 1
248 119 3 110 25 312 1
969 219 1 25 19 307 5
498 93 1 34 60 421 12
8541 281 2 95 70 562 14
8961 420 4 328 9 97 11
400 510 1 25 42 32 6
8020 24 3 63 29 571 4
5088 401 2 252 52 583 18
5974 179 2 44 20 424 20
11324 490 6 215 15 246 4
2814 371 2 30 26 621 17
11833 206 1 30 19 90 1
3761 123 2 45 65 297 18
3189 109 3 94 28 199 20
2577 374 3 176 31 610 5
2800 338 6 202 26 51 10
10005 369 5 228 15 171 19
4248 111 1 27 8 65 16
312 252 1 28 25 94 16
5704 212 1 48 15 100 2
8992 594 4 372 45 509 14
1277 67 2 94 14 466 6
1441 406 2 36 46 288 10
9858 188 1 113 33 65 7
772 329 3 37 64 251 7
11085 581 1 58 11 316 7
11376 390 3 87 35 160 1
2921 165 1 38 36 361 11
1609 359 1 29 8 278 1
1287 51 3 138 23 26 1
3990 331 3 107 9 327 12
7722 650 2 39 55 53 11
9436 602 1 52 7 191 5
5834 486 1 26 13 109 4
9817 602 2 92 18 146 16
10862 206 1 122 52 387 13
234 442 2 81 47 193 13
9217 18 2 54 39 296 12
7486 103 5 114 34 282 9
9177 441 4 90 32 336 15
5448 140 3 77 31 23 1
5620 110 4 282 27 284 17
169 323 2 90 61 65 12
2987 540 5 93 72 322 8
7363 65 3 88 11 116 2
11355 138 4 175 16 313 7
10949 628 3 58 73 181 2
7668 612 4 121 29 70 6
8601 625 1 28 10 763 11
8793 302 3 182 6 250 8
4610 15 1 73 11 402 20
501 170 1 25 7 274 18
8901 259 2 60 12 141 4
11936 67 1 37 23 418 2
10271 379 4 170 16 185 15
923 370 7 151 36 273 6
8813 81 1 72 41 57 13
5310 284 1 37 63 270 3
7888 50 2 85 60 250 8
1458 465 1 99 41 31 8
4409 503 1 22 26 37 2
6697 46 3 76 36 148 20
10945 141 6 83 27 157 15
6170 154 6 120 27 69 18
9505 369 2 104 12 225 11
926 461 2 341 38 592 18
2961 489 2 91 50 155 12
7475 648 6 73 52 245 11
10 234 1 52 27 296 18
3484 470 1 42 20 517 8
8684 354 6 74 52 292 6
5817 455 4 76 31 251 8
7171 218 6 254 42 71 20
6120 517 1 54 9 337 14
565 223 3 93 60 39 8
449 623 1 63 7 507 8
7113 377 1 133 35 25 4
8468 34 1 63 24 60 12
8696 562 2 223 83 288 20
3892 36 4 74 22 39 4
5755 373 1 51 14 134 20
1562 467 2 50 49 157 16
4656 101 2 80 41 242 15
7248 575 4 154 12 153 11
8819 447 5 153 18 561 3
10810 61 2 41 28 389 19
7497 435 1 218 17 471 20
5140 259 4 108 49 417 4
71 89 1 64 62 112 7
8127 355 1 134 13 48 10
8329 110 4 62 46 94 3
8658 211 1 19 22 278 15
7817 156 1 21 25 57 7
1282 400 4 70 40 64 12
1449 28 1 39 60 522 2
2929 363 1 371 59 519 2
2964 94 1 75 35 56 4
2970 542 1 69 69 29 5
9845 295 1 58 11 53 8
3874 287 1 28 80 529 15
4080 189 2 101 34 164 18
6666 137 4 178 76 529 3
6522 388 1 11 18 80 14
1303 599 2 55 68 348 4
9531 75 1 27 33 721 16
11536 215 1 116 42 245 1
5361 178 6 289 31 536 18
7298 156 2 32 15 407 19
9166 186 3 287 58 257 6
11823 396 3 203 60 50 1
7466 147 1 13 23 33 2
11456 80 4 89 49 125 3
2972 448 1 167 49 34 8
11065 23 1 165 43 23 14
9768 322 1 66 57 628 14
10873 137 2 226 64 453 5
7063 66 4 43 41 304 5
10667 49 2 78 80 111 13
1181 639 3 320 59 212 19
1938 441 1 62 46 695 11
8812 620 1 70 8 369 13
10296 226 2 155 22 530 20
5930 327 2 83 36 37 5
1402 66 1 49 11 110 19
2178 331 1 15 50 255 8
7970 135 3 128 55 25 6
6408 26 1 110 40 53 11
4600 218 1 43 73 302 7
2584 388 6 178 28 26 11
10852 560 2 89 86 207 9
11315 371 5 103 39 185 11
8190 437 1 22 19 461 19
9423 32 1 16 63 284 17
5581 459 1 95 34 591 13
10346 335 1 47 33 173 13
9664 396 3 82 47 82 16
5687 116 5 154 55 392 2
1934 493 3 117 74 212 6
1383 588 2 40 48 228 12
2005 186 1 44 81 633 7
11158 548 2 49 9 572 9
8554 599 3 48 32 382 11
9491 251 7 121 42 537 4
5844 139 8 116 19 43 6
10237 428 1 81 63 364 11
2164 321 1 62 73 663 5
1317 311 3 99 41 281 20
9494 392 5 77 43 186 13
9958 225 2 40 19 114 18
3938 379 1 122 60 248 20
11521 210 1 131 51 384 6
6670 71 3 148 55 562 4
11074 178 2 47 20 318 5
2422 47 4 173 27 221 1
3791 325 2 60 31 41 13
2280 102 2 270 70 231 12
6936 398 1 101 39 75 8
4278 562 4 103 15 341 13
11770 513 6 296 9 234 1
6932 247 1 113 16 407 18
8112 371 1 196 30 553 17
112 364 4 154 42 184 15
7146 279 1 60 64 343 13
2047 272 5 324 37 628 14
1082 271 2 64 16 89 10
10656 327 4 84 35 171 13
3445 485 3 193 13 320 18
2169 545 1 132 75 275 15
2664 597 1 66 15 141 9
6971 237 1 161 62 41 4
5971 268 1 12 28 60 14
2953 38 4 331 31 45 7
11973 238 4 89 25 118 19
7670 197 4 126 47 724 18
1109 15 2 72 65 317 7
7106 80 1 90 50 35 12
8082 598 3 186 47 425 17
10630 647 5 180 30 492 14
4444 93 6 126 40 140 15
7174 267 2 50 43 549 7
10758 475 3 106 47 51 20
7386 81 5 269 42 519 1
10026 386 3 97 26 292 5
6562 373 1 99 51 241 15
3654 125 6 465 11 329 3
1473 81 1 93 27 375 19
5355 161 1 26 56 407 3
5314 51 5 168 30 108 9
9595 266 5 253 67 448 3
2578 108 2 150 19 45 6
2794 634 2 53 49 190 20
11253 645 2 47 26 278 20
4137 106 2 61 49 95 11
407 526 1 44 43 140 9
6895 553 2 74 30 305 5
3606 477 1 134 63 585 1
1936 523 1 44 39 202 17
7133 441 3 71 31 260 14
6455 635 2 64 34 255 17
3530 594 2 67 48 85 15
3050 337 3 61 36 92 2
9788 302 3 161 52 259 18
4013 16 1 47 15 53 14
5801 385 2 79 12 325 20
11360 411 1 204 34 121 14
5323 577 2 164 60 640 9
3818 97 1 34 30 53 2
1522 522 2 95 25 522 8
3453 414 1 135 67 52 7
700 393 3 105 53 65 18
5607 485 1 104 18 298 9
10035 120 1 67 29 204 15
11337 83 4 163 46 93 12
6068 54 5 286 51 64 6
116 183 4 172 19 245 20
2365 524 2 54 23 141 3
5803 448 1 27 25 282 3
10763 204 1 27 15 271 8
4193 573 3 125 16 107 11
2297 590 1 20 28 220 8
271 234 1 59 37 64 5
9623 250 3 90 59 154 17
921 35 3 94 22 374 13
329 425 1 47 61 109 8
6890 284 2 109 10 229 7
10569 611 2 152 30 214 6
7598 127 6 123 45 222 3
10233 176 1 24 32 640 7
1637 280 1 68 13 114 4
4674 594 3 125 49 79 14
7457 107 6 125 37 208 2
8749 132 2 73 36 447 10
11739 81 3 113 47 49 14
11860 604 3 150 35 589 20
4764 549 1 182 33 417 6
9668 192 2 60 13 73 6
5076 312 2 96 48 77 8
1266 213 1 58 35 236 18
5902 635 3 100 87 550 13
4569 281 1 95 30 210 16
11660 68 1 52 27 140 9
4431 444 2 138 28 331 12
3234 414 4 100 34 181 14
10558 419 3 81 32 71 7
10522 458 2 26 40 180 18
2842 286 1 25 29 178 7
10478 581 3 91 64 316 12
6792 271 6 96 21 433 18
4636 174 2 90 37 66 1
6658 129 1 41 53 37 17
3287 445 1 38 70 241 6
3883 408 2 25 70 279 19
6840 526 1 53 51 83 15
2880 478 1 16 51 329 16
10711 199 1 103 13 641 7
728 285 2 46 15 131 12
3723 176 2 94 31 69 3
4518 338 1 18 40 280 20
10125 449 1 29 49 309 20
6040 524 3 220 25 560 8
4038 601 1 94 32 313 9
8491 501 1 58 48 532 15
8576 157 1 133 33 524 18
3365 421 4 106 42 69 10
6611 495 1 27 14 70 20
1665 647 2 205 17 156 18
9933 458 2 358 22 62 20
990 338 1 86 73 635 5
5900 106 1 38 10 487 1
8589 632 1 39 59 167 4
4421 362 3 93 23 175 6
3407 113 1 91 32 32 8
1786 98 3 84 7 288 6
8145 620 1 61 42 198 9
7090 266 2 117 50 45 1
8072 214 3 134 20 473 8
6434 251 1 39 18 638 12
11198 129 5 114 28 292 8
3323 208 1 42 23 203 11
3531 242 1 376 68 615 18
231 340 1 371 11 143 16
6801 649 2 96 43 202 2
3470 174 3 122 45 146 5
5526 422 3 101 28 50 9
5298 219 1 41 24 122 18
