3 29
4 48 80 1024
4 80 88 480
5 48 76 400
2384 596 1 35 50 334 7
1867 265 1 62 48 532 18
791 525 4 117 24 276 6
592 290 3 107 50 299 17
2067 517 1 32 37 573 19
1407 616 2 69 48 509 8
1760 57 2 37 36 389 18
1451 401 1 62 44 92 3
11 324 1 111 18 306 2
1292 94 1 22 53 171 2
1346 254 1 134 44 577 7
695 564 1 82 42 316 4
2022 451 3 126 26 539 11
305 157 4 131 16 176 10
1283 632 2 191 38 138 13
1601 295 2 73 27 234 6
2005 271 1 31 29 765 18
2468 308 1 35 47 139 16
233 157 1 41 17 319 8
1971 623 4 104 45 157 1
2379 426 1 203 24 204 5
1262 432 3 87 25 95 16
382 628 1 64 49 158 12
797 149 1 115 18 316 15
124 33 2 85 52 677 2
1848 40 1 142 46 281 7
1693 341 3 71 32 125 13
605 507 1 37 56 305 1
866 650 1 120 29 286 20
