74 3127
2 32 48 144
7 80 100 960
1 16 24 240
2 32 36 80
2 16 44 240
2 16 16 240
3 16 36 112
7 64 116 944
4 24 48 80
1 24 44 224
4 16 28 208
3 24 20 64
3 32 36 32
4 24 40 80
7 64 112 880
2 32 36 64
1 24 48 208
3 24 16 96
3 24 48 224
4 24 32 64
3 32 36 48
3 24 16 80
6 64 124 736
2 24 12 48
2 16 8 176
8 80 116 544
1 32 16 48
3 24 8 160
4 16 40 48
3 32 40 192
2 32 12 256
2 24 48 48
4 24 36 48
2 24 44 48
7 64 108 752
6 64 128 864
2 32 16 160
3 24 32 160
4 32 32 224
3 32 36 240
2 16 32 192
4 24 48 96
4 32 20 80
3 24 12 224
8 64 112 800
2 24 48 256
7 80 104 864
4 16 48 256
8 64 108 816
8 64 120 848
1 16 44 144
4 24 16 224
3 32 8 256
2 24 28 176
7 64 100 720
2 32 48 224
2 24 20 160
1 24 48 48
7 64 124 992
6 64 104 784
2 24 32 96
1 24 40 48
3 32 8 48
4 16 36 32
4 24 20 48
3 24 16 224
3 16 12 240
4 32 48 32
4 24 44 256
3 24 12 224
7 64 124 576
7 80 120 592
4 16 44 144
2 16 44 64
5041 302 7 398 66 802 20
4765 728 7 510 110 388 11
2188 135 5 317 102 698 17
10127 650 4 235 82 816 18
395 431 7 565 67 294 18
2142 793 6 387 113 518 1
156 518 5 363 94 857 2
297 467 6 502 110 423 20
281 759 6 409 70 878 8
0 762 5 328 105 606 3
313 757 7 318 67 565 1
0 702 7 375 82 326 8
9626 705 6 429 65 412 2
2328 703 7 413 85 789 12
5118 120 8 397 66 454 11
4864 969 8 604 70 300 11
1609 441 6 476 104 389 12
0 860 7 537 60 570 9
5331 237 5 440 52 510 4
4951 659 5 370 75 793 10
0 790 6 427 84 530 17
195 783 6 316 66 697 10
4804 522 6 368 81 690 17
262 389 7 579 91 318 1
9897 902 5 257 93 991 12
280 270 6 329 82 564 17
10008 203 6 338 70 467 9
271 901 7 479 70 446 18
0 275 6 367 84 397 6
2023 617 8 507 58 783 8
9649 611 5 283 75 520 7
2267 779 6 404 89 683 2
99 808 6 376 83 828 8
2029 268 5 301 55 614 18
9867 300 7 326 75 433 4
5070 805 7 628 69 446 20
0 227 7 406 90 877 4
399 151 6 250 112 606 10
2318 847 7 387 108 399 1
328 266 8 397 111 749 19
4781 800 4 245 109 642 17
0 634 6 364 59 677 3
1683 750 7 453 73 510 20
2078 709 7 445 58 584 5
0 835 6 359 66 688 6
1733 146 7 500 75 717 17
0 519 6 318 112 641 5
1961 926 8 463 76 547 4
2397 808 7 530 98 825 3
2061 637 6 338 75 698 6
9850 769 6 301 86 627 20
220 721 5 367 90 543 2
9609 461 7 332 106 374 16
0 235 6 295 95 480 10
2260 749 5 436 71 492 8
4760 126 6 306 98 586 2
1720 562 6 256 108 661 20
0 528 7 541 61 458 12
9879 745 7 505 109 621 2
10001 673 5 262 80 629 12
1916 877 6 396 97 574 7
9661 471 5 372 100 717 4
5198 902 6 373 59 498 8
9703 745 6 436 90 777 11
4626 832 5 309 84 474 20
5308 764 5 479 61 566 17
5334 569 6 346 61 913 17
1882 726 7 417 74 607 1
10092 347 8 551 113 274 7
1610 225 5 295 110 930 9
0 315 6 275 73 703 18
280 668 6 326 92 528 10
4784 276 6 320 71 862 17
1871 985 7 473 78 610 16
9707 263 7 293 113 489 11
0 725 5 368 82 587 17
399 885 8 488 51 567 7
2310 713 8 391 75 658 16
5187 740 7 437 81 688 18
5092 492 7 334 103 688 12
2157 830 7 435 58 406 8
1609 692 7 368 112 598 6
0 943 7 448 102 410 5
1743 214 5 349 78 559 8
5290 399 5 294 100 776 8
2337 489 5 355 104 558 5
2367 346 7 544 79 507 7
10234 862 5 255 51 408 6
9794 177 8 618 73 479 5
0 839 6 351 102 669 17
9743 575 6 314 72 807 10
10104 764 4 272 62 513 6
0 966 7 473 80 505 9
2150 868 6 324 97 438 9
2262 544 6 336 66 487 6
107 743 6 296 85 665 17
4852 339 7 489 99 412 11
2257 372 7 355 107 481 11
10321 734 7 497 70 586 8
5 275 6 383 128 848 20
4735 811 6 387 56 557 1
379 642 6 314 96 793 10
19 747 7 397 62 461 10
1709 708 7 464 116 505 4
5240 716 6 409 73 426 8
2358 582 5 250 80 693 17
4881 750 7 359 60 722 16
1838 363 7 375 90 497 5
4728 703 6 255 54 403 4
10296 749 6 311 79 457 20
5270 719 8 443 96 389 12
2385 979 6 401 81 627 4
0 940 7 432 74 652 6
5047 865 6 283 109 575 11
10306 365 8 371 112 744 2
10365 144 6 370 60 422 9
1616 771 7 341 69 666 5
1715 517 5 334 101 750 10
0 175 5 335 55 562 20
10337 796 7 415 87 503 4
10310 574 8 442 80 364 1
1691 985 5 356 98 554 2
75 199 7 344 71 662 17
1728 823 6 342 89 660 19
0 742 7 356 97 523 7
1915 436 6 332 100 726 10
2329 818 5 210 102 597 7
5062 436 5 399 78 883 20
4754 302 8 440 93 740 19
0 834 5 328 76 576 5
1724 968 8 468 120 560 20
4917 251 7 376 100 477 5
0 625 7 344 91 653 9
4845 989 6 386 109 458 4
1694 591 8 482 88 731 19
5016 897 7 452 94 500 11
2200 153 6 423 72 613 2
1686 371 6 433 97 623 9
242 736 6 537 59 799 11
2253 335 5 337 72 574 10
1710 894 7 327 54 654 7
4967 510 6 370 87 584 6
0 258 6 338 76 812 18
10239 290 8 607 96 482 16
5352 169 8 621 54 440 3
391 771 8 338 91 802 4
5302 199 7 343 116 623 19
195 668 6 298 83 478 19
323 744 5 350 68 744 18
5002 380 5 257 96 605 10
1 764 8 396 109 369 6
9728 610 7 380 81 499 7
2244 653 6 330 96 888 18
0 759 5 335 103 404 17
9617 388 7 441 67 431 9
9732 987 7 497 69 693 3
0 700 6 281 109 784 18
2366 906 7 520 112 583 20
1900 839 6 440 62 495 8
4748 303 8 441 74 379 3
10108 749 6 315 76 656 9
9950 840 7 423 110 570 17
0 453 6 422 79 557 7
0 838 6 426 94 571 5
9757 707 6 528 68 669 2
2028 987 7 380 102 653 17
9873 566 7 344 78 371 19
4630 814 6 339 125 534 5
5366 623 8 350 90 765 19
2360 558 6 353 93 546 16
2060 709 6 342 117 544 4
2319 755 8 466 71 636 1
10150 653 8 610 108 412 12
377 605 7 354 69 461 6
1936 717 7 299 52 766 8
9601 217 5 252 68 454 9
5342 668 7 387 56 391 3
4737 846 7 443 107 562 7
5339 199 8 375 78 789 17
10038 962 6 386 87 450 3
2114 918 5 445 66 956 6
1883 667 7 432 84 671 11
5209 708 7 498 55 380 16
5224 682 7 516 64 395 19
140 431 6 417 64 434 17
1927 168 5 260 120 723 19
4940 558 7 390 104 784 1
9793 881 6 343 92 646 16
5035 338 7 496 65 397 7
2214 481 6 382 107 433 16
0 315 5 329 60 676 18
4748 317 7 439 114 399 19
10368 553 6 469 96 723 5
5362 838 8 440 76 459 9
1835 188 7 416 95 526 17
2031 991 7 486 88 273 16
15 549 7 418 59 636 6
10016 498 7 385 94 736 5
2380 893 5 340 57 677 6
10079 654 6 267 69 360 19
5216 427 8 637 61 336 3
5266 477 5 343 95 886 8
1954 729 7 431 64 460 4
0 394 6 467 66 462 18
4992 955 6 275 55 403 3
312 529 7 457 116 409 2
1618 603 6 520 83 435 11
0 290 8 428 107 768 5
2381 831 7 450 56 364 6
2381 273 5 450 90 691 20
0 689 6 369 84 445 18
2195 534 5 270 54 643 17
2127 185 5 379 114 864 20
9602 906 6 393 101 734 11
1811 242 5 355 55 593 16
0 801 6 358 66 600 11
2312 504 7 603 76 533 18
2017 601 6 555 61 688 11
119 140 8 492 102 477 8
1683 458 6 316 71 611 19
5065 699 6 508 93 397 1
9712 310 6 457 91 577 9
9775 362 6 335 115 790 17
2264 780 5 251 126 467 17
2233 537 6 296 71 457 10
5062 734 7 389 97 685 20
2103 894 8 403 59 744 17
5056 137 4 224 75 754 1
2330 917 6 440 96 558 19
1895 970 5 285 118 541 11
9618 843 7 472 118 311 20
4801 748 7 400 73 892 18
9861 337 6 426 88 566 7
1639 271 7 417 102 452 18
2393 812 6 360 102 528 16
0 492 6 357 81 712 17
2107 832 6 513 92 858 18
2372 723 6 316 55 398 16
10252 189 5 326 60 438 11
1708 700 5 371 50 713 18
0 774 7 373 110 509 10
0 968 6 357 92 776 20
5148 826 5 357 91 516 20
9646 974 5 420 118 490 10
10344 203 6 303 72 580 18
4840 676 6 326 101 639 2
9968 468 7 441 83 386 20
5068 404 7 354 60 709 12
9950 460 6 362 110 642 20
4708 967 5 343 89 728 2
2228 348 6 332 70 443 11
2246 178 6 434 52 636 20
5054 683 6 369 97 355 11
0 926 6 364 51 582 12
2169 929 7 412 91 891 18
10174 158 7 414 104 716 2
10196 572 6 321 65 931 2
5014 138 8 431 57 469 5
2031 713 5 285 110 718 3
90 199 6 413 78 480 2
5278 993 5 364 51 871 17
5191 738 7 470 103 522 5
9982 780 5 308 111 766 10
5062 679 6 271 103 732 10
1956 824 6 401 88 529 20
4757 362 5 402 97 602 8
1868 721 6 304 82 648 2
0 757 6 351 86 543 19
10318 442 7 440 83 619 10
2243 340 6 357 73 580 19
2016 700 5 377 120 456 1
0 732 6 363 100 577 20
9912 278 7 454 46 839 8
5076 886 8 339 65 431 10
284 752 7 388 90 463 8
10246 517 5 274 114 899 12
0 627 6 335 64 856 20
10193 789 7 312 105 612 8
351 551 6 543 74 664 20
28 749 7 362 92 556 20
4927 630 4 210 69 509 19
1799 853 6 559 69 354 11
0 210 7 339 74 463 5
10351 603 8 366 97 805 7
9614 161 6 346 62 431 16
315 912 6 321 66 537 16
2212 461 6 387 91 429 16
2076 196 7 425 61 780 5
0 798 5 477 119 352 17
10254 532 6 416 82 750 17
0 597 6 340 58 868 19
0 611 6 449 85 595 9
5079 727 7 412 63 543 20
0 643 7 448 95 420 2
9601 752 6 365 68 542 19
1 150 7 464 53 384 11
5236 998 6 524 67 658 4
152 146 7 413 76 806 3
5002 747 8 445 89 504 16
9952 795 5 296 77 781 11
10113 957 6 518 107 398 16
0 937 6 381 67 706 17
5105 669 7 378 63 585 17
0 473 5 254 69 505 17
0 217 8 619 62 307 16
10237 912 7 443 105 521 11
9858 734 6 305 88 853 16
4888 998 6 342 66 580 10
4613 734 7 486 68 532 8
2048 285 5 273 62 878 16
9740 700 6 406 59 556 11
198 569 6 365 122 861 8
5126 880 6 398 99 593 12
0 915 7 405 98 643 12
1665 467 5 436 100 482 5
1984 935 6 419 91 933 11
10330 346 6 366 50 448 10
9765 265 6 327 66 413 9
2359 349 8 457 83 684 20
1926 957 7 537 101 400 2
352 835 6 332 73 687 5
10390 823 6 334 55 573 3
1913 818 7 346 88 457 10
5343 135 7 403 118 485 17
1790 700 6 317 65 537 12
2185 687 7 502 76 686 19
4867 274 6 333 107 812 19
2162 937 7 429 104 433 18
5306 834 7 394 67 690 3
5088 845 7 339 108 503 1
0 792 5 281 89 475 19
2105 485 7 393 76 584 17
4643 259 5 268 108 948 18
0 352 6 327 87 460 16
0 557 7 556 75 483 1
5150 768 6 412 66 541 12
10269 545 7 395 71 711 11
5398 698 7 324 73 723 2
4889 551 6 372 85 304 5
0 826 6 293 79 420 17
2351 753 7 432 103 340 4
5094 950 7 374 74 387 16
10028 710 6 412 86 539 8
1896 567 6 303 61 483 1
5250 798 6 394 118 844 3
9781 786 7 408 95 765 12
2158 660 5 313 128 744 9
5072 739 8 543 78 501 3
4924 252 5 255 54 615 19
4910 748 7 560 109 425 4
243 277 5 358 93 591 5
5385 218 6 357 102 973 20
10278 466 6 459 78 513 7
1710 629 6 334 82 734 17
0 628 6 364 109 512 2
1978 301 7 591 86 539 11
10022 226 6 419 93 625 18
10349 788 6 479 70 451 17
1851 387 6 356 99 522 2
0 154 8 625 76 292 11
11 363 5 344 106 482 10
5294 500 6 334 57 781 11
0 521 6 391 56 511 20
2084 978 6 260 68 371 5
10297 143 8 637 83 283 20
10091 605 7 302 66 717 11
0 684 5 282 61 405 4
1920 739 6 325 56 732 16
10340 254 7 346 107 656 9
0 233 8 395 82 771 9
9674 750 6 273 70 526 2
9807 164 5 262 81 551 20
10233 984 6 366 100 615 16
9730 968 6 311 99 808 5
0 626 5 339 100 282 19
65 903 6 447 64 525 16
2016 661 5 319 99 489 6
2200 616 7 427 84 555 5
4747 314 6 255 63 965 8
2312 676 6 349 114 888 19
1719 545 5 374 62 693 17
4705 701 7 438 54 461 4
1787 727 6 447 63 522 8
0 837 6 381 103 549 20
178 245 7 308 112 654 8
10171 197 6 355 78 581 7
1868 519 6 313 52 831 2
10376 712 5 293 85 780 9
56 725 7 323 58 747 18
4798 990 5 367 92 682 3
4866 677 8 510 106 673 1
4623 198 4 227 68 547 5
4818 587 6 320 114 270 7
115 531 6 440 82 561 2
1624 149 6 422 87 480 5
4954 973 7 507 84 787 18
284 876 7 425 56 637 10
4864 712 5 282 79 560 2
38 517 6 552 50 494 16
0 609 5 421 51 752 12
2027 727 7 425 57 739 18
0 741 7 327 114 634 1
0 344 7 441 111 705 8
4674 273 8 384 75 789 20
10250 829 6 268 115 762 5
5176 599 6 529 94 501 2
10267 790 7 552 68 688 16
197 475 7 481 111 410 20
229 329 5 414 87 494 20
5138 817 5 250 96 485 4
5073 650 6 355 68 485 6
5343 782 7 483 107 473 9
295 337 5 291 58 498 18
324 466 6 318 77 533 16
9694 771 6 290 59 893 17
0 588 7 486 76 868 3
2077 782 8 492 80 736 3
9718 930 6 438 98 934 9
190 415 7 366 65 421 7
2335 950 5 299 100 628 19
9858 122 7 563 61 250 4
245 901 6 469 83 755 18
0 700 7 337 70 500 16
10028 237 7 556 81 324 20
170 847 7 448 72 984 4
2011 457 5 342 68 724 20
5286 798 6 421 117 661 5
1954 181 7 471 82 586 17
10088 786 6 441 76 848 20
2136 767 7 361 77 503 18
2085 865 7 517 88 677 3
4732 620 8 511 109 461 10
4777 427 7 474 50 666 6
9634 797 5 368 62 520 6
4981 911 6 375 58 260 11
0 822 6 480 61 504 9
9851 965 5 377 57 688 12
10160 754 6 415 95 812 6
10224 787 4 235 103 708 3
9759 954 4 213 115 437 20
0 745 6 338 84 430 7
10314 906 6 362 47 759 1
2213 795 8 453 107 451 16
5140 823 5 354 128 653 5
113 329 6 339 63 570 19
4688 576 7 370 99 369 17
209 785 8 454 105 574 12
9971 941 6 422 71 572 6
5195 178 8 427 72 550 18
2394 596 6 310 70 394 16
271 862 7 336 98 456 9
4947 896 6 404 71 432 19
126 710 6 418 87 474 18
0 822 6 422 96 532 11
1789 395 6 353 61 832 11
4889 366 5 357 113 529 8
10315 696 6 423 97 829 7
5184 734 5 317 94 772 6
10201 738 5 277 53 610 9
10224 761 7 499 109 385 6
0 940 7 402 111 659 8
9635 827 6 271 91 671 16
0 778 7 352 82 849 20
145 599 7 595 112 368 17
10285 858 6 256 122 851 11
0 822 6 499 116 473 11
10124 377 7 365 70 483 16
383 970 5 348 96 532 19
1644 800 6 404 77 522 5
1620 814 5 375 112 412 19
4740 386 5 359 52 505 3
5185 682 6 396 76 857 16
4862 714 6 456 55 734 6
360 150 6 407 104 306 18
9697 801 8 434 59 777 10
10134 123 6 251 83 653 12
5012 663 7 361 70 799 20
10125 126 7 467 92 429 9
9790 805 7 429 82 936 9
1637 152 6 385 71 595 5
2209 130 6 378 92 561 10
5066 458 7 374 79 458 6
2372 495 7 449 78 685 20
8 784 6 433 54 693 8
10082 872 7 398 90 453 1
9786 140 7 376 86 597 1
4614 835 6 303 119 770 1
5315 453 7 400 95 700 12
4810 151 5 393 92 785 5
9850 845 7 334 74 425 16
9764 126 7 490 84 797 19
2201 644 7 375 78 483 1
1640 805 7 365 73 542 4
9702 234 6 383 77 507 16
2316 947 5 344 93 667 8
4694 554 5 264 94 462 19
0 823 8 459 92 441 18
10139 864 6 339 107 848 4
5275 422 5 273 64 722 6
2013 499 7 328 55 534 10
9808 402 7 446 109 852 20
10004 231 6 424 101 624 6
250 537 6 340 99 876 4
4650 551 7 348 115 686 11
4666 791 5 365 81 559 18
5397 409 5 333 67 567 7
31 132 7 467 53 450 5
1815 911 7 313 62 769 9
264 533 5 270 96 592 8
55 990 6 449 106 435 16
5040 745 4 216 76 405 3
5146 739 8 462 62 687 11
1911 496 8 395 96 717 20
9892 777 7 319 77 719 20
1794 253 6 339 116 786 16
380 707 7 495 106 388 2
4868 496 5 251 83 867 9
5160 825 7 423 101 344 18
9872 494 5 346 95 478 8
4840 207 7 381 73 747 4
10387 149 5 370 61 548 11
9634 836 8 383 89 494 4
1630 460 5 424 90 810 8
9761 596 7 541 74 431 12
9886 416 8 358 58 765 16
4822 887 8 473 70 469 3
9677 810 5 479 92 316 2
5295 803 6 525 105 372 9
1973 567 6 390 62 329 16
2311 194 8 413 93 707 12
1955 911 5 270 122 725 4
15 501 6 401 59 472 17
5142 537 6 254 75 634 9
9925 866 7 552 114 319 9
27 207 8 475 108 761 3
65 794 8 351 117 614 11
224 549 7 310 60 911 18
9958 385 7 445 73 599 6
1891 397 8 627 54 536 9
4988 886 6 354 56 850 9
0 481 6 416 84 683 1
4744 254 5 294 77 659 16
4756 792 7 356 105 721 10
9908 876 7 373 60 530 9
10272 809 7 417 63 746 8
10038 823 7 474 108 367 9
9798 461 7 394 75 573 5
4853 528 5 253 53 367 8
4868 197 7 317 66 767 7
4725 840 5 376 82 376 19
2387 808 8 386 105 461 20
1762 344 6 260 84 623 20
5102 659 7 438 60 575 12
10123 691 7 379 52 640 1
2271 412 8 490 98 408 1
5296 327 6 338 116 685 1
2228 866 6 272 103 428 17
5046 712 7 344 59 824 8
10064 701 6 325 98 722 10
197 782 6 427 95 631 5
4793 480 7 412 71 516 16
4891 567 7 419 77 875 4
4832 540 5 268 107 799 12
9997 829 4 272 69 819 10
10246 139 6 361 79 743 18
2062 132 5 316 60 704 10
2071 838 7 536 90 452 2
9826 468 8 487 89 504 17
4920 841 6 490 51 849 9
10120 848 5 367 90 663 6
158 855 7 369 96 781 9
2133 316 7 369 120 486 6
9892 329 6 530 73 952 4
2212 708 7 376 96 843 7
2214 640 7 393 92 900 2
0 645 5 272 114 733 1
9672 882 6 403 99 612 18
10116 153 6 355 60 542 2
1929 740 6 419 86 740 19
9873 626 5 340 90 434 17
9674 652 5 383 53 589 2
4839 719 6 376 95 356 6
10236 708 7 386 75 550 4
292 616 8 418 97 465 5
1957 955 6 438 90 819 18
4958 421 7 483 67 422 18
9813 247 6 310 96 703 5
4701 757 7 373 92 479 2
126 672 6 358 99 430 7
10191 1000 6 313 82 657 6
315 415 6 347 89 648 18
222 151 7 412 116 323 17
4894 718 5 476 70 665 11
0 725 6 488 95 490 6
5330 505 6 404 90 761 18
284 490 6 471 55 617 5
5020 178 7 485 67 683 1
9671 632 7 339 114 701 1
350 550 6 266 61 454 5
10013 748 5 436 96 815 20
2208 716 5 452 118 371 5
2367 439 5 310 122 471 12
210 870 6 392 81 748 11
0 832 6 489 92 861 17
4621 959 7 463 79 379 20
4878 152 8 492 89 764 2
10114 671 6 360 69 489 17
5321 309 6 314 76 647 8
5073 261 7 437 96 523 4
10359 352 6 315 68 922 1
0 274 6 465 50 525 5
1773 706 7 481 56 376 17
5258 591 6 300 91 672 18
2220 727 7 326 68 539 9
2227 985 5 343 71 930 16
1754 795 7 612 83 257 3
1908 867 7 585 63 428 1
1908 841 7 362 87 687 11
10244 166 7 501 56 725 7
2368 250 6 310 84 853 16
4673 728 6 405 69 437 7
1832 676 6 431 80 413 1
0 491 8 418 96 552 3
2373 612 7 375 95 772 7
52 774 5 382 51 651 19
9888 874 7 420 71 530 7
5394 749 5 269 84 927 19
0 488 7 361 95 728 17
1852 793 7 396 59 875 20
2007 706 6 389 62 562 2
0 731 7 419 89 619 7
1711 137 8 456 100 785 19
4825 772 6 281 68 851 16
5147 746 7 357 66 747 1
0 764 6 270 72 431 5
2358 841 5 340 99 444 4
10025 969 6 453 78 776 17
10034 439 5 304 67 630 6
2206 691 5 275 58 649 11
4912 664 7 384 94 419 12
10337 445 6 319 106 449 18
2097 563 6 369 97 580 3
10231 710 6 290 115 920 8
0 774 6 380 94 931 10
2396 791 7 400 96 553 7
0 745 5 377 77 689 4
1642 543 7 572 66 314 18
2325 838 8 347 78 451 9
5316 843 6 445 58 742 9
9804 375 8 342 101 460 8
0 309 6 343 66 713 6
2349 701 6 353 52 667 18
310 905 4 270 114 529 1
4783 997 5 456 59 516 10
1951 775 8 391 90 647 17
127 368 6 443 103 803 6
122 709 6 441 59 475 7
269 340 6 295 106 770 2
10296 674 8 380 81 544 20
2087 409 7 382 119 517 18
4862 681 6 388 72 494 19
2296 823 6 529 78 352 12
5187 499 7 382 64 823 17
373 787 5 379 70 710 19
4642 592 7 463 88 569 18
0 596 7 423 61 448 1
281 818 7 442 101 793 2
5113 529 7 358 91 550 1
2317 694 6 458 94 563 20
0 641 6 374 104 704 8
227 889 7 379 99 779 3
10380 852 7 342 79 674 2
1923 331 6 410 91 554 6
4948 661 6 414 80 706 8
1974 852 6 314 91 570 16
9892 271 5 268 91 429 4
313 300 6 297 78 605 10
10071 742 6 474 80 334 6
0 842 7 478 69 456 2
0 802 7 335 96 647 4
124 218 5 332 67 810 3
5137 610 5 332 68 459 9
9958 380 6 445 56 345 5
10398 755 8 428 93 813 10
9846 746 7 478 68 475 1
0 425 5 371 53 814 4
9690 820 6 497 84 835 10
90 495 7 338 97 395 19
5344 254 6 361 120 683 1
2360 268 6 367 90 785 8
10191 899 5 373 72 722 7
0 266 8 557 59 448 19
313 690 7 459 70 523 9
2243 908 7 408 60 511 8
1644 813 6 388 65 762 19
2170 434 7 476 114 542 16
0 744 6 362 93 662 5
9886 818 7 437 71 693 19
4971 945 8 409 76 603 4
315 966 6 315 54 887 7
10005 956 7 423 77 529 12
0 786 6 332 122 878 4
2158 197 6 414 98 737 3
9718 297 6 428 58 620 4
9889 992 7 329 77 664 17
130 846 6 369 53 752 18
9623 661 7 495 114 390 19
0 726 7 347 96 417 9
5272 810 8 508 111 805 5
1859 633 6 549 92 953 10
1983 544 6 416 95 942 16
10379 626 6 377 57 793 7
2023 642 7 337 85 760 1
5242 557 6 542 56 432 8
190 354 8 440 71 434 10
1816 837 6 378 84 577 9
9778 216 6 367 104 628 2
2307 820 6 393 64 491 17
9610 663 7 429 66 681 9
9798 241 8 382 92 454 10
4600 923 7 395 67 840 18
10383 944 5 375 106 648 16
0 706 6 426 69 730 6
10365 808 6 409 82 554 6
343 287 7 358 56 781 2
230 965 6 421 70 820 19
9645 995 7 444 68 595 18
5221 414 7 343 120 735 10
0 645 5 335 78 454 8
2356 429 5 475 89 382 2
9823 689 6 415 91 734 4
4868 827 6 357 88 794 3
1869 647 6 255 81 566 16
1872 134 6 448 71 677 19
4895 575 6 293 108 449 9
5285 930 6 383 49 915 20
80 166 6 402 55 393 17
309 483 4 290 102 500 6
2063 228 7 425 78 412 18
0 771 7 372 69 753 19
4828 364 7 402 85 810 19
5180 789 6 374 103 383 18
10242 544 6 439 111 865 1
4762 174 5 450 111 278 8
2323 841 5 384 97 717 18
9854 326 6 276 78 407 10
2096 434 7 499 61 522 5
10374 362 6 379 102 650 18
0 519 8 450 63 515 7
4842 737 7 356 65 775 1
10093 822 8 475 72 460 20
308 167 7 294 73 649 11
9791 268 7 363 81 556 10
5274 977 6 540 112 456 7
340 832 5 383 90 727 20
1649 484 7 368 76 461 17
10031 646 7 335 77 402 5
1876 133 8 608 103 275 2
4647 825 5 280 88 729 12
10216 951 6 379 86 498 20
4910 384 6 296 86 600 9
2026 742 5 256 89 769 16
5181 646 7 353 100 606 20
296 256 5 276 91 667 17
1710 198 7 424 77 673 12
85 794 6 446 65 473 18
4877 718 7 301 54 670 9
2194 176 8 471 89 652 10
1818 882 7 381 102 577 18
62 812 6 351 67 898 18
2015 774 8 442 52 480 7
4904 954 8 460 51 504 2
2010 144 5 270 107 525 8
0 123 6 264 83 804 11
1701 488 5 341 87 479 16
2158 717 6 462 114 342 7
5170 838 5 319 82 378 10
5181 672 7 458 94 409 12
0 284 7 436 111 800 12
4879 728 5 432 104 794 7
14 709 7 328 108 790 11
10141 880 7 555 64 810 11
9847 744 5 309 128 491 12
10147 240 5 273 95 478 5
10373 315 7 337 67 369 6
0 255 7 427 110 962 10
53 586 5 337 71 571 16
0 905 5 448 118 340 16
10083 835 6 412 99 437 3
98 437 8 506 92 368 20
24 654 6 297 79 684 19
10234 609 6 389 53 705 20
120 820 7 385 78 380 5
10369 774 7 580 90 438 18
2031 939 6 471 61 645 16
9644 527 5 406 71 493 19
2204 776 7 364 102 438 9
68 702 5 321 100 584 19
136 543 6 402 75 452 7
1677 777 6 409 47 899 19
241 915 6 374 82 624 18
5018 332 5 316 91 461 4
4859 680 5 314 80 501 2
0 352 6 427 59 842 3
0 807 5 448 84 447 1
4705 320 5 261 86 638 8
9905 584 7 501 100 263 19
5052 435 7 534 81 482 6
10387 924 6 334 80 716 4
22 941 7 387 64 532 16
335 347 8 430 99 490 7
10332 815 7 417 60 375 9
1619 368 7 372 99 610 19
5105 962 7 545 86 468 3
0 221 6 370 99 716 1
0 537 7 388 85 680 12
5062 940 8 437 103 769 19
10082 816 5 387 74 420 10
2316 737 6 370 72 357 3
5347 349 7 353 97 641 17
1728 518 6 330 74 595 4
4969 721 7 340 83 418 4
10179 780 6 313 63 502 9
1783 723 8 375 92 482 1
5016 973 7 401 57 715 6
5095 819 5 356 81 461 19
35 133 5 346 80 406 4
184 796 5 313 90 448 2
83 343 6 514 114 580 3
145 257 6 368 82 278 3
2358 960 5 382 98 545 17
2365 437 8 362 73 788 6
2192 725 6 492 60 460 19
1736 207 6 315 91 479 6
4973 769 7 399 78 947 17
1663 310 5 373 101 402 6
4704 282 7 464 60 485 16
0 324 6 356 94 403 8
10367 332 7 366 81 408 18
1959 748 5 306 82 698 11
10021 596 6 335 103 525 19
0 893 5 350 66 465 12
5225 657 7 355 58 507 3
1628 237 5 345 62 480 7
2285 667 7 430 86 763 12
10261 865 6 381 88 491 16
0 503 6 277 75 592 5
1639 614 6 359 59 723 18
4819 203 6 424 76 414 1
1714 259 6 393 121 783 2
2249 594 7 427 65 924 4
2392 821 5 320 96 740 20
0 486 6 409 53 399 19
9863 631 7 418 108 686 8
5057 708 7 370 48 823 7
5130 691 7 426 66 395 10
10309 144 5 327 94 571 8
1808 506 7 325 77 600 9
0 641 7 337 56 592 5
4915 983 4 293 58 543 7
5178 837 6 310 66 860 17
0 448 6 326 70 446 16
64 743 6 316 84 708 17
1762 676 6 362 81 503 12
2265 146 6 258 86 852 9
10200 639 8 514 64 490 18
1726 160 5 256 51 586 18
0 666 6 343 49 561 18
10173 703 5 380 105 486 3
97 152 7 431 79 476 20
5118 930 7 361 109 562 1
2342 858 6 367 57 490 20
4861 495 6 273 54 573 10
216 803 6 294 67 507 9
10021 712 6 370 71 744 20
5217 855 6 346 72 561 20
9669 824 7 344 99 599 8
9869 275 7 435 95 703 18
10295 716 6 319 71 452 10
0 246 6 338 59 858 7
1765 269 7 447 68 621 5
0 579 6 358 76 831 1
10261 200 6 404 69 492 17
1852 955 6 536 88 956 19
1910 374 6 334 111 779 16
9949 811 5 333 48 396 8
149 461 6 424 101 745 1
9989 938 8 363 107 514 19
0 817 7 299 85 775 1
242 738 7 344 50 736 16
4775 717 8 369 87 752 1
10025 719 6 282 86 838 5
10373 167 5 313 72 277 6
10015 138 7 474 115 480 18
10311 740 7 373 100 451 2
1940 714 6 409 69 942 4
10149 610 6 311 84 625 18
0 980 6 332 91 545 20
4768 833 6 280 51 692 5
1937 718 5 310 128 612 11
0 760 5 317 94 669 20
0 616 7 327 91 607 17
2200 382 5 312 102 537 8
2373 524 7 442 111 521 11
4763 349 5 256 121 872 6
0 758 6 423 108 630 6
4681 623 5 370 56 459 11
4867 136 7 347 110 513 9
5200 512 7 447 91 626 11
10186 456 7 454 70 441 17
2063 217 5 330 98 471 6
0 779 5 332 82 628 6
1836 906 5 287 87 882 19
246 762 7 450 74 846 2
0 291 6 434 102 442 20
9927 750 6 371 87 845 8
0 748 7 309 101 460 7
4921 274 8 422 103 642 18
0 663 6 417 90 864 16
5389 778 5 358 83 870 18
5186 694 7 324 65 423 6
1635 743 5 336 94 633 10
10214 779 6 447 90 770 11
10126 816 5 371 67 814 19
5217 961 6 331 108 714 18
9620 219 5 404 75 743 4
0 932 8 421 71 385 12
0 297 5 296 76 647 10
234 255 5 253 68 682 18
2008 879 5 317 89 605 19
0 711 6 420 86 408 18
4898 698 8 606 59 464 16
170 547 6 318 80 646 4
4769 761 7 410 56 448 10
292 903 5 370 86 417 5
310 668 6 313 75 426 2
146 402 5 272 60 741 17
10275 918 6 462 110 575 8
10190 734 8 497 107 517 20
300 348 6 307 61 555 20
10344 147 6 368 86 469 9
1684 461 6 310 116 815 20
5056 409 8 565 75 307 6
0 648 6 408 58 436 20
4693 995 8 385 68 778 11
2019 314 6 410 116 458 4
2266 349 7 426 101 774 19
2149 799 6 323 107 854 3
4884 712 5 371 106 484 3
292 789 6 504 79 550 12
0 321 7 408 57 875 20
4712 889 6 451 48 608 1
300 945 7 455 81 741 17
9845 345 6 363 72 552 9
5110 754 7 448 64 800 20
339 326 5 363 62 638 19
1706 849 6 374 46 682 12
1661 199 8 392 78 655 7
4948 148 6 385 117 269 10
10360 485 6 315 57 740 11
1835 729 7 364 91 757 10
1797 809 5 468 47 776 6
5227 631 6 517 51 535 6
1686 722 8 505 106 687 17
9864 962 8 399 63 772 20
0 372 6 525 80 507 8
0 575 5 367 58 547 2
130 725 7 434 56 432 12
5040 243 6 288 101 489 10
4725 801 7 425 80 715 6
53 438 5 281 105 583 3
388 280 7 442 70 336 10
5268 757 5 342 82 423 11
2228 559 5 377 78 875 16
4629 359 5 279 109 573 5
0 200 6 259 65 410 17
9956 717 6 552 111 316 18
154 914 5 314 58 688 17
2153 703 7 360 84 438 10
9864 765 6 489 101 419 8
1788 631 7 365 103 374 19
10224 763 5 353 58 586 18
5155 377 6 300 68 856 9
1733 463 7 336 107 459 7
4621 252 6 376 64 491 3
11 845 7 370 110 728 16
0 776 7 500 97 580 20
9910 605 4 320 119 777 1
10091 408 6 432 64 762 17
5308 450 5 356 71 395 9
306 293 7 433 63 665 17
4846 758 6 430 50 441 3
1626 819 5 314 105 488 8
0 332 6 379 112 653 8
9701 406 7 355 86 762 9
61 920 6 295 84 857 3
10159 819 5 279 94 614 17
128 729 5 363 61 717 7
9977 810 7 423 82 655 18
9891 968 6 404 107 698 4
4861 125 7 549 57 260 12
1878 701 7 402 79 694 20
5315 233 5 215 115 465 17
4950 724 6 294 116 867 3
2132 823 7 426 95 287 8
2233 750 6 302 71 452 19
4853 673 7 332 103 508 17
2126 509 8 453 88 410 3
0 381 7 421 65 510 17
0 833 5 403 78 572 18
4887 811 7 441 56 414 12
2361 735 5 394 104 546 18
0 396 7 503 79 473 8
197 983 7 352 70 672 19
10077 193 8 552 86 423 19
314 815 5 255 90 550 1
1912 863 7 391 90 378 4
1968 966 8 439 70 398 12
374 247 6 305 101 627 11
4746 372 6 484 70 410 16
2050 888 5 256 99 708 8
9912 157 6 475 73 800 18
4843 225 6 363 86 764 16
4775 442 8 401 64 539 20
203 712 6 395 110 727 17
5090 836 6 328 60 496 8
239 530 7 322 72 736 1
0 669 4 320 112 391 16
0 353 6 346 101 622 9
9977 497 6 351 70 526 2
0 811 6 431 104 909 3
4697 928 8 386 82 577 19
4651 282 6 265 73 715 20
2239 830 6 370 75 754 5
33 958 5 215 115 664 2
0 177 6 325 75 677 6
5398 805 7 388 102 497 3
4667 294 6 432 97 719 18
2263 122 7 298 68 600 9
370 863 7 440 71 598 19
5294 767 7 321 88 657 9
2394 759 5 268 115 756 19
4868 256 6 436 95 923 20
0 552 8 373 68 618 1
10334 829 6 349 92 393 17
2054 893 6 441 70 383 6
5277 454 6 298 98 460 6
2154 375 8 561 70 439 4
1666 450 6 318 117 853 2
10122 431 5 255 71 783 2
0 803 6 439 89 618 4
106 768 7 386 77 667 1
9690 750 6 290 99 654 11
0 513 6 371 87 596 8
1878 248 7 492 53 678 2
10130 856 7 349 105 775 10
1978 723 6 344 75 449 3
5165 486 6 303 101 772 5
1745 523 4 299 105 846 11
1974 827 7 422 72 493 4
5053 146 5 313 116 505 18
5384 779 8 492 67 504 4
118 900 7 400 69 530 5
1952 370 7 399 69 488 6
9837 381 7 360 51 773 4
1747 500 7 588 107 443 12
121 807 5 370 79 583 4
5117 630 5 233 109 563 10
2310 943 7 388 58 492 19
10107 843 5 273 65 864 2
257 260 7 556 102 324 1
1770 165 6 284 108 546 11
250 974 7 523 62 812 5
9755 187 8 559 82 252 17
1914 758 7 365 64 674 11
10078 196 6 373 62 728 17
0 855 7 301 84 749 12
5072 373 6 417 73 416 6
64 747 8 490 57 511 16
2339 647 8 351 94 424 9
2068 813 5 313 99 740 19
5358 609 7 438 99 535 11
5071 216 6 484 73 923 9
4832 644 6 437 111 372 18
10000 328 7 312 88 644 4
10142 780 6 355 58 714 18
1784 725 5 257 99 795 18
2307 179 6 352 83 676 17
9703 148 8 372 53 742 5
10008 981 7 437 91 683 19
5120 237 6 374 84 590 6
4699 378 5 332 80 934 9
2039 269 6 323 67 602 20
4627 705 6 462 53 701 11
0 783 6 394 88 682 9
9608 796 6 410 62 750 3
2343 887 5 362 65 496 11
9628 616 7 542 67 470 6
9956 190 7 383 71 653 19
9650 684 5 375 103 476 2
10206 664 6 299 99 345 17
4755 879 6 437 89 404 3
0 750 7 412 79 801 3
0 888 6 291 96 704 11
0 803 6 316 64 855 19
1945 796 5 366 62 816 10
10014 621 6 279 88 510 17
9765 256 5 334 101 833 19
5381 277 5 320 112 579 19
5264 475 6 331 96 504 12
19 934 7 398 95 779 1
9887 128 7 378 61 607 17
9640 492 7 489 57 796 3
5093 332 5 293 85 799 10
5307 360 5 458 62 470 6
2204 812 7 530 77 767 11
4612 981 8 509 97 730 5
1891 416 7 414 93 581 19
0 274 6 364 71 593 2
0 810 7 454 76 484 17
4908 327 6 311 70 787 20
9939 761 4 248 70 796 2
0 963 6 428 89 833 10
9916 339 7 462 98 635 16
242 429 7 441 103 763 3
9800 982 8 432 66 402 7
195 828 8 538 114 542 7
4909 726 5 259 98 498 6
4877 740 5 384 87 713 6
9900 270 6 472 69 948 2
0 305 6 550 78 466 2
2318 671 8 361 107 617 19
2285 649 6 419 75 555 20
2247 371 7 532 70 313 10
5147 296 8 623 108 436 9
9996 709 5 379 59 797 17
138 275 7 432 86 602 10
46 713 5 302 106 592 16
1723 936 8 380 92 457 5
5024 862 6 379 54 640 19
2302 794 5 327 68 852 2
9702 785 5 384 72 779 6
0 562 7 377 50 527 20
4641 783 7 545 49 796 10
2057 133 6 317 85 817 2
9645 917 6 314 67 683 1
111 955 6 540 78 357 6
9709 816 6 507 97 570 4
9638 977 8 436 113 759 8
10233 915 8 456 105 649 19
5259 746 6 423 98 436 5
2264 189 7 382 51 562 6
4809 531 7 462 87 509 8
1904 992 6 324 109 775 12
4600 712 5 287 95 806 7
10206 918 6 396 112 452 17
10147 139 6 336 103 742 19
5050 566 7 458 94 432 16
304 986 5 369 101 550 3
2091 938 6 394 65 403 11
4806 842 5 263 89 616 2
5041 518 5 420 102 521 18
280 456 6 292 61 762 20
5328 807 4 312 125 499 6
4804 444 6 273 55 619 2
1677 747 7 339 112 939 16
4827 985 6 453 70 417 19
9844 895 6 412 88 776 9
4955 978 5 288 64 444 18
10041 835 6 316 99 628 16
5058 992 7 503 52 374 6
1672 146 8 549 66 494 10
4828 784 6 335 81 400 16
2195 383 8 344 111 642 17
9715 951 6 474 91 535 2
9705 535 7 360 62 711 9
5194 787 8 414 104 631 9
1638 882 6 386 66 709 10
10073 208 7 326 71 826 7
10051 268 6 471 71 402 5
9614 131 5 330 81 465 7
2003 805 5 292 103 948 7
323 507 6 297 55 775 19
2333 842 6 360 81 532 2
4942 656 6 425 55 864 7
9829 716 7 422 102 549 5
1658 468 6 317 71 429 20
10275 983 4 266 90 393 18
2016 875 5 390 116 507 16
1821 975 5 257 127 662 3
2262 414 7 465 73 492 17
1855 849 7 393 108 460 1
4649 737 6 300 70 651 5
10356 534 7 341 67 950 11
4900 828 6 389 113 515 11
4798 721 7 496 66 653 9
4741 339 5 372 85 626 16
9884 956 6 306 82 815 10
0 328 5 322 96 848 4
10127 188 6 332 92 842 10
10326 461 5 266 101 544 3
4959 660 6 295 101 842 20
5184 495 6 531 71 532 12
1898 265 7 325 82 856 4
5369 774 5 267 127 650 12
0 502 7 496 98 657 20
10219 968 8 445 55 833 1
4622 714 6 300 93 446 9
0 585 6 334 111 815 18
0 455 7 386 108 432 11
2066 809 6 354 61 567 10
1792 443 7 425 61 740 8
4737 450 5 396 93 651 16
9999 264 5 304 74 908 11
9681 126 6 432 88 559 1
0 995 8 423 66 557 1
2305 238 5 276 77 662 20
396 440 6 367 103 580 20
10161 890 7 464 102 649 5
279 209 6 476 69 404 20
1922 247 6 382 92 386 11
2270 956 8 524 91 416 5
306 860 6 554 78 381 12
1945 741 5 468 56 578 16
9635 614 6 340 58 763 4
9904 788 6 358 92 460 17
390 152 8 374 104 598 8
1932 724 5 345 107 602 17
24 928 7 430 110 708 5
4904 849 5 343 57 688 8
4771 784 5 381 99 469 11
1932 880 5 221 74 615 18
1654 809 7 509 71 434 5
2087 811 6 339 91 744 4
0 347 5 267 90 512 1
5022 736 7 472 67 286 19
108 820 6 446 88 325 4
2128 846 6 358 64 446 5
4687 872 6 263 61 604 8
4668 705 7 374 66 525 8
1742 836 6 469 66 251 12
10245 850 6 394 85 465 12
5227 956 5 464 56 739 2
143 880 7 400 65 695 18
10011 272 7 381 115 451 18
1832 812 5 291 106 980 8
10179 667 7 316 56 841 9
2205 704 5 457 70 843 12
5345 366 8 485 61 564 12
355 835 6 402 63 412 18
4864 516 5 279 80 458 8
9615 506 8 475 107 532 9
0 997 7 350 105 713 19
96 877 6 457 95 919 16
10174 765 7 443 52 815 19
10107 361 8 543 73 479 4
0 380 6 556 64 793 12
4949 252 6 558 77 278 16
0 289 5 330 115 726 17
10011 512 5 417 88 559 9
146 585 5 259 110 567 6
5 658 7 379 59 387 9
4860 678 7 376 50 828 1
9837 466 8 501 75 315 6
388 845 6 449 75 530 11
0 703 6 419 54 921 18
4619 731 7 509 80 311 18
10078 900 5 422 100 391 3
9637 848 5 370 110 314 16
240 397 6 301 57 829 11
10110 474 6 316 86 397 3
49 982 8 420 53 432 11
0 364 8 488 90 305 1
9800 933 6 318 52 587 2
2077 838 7 454 81 672 2
10157 239 7 475 56 488 8
5000 401 7 324 59 554 5
9964 914 6 327 69 771 5
0 911 8 446 106 813 4
10300 798 5 251 93 435 11
1782 555 6 275 123 443 8
1969 354 6 391 98 472 16
0 381 7 341 93 408 17
1851 505 8 518 109 477 11
10127 727 6 400 53 637 7
4662 892 7 409 110 521 17
2053 615 8 371 60 514 17
1971 454 6 419 117 482 16
10305 386 7 539 94 682 8
1695 547 6 313 99 362 8
2383 470 6 434 95 413 6
5278 756 6 420 90 732 10
2169 992 6 329 99 817 4
0 474 6 505 75 934 9
10305 750 6 330 71 580 2
4639 907 7 394 72 519 16
5356 899 8 450 95 407 12
0 300 5 321 103 438 20
9708 871 7 612 93 376 8
0 381 7 543 77 523 3
388 531 6 426 64 911 17
4905 798 6 313 53 515 17
45 335 5 256 101 689 7
1867 996 6 383 55 493 6
1606 211 6 373 76 524 18
0 608 5 339 80 391 3
9668 763 7 567 96 502 2
1915 187 7 362 98 743 18
1770 801 6 394 78 526 8
1788 860 4 317 77 541 1
10246 774 6 316 89 689 8
9850 405 6 363 71 624 7
9809 875 5 323 47 858 8
9683 510 6 258 98 753 5
1700 663 6 347 91 621 8
4997 840 6 265 85 642 5
90 945 7 513 108 510 3
9717 812 7 427 57 686 3
5083 394 5 360 58 769 7
327 773 4 221 86 596 17
5113 968 7 383 98 653 3
0 512 6 327 99 718 16
9759 462 6 404 78 384 2
10161 330 7 495 104 289 1
5347 840 6 321 81 815 11
2033 972 6 465 77 765 16
5049 797 7 474 111 681 7
394 269 6 416 98 752 7
4805 850 8 361 95 675 10
0 647 4 284 108 565 8
9821 315 7 402 79 660 2
4838 753 8 449 77 463 18
2226 570 6 318 90 743 19
4869 834 6 301 73 766 17
67 367 7 559 78 718 12
9721 647 8 372 68 442 18
226 523 6 382 87 372 17
9852 271 6 347 103 818 3
9926 960 5 309 56 821 5
10298 942 4 294 78 569 16
10383 513 7 474 89 559 16
1855 710 5 351 99 827 17
9964 830 5 348 74 427 19
1963 957 7 353 84 770 17
10306 357 6 338 67 667 5
2026 200 6 261 68 939 5
4835 482 7 374 108 731 6
2001 351 7 362 107 905 10
9679 543 6 345 53 806 20
202 576 8 613 78 454 17
10175 329 6 423 61 670 2
2083 759 7 314 95 794 1
308 742 7 359 76 723 12
0 982 6 349 66 629 2
4779 272 6 462 77 721 20
0 502 5 415 58 826 7
4801 903 7 382 63 795 7
323 210 8 370 60 526 8
9818 777 7 425 107 429 16
5224 892 6 447 70 869 10
5073 709 5 378 63 484 10
1862 716 8 386 80 494 19
2129 813 6 337 84 467 6
4933 602 8 463 97 545 20
2127 901 6 486 90 313 16
5148 830 6 366 99 615 5
2343 282 7 293 91 533 18
4718 253 7 399 91 736 2
1829 652 6 416 92 507 6
9979 825 6 394 61 751 20
384 641 7 424 71 629 19
0 732 5 335 54 630 12
0 687 7 320 55 635 3
4927 677 6 322 95 556 6
9826 996 6 382 53 571 17
1750 688 7 490 97 507 8
40 474 6 325 70 748 18
5066 953 7 576 78 398 17
2387 271 6 329 87 641 3
9646 942 5 418 81 847 4
5236 779 6 322 85 535 18
9802 801 6 334 58 430 10
351 225 5 374 96 454 8
1940 383 5 215 100 769 18
4958 819 6 436 80 578 2
4828 781 6 376 104 459 18
9634 132 6 309 83 747 3
5303 748 7 302 74 560 7
10266 121 7 369 67 554 10
5292 641 7 382 88 429 9
2 770 6 402 94 779 19
236 725 6 337 72 856 5
2161 710 6 435 63 601 17
0 764 5 337 119 447 18
1689 192 6 475 50 929 10
5160 624 8 386 103 787 19
2055 727 5 375 90 475 17
4920 428 7 381 70 702 20
4611 952 6 303 59 430 2
4883 770 5 259 113 726 2
326 626 7 355 80 383 20
2267 982 5 344 107 675 12
1881 748 6 419 107 566 3
1770 322 7 486 97 440 10
9602 827 8 410 100 551 19
2177 424 7 299 54 750 8
10304 664 7 498 109 332 17
5018 820 6 349 115 722 6
3 961 6 270 91 662 17
10316 768 6 542 50 698 20
4694 702 5 256 95 972 3
4883 796 6 357 100 751 10
2078 907 6 471 102 498 5
0 932 7 512 80 512 3
10187 785 4 292 95 767 7
0 492 5 295 53 535 1
4818 372 6 326 77 584 17
10036 572 6 441 69 660 19
1698 571 7 549 88 377 1
9719 200 5 335 85 696 20
9622 383 5 339 68 676 6
9902 804 5 395 84 472 9
5082 480 6 294 91 612 2
0 760 7 303 120 722 8
4907 195 6 369 60 990 20
1792 336 4 302 104 500 4
4724 564 7 378 52 645 6
0 820 5 252 75 480 20
10102 172 6 391 109 258 20
1912 300 7 388 64 806 9
10044 791 6 421 72 706 7
2389 772 7 490 61 489 2
4900 812 5 474 55 861 16
0 700 8 440 79 388 9
10396 473 6 381 93 345 10
1948 629 6 368 67 733 5
1748 967 7 343 113 878 20
4806 993 5 457 71 286 1
2123 672 7 366 113 553 7
9869 617 7 567 115 325 18
5244 757 7 434 61 428 17
2257 740 6 260 55 817 2
9832 919 6 380 88 663 2
4658 498 6 345 56 421 19
5345 829 8 456 72 450 3
2238 868 7 316 64 675 20
2262 368 6 399 67 913 19
2351 845 6 373 68 903 2
0 228 5 406 50 488 16
1668 289 5 339 103 478 1
10378 991 6 424 62 467 8
9640 995 5 374 92 679 20
10297 665 7 593 82 327 1
2210 482 5 362 124 886 3
5288 151 6 314 98 953 2
351 745 6 332 73 667 5
10359 607 5 413 68 642 16
10007 599 7 386 98 538 19
2206 778 7 439 94 855 19
0 430 8 456 63 503 1
1707 358 7 376 59 920 7
10048 313 5 379 99 548 19
0 900 5 366 110 552 5
2168 578 4 209 87 646 11
4604 174 6 253 122 954 12
9779 383 7 458 94 278 9
0 774 7 480 99 590 18
0 315 6 316 103 269 8
1972 407 5 246 103 769 6
5271 476 8 342 70 689 17
10166 732 6 366 102 692 6
1613 927 6 428 62 637 16
2396 888 6 394 84 460 5
232 222 8 579 102 393 1
5155 560 7 396 93 406 16
0 845 7 315 68 387 18
2358 262 7 338 89 629 7
0 783 6 309 65 679 4
9714 787 8 334 65 585 4
2223 929 6 314 90 485 8
10205 836 5 286 104 642 10
0 938 7 317 52 439 11
2026 530 8 381 63 709 3
1906 904 6 378 63 461 16
10078 260 6 508 64 500 19
5396 290 5 229 71 662 17
4764 299 6 472 91 440 8
5035 347 7 415 92 757 1
0 849 6 450 72 521 17
4803 621 5 267 57 800 20
9623 773 7 415 74 432 10
4795 920 7 370 71 508 2
5096 950 5 339 99 818 3
2182 754 8 496 75 706 7
2359 809 8 384 63 361 16
10319 597 6 314 97 592 3
10235 716 7 347 70 812 11
2113 697 6 303 89 665 2
5246 753 7 522 72 724 10
0 492 8 442 109 496 16
5172 137 5 331 106 499 16
9989 700 5 270 77 807 5
2346 293 5 254 70 734 17
1746 732 6 293 93 814 5
1784 987 5 271 94 660 4
10393 766 6 325 98 909 20
10066 744 7 350 96 710 19
10273 787 6 320 58 535 5
2071 409 7 443 109 609 3
275 174 6 361 95 590 8
9754 726 8 474 97 744 16
2048 904 6 451 65 442 7
2177 424 6 367 111 603 16
399 610 5 309 87 441 6
10324 131 5 285 76 833 19
0 758 7 295 102 569 19
271 718 6 445 90 739 19
0 981 7 378 92 956 12
9606 905 4 285 77 640 12
1606 876 7 496 86 586 9
5000 382 5 331 89 816 19
0 267 7 307 59 473 6
9647 644 7 333 80 482 18
1667 703 6 271 74 502 11
2323 191 7 517 116 466 1
10006 613 5 305 65 730 10
244 838 7 506 92 430 16
0 305 7 440 76 821 19
0 367 6 450 87 683 16
4636 332 6 320 66 412 9
10332 741 6 345 69 774 19
1880 502 5 286 99 848 3
130 892 6 319 81 442 2
5023 708 6 262 92 590 18
224 356 7 330 61 909 5
1894 422 8 414 75 741 1
1796 294 6 272 104 771 7
4864 546 6 391 77 359 19
0 465 5 355 82 592 5
5250 691 5 383 102 962 11
4855 490 6 373 73 747 4
4966 764 5 314 118 507 2
0 845 5 284 117 553 18
10385 314 7 544 58 873 17
4917 486 8 488 65 459 18
2072 900 7 322 77 633 3
5329 206 6 359 83 679 16
5229 164 6 343 55 401 16
5351 209 5 268 109 501 10
5286 551 7 609 77 537 18
4753 845 7 461 74 815 19
199 827 6 339 59 757 8
4795 794 6 372 107 694 8
1811 541 7 362 64 672 3
4650 800 6 275 111 704 3
4716 872 6 444 68 569 9
0 955 7 299 65 682 16
29 818 7 297 107 500 1
5007 217 7 342 85 438 12
10000 814 6 403 66 770 19
211 312 6 432 91 486 2
10078 764 7 483 84 517 4
9750 705 6 294 87 597 1
4847 982 6 403 102 877 7
0 209 6 355 61 667 5
9659 627 7 499 65 432 20
372 814 8 427 102 527 2
4608 518 7 514 68 333 1
2133 817 7 342 62 745 9
5242 843 6 304 61 447 10
0 883 6 258 115 467 2
4701 770 5 277 72 679 12
1791 854 7 372 68 731 2
4683 731 8 580 76 324 11
10076 670 5 274 61 664 3
9892 648 6 437 66 734 2
1641 870 7 397 48 597 20
5262 299 5 329 59 514 8
2118 121 6 456 58 694 19
4918 829 8 604 84 311 3
0 946 7 494 116 400 4
1982 966 7 376 99 407 9
328 381 5 290 62 621 19
4818 467 5 310 88 827 16
2292 701 6 308 58 814 17
2244 854 6 300 115 784 5
1671 711 7 368 120 836 5
9608 562 6 301 60 473 11
2319 394 6 354 80 291 17
1866 604 7 427 124 665 6
2190 831 5 385 97 335 19
0 658 7 384 56 696 9
5322 671 7 426 84 281 11
9829 857 6 367 79 647 1
1727 436 7 505 102 575 18
0 978 8 499 73 269 16
127 521 6 378 60 577 19
5121 701 5 344 69 564 5
9668 969 5 467 54 658 9
9934 427 7 442 81 564 10
1764 190 6 314 98 566 20
2242 830 6 410 86 616 10
5243 170 6 339 70 845 11
1717 807 6 292 108 433 8
5224 609 6 294 53 754 3
0 752 5 213 60 834 9
0 315 5 271 60 454 16
10251 907 6 460 61 644 3
5373 718 6 379 71 288 16
10362 796 5 347 120 364 16
1903 806 7 484 70 586 18
0 412 6 428 90 807 20
4 155 4 244 59 828 20
10259 512 4 254 86 663 19
2391 322 6 328 62 796 2
0 482 6 334 104 560 19
0 772 7 438 83 501 7
10283 221 6 483 83 509 2
212 764 5 253 74 932 16
0 212 7 525 77 324 18
1886 996 6 419 56 332 16
1836 383 7 411 71 507 3
149 793 5 262 84 413 8
5310 729 7 356 92 556 8
269 403 7 401 93 475 9
1902 813 6 513 77 476 9
0 626 5 453 105 360 20
1604 454 7 374 107 513 5
10260 966 6 459 49 891 9
10047 503 5 377 84 416 3
5057 883 6 430 76 364 10
5170 830 6 438 98 888 18
208 913 7 461 55 425 10
0 786 8 373 102 810 19
1990 420 5 373 90 509 5
10037 975 8 465 103 689 16
0 804 7 495 107 660 17
1689 517 6 451 104 414 1
10094 884 7 297 60 420 2
256 757 5 309 95 472 2
2327 781 5 396 70 362 16
147 832 7 450 101 824 17
5089 728 5 328 102 714 1
5203 289 6 357 79 378 7
1977 658 5 306 80 768 17
2188 770 5 350 106 594 8
1932 722 6 429 112 569 16
1934 894 6 369 81 637 19
10392 408 8 487 71 406 6
9896 608 5 293 116 624 7
5258 265 5 342 117 932 2
9992 377 7 408 78 479 9
9778 986 7 371 85 797 8
10144 476 8 341 88 709 12
1717 371 6 422 64 751 4
0 554 7 318 113 531 11
1635 138 7 473 74 262 7
4705 873 6 330 119 557 16
10370 248 7 478 84 738 3
129 812 6 494 85 389 10
142 808 6 428 83 401 11
5156 737 5 444 74 534 3
10342 688 6 520 116 409 3
10163 312 8 550 60 487 6
9897 701 6 318 103 688 4
4805 214 7 451 90 259 1
10224 735 8 482 91 604 9
4612 811 6 361 109 842 4
266 834 4 220 97 670 3
5070 412 8 420 82 662 7
9747 138 8 333 74 704 10
2366 282 6 346 65 636 12
1678 255 6 348 76 535 17
9752 167 6 366 98 571 19
0 660 6 465 76 271 9
168 816 6 395 90 550 11
2086 797 6 555 81 279 4
9762 610 7 541 71 779 3
4812 966 6 317 62 983 4
0 554 7 542 51 835 5
9896 169 6 303 97 392 20
4793 786 5 349 78 344 9
2203 886 6 478 56 519 1
4852 269 6 319 81 740 20
0 998 7 437 74 434 10
9962 645 6 316 58 586 12
10076 207 6 316 107 891 1
1907 907 6 441 87 743 2
2033 313 7 474 108 368 4
10098 723 6 377 72 452 5
9698 634 6 321 84 530 12
2218 995 6 557 67 576 20
4687 780 7 523 106 486 4
9957 835 5 250 91 825 5
1616 128 7 337 86 709 19
4751 824 6 516 79 789 3
9848 585 7 489 69 444 12
0 470 8 592 65 414 19
9808 394 6 366 64 667 2
10197 871 5 258 57 634 1
1977 862 5 268 88 739 5
10211 838 7 299 62 761 19
4704 468 6 392 60 866 3
0 660 6 526 88 446 9
9749 230 5 277 54 433 20
2256 866 5 304 59 564 17
9602 973 5 295 107 632 20
1717 970 6 360 85 541 2
5219 896 7 469 87 583 17
9959 785 6 447 71 480 1
58 228 4 215 83 827 9
1669 850 6 411 85 732 2
5297 412 7 470 63 369 2
4895 721 5 265 69 546 1
4943 648 7 477 69 513 11
9812 815 6 407 84 283 2
1834 721 6 417 111 683 17
10081 183 6 311 78 543 3
1608 869 8 511 101 776 2
5337 891 7 299 82 574 8
5304 955 5 322 114 881 5
1718 623 8 506 55 406 19
5212 441 5 350 78 713 8
10374 490 7 505 107 390 6
10183 955 6 428 66 442 18
1625 783 6 340 65 354 5
1658 256 6 289 59 680 4
9635 178 6 427 103 314 10
10009 860 5 323 96 640 11
10033 374 5 269 71 761 7
9745 772 4 229 72 845 8
4735 845 5 265 52 556 9
1694 766 5 211 124 482 4
1831 799 5 297 80 794 1
2269 915 6 419 65 546 11
2368 568 6 408 62 756 8
5203 291 5 339 113 661 1
0 779 6 466 80 540 7
4870 223 6 374 98 759 7
10144 364 7 382 69 742 16
5178 307 7 440 54 412 5
5299 684 7 516 79 323 7
10170 564 6 331 106 892 5
2003 712 5 313 113 413 9
346 915 6 463 86 721 18
4687 878 6 397 75 770 4
4651 682 6 430 101 736 19
10283 510 7 345 53 616 7
9965 393 7 356 100 594 7
10304 631 7 428 86 745 1
2018 981 6 451 111 409 19
9678 949 6 347 88 870 20
4915 738 5 397 64 662 10
97 805 7 384 99 878 9
0 257 7 374 66 762 9
4855 805 6 382 113 409 18
2044 946 4 282 96 567 6
0 752 6 316 92 803 18
9636 423 7 397 80 404 8
286 729 6 369 90 470 20
1822 234 6 349 63 603 12
0 194 7 425 58 404 3
2346 736 5 249 76 833 18
4676 816 6 343 80 922 3
0 843 6 547 65 633 5
4602 233 6 386 84 472 9
10131 190 6 465 89 652 6
123 797 6 251 51 468 9
1601 354 7 416 88 776 1
9712 828 5 274 82 700 9
10043 700 7 408 94 465 7
9851 840 8 449 108 472 17
1658 818 6 451 93 712 9
5208 481 6 383 90 815 19
1965 780 6 444 87 373 18
0 811 6 393 98 563 18
35 984 6 413 111 637 19
5384 767 7 433 95 789 4
1600 163 7 579 106 307 20
10216 825 5 313 104 629 9
0 745 6 522 59 656 1
2399 908 6 324 102 870 6
0 287 4 265 106 602 17
10309 165 7 363 78 673 1
4693 777 6 431 53 496 10
355 605 6 376 64 489 5
241 937 7 525 98 615 9
1770 282 7 327 70 394 2
9993 515 5 358 54 641 3
4765 334 7 398 64 783 17
5146 575 8 500 53 744 2
122 185 7 500 82 894 9
9949 769 6 418 105 571 12
9661 696 6 385 90 830 18
4605 414 5 372 88 528 18
4759 700 6 342 102 633 5
215 907 7 379 91 652 12
0 465 6 376 52 462 17
4915 804 7 409 56 332 5
5388 205 7 421 76 782 4
2217 718 7 435 65 675 8
2195 489 6 337 74 495 12
1801 561 7 457 95 404 4
9895 704 4 228 91 839 20
2339 830 6 391 53 771 19
0 221 7 390 79 721 6
10368 586 7 439 87 658 17
0 731 5 320 77 722 6
9884 702 6 318 95 760 17
1762 768 5 287 51 421 16
149 851 5 268 96 855 11
1649 819 5 395 107 410 7
0 449 7 415 82 445 20
2080 844 7 380 80 647 2
9618 828 5 440 70 802 18
4751 433 7 379 73 801 20
10224 686 7 400 84 759 7
291 651 7 547 54 727 1
0 918 6 447 112 653 17
2259 347 7 386 92 712 19
10232 407 7 443 82 507 1
0 895 7 320 82 667 3
4722 812 7 442 62 531 9
1616 832 7 311 79 725 8
2065 269 5 249 65 695 19
1768 990 7 393 113 466 5
0 415 7 444 120 880 7
10067 862 8 482 58 516 7
9903 708 6 303 110 696 16
10194 795 6 324 50 511 20
5292 639 6 422 89 583 12
9663 274 5 346 58 819 10
2197 279 7 374 72 584 18
5238 310 7 505 54 650 20
10040 815 7 307 58 392 10
10041 697 6 503 69 733 10
4935 756 7 389 81 393 18
0 799 6 359 109 690 4
9849 643 6 307 128 731 3
0 712 7 427 93 495 20
5102 972 5 457 63 410 1
2017 783 5 224 71 801 17
2048 799 5 343 70 475 7
1993 890 7 403 72 715 1
111 986 7 341 64 433 20
2033 776 5 354 80 552 20
9856 251 7 424 74 782 2
2308 660 7 367 73 961 7
0 605 7 521 101 317 5
271 991 6 500 101 505 18
4784 455 7 527 77 525 19
4705 745 5 382 108 644 10
5356 801 6 434 68 648 6
4995 775 5 355 112 374 5
5021 310 7 427 107 403 18
2216 560 6 364 75 534 2
0 705 6 366 117 470 2
0 869 6 376 69 532 10
5356 920 7 514 116 295 11
4864 845 7 502 71 632 4
2378 627 6 376 68 775 10
10122 383 5 342 78 485 18
0 494 5 223 70 579 2
1629 474 5 471 115 363 17
2010 779 7 418 89 628 4
2105 433 6 504 71 807 19
10255 825 6 310 76 451 18
28 264 7 432 71 755 11
9712 712 7 356 77 413 12
5015 664 6 306 84 410 8
4910 800 7 390 68 442 6
1793 170 6 372 102 705 12
5255 234 7 331 87 982 2
4755 759 7 371 56 643 1
5227 881 7 436 82 533 5
10394 937 7 584 74 284 20
4973 743 7 585 97 447 16
5360 856 6 300 86 560 7
4607 879 7 377 110 970 16
10122 707 5 244 74 610 19
274 766 7 356 105 772 12
2395 985 6 364 84 644 19
5011 758 5 348 108 739 4
4935 474 6 414 54 378 12
10103 917 5 408 117 565 5
4714 892 8 509 110 414 16
1601 786 6 355 63 540 7
4624 984 6 407 93 629 1
4956 686 5 359 64 541 10
4983 203 6 381 111 412 3
9850 439 6 299 92 824 4
9674 913 6 380 111 612 8
10200 790 5 440 114 271 18
0 518 6 422 89 277 16
4790 823 7 516 87 494 20
387 308 6 284 90 856 5
0 720 6 358 96 432 6
2400 431 6 468 57 680 3
5217 959 6 301 93 696 4
2336 194 5 357 105 658 8
2170 831 6 463 81 504 17
1711 994 7 411 89 791 1
4699 915 6 393 60 764 8
10106 633 7 418 88 497 6
1875 538 6 491 50 717 4
5396 813 8 359 81 676 4
2243 190 8 413 63 650 7
2352 633 5 383 102 411 17
10 291 6 378 56 530 17
9919 831 5 458 79 412 16
10040 624 7 478 111 354 16
0 609 7 365 83 689 20
9779 729 7 487 89 468 9
2285 608 6 266 124 616 19
9728 334 6 399 71 570 12
2381 875 8 504 104 465 20
2324 704 5 332 61 704 3
9963 485 7 337 78 514 2
9997 143 7 369 50 730 10
4854 757 7 380 103 658 20
1614 798 8 458 88 634 7
0 986 5 309 96 852 19
0 956 8 626 91 338 17
2292 732 5 315 97 361 9
0 813 7 413 105 681 9
1895 162 7 420 86 388 12
4947 664 6 274 89 946 10
109 255 5 383 120 768 4
1767 451 6 335 88 463 5
1862 784 7 333 98 687 16
233 699 7 396 53 916 7
0 687 5 308 73 812 3
9930 199 8 461 78 645 4
9717 773 7 443 99 703 11
2020 173 7 465 76 643 4
1737 774 7 381 106 585 18
4916 726 6 375 69 773 9
1637 711 5 307 116 595 1
4857 814 6 366 54 900 9
0 954 5 324 76 648 20
5305 218 7 350 72 785 19
5138 814 7 411 98 821 11
1881 798 5 317 56 504 16
1795 383 6 382 58 784 8
2381 891 7 342 85 479 18
0 788 7 507 64 289 17
10330 811 6 297 117 399 11
384 934 4 309 112 695 2
9644 622 7 555 99 459 18
1868 223 5 452 95 784 7
10215 198 6 338 79 742 11
9606 358 6 558 52 518 19
1891 800 6 423 99 597 11
5264 518 7 380 94 835 7
5035 289 6 350 69 589 18
0 548 6 315 72 447 18
1690 611 6 321 110 514 4
262 983 7 331 62 555 5
2159 845 6 300 80 726 17
1892 776 5 357 58 809 18
5011 396 6 433 90 811 9
1877 185 7 350 102 557 9
0 246 7 441 104 533 3
316 999 6 338 117 485 19
5284 741 5 326 62 784 5
4879 649 6 348 64 512 11
9934 594 6 495 71 367 16
10271 215 6 428 80 554 2
9744 688 5 269 100 570 7
9618 162 4 311 67 839 17
5080 560 6 254 76 602 19
5177 232 6 402 86 542 11
10 797 6 393 88 628 17
274 948 5 377 71 839 6
10052 418 6 306 56 730 18
1718 917 6 533 83 426 18
4886 506 6 392 89 574 11
5059 788 7 495 112 291 16
5201 847 5 282 70 710 8
0 827 6 434 81 410 19
10261 836 7 471 98 433 11
9957 384 5 363 118 709 1
9802 405 7 333 93 742 7
5336 470 7 393 61 782 3
1870 842 5 333 107 678 12
370 793 6 305 98 928 4
1925 934 8 345 80 549 4
0 347 7 328 79 924 4
9700 974 6 301 104 652 19
2326 145 6 337 74 607 8
10399 953 5 279 74 544 1
5190 958 6 305 99 767 5
5257 172 7 432 89 471 2
2345 321 6 373 102 449 18
2020 323 6 451 54 400 9
34 590 6 323 109 764 3
5017 792 7 507 83 339 9
0 349 5 300 84 385 20
9926 557 6 431 68 565 1
10279 226 7 409 62 524 1
0 561 7 469 69 699 17
1654 921 6 360 67 744 12
10293 894 6 459 75 400 5
1745 120 8 466 90 643 20
10279 895 6 315 105 852 4
5301 617 4 246 126 605 11
2348 720 6 406 65 837 19
5088 883 7 384 75 697 16
1943 949 6 360 111 423 20
0 789 6 378 119 460 6
10130 514 7 373 74 526 2
9847 934 6 402 71 907 20
5211 844 5 318 98 644 12
1933 848 7 477 73 783 5
5223 971 6 258 86 713 10
9904 789 4 276 61 719 16
5393 249 6 287 81 667 16
2270 235 5 256 87 690 9
0 743 7 419 68 490 3
10318 168 6 447 85 894 20
9692 371 6 349 67 615 18
0 605 6 434 86 428 4
10035 277 5 420 76 492 4
2277 543 5 295 102 707 12
1942 833 5 479 72 674 10
4895 800 8 493 61 531 5
2132 331 8 480 60 523 17
2326 713 5 418 50 601 20
0 846 6 443 56 504 18
9643 869 7 436 93 480 2
4733 190 5 361 62 665 20
4938 384 6 329 107 941 4
4717 876 8 493 93 697 2
10255 770 6 481 87 830 2
4754 788 6 391 55 487 6
2082 469 5 371 73 686 18
9862 170 6 412 111 274 17
172 134 6 316 108 764 11
9998 917 6 492 58 502 19
9760 773 5 366 63 500 7
4943 235 6 359 54 918 20
2170 647 7 521 67 406 3
4676 219 7 402 92 326 3
5153 680 7 298 62 756 9
1626 731 4 294 116 589 11
4630 830 7 401 58 793 20
367 817 7 353 87 507 1
5087 709 8 496 91 423 18
0 694 6 432 78 782 12
0 634 6 379 98 770 18
9916 726 7 559 84 288 9
9930 247 7 368 71 557 10
4680 416 6 268 97 737 5
9736 841 5 371 98 785 19
10155 678 7 415 88 264 7
9610 915 7 323 91 660 17
4926 221 5 357 102 865 20
243 550 6 300 76 387 7
5351 756 5 356 108 844 18
161 833 7 469 89 428 18
10399 831 6 325 112 965 4
5036 584 7 429 107 740 4
133 886 6 305 72 745 16
2338 853 5 312 119 631 10
9929 542 7 413 85 402 2
5132 520 6 343 68 541 7
4794 991 6 286 99 744 8
0 747 5 344 94 493 8
2236 808 5 274 107 944 5
2326 674 7 395 95 623 1
5296 373 7 537 72 498 16
356 609 7 311 72 759 4
9748 726 7 403 60 588 8
121 980 6 443 113 897 20
9819 757 8 433 75 525 11
1913 903 8 408 58 412 3
4719 891 6 408 58 334 6
9713 677 6 344 92 637 3
197 801 6 320 77 747 20
167 481 7 341 62 857 5
9933 127 6 341 103 365 18
1783 866 7 401 84 408 10
10283 161 5 273 84 697 10
2135 465 5 260 65 626 10
10354 841 7 340 95 900 1
4697 474 6 326 98 804 8
9621 355 6 335 106 554 9
0 621 6 382 68 857 11
10010 707 7 545 105 383 16
9852 229 6 368 115 317 20
5053 392 7 489 76 512 20
10338 718 6 389 92 434 17
4831 847 7 296 64 653 18
2148 413 7 406 56 519 7
5179 879 4 301 98 844 6
0 237 6 401 73 754 5
4975 774 7 475 46 662 2
0 637 6 394 62 453 10
2376 838 6 333 89 844 1
0 781 6 374 93 716 4
302 824 8 348 89 435 11
2332 851 7 429 91 762 17
9853 985 8 483 94 417 7
5396 835 7 346 85 615 6
0 825 7 314 112 520 11
102 535 6 382 104 843 4
9996 815 6 350 109 781 12
10390 297 6 363 105 584 18
2141 947 7 480 67 277 16
2142 730 6 328 90 798 20
354 841 7 515 86 442 1
2099 707 8 420 92 796 4
4713 607 6 498 48 785 6
4813 246 5 338 46 910 2
2171 360 7 338 51 367 12
2356 984 6 283 83 531 10
1885 718 8 632 110 248 2
342 912 8 473 86 375 20
9700 531 7 373 97 549 10
10268 835 5 354 77 824 9
9759 749 6 316 112 859 1
1651 916 6 340 94 347 4
5250 954 8 455 105 494 7
2003 756 7 537 84 397 8
5083 779 6 298 83 763 17
4733 754 6 347 95 685 9
4884 772 6 428 95 847 7
2276 552 7 427 80 595 4
0 779 7 420 92 462 10
10013 858 5 314 118 846 20
0 381 6 365 84 668 11
4765 318 8 476 107 772 2
10352 238 6 378 65 677 8
0 717 6 400 94 392 7
0 668 6 436 105 826 19
2231 890 6 286 123 555 9
5031 620 5 326 65 657 8
10117 487 6 338 111 776 18
10315 329 6 410 73 749 18
0 531 7 338 108 503 20
5243 232 5 275 125 746 8
2189 875 6 513 95 329 17
5377 996 4 224 117 765 7
5099 364 6 381 47 843 19
4682 394 6 398 61 669 6
98 901 6 448 75 529 17
339 968 7 407 97 399 11
1713 740 6 384 91 518 10
2254 842 6 399 66 423 19
391 823 6 402 58 926 12
4905 470 6 543 113 499 19
2176 872 7 358 83 615 16
5034 857 7 398 109 640 5
4880 616 5 251 71 448 7
10162 267 6 369 76 682 17
0 840 5 397 88 537 1
9819 240 7 410 107 688 2
18 360 6 329 85 757 18
2011 725 6 335 70 640 5
88 681 7 496 112 524 6
4670 213 7 413 94 653 1
2281 440 7 480 69 457 11
0 829 6 457 51 583 5
1850 654 6 447 49 455 5
328 131 7 418 106 702 17
10053 614 8 414 84 672 2
10233 200 7 357 84 816 17
0 769 6 376 87 787 19
5096 195 5 480 82 374 19
5374 663 5 417 91 711 11
4715 430 6 329 61 484 5
2343 794 5 371 58 738 6
9807 264 6 372 71 814 18
10347 869 6 408 76 483 11
2033 765 6 385 56 569 20
4989 751 7 400 96 568 5
0 587 7 371 66 407 20
5078 205 5 294 92 832 19
1619 897 7 485 95 531 1
5251 717 6 373 112 622 7
2312 414 7 409 56 450 8
9798 768 8 527 57 300 20
2123 621 5 357 64 810 10
9792 873 5 361 67 489 2
2044 393 6 305 57 825 9
5246 940 6 341 96 503 6
1828 847 6 322 118 529 4
2039 740 6 401 84 589 2
207 244 6 353 67 604 8
4632 360 5 434 67 399 16
174 738 7 395 96 287 2
5122 202 6 531 83 835 12
5351 499 8 380 114 538 17
74 671 4 226 88 718 10
1979 591 6 343 110 532 19
0 146 6 361 65 502 9
4937 172 6 270 107 432 5
5257 445 6 301 68 656 18
2196 710 6 337 106 756 11
10371 710 6 417 113 860 12
1700 250 5 274 77 497 6
5165 159 6 408 92 754 18
1980 334 7 460 94 434 17
5046 292 6 367 101 907 2
10373 837 6 291 111 724 4
39 800 7 368 107 502 11
4637 744 7 402 94 706 10
10153 821 7 335 73 614 6
4998 165 7 327 91 519 20
0 699 7 457 115 697 20
337 790 6 369 47 794 3
0 812 7 346 70 569 5
1652 491 7 481 76 329 16
4814 386 6 302 64 350 5
5081 944 6 406 79 628 4
9618 196 6 293 99 721 7
5126 433 6 343 73 807 3
10338 807 6 410 76 567 1
5398 786 8 382 90 570 4
5208 764 6 400 52 619 4
4836 459 5 378 98 464 11
2337 706 5 437 88 559 18
2003 892 5 259 56 640 12
4860 755 6 408 55 681 3
176 814 6 370 95 669 2
0 407 5 303 82 533 1
5349 322 7 459 106 366 7
10108 988 6 278 82 382 20
4802 735 4 252 68 514 2
391 717 6 374 58 869 17
1908 841 7 345 94 730 2
0 785 7 526 93 848 5
0 816 6 491 93 489 19
9752 819 8 451 67 638 8
2122 380 6 350 113 762 9
10198 482 7 532 72 617 2
5379 734 7 418 115 922 5
1607 886 7 440 87 379 1
5088 516 6 384 63 908 20
0 928 6 409 73 493 7
9845 845 7 431 73 734 10
0 650 8 485 89 720 1
313 707 6 347 106 442 18
5366 817 7 472 64 702 19
1813 798 7 474 58 662 2
1818 785 6 522 73 404 6
9953 796 6 407 70 565 11
5122 758 6 257 107 524 6
2232 240 6 477 117 295 6
4795 259 7 349 65 757 19
2269 806 8 441 115 557 2
9901 921 6 260 109 831 20
242 708 6 339 90 481 9
9905 902 6 328 93 868 17
1609 523 6 529 85 829 11
0 730 6 428 74 722 8
10068 309 7 543 88 306 16
1663 976 4 215 100 450 17
4797 282 6 465 55 367 7
4892 597 4 303 80 615 10
9709 752 6 449 84 645 19
5132 574 6 300 78 679 10
4690 238 6 377 99 704 3
1663 352 8 381 101 680 8
1791 943 5 295 81 568 7
10131 235 6 374 80 655 19
4793 310 7 464 86 797 20
10176 628 7 298 84 941 6
4816 334 7 474 58 828 19
5168 805 7 460 86 761 9
2094 189 7 380 58 343 5
9932 283 7 346 74 403 17
10075 752 7 435 66 505 20
4908 539 6 414 49 484 1
9672 343 6 521 96 765 8
1666 804 6 369 108 677 18
4794 746 7 298 76 402 2
0 697 5 310 65 705 7
9935 496 8 409 68 511 7
0 957 6 396 108 609 6
4729 204 6 302 91 546 7
1869 735 7 319 99 378 8
4644 569 6 295 104 727 2
1663 750 7 521 93 486 10
5397 157 5 476 53 487 18
2387 160 7 545 104 750 9
4844 941 8 498 63 531 5
4898 736 6 426 94 954 8
5174 856 7 505 98 446 19
0 791 6 394 55 679 17
1618 756 5 465 99 494 11
1803 904 7 342 86 365 7
1812 907 8 457 70 766 20
10349 806 6 444 59 555 9
0 494 7 528 113 278 16
10096 929 8 616 67 462 18
1691 169 7 447 75 383 8
2240 464 6 446 94 609 2
0 924 6 397 52 821 18
1750 550 8 498 84 550 3
1867 850 6 395 57 659 5
5267 842 6 446 71 467 9
4716 727 6 452 52 496 1
349 568 6 301 55 730 5
5350 946 7 495 112 373 12
5239 675 7 312 93 827 7
4724 927 6 299 89 639 18
2190 507 7 398 52 344 16
313 858 6 484 96 263 12
1736 782 5 279 74 569 1
10217 729 7 381 60 796 8
48 774 6 257 82 715 19
0 831 6 298 86 729 8
10045 984 7 475 79 283 20
5100 912 8 459 107 714 7
4749 745 7 512 79 328 1
0 537 4 222 81 707 9
100 665 6 331 95 445 6
1864 817 7 480 87 290 4
5135 950 7 459 87 416 5
5364 252 7 394 104 545 9
9802 877 5 362 76 539 11
10281 810 5 360 61 515 17
2131 773 7 507 98 953 11
5024 440 7 316 95 556 16
2146 706 6 430 55 821 9
9796 240 7 332 86 958 10
10265 363 7 450 61 607 8
249 483 5 295 71 794 9
201 877 6 450 114 454 1
212 681 6 483 58 478 9
181 523 6 417 103 954 19
155 374 5 307 127 538 12
224 816 7 415 81 302 3
0 323 7 433 76 367 18
1688 371 6 301 56 452 20
5257 879 6 372 111 324 10
4914 792 6 373 84 261 5
9760 348 7 361 112 745 7
2153 867 7 560 101 591 5
4667 238 5 329 93 487 10
9623 145 6 477 70 604 3
5096 174 7 453 66 686 3
4840 518 8 412 75 568 4
0 131 6 349 91 966 18
0 547 7 415 111 748 3
5059 235 7 371 72 533 19
4680 261 7 500 81 364 16
5328 882 7 365 57 574 19
4998 201 6 345 101 833 17
10270 610 7 391 59 423 7
1944 960 7 431 57 647 7
1904 487 6 442 75 865 19
71 803 7 371 73 502 1
4639 805 5 336 107 846 16
240 329 6 323 69 472 20
5355 333 8 451 77 531 10
314 759 5 366 103 648 4
5294 774 7 560 57 621 7
10136 225 8 385 89 485 12
9944 774 6 406 95 676 3
9871 816 6 298 89 472 10
9772 647 5 439 87 435 16
2336 534 6 536 46 459 7
10326 996 5 270 111 565 3
10268 201 8 468 69 474 11
2124 976 7 315 79 439 8
0 713 7 519 103 320 17
2256 692 7 426 74 524 20
9656 680 6 346 90 705 5
5039 307 6 354 86 579 9
1875 973 7 526 64 767 20
4980 343 6 296 67 620 5
320 863 7 499 53 433 2
1620 441 7 445 87 497 19
1674 756 7 387 73 482 8
10203 363 8 498 86 459 20
5014 861 7 422 77 838 19
1753 981 6 290 103 604 1
294 576 7 400 80 650 3
0 928 8 570 67 534 10
4606 991 6 386 79 646 17
4655 811 6 307 106 888 16
2202 510 4 267 76 560 6
1997 416 7 536 112 431 8
0 393 6 363 64 930 16
1894 883 6 306 78 728 6
0 1000 7 402 70 707 1
5043 409 7 326 81 625 2
0 622 6 370 109 379 1
5165 352 5 349 66 708 3
10382 339 5 348 63 732 1
4976 970 6 394 54 700 19
10220 397 7 321 114 836 7
2101 428 5 316 88 479 20
2040 133 6 408 104 474 10
10255 685 6 362 65 799 10
10101 659 7 417 60 534 17
290 656 4 320 74 743 17
1967 956 7 427 81 656 10
2158 521 7 422 102 953 17
1765 330 8 501 66 610 20
4966 757 5 409 81 386 19
9991 393 8 495 100 744 10
9740 688 8 451 62 503 16
4763 736 6 386 57 420 7
1986 920 5 458 94 718 18
10174 897 6 394 110 970 19
4833 613 5 288 98 720 5
58 658 5 414 88 355 4
10073 454 7 480 106 570 7
5364 937 6 355 75 437 17
4741 322 7 465 88 352 8
1866 844 6 293 106 849 17
0 213 5 274 105 562 2
0 765 5 319 100 803 18
10327 908 7 371 98 480 12
2249 755 7 407 83 721 20
4733 562 5 323 67 571 6
10392 627 6 327 50 721 3
5036 986 6 432 74 489 3
1743 237 5 281 72 524 4
10093 980 7 316 94 642 3
1713 459 7 384 59 765 16
242 327 8 591 82 312 1
2 512 5 273 71 477 4
4719 429 5 265 75 721 19
9984 874 6 452 88 458 10
2198 853 4 316 108 725 12
5322 790 5 255 94 599 18
2074 583 7 436 95 786 18
10260 911 6 472 94 284 18
10130 713 7 358 70 560 19
1770 248 7 526 84 547 5
5276 359 5 381 66 522 7
1678 836 6 280 69 506 1
2388 570 6 332 89 749 17
0 710 4 258 94 582 7
9614 707 6 314 51 444 3
1967 512 6 274 74 695 9
1650 852 6 312 61 584 4
9698 222 8 510 117 778 9
1833 495 6 502 116 345 3
4793 493 7 417 59 511 11
5174 976 6 402 52 903 20
4835 782 8 494 63 659 10
10085 781 7 418 61 841 3
9781 337 6 369 58 578 3
0 569 7 512 78 469 3
0 440 7 452 95 337 19
32 945 7 549 84 266 9
342 164 7 503 84 378 6
1859 825 7 439 58 510 11
0 560 6 305 65 670 19
9650 762 6 353 111 526 18
5008 256 7 373 72 771 19
0 768 5 260 117 483 2
0 179 6 416 81 793 2
4696 721 8 335 63 785 3
37 896 6 436 72 390 18
10186 749 4 260 67 828 4
0 814 5 259 100 612 16
10397 983 7 460 86 619 19
0 491 5 291 87 938 1
4713 506 7 437 52 343 7
10296 187 4 273 58 592 11
349 407 6 269 98 552 7
5070 728 6 343 111 708 12
31 985 6 349 106 741 17
9888 356 7 426 55 746 19
0 135 6 432 103 573 11
1748 412 5 291 55 408 12
5365 755 6 350 65 501 9
28 933 7 475 53 291 19
9909 700 6 310 81 798 19
10370 344 8 457 111 475 11
1918 930 6 328 102 875 20
10340 966 6 408 62 339 2
2100 788 5 335 72 278 11
0 996 8 579 115 253 18
1865 894 6 529 117 588 2
1839 128 5 378 73 858 3
9846 701 6 517 62 265 5
1773 179 8 392 66 749 20
5113 836 6 297 67 462 8
1923 656 8 391 66 397 8
0 832 7 379 72 727 20
10257 749 5 367 78 343 10
1945 615 5 266 101 505 11
1750 414 7 463 98 490 16
10373 277 7 496 56 809 10
9655 385 6 467 49 894 6
1824 232 6 547 77 845 9
2339 762 7 292 61 506 5
4954 849 7 547 57 499 3
232 429 6 502 102 271 17
9686 480 7 375 88 648 17
4871 710 6 384 60 432 19
0 285 6 397 100 384 5
0 820 5 296 109 814 16
0 750 5 239 60 838 11
186 910 6 410 93 706 10
2160 145 6 350 69 401 2
1833 821 6 328 85 912 3
204 739 6 515 56 444 12
276 740 7 352 70 510 18
9933 395 7 350 78 756 20
5091 555 6 400 84 614 9
231 620 6 408 75 849 3
10364 381 6 351 61 890 10
265 987 7 438 85 539 8
1768 283 8 376 60 469 17
2017 716 6 446 99 808 20
0 733 7 395 82 934 20
1923 667 8 342 87 688 7
1676 598 6 371 104 817 4
1718 590 6 447 86 420 18
10129 764 7 434 55 735 11
1867 509 6 434 48 905 8
2140 737 7 527 76 300 7
5029 834 5 339 120 543 1
4844 827 5 275 58 926 2
74 757 8 450 106 767 11
4708 296 6 269 120 666 20
1923 954 6 535 72 254 16
1671 771 7 438 108 776 4
115 366 7 299 56 655 12
4626 360 7 379 62 677 19
10041 174 7 614 101 515 17
9996 186 7 339 76 570 2
295 291 6 335 66 689 16
331 762 6 374 88 876 1
5308 266 7 436 110 656 6
10110 616 5 262 51 641 5
1894 843 5 372 69 603 19
9771 681 7 552 81 309 1
4728 129 6 270 73 979 5
0 433 6 470 58 516 8
0 747 6 468 101 382 18
0 295 6 306 106 843 9
5256 316 4 255 75 770 2
0 381 7 349 118 652 7
1794 788 6 482 108 371 7
10296 417 6 296 105 871 19
5298 845 7 444 58 347 7
5039 136 7 437 56 644 8
9883 243 6 453 75 488 7
0 984 7 420 73 525 18
9601 801 6 276 99 861 7
0 532 5 319 113 851 20
2246 721 6 378 58 543 20
4910 262 5 351 75 855 1
2246 402 7 350 107 448 1
0 913 4 285 112 699 9
5089 873 6 253 99 497 1
4726 120 6 319 92 488 20
2219 893 5 381 79 485 6
2232 770 5 418 75 582 10
9876 843 6 296 99 568 4
2355 213 7 314 64 711 16
10001 816 7 455 105 589 4
4816 821 7 304 54 767 4
10 778 6 452 59 802 10
4857 856 5 314 79 437 17
9613 131 6 352 112 691 9
2320 344 6 461 63 438 3
2392 718 7 363 71 548 3
152 742 6 391 87 717 7
229 983 5 366 90 579 16
241 958 6 366 75 558 8
1742 828 7 365 86 578 19
2008 190 7 367 72 409 19
4959 874 6 552 67 471 3
20 755 5 369 126 621 2
0 127 6 305 92 838 4
10395 443 7 388 95 490 11
0 627 7 298 91 690 18
2388 729 7 334 74 571 19
0 921 5 251 66 655 6
0 458 6 369 111 618 7
0 479 5 253 97 422 16
0 508 7 440 105 378 3
5233 622 8 350 88 433 8
2309 783 7 429 80 443 9
1945 194 4 275 97 716 17
9659 694 6 538 55 546 5
1652 166 7 345 51 776 16
2325 906 5 345 72 750 2
328 267 7 311 79 528 17
0 157 5 476 87 407 2
5187 644 7 320 82 642 7
1734 262 5 273 119 776 20
5014 501 6 414 82 470 7
5075 357 7 413 78 901 19
5113 811 7 386 65 681 9
10263 979 6 294 68 369 3
4664 697 6 541 46 777 6
1769 785 6 366 103 643 4
5165 606 6 306 77 708 5
238 879 6 314 88 747 11
4693 702 7 386 101 518 5
2223 807 6 529 96 427 20
9794 785 6 302 97 431 16
4739 141 7 554 86 652 8
341 881 6 301 94 770 10
0 864 7 311 109 571 3
258 917 7 388 49 535 16
10140 730 5 367 61 605 20
2343 729 5 398 91 533 10
1824 420 7 418 112 559 2
4883 818 8 397 63 532 18
2320 267 6 393 71 929 8
215 366 6 398 77 272 19
4831 680 7 350 105 776 5
5311 409 6 390 92 677 19
1663 778 6 325 107 575 16
1780 620 7 417 86 703 8
356 876 7 389 69 408 19
10021 741 7 421 88 670 9
5261 595 6 380 109 783 17
10283 632 6 427 85 601 11
0 316 7 425 90 758 4
1941 843 7 435 97 798 19
9988 887 6 348 92 652 3
10157 152 6 325 86 479 17
10284 375 5 358 82 649 11
0 478 7 545 83 533 9
10151 603 7 531 74 295 12
0 618 6 366 60 694 2
4657 723 7 481 65 705 20
230 820 5 263 94 854 11
2117 275 7 339 90 784 3
10155 737 6 334 117 692 4
9749 997 6 375 84 541 17
2244 822 8 442 70 694 17
298 774 8 499 67 730 11
2265 791 8 477 94 423 5
0 310 6 255 103 732 8
2160 705 5 267 77 699 19
5074 996 6 413 81 534 4
5172 730 6 346 57 627 16
2362 231 6 519 59 443 6
266 439 5 293 107 704 1
4835 824 8 333 83 439 16
149 365 6 436 102 539 10
5341 439 7 374 99 426 1
173 931 6 426 72 352 9
10246 553 6 390 81 535 17
9828 580 5 266 87 421 10
10376 793 5 286 75 359 16
1900 468 7 388 103 298 9
1932 308 8 472 100 572 10
4848 983 6 326 77 411 17
10258 436 7 558 52 587 20
0 552 5 422 57 596 19
9746 537 6 303 106 712 6
0 993 7 344 88 483 17
1996 815 7 486 50 482 16
4968 728 5 258 89 673 9
0 799 6 432 81 581 8
5089 585 7 310 52 623 9
379 458 6 393 56 693 6
9711 495 4 292 74 863 11
0 602 7 385 87 841 16
4830 551 6 456 62 663 3
0 392 5 352 61 610 6
4825 833 6 256 85 754 1
1710 719 6 310 77 355 10
4882 357 7 366 61 509 11
352 821 7 398 102 434 17
138 226 8 352 64 384 4
10232 958 8 375 86 708 10
5154 621 8 509 116 475 11
1731 798 5 303 97 451 9
4607 982 7 366 64 447 19
0 492 8 364 106 451 9
5164 406 6 268 100 705 11
9953 240 6 359 69 695 17
172 378 7 425 105 667 20
1611 860 6 355 122 485 20
4992 829 6 383 95 285 3
227 706 6 440 61 763 9
9900 442 6 351 111 401 16
5202 892 7 376 78 438 4
262 160 6 315 82 727 12
4741 781 6 449 88 563 18
2034 980 7 436 64 405 17
4790 345 5 332 94 507 16
4794 977 5 288 112 754 11
0 713 7 343 103 640 16
9742 564 7 484 106 411 16
5042 609 7 416 55 622 19
9789 941 6 467 71 540 11
2179 715 6 422 84 561 5
5111 917 7 387 115 565 20
5142 563 7 449 61 495 1
10271 856 5 367 92 879 3
4755 821 8 422 94 492 2
2073 782 7 319 79 642 1
10128 734 6 398 64 571 18
5161 847 6 251 53 716 17
2176 743 6 404 87 375 1
256 849 6 352 104 664 18
10082 792 5 313 123 462 3
10279 943 7 345 108 469 20
9771 360 5 352 105 467 18
5216 426 6 372 66 531 11
5357 636 6 432 76 498 20
9781 330 6 343 67 398 1
2031 672 7 459 91 789 20
9879 883 7 556 64 830 16
9843 777 7 339 63 936 6
2249 827 6 324 50 553 11
204 474 6 299 97 590 6
0 722 6 361 74 414 17
22 748 7 499 94 465 20
397 778 6 376 56 560 7
1800 748 6 365 60 897 16
9910 701 6 432 103 454 5
1802 785 6 335 77 456 3
0 712 7 376 74 390 3
4617 447 6 315 59 768 8
10218 586 6 465 82 932 8
207 321 8 472 60 847 12
10102 760 8 474 95 509 6
1915 406 6 342 95 402 4
2058 965 5 329 81 588 3
2268 812 7 489 95 394 11
4976 956 6 275 62 634 10
9778 413 6 297 96 454 9
5038 567 6 356 85 825 20
0 854 6 401 116 762 17
2215 515 6 538 46 709 12
1647 178 6 441 97 410 1
1807 188 7 461 72 631 10
395 299 8 478 101 592 16
1667 784 7 537 79 636 20
4884 603 8 381 101 466 16
4679 147 5 210 111 693 16
9762 740 7 365 89 768 17
0 190 7 461 70 503 17
0 399 6 266 79 576 4
1886 287 7 427 74 638 20
5246 741 5 361 122 716 17
0 520 6 302 73 714 17
9675 535 6 376 54 706 8
9979 356 6 454 96 387 3
173 391 6 400 112 537 2
10093 911 8 617 99 423 10
9824 594 7 441 76 555 18
4959 429 5 352 71 552 9
0 830 6 319 108 419 9
1976 805 7 444 101 732 11
1820 452 5 369 97 983 11
0 666 7 509 101 688 18
9725 826 6 371 55 638 18
288 141 7 427 84 404 17
5068 438 6 447 51 426 5
1664 842 5 397 101 544 6
9728 536 7 422 56 326 20
2396 134 5 335 85 824 8
381 686 6 266 107 717 18
356 415 6 278 63 550 20
9920 128 7 424 90 547 17
4691 903 7 477 71 660 18
0 229 6 447 53 596 12
5051 363 6 393 76 955 19
10011 249 7 474 89 776 12
1756 931 8 368 64 489 7
1879 190 7 298 82 630 20
9844 802 7 375 81 431 5
1895 352 7 344 62 492 11
0 177 6 414 51 644 16
5145 584 7 337 51 547 1
9645 656 8 387 96 423 9
9962 922 6 376 63 417 17
0 553 7 384 106 434 6
4809 645 8 379 76 520 19
371 846 6 326 54 716 18
5300 304 4 238 117 816 8
0 161 6 385 83 725 16
17 790 6 397 100 817 7
2238 720 6 401 77 435 17
5249 283 7 478 81 399 3
1739 571 7 476 74 569 9
0 746 7 444 84 803 6
5051 151 5 286 66 557 12
1829 567 6 433 88 359 9
253 149 4 220 118 540 1
9946 398 7 386 97 681 7
0 977 7 298 98 683 18
5341 839 7 518 67 414 2
9973 700 5 328 55 513 2
5326 771 8 486 96 508 17
10034 776 6 454 78 418 10
0 496 6 468 81 651 20
2146 216 6 312 80 745 16
1609 929 5 383 82 506 2
143 288 5 264 96 457 12
5164 916 7 301 119 724 20
0 817 5 238 111 445 1
2087 718 5 370 84 800 18
12 849 5 353 76 443 12
9718 689 7 475 93 763 19
9733 150 5 321 91 768 8
241 963 7 542 97 276 4
2343 975 7 332 72 487 1
9967 243 7 373 85 645 3
9892 957 5 315 70 448 19
2122 282 7 511 56 536 8
264 787 5 335 75 608 18
66 977 6 413 75 505 5
301 784 6 352 56 752 6
10250 963 8 590 104 404 12
9921 750 6 254 70 480 5
4754 1000 6 382 107 503 5
5233 875 8 428 59 765 17
0 476 7 581 103 384 9
0 834 7 426 92 956 8
200 946 7 400 105 757 12
4956 674 6 350 82 756 6
2313 286 7 543 74 301 19
2253 351 7 417 59 716 20
181 767 4 233 111 803 17
5210 925 7 459 66 703 3
10189 497 6 360 55 577 19
0 683 7 352 67 476 19
266 990 6 416 109 813 17
10035 713 6 318 65 801 16
2285 973 6 354 94 483 18
4735 335 7 376 55 604 20
4984 669 7 347 105 593 4
10191 448 7 469 101 275 12
4755 517 6 376 74 318 10
1655 322 5 261 65 890 7
159 989 7 347 78 588 18
5078 919 6 516 99 486 9
0 537 6 370 103 839 9
5246 809 6 365 64 430 18
5399 998 7 553 74 909 11
0 864 6 393 56 651 7
0 818 6 384 95 282 3
0 529 7 365 52 543 18
5015 819 7 368 114 666 20
5141 295 7 334 107 727 17
4613 718 7 423 102 434 19
5024 710 6 347 110 823 3
9697 941 6 477 50 622 17
2280 448 6 304 96 587 8
1796 800 6 283 85 651 16
0 435 6 252 69 463 3
2393 555 6 370 101 589 16
10176 173 6 361 94 679 11
8 669 7 352 91 581 20
2301 936 7 442 113 403 18
363 199 7 348 82 562 20
4712 200 7 468 105 568 17
9672 406 6 497 61 665 6
1668 908 8 372 101 715 16
2158 536 6 355 90 399 10
4827 780 6 396 55 408 6
9849 743 6 363 58 896 1
0 933 7 445 83 777 16
4725 239 7 476 84 268 3
9901 389 6 516 51 885 17
9716 761 7 461 98 461 4
0 998 7 365 83 623 6
300 978 6 277 108 923 1
5399 893 7 369 83 601 19
2147 537 7 440 83 280 12
2257 876 6 357 80 698 7
2209 927 6 410 116 765 3
1654 351 7 548 80 518 20
261 836 5 268 74 867 20
9782 816 6 433 88 669 16
4692 820 6 368 92 742 17
9653 481 5 269 81 687 5
1707 738 6 300 80 433 5
2385 624 5 366 96 661 6
10084 258 6 374 96 445 16
1740 843 7 465 56 616 8
5383 351 7 415 97 467 5
2277 523 6 472 85 381 7
233 871 6 411 75 766 10
4762 445 7 325 94 763 2
4798 778 6 288 88 848 1
10049 578 7 509 76 392 19
0 240 5 284 52 583 11
4756 717 7 440 57 422 8
0 803 6 282 94 454 19
1779 372 7 480 93 565 20
10186 394 6 411 70 441 3
10370 571 8 437 105 377 11
0 735 7 396 59 457 9
0 805 7 368 89 770 2
2337 434 7 461 103 660 3
2098 572 5 331 67 416 9
2082 637 5 367 75 727 12
4869 834 7 505 84 536 3
1751 527 5 449 95 349 20
4703 487 7 502 98 672 11
10189 518 7 425 57 384 16
9728 445 6 362 93 552 18
9609 167 6 340 69 790 18
4985 750 6 393 80 398 20
355 801 4 282 80 675 12
4819 941 6 399 89 249 1
1671 797 7 467 48 726 5
10037 678 6 424 99 720 8
9685 645 6 306 91 420 2
1765 589 7 481 60 249 11
5309 737 7 317 79 772 16
5318 704 5 311 80 758 7
266 742 5 327 92 839 20
2087 591 6 301 110 472 17
1849 195 6 442 51 819 3
2190 964 6 300 58 840 19
0 601 5 278 110 603 2
5306 918 6 528 104 319 10
271 553 7 435 94 604 10
10146 523 6 308 64 576 7
1667 851 7 349 57 831 17
4693 973 5 457 62 622 2
10015 829 6 435 97 304 5
5036 843 5 353 92 850 20
5384 187 6 445 109 477 9
47 627 6 285 59 737 16
1826 241 6 348 62 630 5
291 975 6 390 100 834 19
5338 348 5 299 71 498 5
4916 770 6 486 58 414 5
10229 835 7 411 76 549 19
9907 948 8 430 67 459 18
10386 120 7 320 60 635 3
4820 576 5 239 82 640 7
38 161 7 509 66 262 16
5210 124 6 421 51 464 19
98 558 5 209 115 542 8
10192 883 7 538 61 308 11
4932 754 7 354 62 749 9
0 865 6 448 98 756 3
4802 578 6 378 89 850 16
9709 313 7 476 55 681 17
5308 466 7 363 103 629 10
5296 732 7 296 56 698 18
269 234 7 554 75 583 11
10345 468 6 521 100 671 19
2352 251 5 447 95 586 8
5369 608 6 490 79 800 18
4727 841 7 420 100 558 20
134 345 5 302 59 505 8
5020 946 7 414 59 618 9
1675 973 5 443 49 410 16
5383 738 5 361 100 867 9
0 313 6 273 64 520 18
168 797 5 296 94 722 20
10288 556 6 382 114 813 3
1669 534 7 321 122 896 9
4735 673 6 329 82 821 20
16 747 6 420 105 288 9
4640 712 7 395 90 618 8
10277 752 6 539 91 566 12
281 894 6 433 75 738 8
10019 503 6 406 77 517 17
1894 420 5 440 99 841 4
1636 828 8 566 104 493 11
102 741 6 449 84 510 8
1719 913 7 428 114 793 10
9820 994 8 439 69 748 17
166 841 6 464 112 516 20
5292 709 5 359 78 569 18
9641 785 6 368 80 352 12
2023 188 7 405 96 707 1
5300 715 6 415 72 363 16
0 879 6 426 67 278 18
4625 170 8 592 102 447 19
1641 719 7 553 55 708 18
9947 235 7 539 77 492 12
322 784 7 376 63 395 6
10118 854 5 281 85 484 4
5400 706 6 367 92 793 9
5115 839 7 456 61 720 12
9892 840 8 509 104 622 7
291 961 7 466 70 712 16
146 841 7 440 90 519 12
9673 795 6 397 109 574 17
9849 747 6 321 61 445 16
4681 139 6 471 61 670 20
4978 689 7 475 80 627 8
10305 230 6 326 109 459 10
2140 855 5 410 83 615 2
5338 755 7 482 80 519 10
2093 997 6 295 108 757 11
248 361 4 258 87 675 20
0 919 8 476 92 415 6
1702 807 4 267 77 776 8
4802 308 6 364 81 861 9
0 755 6 363 55 846 10
139 722 6 364 95 580 7
10056 353 6 353 87 446 5
4656 545 8 457 75 401 1
4740 457 7 445 94 415 11
4630 907 6 370 94 689 16
0 961 7 387 78 844 6
2386 824 6 343 76 857 16
9926 804 6 369 82 551 8
0 425 8 498 63 608 2
9877 605 7 401 107 699 2
9937 433 7 509 76 425 9
4706 432 7 471 54 678 16
0 387 6 297 99 889 7
0 289 7 420 110 456 10
0 206 5 319 64 549 8
0 784 6 354 84 524 11
0 737 8 496 59 768 5
9947 686 7 352 92 502 10
388 425 7 637 94 474 1
2015 632 6 383 79 592 12
2261 755 6 435 107 393 1
1968 778 5 410 53 619 20
10206 447 7 459 88 303 7
4660 902 6 257 60 662 12
1872 720 5 440 62 532 7
9844 120 5 258 93 677 19
2201 122 6 431 84 837 9
2230 806 7 403 99 792 19
4606 491 7 428 95 791 6
9858 761 6 320 73 575 11
0 468 5 343 97 506 3
397 853 7 381 77 543 11
10346 588 6 264 107 723 9
2107 229 7 555 61 772 17
388 222 5 272 78 476 16
166 769 6 258 93 590 11
9989 538 7 474 60 598 5
147 127 6 415 95 717 1
393 568 7 315 51 469 20
0 690 7 416 76 576 1
5358 742 6 301 86 451 17
0 801 6 408 99 352 3
4711 716 5 271 117 694 9
341 952 5 410 60 422 5
5248 307 6 476 111 355 9
4954 889 5 351 105 845 17
2296 873 6 420 81 810 4
10263 274 7 411 98 805 9
240 492 5 353 62 788 9
0 536 5 293 90 573 3
197 793 6 412 105 814 19
4832 792 7 338 51 668 10
2124 459 7 496 112 652 12
10334 634 7 298 82 792 17
5399 716 6 346 68 622 19
10044 734 8 398 76 657 19
9957 136 6 337 90 699 3
2120 873 6 356 88 446 18
0 704 7 368 73 532 20
10313 855 6 487 51 821 3
5159 759 5 459 60 792 11
5245 496 6 303 111 463 11
4884 181 6 442 96 451 8
2383 845 8 407 76 796 16
0 804 5 438 66 366 10
309 304 5 302 128 489 20
1954 803 5 279 72 855 5
5271 670 7 354 87 849 8
9946 937 7 352 97 405 7
5190 777 5 440 69 841 5
0 838 7 401 84 682 16
10349 746 8 346 87 387 20
92 593 7 527 86 412 8
5094 437 6 315 62 434 19
169 824 6 369 84 465 11
0 139 5 258 111 744 7
10129 280 6 547 70 813 11
0 883 5 449 74 822 11
2045 825 7 509 110 506 12
9696 625 6 305 106 534 1
1882 843 6 375 77 481 11
1910 779 8 467 106 467 17
2251 211 7 423 60 412 8
2280 912 6 535 90 755 10
9811 217 6 307 84 600 6
0 786 7 495 74 257 11
2107 499 7 427 85 434 8
0 780 7 435 77 629 12
5115 395 7 367 62 372 11
1812 856 6 453 76 537 10
267 780 6 409 58 426 9
5280 141 6 505 52 705 6
10298 177 6 427 81 780 16
9906 821 5 345 108 748 12
4961 779 6 410 81 795 17
9652 709 7 336 63 696 18
4846 598 5 337 72 279 6
10245 875 6 300 61 575 16
4604 761 6 524 89 258 20
2001 768 6 454 113 250 6
4847 191 6 372 109 409 7
1923 747 5 260 86 685 2
5345 700 5 352 99 905 20
10001 929 8 488 107 724 8
4794 837 6 388 104 802 7
0 546 7 371 89 735 20
4612 815 6 362 82 593 2
4878 776 6 548 78 387 12
10187 793 7 416 62 808 4
2252 468 6 484 52 770 19
2284 842 5 421 70 542 20
0 200 6 448 76 794 3
9993 254 7 449 50 662 4
1880 284 6 309 66 396 16
5011 390 7 386 100 488 10
9710 681 5 251 75 428 3
0 600 7 357 70 392 11
1971 488 6 425 97 453 8
5190 716 5 296 79 540 9
1754 990 6 285 86 617 20
5146 370 6 451 100 956 10
0 620 5 263 81 509 6
10378 758 7 407 82 512 20
5036 137 6 370 82 422 12
154 876 7 424 58 713 10
4657 916 6 258 128 625 11
10320 240 7 487 100 592 10
4967 970 4 248 71 414 10
10057 784 5 421 54 730 7
