49 913
5 48 72 672
4 24 76 864
3 40 60 272
7 24 60 656
8 80 36 320
4 64 68 336
6 48 108 112
5 40 52 336
8 80 76 608
6 64 60 720
6 48 104 512
6 32 76 256
8 48 124 672
5 40 48 336
5 40 28 800
5 48 120 528
6 80 104 720
4 80 116 816
2 24 60 144
7 64 100 960
8 40 48 496
6 48 128 704
4 64 24 160
8 64 48 976
4 40 96 448
4 48 112 528
2 40 92 480
8 80 84 928
3 80 28 720
3 32 88 384
5 48 68 640
6 32 76 592
5 80 28 592
4 24 96 112
3 32 84 384
2 32 100 784
4 40 52 272
4 40 92 784
7 40 116 1024
7 32 48 464
6 80 88 736
6 40 96 752
4 40 84 928
6 64 88 752
5 48 68 880
8 80 92 96
3 32 68 528
5 40 108 416
5 32 76 208
3349 479 4 237 22 161 15
8152 511 1 78 24 225 1
6028 230 3 118 24 298 6
10538 549 1 163 24 389 17
4818 503 1 80 46 67 7
763 169 4 118 54 25 1
8997 460 3 127 84 186 5
2977 419 2 242 43 515 18
4262 127 2 36 27 394 4
5367 97 1 168 65 541 6
11792 228 2 61 39 198 16
4689 492 1 173 6 98 5
6700 117 2 89 10 195 2
10668 212 1 70 48 535 18
8257 281 5 128 50 353 1
5475 507 3 135 11 344 7
2207 335 1 19 16 286 6
11302 239 1 19 22 249 4
215 238 3 181 20 585 2
2804 487 1 103 18 297 2
2777 47 1 41 14 90 2
11270 158 8 343 62 53 6
8428 55 1 48 59 424 4
4320 235 1 25 61 373 20
11911 375 3 92 6 214 1
10673 306 1 144 32 229 18
1046 537 4 232 24 176 1
8029 207 1 117 41 578 1
9289 52 3 126 69 224 2
5721 502 2 48 31 241 1
1245 502 2 90 24 532 3
4540 442 1 196 67 154 2
5519 203 1 23 41 113 2
7777 475 3 184 43 320 6
5074 161 3 85 14 232 6
10037 285 3 102 70 268 3
5547 370 1 26 63 192 7
10516 303 3 117 17 204 3
3250 456 2 132 19 457 6
2723 322 1 71 20 283 15
9680 256 4 247 37 406 1
9899 380 1 38 56 168 16
9430 364 2 323 24 473 1
7530 353 2 163 29 97 15
3191 190 2 178 63 373 6
11411 341 1 35 32 543 4
6859 93 3 102 42 268 7
8111 345 3 138 28 600 17
5966 34 1 15 35 237 2
7761 446 5 247 20 514 2
6651 348 6 133 61 282 7
9731 522 1 12 62 32 6
9197 378 3 233 50 521 1
1027 236 2 80 30 489 4
2481 549 4 251 64 64 6
279 413 1 17 17 56 19
2820 209 2 186 29 288 2
2106 546 1 26 35 223 5
3685 191 1 36 45 155 5
2254 513 3 100 14 73 19
10921 515 2 106 27 115 2
900 153 1 25 40 265 5
7193 165 1 12 40 65 20
4504 355 1 161 25 242 3
3189 138 1 97 31 295 16
1810 539 2 56 37 76 5
5237 312 3 196 20 275 3
37 487 2 152 31 175 19
8236 405 1 90 18 161 4
3564 160 5 196 25 490 15
8512 246 3 79 17 75 1
2237 124 6 278 26 536 15
853 106 1 105 60 26 6
11519 192 1 127 53 129 6
780 429 1 58 42 303 7
9941 533 1 17 61 532 3
11154 82 1 15 23 64 7
4254 398 1 103 19 369 7
2874 72 4 149 78 113 5
6861 22 3 252 31 535 6
2276 403 4 324 33 229 15
1029 329 1 71 58 64 16
929 359 1 17 41 83 2
845 135 4 59 25 425 3
6128 466 5 52 15 364 1
11523 108 7 430 12 631 19
9935 116 2 48 17 148 3
4611 185 3 132 24 84 6
8243 130 1 68 42 215 15
3753 475 2 63 37 113 7
11783 381 2 104 22 455 20
3466 258 1 25 7 91 6
977 317 2 157 39 434 5
4584 315 1 145 8 69 6
4205 274 1 18 40 441 6
2730 229 3 115 52 312 3
1788 203 3 177 56 313 16
4992 114 4 118 70 430 3
6756 65 1 61 62 513 6
2023 401 2 199 15 148 20
11157 197 2 92 36 389 1
8100 282 1 17 30 42 20
1498 171 1 32 26 63 2
2744 247 1 108 43 392 18
7204 440 4 76 34 177 16
1381 89 3 147 24 339 1
5441 171 1 17 48 195 4
4029 506 2 151 34 327 3
3145 387 1 35 22 253 7
4719 49 1 26 61 234 15
5645 24 2 181 14 380 17
6941 231 1 13 17 433 3
1948 190 3 77 46 321 3
75 482 3 196 24 540 7
9133 110 3 54 49 249 7
3402 352 1 24 30 580 6
762 261 3 303 49 226 1
4544 211 5 297 37 479 6
11827 149 1 32 30 191 1
10990 303 1 17 33 177 3
10254 203 1 54 58 500 2
4102 107 1 34 17 244 3
7658 254 1 95 29 136 4
10001 134 1 13 24 88 5
8965 231 3 88 80 169 19
426 215 1 26 46 77 4
7711 233 2 53 39 321 5
7951 211 5 161 13 378 1
730 60 1 54 24 124 3
4314 343 3 124 37 615 5
2474 261 1 54 34 423 15
9938 240 6 133 22 361 6
10377 548 2 124 76 342 5
6644 248 1 43 36 718 1
3298 418 1 128 27 126 7
8853 46 2 52 43 69 5
9488 433 3 67 38 212 5
11763 487 1 89 15 154 6
9180 141 2 44 33 490 17
1905 92 2 88 40 295 20
1240 250 2 166 19 158 1
1267 227 1 83 37 115 7
9290 543 1 50 32 191 19
3743 445 1 35 14 424 7
1363 492 2 104 33 311 2
1316 275 2 26 59 193 5
3002 214 1 21 39 185 15
10988 478 1 34 18 389 20
11681 127 1 76 13 561 17
868 147 1 20 38 314 2
9425 540 1 26 51 226 6
100 150 3 203 40 316 15
8387 167 2 48 12 563 5
5000 481 1 142 24 165 19
8021 244 1 26 25 116 20
623 443 2 65 23 199 4
9873 343 1 34 30 688 15
4443 196 5 181 20 540 7
878 535 1 186 59 187 1
3228 55 1 60 20 191 2
3501 258 2 84 28 105 7
5010 143 1 24 30 167 1
3612 463 1 20 45 170 16
9743 257 2 70 27 420 5
11758 196 1 52 46 356 7
1022 476 3 291 55 401 1
10229 462 2 131 38 70 16
4175 118 1 56 47 281 5
5151 514 3 58 35 247 17
9151 231 1 90 33 363 20
6053 21 1 29 52 179 15
2349 495 1 55 28 186 19
6251 234 2 53 58 350 19
1937 415 3 130 21 334 1
6694 190 2 52 48 475 6
5768 83 1 38 38 144 5
8048 172 1 30 36 306 3
10607 291 1 44 13 249 20
8460 127 1 38 19 135 17
8361 68 2 120 17 250 3
10110 70 2 158 17 435 4
2091 527 1 21 16 78 4
2438 131 1 29 16 171 2
5151 426 2 57 26 52 16
5058 136 1 27 18 150 5
10002 268 1 21 40 63 19
3857 435 1 117 48 364 1
9667 79 4 123 19 125 18
9313 207 2 80 48 293 7
5235 20 1 17 67 290 18
6445 436 2 35 42 97 4
9155 426 1 54 55 505 5
1008 148 4 119 27 201 1
6034 119 1 159 14 169 7
104 447 3 89 49 407 19
4046 424 1 241 15 183 5
11684 285 1 67 63 465 3
4595 227 3 104 23 158 2
7405 384 1 52 23 521 20
1754 76 1 39 54 335 19
11117 261 5 112 29 96 6
11015 232 1 72 15 417 2
8254 494 1 15 29 179 7
7088 452 4 139 58 354 20
3257 465 1 21 34 452 5
2188 14 1 130 14 206 6
2165 368 2 75 72 447 3
6026 15 1 169 45 433 1
2878 447 2 43 44 278 2
256 347 1 123 25 241 3
11801 364 1 21 32 42 2
907 186 1 95 58 432 4
9651 58 3 64 55 323 16
10722 157 1 21 41 199 18
1386 63 1 27 15 188 1
3574 461 2 125 68 188 18
9013 372 1 34 46 217 1
6594 43 1 45 58 49 18
474 92 1 20 12 235 7
290 49 5 109 34 150 3
6516 244 3 95 39 113 17
1624 449 3 47 38 55 7
2631 380 2 115 44 255 4
11721 327 1 56 65 58 6
3870 329 4 175 37 377 5
10997 272 2 332 37 418 16
7126 132 1 50 13 63 5
5196 104 2 52 35 143 6
8777 146 1 30 31 188 4
5928 189 1 53 47 475 7
5878 152 1 29 20 202 4
7402 315 1 79 18 304 20
2809 372 1 12 12 186 4
11959 209 2 39 86 300 6
4589 329 1 178 35 459 4
4277 19 1 69 35 67 5
8375 10 4 231 31 154 15
2987 478 3 75 21 148 1
7122 15 1 160 37 423 3
1202 427 3 177 60 417 7
3414 294 2 62 48 359 1
10449 286 6 153 45 222 6
2020 30 1 124 19 164 6
6117 98 2 56 74 303 7
7280 261 1 97 40 142 5
2145 375 3 68 26 84 5
7918 402 3 79 90 413 4
2505 309 3 36 60 131 3
6628 201 1 20 30 328 3
6068 168 1 18 28 192 6
1503 37 1 48 42 640 1
10688 57 2 149 29 309 6
4162 516 1 248 43 610 7
11256 194 4 207 63 527 20
4820 88 2 92 48 406 15
6175 60 1 151 73 271 5
5982 505 1 27 20 588 6
7006 254 1 94 78 244 2
1460 431 2 23 30 85 6
1996 232 1 55 19 288 2
8933 449 2 89 37 185 3
7768 155 2 284 57 23 6
1117 205 3 129 31 130 5
11158 542 1 67 29 163 4
8600 258 3 102 7 339 18
3573 244 3 46 45 85 5
9474 182 2 80 77 213 19
11982 470 1 18 53 256 6
407 455 3 102 22 235 3
6421 204 2 56 57 179 1
2886 491 1 117 40 147 3
9986 273 1 29 19 86 4
4699 30 1 19 50 159 2
932 430 1 22 51 238 7
6569 302 1 42 25 197 7
8904 57 2 83 33 498 1
3298 382 2 77 42 129 3
7369 351 1 30 40 291 1
5098 312 2 215 33 330 3
5466 349 1 27 33 266 3
5971 74 1 16 47 479 19
8106 411 1 32 34 90 3
1427 406 1 138 87 468 20
5228 251 1 19 14 129 6
3980 542 5 253 46 188 1
10220 440 5 150 26 530 15
9535 254 4 94 43 286 18
1128 331 2 118 21 229 5
4321 466 2 51 20 89 5
761 284 6 141 62 528 3
8346 260 1 58 57 238 18
6928 481 2 42 24 175 3
357 105 3 40 61 68 3
1095 236 2 275 19 66 5
4762 511 2 26 23 199 7
7396 463 2 52 52 115 7
8616 458 2 57 32 197 7
820 360 2 174 46 225 7
4821 361 1 12 30 23 6
5792 448 2 97 23 146 20
1434 229 1 26 29 284 16
11116 363 3 87 20 94 2
11733 489 1 43 56 309 16
2329 244 2 49 46 260 4
5682 176 2 39 32 472 4
5417 305 2 70 37 53 2
5204 209 2 165 8 57 2
4076 525 2 48 15 121 7
1044 221 4 105 48 114 2
7166 345 2 74 63 81 20
11214 311 1 63 18 146 3
10457 347 1 16 39 75 7
1733 47 5 243 63 620 5
10182 443 1 155 47 284 5
9774 286 2 133 25 387 7
3663 28 5 131 13 303 1
6768 91 1 67 44 151 3
8109 227 1 36 41 72 15
6474 547 3 139 62 340 3
11419 244 1 58 52 568 2
10059 163 1 43 12 223 15
10478 127 1 78 36 395 4
673 543 3 372 45 415 16
3359 508 1 456 25 366 3
406 121 2 134 50 109 5
10333 30 1 20 36 270 2
2930 320 1 39 44 236 7
60 390 1 35 64 317 17
2434 169 3 73 19 367 2
11672 56 1 63 52 179 1
381 49 2 110 15 362 3
7901 211 2 116 48 345 4
178 342 3 141 21 368 3
1432 484 1 161 25 207 5
11195 446 1 19 52 104 19
9903 225 1 311 55 428 4
8172 259 1 32 56 199 2
7390 353 2 137 15 409 7
4869 403 4 134 30 58 18
11002 396 1 18 14 447 2
6951 280 3 79 8 54 6
4965 79 1 31 24 445 4
7094 456 2 54 46 123 4
11326 259 3 65 38 473 7
5917 235 1 21 34 79 5
5495 521 2 102 55 405 7
6904 135 2 49 59 356 16
11528 386 1 32 36 197 3
2650 527 1 38 38 283 6
1943 279 4 109 36 183 2
4337 423 1 9 20 45 2
11770 542 2 91 33 151 3
2461 90 2 62 21 181 7
11469 301 1 17 16 40 7
9992 387 2 65 29 213 1
7104 449 6 160 32 205 6
9105 498 1 136 46 358 1
7902 314 3 77 51 418 6
6441 525 1 20 27 198 7
11811 64 5 131 39 61 4
3752 261 3 116 36 436 3
1914 466 3 116 89 401 4
10260 429 1 72 20 113 1
10067 210 2 140 12 251 20
18 59 4 59 65 373 1
8088 204 3 177 38 430 6
8079 541 3 179 13 73 3
6179 20 2 92 30 496 7
4733 45 3 180 50 435 2
207 453 3 119 12 150 6
3813 439 1 105 23 211 5
38 289 1 12 48 169 5
15 51 1 61 13 478 15
11935 500 1 237 12 426 7
4656 544 2 106 36 245 5
3963 522 1 30 7 548 5
11098 122 1 22 23 86 2
4070 299 1 28 31 469 1
7618 441 2 73 42 531 2
4265 178 3 49 13 138 4
2112 47 1 38 49 79 6
11756 11 1 166 41 226 15
10535 190 1 20 46 393 7
7909 298 1 23 40 245 17
10888 180 2 69 45 284 15
9932 68 2 59 39 242 2
2082 465 1 60 24 211 3
9646 208 3 135 73 323 6
9269 456 3 148 25 451 3
2973 386 4 137 13 129 18
5634 183 2 91 17 77 19
4523 446 2 41 22 167 18
2125 385 2 42 32 166 1
10316 527 1 17 64 571 4
9934 385 1 87 46 331 17
11707 212 1 14 14 425 18
9466 540 1 28 7 102 7
10969 61 1 49 29 65 1
6453 53 3 145 7 168 5
982 27 3 104 61 280 1
8372 49 1 25 39 163 6
5819 547 1 36 81 290 7
8293 347 3 162 72 339 4
9545 260 2 58 67 215 20
3608 403 4 221 26 551 3
2321 267 2 136 46 97 1
7113 74 2 39 41 359 1
9360 413 1 31 63 602 20
1456 400 1 18 26 169 15
10974 150 1 271 18 211 17
9730 412 2 75 60 335 18
10573 264 2 147 69 267 16
6661 393 1 16 34 71 5
7839 67 1 20 30 307 3
2171 252 1 134 42 291 20
22 418 1 144 81 492 5
5044 432 2 50 23 350 6
3202 297 1 312 50 619 15
10481 511 1 42 13 233 6
1561 254 1 90 16 453 2
11780 87 3 161 15 329 6
11787 517 1 68 32 192 16
10188 445 2 63 59 199 7
1703 355 2 38 57 330 7
3834 63 2 68 40 33 5
5398 136 2 30 23 402 7
9074 54 1 121 53 58 4
9010 423 1 115 40 194 6
3787 296 3 254 25 276 6
4739 53 1 388 44 394 6
1710 339 7 341 20 261 16
9583 332 1 32 46 161 6
10570 219 3 118 31 290 1
10268 298 1 95 20 522 1
508 521 1 90 29 223 6
5225 189 1 88 33 56 4
731 254 2 57 48 165 2
2118 219 1 215 24 604 18
1348 267 2 72 19 116 19
4882 525 1 14 38 33 3
7843 545 1 23 27 61 19
3215 68 1 34 54 170 1
922 93 2 62 29 184 19
8334 548 1 59 43 84 5
4864 51 1 47 31 83 2
5562 218 1 125 14 410 19
2553 307 1 23 56 458 7
9958 159 1 42 44 428 3
5065 322 1 41 63 284 3
1426 41 1 61 46 175 1
7562 438 1 23 33 133 1
6308 329 1 86 89 264 3
1094 250 1 110 28 529 15
11026 481 1 57 13 154 1
7946 404 1 241 34 541 5
9051 407 2 83 19 138 20
11181 512 2 131 71 270 1
3573 230 1 28 34 217 7
9169 357 1 30 29 221 3
8090 50 1 26 24 241 2
4141 502 2 70 43 262 1
11555 537 3 57 53 100 1
5960 477 1 61 45 156 7
7387 76 1 66 14 356 7
3578 422 2 308 25 488 7
1794 168 2 20 49 554 6
8869 436 2 113 66 341 4
7126 290 3 129 47 192 6
10532 85 2 92 60 388 19
6446 62 1 54 47 247 2
11128 21 1 65 48 504 5
1998 512 1 15 36 139 4
6939 170 2 88 63 198 6
7695 285 4 116 32 311 2
9638 374 7 263 12 323 7
7803 176 3 91 23 494 6
8763 375 1 17 57 117 1
4433 176 1 126 19 183 18
11123 331 2 21 27 79 16
8269 351 1 213 63 191 19
10924 81 3 94 67 254 19
6248 292 1 17 68 219 3
5347 151 5 116 13 211 18
8001 369 2 27 29 73 4
9575 198 2 38 37 211 1
4211 86 2 251 46 367 5
7516 544 2 48 65 69 19
2946 286 1 15 27 168 6
2838 358 3 79 12 52 7
6638 393 2 135 18 349 2
3478 404 1 21 44 212 17
3636 327 4 140 28 405 1
7181 280 2 63 39 201 6
11699 460 1 36 40 373 3
5833 149 1 145 52 221 7
4175 157 1 74 18 385 15
10597 210 3 79 25 294 6
358 490 1 29 62 147 17
10497 492 3 84 20 563 20
11133 223 1 179 17 317 18
812 201 5 225 45 67 7
2166 151 2 57 28 151 4
6996 168 1 110 71 169 3
6700 268 1 26 23 263 18
8216 298 1 171 33 322 5
778 338 1 21 26 172 6
6865 487 2 53 21 436 15
818 54 1 32 20 148 7
3404 184 2 130 37 425 7
9524 145 2 163 51 475 2
2390 386 1 24 35 108 7
9168 369 2 68 19 257 5
9557 255 1 422 21 541 5
7914 72 3 111 35 639 2
6386 94 3 145 29 488 3
1142 313 1 131 62 267 5
1545 52 1 21 55 57 6
5328 210 2 71 40 575 19
10021 171 3 77 20 337 6
5415 449 1 12 63 317 2
383 312 1 46 28 453 19
443 149 1 54 43 362 5
5819 222 3 60 20 42 2
5105 200 3 156 45 531 2
10956 88 1 40 30 489 3
3276 107 2 81 57 429 7
4773 536 1 95 59 494 3
445 520 2 100 47 227 19
6858 235 1 12 28 562 1
5369 91 2 38 48 223 5
11600 359 3 188 29 424 5
178 200 2 109 50 178 18
1944 442 3 74 16 349 6
8734 199 2 84 82 139 16
5347 523 6 63 21 172 2
7590 427 1 79 17 222 4
6503 134 4 113 29 239 5
10894 172 1 30 59 109 5
9002 64 6 171 49 694 7
3995 474 1 45 19 174 3
7690 28 2 99 54 203 3
2385 308 1 22 45 181 15
1136 120 2 27 16 380 15
3627 63 3 196 73 107 2
11397 186 5 221 35 29 5
11095 404 2 196 17 306 4
7806 233 1 30 31 476 1
9758 330 2 34 17 368 6
6495 385 1 50 40 307 17
2590 189 1 124 26 208 3
8825 186 3 127 51 236 15
1698 410 1 163 29 377 16
6222 234 2 135 22 411 5
7862 77 2 71 30 152 7
571 89 1 50 60 480 16
1996 150 1 86 62 44 4
10527 87 3 83 33 196 1
4407 124 2 66 59 486 4
5154 60 2 43 63 305 6
1267 446 1 49 41 205 7
6447 336 2 101 25 119 3
2758 515 1 72 12 118 4
4133 37 1 14 19 87 4
10969 205 1 50 30 163 1
11671 400 1 60 25 75 4
11275 249 6 239 30 319 16
6230 437 1 45 14 384 5
1347 334 1 49 26 432 7
9263 139 1 115 45 299 1
341 520 1 24 29 466 19
9943 532 1 63 54 53 3
3473 89 4 166 39 314 17
5282 470 1 67 57 495 2
3767 115 1 125 23 543 3
9844 447 3 97 27 447 18
6199 533 6 392 20 72 15
10142 39 1 125 82 258 1
8359 151 1 31 28 407 7
3833 9 3 176 27 25 4
7709 497 2 84 61 183 2
5027 429 1 23 44 171 5
7861 412 1 21 66 46 20
1480 337 1 19 48 79 7
1157 95 2 66 39 347 16
6073 291 3 81 12 78 3
8460 200 1 230 47 112 5
8383 14 3 191 17 77 1
2062 421 2 63 24 619 2
7752 280 1 10 50 82 2
7156 169 1 32 26 354 5
4920 390 1 47 50 466 19
1097 548 2 46 25 66 7
4056 349 4 135 20 232 3
1499 297 1 36 64 514 17
5069 373 1 14 13 106 18
10658 110 5 280 28 285 2
3223 513 1 53 32 146 16
6956 144 2 97 48 388 2
7789 129 2 110 47 178 19
6597 508 2 64 41 325 2
4664 101 2 160 10 104 18
7233 445 1 41 26 265 3
6608 215 1 40 40 622 6
4152 463 3 302 24 447 3
11634 151 3 68 47 384 1
7118 91 1 14 46 208 1
6415 85 2 52 47 309 2
5326 49 1 60 36 62 6
7119 272 5 240 32 242 15
11095 380 2 98 52 161 16
1566 453 1 28 41 340 6
4063 250 1 16 47 83 6
5403 293 1 49 17 368 20
4433 469 1 19 43 71 6
5654 545 1 20 15 172 16
1130 522 1 51 60 72 4
7208 536 1 178 37 164 16
1444 373 1 103 9 350 4
2458 235 3 122 41 68 20
6419 152 2 23 62 355 5
3909 514 3 162 34 240 6
10608 256 1 21 28 88 4
8188 156 1 16 15 313 6
6118 408 4 141 64 104 1
9961 288 1 39 57 421 6
1695 411 2 52 69 274 7
5162 220 2 80 59 175 7
9509 383 1 58 52 422 3
8433 503 2 57 24 326 5
8370 208 1 38 44 278 20
6919 477 2 61 61 77 6
11456 513 1 65 22 202 2
1167 34 1 130 58 254 3
8945 437 3 93 19 174 16
7721 353 1 91 37 243 6
8334 290 1 23 19 134 1
11126 82 1 96 51 321 16
10170 459 1 62 27 215 1
6692 477 5 103 53 52 2
6222 357 2 42 26 265 18
221 366 1 128 31 425 17
9425 98 1 15 35 56 2
9425 167 2 45 24 182 4
4140 168 1 144 16 122 2
3047 188 1 85 43 405 3
11760 15 3 104 21 192 1
5572 162 1 17 50 377 15
11458 217 8 532 26 144 2
6668 40 1 79 14 191 15
10691 444 2 100 42 357 16
6171 93 3 100 13 333 4
7978 507 1 65 53 340 3
9680 133 5 170 38 362 20
7113 7 1 46 74 129 20
5844 423 1 17 65 367 5
5286 390 2 27 29 69 4
6608 311 3 200 33 274 2
5533 265 3 43 61 203 1
9977 8 1 43 10 429 6
1640 125 4 137 59 525 1
6400 79 1 56 7 510 2
3252 142 4 98 53 108 2
9529 498 1 31 27 285 6
8780 57 2 142 42 451 4
6053 413 4 279 40 393 6
4623 451 1 143 34 55 19
9254 133 4 63 74 144 5
10784 181 3 106 35 353 5
3732 484 2 41 16 415 5
9095 407 2 79 63 141 17
11587 188 2 66 58 227 6
9850 74 3 83 41 207 4
11163 382 2 66 32 87 2
5564 386 4 248 22 276 2
9436 290 1 85 56 473 5
1431 350 1 18 14 223 5
10740 492 3 117 46 253 5
11338 192 3 115 14 213 7
8428 285 1 32 17 169 2
7872 342 1 174 42 209 3
2484 49 2 52 67 508 6
2643 487 2 172 45 212 3
7955 392 1 23 36 413 5
1340 83 1 26 24 187 1
2979 229 4 98 27 234 17
6362 544 2 97 75 182 7
1882 14 2 75 27 168 6
859 385 2 126 49 314 5
783 121 2 267 23 20 16
9889 299 1 22 11 253 4
5522 344 1 103 44 55 7
1889 161 5 232 54 81 6
1915 158 1 37 45 156 6
4888 225 2 101 20 273 19
4075 458 3 55 26 148 3
6532 523 1 135 26 507 7
8102 74 1 95 37 225 15
230 402 4 160 13 146 1
9452 43 1 53 14 175 7
11817 494 1 25 53 196 16
8536 117 4 139 35 51 3
3158 146 1 22 41 457 3
7977 340 4 57 28 252 18
3836 367 1 31 66 144 2
5771 64 2 98 18 307 4
647 74 4 138 44 424 4
2111 454 1 39 21 217 18
4544 113 1 29 63 744 15
9342 95 1 94 51 73 6
4154 197 1 22 53 87 7
4091 492 2 58 39 529 7
5290 135 2 58 18 503 5
6940 362 2 80 43 181 15
7749 274 1 14 31 73 16
4832 506 1 92 28 668 18
10149 437 1 28 59 154 15
5097 15 1 58 34 290 19
10470 7 2 117 22 563 6
4594 27 2 65 33 113 6
5828 450 4 310 19 328 18
4854 486 2 32 16 72 6
5330 39 1 58 54 333 17
3555 480 1 25 21 300 1
6074 299 1 61 14 384 2
1575 244 1 118 41 202 5
1653 204 2 160 14 333 5
215 533 2 124 70 420 17
8511 495 1 25 64 45 2
7040 187 1 19 34 354 6
3402 240 2 77 13 205 15
5429 497 6 90 66 327 2
10702 33 1 78 39 534 6
7074 17 5 255 31 366 20
1126 217 1 13 17 57 6
8021 485 3 166 25 258 4
3025 175 1 48 22 170 5
8530 345 1 27 36 111 1
773 251 2 80 16 204 7
3483 229 1 23 33 436 2
7606 397 1 22 32 650 2
6821 130 2 80 14 469 2
1823 308 8 305 14 528 6
2466 160 2 35 34 176 1
8959 546 1 25 15 479 4
11132 319 1 19 45 539 6
3152 29 2 76 90 442 16
10228 429 1 235 45 236 19
3787 482 1 44 77 383 6
11056 110 1 27 35 189 3
9480 65 1 25 8 56 2
7872 414 2 56 45 236 2
11539 190 2 99 30 537 5
11538 277 4 164 8 238 5
8018 361 4 103 26 77 1
265 343 1 43 26 183 1
690 371 2 113 33 433 6
1281 334 2 76 30 433 2
7414 25 2 89 34 597 7
3100 13 2 35 39 97 2
4549 140 1 24 45 172 6
2783 465 3 148 23 241 4
4707 275 2 50 58 197 1
2804 487 1 200 55 535 2
3655 313 4 206 46 524 1
260 202 1 50 44 139 6
5734 438 4 264 24 236 1
9468 224 1 21 39 343 15
4941 533 2 229 17 283 19
907 113 2 127 9 203 18
11730 333 2 93 59 676 6
11420 377 4 264 71 293 15
507 546 1 45 11 166 3
4113 412 2 26 21 54 6
10081 237 2 108 16 90 6
1930 497 1 24 24 232 5
2081 357 1 15 59 343 1
6663 346 1 32 24 208 1
1280 174 1 27 22 247 16
9145 301 2 54 28 151 19
4510 445 4 132 52 259 18
67 536 2 127 31 327 5
2243 307 2 69 26 182 7
2009 140 4 145 54 368 6
1897 45 1 10 21 377 1
5359 310 1 111 11 280 1
7564 58 3 136 15 250 4
10329 39 2 46 22 574 15
4529 325 1 71 45 75 4
9950 25 4 80 67 37 19
7748 344 1 20 36 647 6
5233 477 1 65 31 135 5
7358 216 1 120 66 476 19
2784 428 1 21 58 129 4
6118 216 5 226 67 214 7
3896 147 3 70 36 83 1
9963 483 2 492 21 107 5
2839 119 1 184 47 242 7
4391 248 1 93 11 76 15
4976 145 1 30 60 161 4
8718 266 3 123 7 167 1
3628 355 2 81 57 209 6
10450 123 2 36 65 62 5
10322 408 2 107 30 193 20
5948 253 4 196 58 181 4
6188 274 1 21 37 126 7
11076 165 2 129 60 251 7
3398 322 4 280 61 20 19
1856 174 2 76 19 361 16
8956 112 1 326 33 439 19
8522 356 4 146 27 265 2
7697 374 4 84 54 145 1
5911 370 3 168 31 493 17
603 120 2 48 21 105 7
1840 475 2 38 38 207 6
8415 446 2 53 21 293 5
8072 484 4 121 29 155 7
4035 90 4 360 44 375 6
7876 512 1 191 23 528 17
11840 129 3 34 21 462 7
71 540 1 32 32 62 1
2690 436 2 68 37 130 1
10855 82 3 75 23 178 1
8301 343 1 86 48 45 4
3842 84 1 15 28 229 1
7648 522 2 165 64 315 4
787 136 5 152 72 68 1
10302 522 2 45 62 206 7
5355 507 2 61 66 238 18
6413 183 2 77 19 352 6
9588 12 1 23 46 609 6
8387 309 1 95 36 552 16
117 277 2 105 50 328 7
9767 48 1 148 37 117 5
4174 343 2 56 74 546 5
2857 159 1 32 25 592 3
5037 304 1 17 43 46 7
4673 233 1 189 54 288 6
11351 506 1 20 34 86 3
5277 150 3 120 21 75 19
9189 375 1 93 63 273 20
8311 394 1 134 21 306 20
10283 37 1 50 10 270 4
9311 15 2 197 14 401 7
3191 221 1 58 60 46 3
899 112 1 21 21 33 4
10259 243 6 162 66 712 2
8420 138 1 25 60 479 19
6941 70 1 150 17 525 4
6200 379 1 16 43 264 19
796 52 2 144 46 309 20
3968 473 2 74 30 201 16
9382 494 3 298 60 298 6
1120 42 2 56 17 92 4
6576 464 1 66 53 429 16
7369 110 1 15 32 404 2
4345 313 3 101 28 155 6
126 470 4 72 62 326 3
11967 147 3 138 72 40 2
8616 497 1 52 25 299 2
1011 146 1 38 8 199 3
4657 47 3 438 9 117 18
474 352 1 68 49 425 6
8577 176 1 33 18 186 7
9726 338 1 26 29 194 2
7946 410 1 19 66 82 20
2364 378 4 171 21 218 20
5965 128 2 136 45 226 20
11445 237 4 163 25 243 6
6671 63 1 40 22 54 7
9762 547 2 53 42 287 6
6511 215 2 79 18 388 20
9776 139 3 176 38 46 19
2679 5 2 94 16 348 6
9563 285 1 14 22 405 17
10916 459 1 15 12 86 19
11850 279 2 81 56 211 7
3426 358 2 65 8 371 1
5713 157 3 43 29 90 5
2538 535 2 280 36 314 7
3497 64 1 32 51 214 3
4537 179 1 100 21 398 18
11532 74 2 49 87 338 5
1482 153 3 99 41 460 19
6387 234 1 34 43 238 6
10266 255 2 70 60 476 6
3039 408 3 240 32 267 18
4507 133 1 35 17 246 6
3112 316 3 81 13 307 1
9458 91 2 89 65 26 19
5785 322 1 95 11 502 2
11882 160 3 80 23 142 5
4934 36 3 224 18 225 2
2385 17 2 96 36 183 5
2877 145 2 189 40 174 2
436 471 1 88 62 587 1
493 73 3 130 58 526 3
10505 86 1 99 22 186 17
10690 362 2 50 21 242 7
6946 275 3 185 13 58 1
9102 526 3 63 16 279 6
11670 462 1 30 56 381 5
8176 332 2 101 46 423 4
5631 31 2 289 24 173 1
5686 17 3 117 40 273 20
1261 484 2 52 33 145 2
6267 140 2 112 55 242 2
11139 391 3 98 59 512 3
481 128 2 38 32 73 4
9362 225 2 24 43 186 5
2087 480 1 160 32 366 2
3842 398 3 44 20 97 17
1553 384 6 187 65 404 7
8870 309 1 29 43 237 4
