82 3431
6 24 88 944
8 64 80 816
5 40 128 992
6 40 124 800
1 24 56 416
5 24 32 528
7 32 100 672
4 16 48 256
5 64 52 656
4 40 108 512
8 40 124 992
6 40 72 576
6 48 84 320
5 48 40 432
4 40 84 976
1 16 32 512
8 40 64 592
5 48 12 512
5 64 36 416
5 80 76 448
7 40 100 592
4 64 88 1008
4 48 120 272
3 40 64 800
5 64 92 816
5 80 108 992
7 32 112 624
5 16 20 352
8 40 84 864
3 40 28 704
6 48 128 960
7 32 116 464
4 16 56 448
8 48 68 624
6 24 64 864
7 80 84 480
8 32 88 528
7 64 88 720
3 32 40 80
2 24 24 1024
6 24 112 688
4 24 12 176
7 80 92 720
8 32 120 544
3 40 64 80
5 32 80 736
1 48 44 464
4 32 72 480
4 40 16 304
1 16 40 448
3 64 44 896
3 48 104 960
4 80 36 608
3 24 24 240
3 32 108 624
5 64 72 464
8 32 64 384
4 48 64 528
5 80 120 896
5 48 60 352
3 80 108 240
6 48 108 672
4 48 64 224
8 64 92 640
5 32 52 736
3 32 64 288
6 80 128 784
2 48 12 160
2 32 16 64
4 64 112 400
3 64 120 864
2 80 112 560
6 40 76 432
4 32 48 208
5 24 88 944
5 16 68 368
7 24 108 592
8 80 120 336
4 16 52 144
8 48 120 224
5 80 120 928
4 32 108 672
10590 565 1 86 85 560 17
378 230 1 33 98 548 18
10676 525 3 72 36 281 16
533 523 2 275 21 140 19
16545 136 3 163 31 821 13
462 714 1 48 16 43 12
10676 565 2 108 19 70 2
4638 195 3 99 55 372 8
4616 586 1 13 34 139 7
3196 244 3 197 74 297 5
15111 580 1 55 9 56 9
4032 325 2 143 57 247 15
3555 744 7 287 32 232 16
10593 26 1 45 7 98 15
4551 36 4 390 40 579 11
9092 250 8 245 67 49 5
9530 244 5 258 22 670 12
9946 184 4 93 42 58 13
0 201 1 23 11 40 17
0 746 1 104 101 331 6
4180 144 1 32 7 864 6
3730 400 2 88 25 390 13
3726 608 4 74 83 273 8
15701 155 7 436 38 410 7
9160 529 5 71 120 254 4
16068 631 2 90 81 667 9
3278 746 4 101 25 108 5
0 103 1 22 18 558 8
16820 221 4 67 8 42 14
16062 468 1 13 20 256 17
10770 436 2 60 36 166 18
15377 579 1 93 26 220 2
4737 86 3 43 16 136 6
16000 471 1 207 59 415 1
9294 347 1 21 42 180 16
15874 263 2 150 69 307 20
3926 80 2 24 39 82 2
594 37 1 77 85 162 13
10408 372 1 16 46 345 15
9640 124 1 184 36 142 18
10047 456 3 64 16 183 14
9005 270 2 63 66 363 3
3527 115 4 136 56 668 7
10738 424 1 23 34 88 3
15732 215 3 133 17 61 6
15722 455 1 17 50 109 2
4060 297 1 27 79 808 2
0 728 3 62 68 640 17
0 199 2 54 61 240 2
0 53 5 135 90 168 6
15818 26 3 125 101 871 5
16106 642 1 25 19 83 19
0 646 1 31 78 458 14
16377 701 1 168 48 814 6
309 625 4 78 52 509 1
10629 572 4 355 45 550 14
4196 298 1 27 57 57 4
4107 427 3 300 50 770 4
690 601 3 79 93 406 12
9573 305 1 37 17 69 6
15545 98 4 52 14 371 10
15389 627 1 32 14 326 8
4406 307 1 147 18 511 19
9687 425 1 123 67 150 5
9981 170 4 89 75 390 3
15678 551 1 39 22 339 7
3391 165 1 43 8 84 17
3622 716 3 220 41 118 13
3423 693 1 57 53 602 7
0 417 2 181 21 279 5
16826 41 2 29 26 198 19
15178 585 1 13 37 106 3
824 471 5 134 27 578 2
9829 247 4 322 52 268 19
4010 610 3 164 72 728 16
15610 641 1 76 21 150 20
15878 551 2 40 33 218 13
10456 28 1 39 9 101 5
16844 675 1 224 72 383 5
4902 24 3 251 43 465 9
4331 543 1 43 106 517 4
16016 301 4 152 21 298 17
3697 595 1 21 15 171 7
15025 80 2 92 31 113 12
10545 65 2 128 73 257 7
10631 157 2 63 61 407 5
16761 36 2 40 17 818 15
3648 492 1 37 44 319 3
16514 155 1 234 49 563 17
3711 99 1 199 21 228 12
10476 678 1 124 90 485 5
3824 147 1 53 26 171 6
10068 150 1 38 114 857 1
15334 302 1 18 10 96 15
0 345 1 344 90 636 15
3485 701 4 65 94 294 2
0 310 1 32 39 39 7
9351 324 2 107 67 350 3
3108 386 2 67 61 113 11
0 232 4 109 98 436 19
275 199 3 215 30 524 11
10984 303 2 41 40 497 9
15986 490 2 97 91 492 20
16503 294 1 119 19 415 8
16423 159 1 29 38 39 20
558 495 4 137 42 264 4
891 180 4 151 40 195 11
0 146 5 302 113 505 2
4575 541 1 32 25 115 7
3270 590 1 95 40 432 10
15242 374 2 51 17 526 13
9082 517 1 82 39 196 5
4987 400 2 71 5 137 14
3845 203 6 373 72 426 5
949 51 3 58 40 417 4
15713 173 2 168 58 407 14
16994 651 1 212 104 320 8
9884 27 2 109 40 513 7
9108 460 3 444 80 613 17
10514 425 2 176 34 174 12
10705 418 1 104 77 466 19
21 135 1 22 39 223 13
4580 298 1 89 29 386 2
989 390 2 184 29 470 2
4834 267 2 62 99 493 9
9519 447 1 59 48 211 16
0 724 1 55 23 206 15
15985 99 1 161 76 215 20
9427 517 1 37 54 299 3
4073 452 3 116 65 419 11
9692 643 2 88 45 284 10
3958 555 1 36 14 328 2
575 565 1 71 35 161 1
15999 314 1 11 31 305 9
4936 505 2 67 22 260 12
9250 127 3 114 125 630 3
277 588 1 166 72 576 19
10302 148 5 223 89 500 1
15100 151 6 154 69 364 19
4547 704 1 22 10 39 9
9161 633 1 116 91 564 10
9517 581 1 31 11 144 4
16393 87 1 29 34 58 1
16167 40 6 422 50 540 3
9320 260 2 214 20 400 12
16272 178 4 264 117 739 16
3515 416 1 98 22 609 14
0 119 1 213 40 147 10
9348 648 5 112 51 386 18
9042 148 1 32 14 586 14
10637 353 3 45 50 171 10
16504 113 1 69 26 212 2
0 732 1 89 46 334 4
10254 177 1 35 40 151 18
15985 430 1 34 51 476 7
4737 181 2 33 13 123 20
0 526 5 141 51 175 20
15322 491 7 285 47 160 17
15042 460 1 185 83 170 7
10767 196 1 44 22 342 14
3935 329 3 103 63 335 15
15101 639 1 42 52 691 5
0 223 1 76 6 147 17
15111 272 6 364 56 413 3
15746 276 2 116 35 336 1
10038 526 3 44 9 288 13
15062 203 5 344 28 571 16
9148 307 1 58 24 105 5
0 359 1 189 93 436 13
9100 685 6 325 72 298 5
15244 536 1 42 79 433 9
16294 631 1 36 33 79 18
345 232 1 86 35 252 14
4044 179 1 25 6 63 19
16653 579 1 38 56 262 3
15481 253 2 36 76 360 16
10911 442 3 194 66 315 9
15935 490 3 32 31 422 17
710 126 4 151 18 141 19
3629 482 2 77 62 92 12
9511 552 1 171 61 377 5
526 284 1 122 59 385 8
0 136 1 74 9 435 9
10654 341 1 185 88 133 7
16651 206 2 75 68 189 1
10067 732 3 166 44 283 11
10566 627 2 123 34 392 10
16200 491 1 75 60 736 13
417 237 1 16 17 311 19
16855 155 7 160 30 329 11
15847 646 3 95 84 131 14
4156 180 4 160 35 224 4
9621 548 1 31 8 22 1
16299 737 4 180 23 185 4
4507 473 1 99 45 398 14
4224 505 1 155 52 318 4
9531 287 1 26 28 151 19
328 545 1 29 66 525 16
4286 366 3 266 33 498 14
4899 420 1 35 16 95 10
816 747 1 90 68 392 14
9302 453 1 70 16 169 10
15062 260 4 107 41 183 17
10296 159 5 160 105 270 13
9453 106 1 91 60 554 18
15014 22 1 143 31 398 12
3016 339 1 96 38 285 10
738 723 3 220 76 258 4
9376 419 1 13 16 451 8
16643 446 2 45 47 20 1
9561 547 2 54 85 170 19
967 241 3 28 49 136 6
16792 78 1 26 19 496 9
4915 244 1 41 38 64 2
3771 655 1 20 16 155 7
640 517 3 122 4 367 3
4319 161 2 84 58 245 3
9713 308 6 81 86 396 9
3001 540 1 19 23 238 18
15907 278 1 48 38 127 14
3774 202 2 92 30 618 19
0 644 2 133 44 357 11
15539 276 1 62 26 159 3
15210 301 2 84 9 508 18
0 345 1 29 24 464 1
10859 622 1 26 64 220 5
15409 635 5 214 100 433 5
4218 470 7 211 41 285 12
229 452 2 106 56 419 14
470 486 3 71 105 419 14
9896 629 1 46 52 491 1
3163 549 2 34 44 285 20
4929 22 1 92 37 46 16
3612 309 1 125 72 383 9
16471 195 1 17 28 74 15
3080 263 2 235 23 279 1
10622 679 1 47 30 163 4
15283 577 2 66 40 208 4
10278 165 1 73 56 357 19
9216 428 7 214 55 438 19
0 46 4 109 32 501 18
3288 307 2 143 49 297 13
10109 486 2 22 18 630 11
15501 653 1 78 83 162 14
0 575 2 263 107 934 4
15770 429 5 142 59 217 20
0 678 4 121 40 337 1
4743 315 3 178 36 517 10
4868 625 3 162 87 207 19
164 40 1 50 30 302 7
10476 576 2 132 32 520 12
0 588 1 74 110 378 5
16763 712 1 141 42 127 12
4636 495 2 223 47 485 10
3491 72 3 140 26 158 6
233 21 1 74 54 304 6
0 302 3 112 47 243 16
3192 449 1 117 87 246 9
9353 738 1 132 113 224 19
15697 355 1 179 48 246 11
38 281 1 36 55 36 7
115 263 2 92 54 239 18
15031 269 5 425 32 235 4
0 548 2 66 8 36 17
9431 496 1 59 60 427 14
9930 479 1 75 39 215 5
458 649 1 13 22 361 9
0 481 1 138 7 327 13
3721 587 2 143 42 165 10
15756 253 1 124 30 196 7
0 557 1 156 33 250 1
195 281 1 73 35 87 5
16251 456 2 192 56 412 2
16628 551 2 125 53 739 4
15813 437 3 119 54 347 6
16872 565 2 52 27 271 9
15332 416 2 46 37 80 12
15475 541 3 380 52 305 16
668 544 1 157 51 843 1
15768 169 1 245 15 101 12
0 692 4 279 115 158 20
200 87 1 64 41 544 5
9624 261 1 68 57 229 6
4641 279 3 70 47 118 15
0 451 1 53 77 401 9
3845 681 1 10 18 176 8
4655 233 6 238 46 439 14
394 363 1 16 37 417 11
3511 400 2 136 32 381 4
9179 529 2 43 29 410 4
0 167 1 141 57 162 6
10028 254 2 80 58 321 2
9300 495 1 120 79 664 10
535 87 3 103 75 138 7
0 253 1 16 7 81 13
0 567 3 191 72 254 6
16410 210 5 103 11 210 5
663 507 4 121 68 338 6
9957 83 2 108 24 380 5
16046 361 1 14 11 41 10
15953 298 2 64 63 105 12
10293 172 1 79 8 81 19
0 154 1 34 45 288 10
9166 71 4 74 8 45 17
4620 588 2 119 68 291 11
4724 489 6 156 33 597 13
10300 616 1 36 121 666 5
4781 558 2 216 45 174 14
643 495 1 18 3 118 5
621 392 3 103 55 207 4
15289 573 5 375 45 644 4
4700 275 1 27 74 411 16
3644 111 1 91 25 41 17
378 184 1 16 14 386 13
0 257 4 454 79 213 12
4865 716 3 75 76 241 11
9072 737 3 51 55 314 16
16239 30 1 43 49 172 20
16866 468 1 108 88 157 13
15125 183 4 126 29 355 19
0 342 1 16 24 447 9
4069 297 3 85 56 474 14
458 475 1 17 15 361 18
9141 61 1 39 14 326 8
9310 32 1 39 8 143 10
0 648 5 233 27 378 9
3381 520 1 132 58 753 16
4508 228 1 159 63 463 16
9715 647 1 35 31 230 14
16979 609 6 263 18 225 17
15558 233 5 68 51 375 20
10366 125 1 38 12 121 5
3176 723 1 93 42 327 4
9117 722 2 24 15 209 16
16823 484 1 19 35 232 20
9877 568 3 108 39 460 4
9794 555 3 310 63 387 20
0 568 1 80 18 195 20
1000 348 2 75 57 178 11
483 328 2 80 41 432 5
16143 156 3 130 15 108 3
3631 535 4 217 20 124 13
15960 296 4 68 67 373 3
15168 579 1 8 51 140 3
16570 68 1 38 31 197 11
3277 458 5 190 57 314 19
9156 154 2 81 26 92 20
16981 83 1 38 7 91 14
0 426 1 95 58 472 12
16877 334 2 54 35 414 19
15852 490 3 167 52 742 8
10436 309 3 145 45 133 2
10547 463 1 93 37 225 17
3401 735 1 20 41 315 16
10838 469 2 73 59 276 16
10558 291 3 178 36 394 7
16189 338 1 302 93 309 3
4329 567 3 80 58 777 8
10968 101 1 56 14 114 6
4413 38 1 104 46 424 3
4616 590 1 38 70 809 17
9450 161 1 57 74 134 1
0 245 1 12 22 410 9
3517 247 3 110 18 34 19
3243 197 3 131 57 299 19
16647 625 4 159 21 382 3
645 419 1 19 17 195 4
4618 338 1 36 37 132 10
3659 227 1 36 72 125 7
3512 361 1 29 26 277 10
15892 171 2 122 70 158 9
4215 574 6 199 68 324 14
16727 524 2 43 14 275 17
10111 387 1 15 61 544 11
4205 661 2 93 41 909 13
4454 406 5 186 54 512 3
16387 527 1 68 69 414 17
4753 554 4 169 84 458 7
3792 638 1 126 39 142 20
16217 681 1 21 38 167 15
16409 297 2 47 14 256 15
15237 20 2 81 34 187 12
10975 120 1 29 47 169 9
772 106 3 81 44 410 18
0 363 3 126 20 470 4
15544 422 1 60 106 388 8
16641 318 4 111 26 400 14
15774 698 2 76 36 233 3
3696 476 2 103 34 343 11
10636 440 4 37 98 466 15
9464 654 5 307 47 357 17
4974 38 5 144 39 518 6
10772 484 2 33 67 336 16
10534 610 3 60 44 311 13
407 569 1 97 56 126 19
10309 468 4 208 27 243 4
15412 590 2 125 12 345 14
0 478 2 69 33 456 3
10197 701 1 32 14 207 6
205 632 5 182 51 88 20
961 669 5 429 88 243 9
15136 572 2 324 41 384 3
4018 714 1 37 28 60 10
3001 316 1 25 18 526 19
4254 564 3 69 40 268 16
15470 535 2 67 88 277 1
496 307 3 75 49 918 20
15821 103 1 102 34 467 6
9254 349 3 152 42 320 8
969 224 1 160 80 548 4
4399 342 5 32 29 222 12
3060 27 1 73 26 400 6
15922 701 6 128 27 365 2
4001 435 2 89 23 416 20
10658 622 1 51 77 457 18
9290 641 4 78 48 432 11
3618 702 2 76 32 496 13
0 635 2 51 4 44 2
3597 691 1 36 38 200 4
0 651 1 172 46 357 7
0 151 4 117 74 325 13
10823 495 1 127 45 717 10
16756 319 2 34 53 659 7
16523 731 3 79 24 684 2
4498 612 3 80 26 525 2
0 646 1 294 24 187 6
0 250 2 238 41 149 16
15498 494 1 13 22 146 13
4872 556 3 103 39 437 6
4302 690 1 27 14 61 13
703 437 1 14 13 397 13
4857 60 8 148 31 513 12
10328 588 1 80 17 394 7
10667 275 5 188 84 172 6
4826 723 3 90 15 132 4
16768 628 1 226 48 250 7
0 560 1 50 78 188 13
16618 181 1 122 29 262 9
3322 699 3 202 46 174 3
10002 327 5 457 53 502 2
0 150 1 60 59 484 2
958 211 2 133 36 219 15
4613 425 1 11 25 284 19
15435 674 2 57 78 238 10
16603 482 1 29 8 37 8
15996 717 1 26 40 106 8
9192 660 3 61 27 129 11
10752 685 5 165 46 284 19
15015 658 1 100 124 227 18
15756 450 2 102 34 321 2
4073 21 1 35 31 438 17
4248 266 2 63 61 128 3
16105 529 2 245 112 778 10
16973 139 1 13 29 303 14
4823 715 3 242 10 285 1
4857 255 1 95 40 236 8
0 520 2 121 74 368 20
15101 186 1 37 79 311 18
16397 124 3 55 33 69 17
3891 455 4 140 30 711 17
10451 729 1 135 51 200 6
4486 332 3 141 28 656 13
3795 124 2 146 39 334 15
4075 160 5 212 62 422 20
352 515 1 16 19 127 14
15997 681 2 64 9 34 20
4633 690 3 233 41 484 17
9887 595 3 242 77 184 18
4702 741 4 83 90 463 20
0 372 5 129 79 162 19
3305 571 1 71 22 594 17
9372 637 4 76 52 136 13
647 203 3 70 68 310 19
9906 525 1 246 92 471 20
697 270 2 69 31 314 11
568 647 1 55 14 20 20
9577 24 1 19 16 289 10
422 539 2 53 18 198 8
0 601 3 233 118 583 20
0 642 2 56 31 17 1
0 630 1 19 27 231 1
3396 713 1 219 16 470 18
9799 472 1 43 17 292 20
15986 226 2 307 42 366 19
4096 261 5 100 77 196 17
3577 253 5 96 27 701 17
4190 668 5 202 32 292 19
9610 410 1 30 58 470 15
9292 431 4 382 24 523 16
10131 316 1 142 88 442 9
895 657 4 308 38 247 2
333 256 6 233 64 810 9
737 179 1 259 70 699 14
4588 90 1 75 43 677 1
4647 163 1 99 27 317 4
10368 158 3 59 17 180 9
476 386 1 157 67 275 3
16459 455 1 8 38 219 5
0 579 7 333 78 761 13
16267 391 1 33 52 392 13
9778 613 2 86 44 182 10
4054 723 1 19 52 379 4
16433 306 1 47 55 126 6
3198 455 2 67 22 321 1
9930 600 2 75 35 224 4
0 156 1 13 12 671 10
16386 342 1 13 31 417 18
533 321 2 53 44 565 13
569 421 1 98 81 639 11
16895 376 2 106 37 460 19
15125 425 1 131 80 264 11
10360 427 2 123 24 256 13
4408 596 2 133 52 404 17
3076 171 2 55 30 200 3
3147 372 6 226 39 190 16
111 203 3 209 53 213 18
653 428 4 211 69 269 5
9221 528 2 152 51 525 7
10203 739 1 36 27 332 13
0 263 1 101 46 223 12
9688 163 4 96 21 145 3
4079 535 5 286 52 485 8
3526 162 3 82 17 309 13
15036 676 1 10 25 123 13
15392 293 1 44 28 512 1
9699 628 1 15 21 269 14
10111 569 2 78 70 291 3
0 122 1 139 30 699 11
4468 24 1 35 58 486 5
9039 680 2 155 76 433 11
187 535 1 17 89 511 1
747 335 1 19 26 336 7
15865 510 4 192 48 236 20
61 249 1 113 30 639 1
0 669 3 204 46 747 15
0 28 8 269 29 95 11
824 545 3 116 15 282 2
9826 284 1 14 18 42 11
9717 263 1 11 10 206 12
293 727 2 108 47 265 13
16546 405 1 10 19 408 20
16145 124 2 52 50 187 7
16648 625 1 61 26 267 3
9878 152 2 47 45 226 20
10888 263 7 417 62 111 6
3542 192 2 164 13 395 13
15982 579 4 170 35 324 17
10777 590 2 217 24 412 10
10567 365 2 163 30 267 8
9349 391 2 130 48 450 18
3776 55 3 127 51 718 13
15113 591 2 20 28 245 9
899 522 2 89 84 570 5
751 332 1 12 8 134 4
9279 209 3 25 27 135 5
10692 387 1 22 22 188 12
4589 246 2 68 32 317 16
3646 194 1 29 10 162 1
16905 78 2 59 65 111 9
612 38 1 90 35 374 16
16635 332 1 87 43 301 18
9978 354 1 30 21 339 15
15074 243 1 71 19 179 1
4654 294 1 339 37 321 8
4833 528 1 30 15 469 11
15371 35 1 9 29 74 12
15396 630 2 135 15 280 10
4629 218 4 42 58 855 11
9760 710 1 11 16 195 17
10623 711 2 203 53 330 5
3127 374 2 44 23 90 18
4049 721 1 57 57 802 4
0 370 1 90 28 798 4
15930 327 2 113 43 242 11
9328 391 1 14 27 373 13
4058 312 1 137 47 357 2
4725 361 1 28 45 257 11
0 441 3 170 81 781 9
4558 251 2 288 23 228 13
3600 317 2 79 8 197 15
10960 97 2 128 10 408 20
3692 703 1 133 50 300 5
4621 315 1 83 8 77 3
4281 748 1 40 31 263 5
16772 359 1 27 9 41 20
0 643 2 72 74 367 18
10374 620 2 438 102 126 9
9560 282 2 168 77 843 1
15571 316 6 138 42 402 13
3758 376 1 39 77 140 3
15739 23 6 181 62 628 20
10295 23 6 240 64 271 2
4645 106 2 46 10 80 12
15644 578 2 73 63 238 3
15932 348 1 188 49 872 11
15648 710 1 11 24 127 3
15891 211 1 48 68 194 14
10113 261 1 111 27 268 11
3418 42 2 180 63 294 8
16627 25 4 188 78 622 2
10313 414 2 36 94 129 16
4582 601 2 39 13 45 3
10047 681 1 67 6 47 15
0 138 1 90 36 361 5
10470 702 4 230 12 428 20
3796 382 1 27 33 62 19
15331 448 1 40 37 421 12
9935 588 1 158 41 373 5
10751 467 2 121 35 316 11
16350 333 1 19 42 276 9
10449 339 1 65 58 483 4
16141 621 4 399 43 343 2
15379 133 4 224 37 228 3
15338 137 1 56 50 286 20
15864 706 1 87 54 394 15
4220 665 4 302 35 458 2
15826 201 1 136 81 525 20
0 282 2 167 94 677 9
261 618 1 31 35 445 1
0 158 1 124 30 373 7
9504 113 1 79 23 384 8
15047 702 2 158 85 441 17
4850 605 1 75 7 110 7
0 744 3 479 50 313 6
266 658 1 143 7 215 3
16173 709 4 187 49 429 6
990 679 2 169 41 708 5
10520 364 3 101 53 224 15
705 369 1 24 28 197 16
4310 591 2 50 50 261 10
4747 69 1 18 6 284 5
9137 600 1 15 15 86 8
0 28 2 118 39 353 2
10752 323 1 25 32 147 2
0 309 2 69 30 23 17
10334 591 1 33 86 901 6
10193 518 1 22 56 275 6
4743 161 2 104 68 145 15
10712 39 4 269 25 871 18
4408 372 5 166 15 532 1
15773 221 1 16 13 375 14
3437 434 7 98 80 138 11
9436 549 1 38 21 291 19
10480 97 5 304 28 293 5
16967 499 1 15 10 317 15
10598 159 1 7 28 227 10
0 188 4 311 40 378 10
9377 653 1 11 14 214 10
3732 207 1 25 68 238 9
3854 689 1 170 111 264 4
15835 747 1 63 57 474 9
15575 226 1 137 82 518 10
10996 736 1 104 50 516 4
10251 301 1 52 68 472 17
4598 410 2 111 33 288 12
9288 459 6 220 48 351 6
9659 664 3 178 73 776 1
10315 151 1 43 14 31 8
4353 268 2 165 59 501 5
16802 23 5 44 50 390 19
9766 226 4 150 54 578 11
15030 610 2 98 47 519 15
3545 197 3 231 102 382 3
184 84 2 115 17 265 15
16601 367 2 142 70 334 1
10634 65 2 62 13 167 8
3497 618 2 70 108 358 13
15407 107 3 204 57 142 13
3215 27 4 82 56 283 4
3334 307 1 165 33 422 18
9523 156 3 42 41 522 9
16446 621 3 94 7 153 11
16804 53 4 270 31 327 9
10377 431 2 23 12 292 20
16912 693 3 204 63 113 7
9816 697 2 68 66 482 11
480 255 4 79 54 478 10
10922 48 1 71 34 52 13
4405 497 2 126 70 396 15
471 249 1 23 20 390 4
9311 340 2 62 19 76 5
3721 114 3 39 35 325 12
15236 582 7 134 76 220 9
10140 405 1 35 16 159 14
3272 264 4 197 68 55 4
16142 168 6 129 35 208 1
443 592 1 31 72 176 8
3360 595 1 40 59 730 8
708 163 6 176 30 344 10
3237 552 2 70 8 83 9
15860 241 2 63 33 46 6
0 31 1 39 70 351 11
16694 159 1 8 13 385 5
4959 582 1 279 59 352 1
10270 456 6 124 47 608 10
10570 640 2 160 20 559 7
10269 564 2 63 14 215 8
0 109 1 146 47 221 15
0 77 3 151 47 206 7
15573 486 1 48 11 405 19
3576 359 1 121 39 564 17
15495 217 1 197 65 189 3
4922 460 2 50 26 301 6
15301 94 4 78 47 180 14
9527 39 2 149 67 324 17
3672 282 1 30 44 231 17
16141 417 4 146 15 255 19
4534 408 1 16 50 456 17
4324 296 1 137 100 394 7
9804 678 1 122 68 507 4
16899 315 6 362 89 186 3
0 575 4 116 42 629 12
10328 578 4 133 37 261 6
3391 626 4 111 33 655 14
9570 665 1 172 53 638 10
4405 334 1 37 39 169 18
410 647 2 213 46 268 6
16176 476 2 57 41 60 19
16160 166 3 117 96 697 12
10659 548 6 142 66 195 15
16387 682 6 373 31 497 1
301 190 1 11 26 158 19
4427 207 3 119 43 600 9
16489 510 1 46 9 264 4
3440 431 1 58 117 887 17
15005 86 1 99 30 276 12
4906 567 3 242 71 247 2
15692 627 2 404 37 407 16
10461 589 1 171 46 567 20
873 626 4 94 107 629 13
10383 324 3 36 36 107 2
4450 602 2 108 42 511 5
10402 709 2 80 32 108 5
0 28 3 149 53 210 14
0 495 1 28 52 235 20
737 647 2 234 64 488 13
9274 354 1 32 12 100 13
15663 60 4 192 71 198 7
4297 598 3 76 31 50 11
978 502 2 309 47 483 2
15085 455 1 29 22 170 17
4171 330 1 28 19 561 1
3139 245 1 25 64 342 2
9889 47 2 22 42 251 7
16937 470 1 41 10 501 10
9277 425 1 27 56 556 15
15753 361 1 17 15 84 5
16086 300 6 478 100 316 20
0 461 3 72 34 309 7
10920 640 3 143 79 143 4
4960 194 3 39 32 77 14
0 747 1 79 41 223 19
4305 732 4 177 55 470 18
3198 271 1 31 22 400 18
16941 300 1 468 64 103 13
9262 744 4 51 28 123 10
15635 495 1 29 59 168 3
4821 720 2 384 69 296 19
4680 299 2 65 32 471 19
3826 454 3 49 25 255 2
10492 587 1 25 99 302 8
16466 489 1 28 15 210 12
0 196 1 26 40 693 10
9934 104 4 159 35 774 16
10087 436 2 73 28 398 12
3419 293 2 44 52 439 8
16423 200 4 35 48 289 15
20 273 2 195 14 402 13
0 371 3 184 87 850 2
9066 683 1 73 79 645 20
15316 514 2 120 65 502 20
10551 735 1 28 33 92 6
658 426 3 36 48 392 13
9147 709 2 51 105 223 16
10851 626 1 28 22 416 11
788 500 1 15 21 136 17
10587 181 1 14 22 468 6
9230 421 1 38 34 113 9
16422 724 1 228 17 231 20
15627 333 1 112 26 244 14
9128 37 2 37 53 387 3
3818 97 1 11 14 343 14
0 665 6 159 24 292 8
15167 549 1 193 14 565 11
16424 171 2 308 65 675 5
9371 175 6 83 36 154 4
9916 215 4 86 90 342 12
9503 717 1 75 43 514 14
634 625 1 79 62 235 18
0 133 1 41 17 447 10
16591 664 2 56 26 624 10
10503 668 1 26 24 49 2
0 430 2 127 36 127 1
3978 29 3 68 15 424 2
9628 469 1 35 102 414 7
3353 74 2 171 46 451 4
3720 634 3 132 36 432 8
4269 123 1 113 34 215 13
3771 243 2 113 5 220 12
9802 45 1 106 58 278 4
4286 699 1 8 28 335 17
15432 66 1 56 15 135 6
15946 736 4 32 7 222 16
0 701 1 35 42 331 11
4219 440 3 134 46 540 20
15996 464 2 84 68 299 12
9685 365 1 41 7 99 12
751 749 1 48 17 43 19
10305 685 3 51 30 114 16
3344 31 1 25 59 134 14
16085 481 1 55 30 423 8
664 56 4 239 25 307 3
9843 292 1 160 48 494 14
15178 172 3 44 36 153 15
10222 118 1 44 16 397 20
9352 356 4 127 100 318 15
333 404 2 51 59 171 10
16048 110 3 86 96 620 15
10962 684 2 177 42 163 7
4585 191 1 165 60 240 1
0 642 1 54 45 231 4
9708 592 2 103 77 434 6
3447 307 1 49 34 98 16
4697 733 1 22 66 218 13
9125 496 2 91 20 313 9
0 660 1 49 79 124 11
9160 584 4 115 26 368 5
15882 719 1 12 21 322 2
9906 532 4 125 90 526 5
10832 724 2 113 42 366 5
613 463 3 27 56 339 12
0 512 1 17 19 133 14
9420 197 1 40 62 665 8
15430 116 3 56 75 109 20
0 363 1 140 78 523 11
10366 521 4 51 63 633 14
780 252 2 113 111 542 16
15741 246 2 189 23 259 20
1000 417 5 507 46 337 15
78 599 2 114 7 347 11
3402 323 1 410 80 475 13
3012 446 2 19 66 524 6
10744 386 1 54 28 369 2
15813 610 6 142 67 303 1
15663 681 1 22 15 318 7
4751 191 1 39 29 434 6
853 39 2 31 15 195 11
589 357 3 464 57 216 5
4321 570 1 28 9 32 14
217 244 1 60 58 170 3
16845 412 2 116 84 534 9
4843 730 2 90 84 384 9
9857 720 2 36 27 129 10
15679 737 1 32 30 811 19
3186 155 1 26 18 48 20
10403 740 2 13 18 334 2
15783 556 1 35 10 323 20
16100 132 6 168 21 656 10
934 536 2 21 53 206 8
16556 263 3 299 28 337 8
267 76 4 119 44 83 8
28 282 1 14 18 160 9
16280 240 1 28 31 101 6
10952 378 1 119 82 566 11
10168 229 2 87 17 469 14
4385 729 2 41 49 222 20
3437 596 2 96 37 194 5
0 123 2 88 27 109 14
4356 181 2 191 27 337 8
4935 575 2 48 30 127 18
15582 172 1 16 33 331 14
10698 35 2 119 33 267 10
16299 207 2 59 33 214 19
9886 743 3 163 12 213 5
10153 37 1 48 9 117 6
9834 749 2 54 14 158 6
838 261 3 57 7 103 6
0 565 1 70 5 77 15
10681 599 5 205 35 505 13
10809 728 3 56 41 771 5
643 350 1 32 8 49 17
10419 678 2 81 46 163 18
15893 300 2 220 17 345 20
3919 40 5 186 33 204 11
9407 134 1 58 33 128 18
0 190 1 123 80 851 14
16594 147 2 157 65 520 15
664 675 1 62 88 321 16
0 391 1 39 43 437 9
135 514 3 39 18 170 12
15205 664 1 51 54 310 6
880 29 1 184 64 338 9
377 437 1 20 128 607 1
0 704 2 88 119 549 13
15641 145 2 168 70 319 19
10792 451 5 147 24 368 2
15589 108 1 59 74 601 7
15830 592 2 116 54 182 6
15081 31 1 47 71 541 1
3941 38 1 37 44 467 13
3369 716 1 109 25 398 7
426 25 2 117 48 632 9
0 497 1 158 56 251 15
414 520 3 196 9 256 14
3833 340 7 172 103 281 9
10877 49 1 122 29 287 12
9723 260 1 44 26 610 18
15251 490 1 64 11 109 8
129 73 2 233 71 620 5
15901 433 2 68 50 396 11
16695 344 1 83 51 504 5
3521 569 2 67 38 634 3
0 91 1 21 43 187 7
16473 290 2 39 47 561 14
3006 612 4 60 78 372 14
9828 79 1 33 29 304 9
10945 451 1 37 61 470 19
10329 439 7 178 57 205 6
3 47 1 264 57 144 6
15830 563 4 215 17 278 16
10773 91 1 9 4 86 12
15087 664 4 111 35 357 19
3090 256 1 35 50 251 10
3297 247 1 20 47 361 5
0 602 1 16 19 278 6
4281 458 4 149 6 360 10
325 215 2 160 31 578 15
3327 128 1 150 51 420 4
662 390 1 131 24 320 14
0 535 2 37 18 685 13
3959 427 3 119 44 755 12
10012 665 1 25 20 290 16
4007 375 1 47 20 285 15
9843 643 4 157 37 137 13
15263 487 3 144 9 288 17
15711 189 2 64 41 191 5
10348 749 5 230 38 368 20
10524 671 1 31 70 645 6
4342 505 1 140 90 685 16
0 128 1 32 101 144 10
604 436 2 72 66 527 3
16750 252 3 108 31 359 18
16600 53 4 170 83 752 13
9090 575 3 67 7 108 8
15096 52 2 60 24 412 10
3070 749 3 34 11 125 13
0 55 2 50 9 82 9
3026 499 2 94 44 80 11
0 744 2 76 39 313 17
16518 692 1 262 86 711 12
15436 685 1 11 18 134 13
16246 404 3 130 44 178 19
0 200 4 173 17 235 15
16756 645 5 210 49 306 2
16754 378 3 100 11 170 7
160 355 4 169 70 425 4
10780 133 1 33 41 235 20
10659 177 5 274 65 507 3
10644 35 1 16 47 158 15
4114 683 2 47 38 102 12
9510 608 1 196 58 205 14
283 741 1 42 21 186 12
16248 440 2 31 31 52 1
15974 552 1 217 61 273 15
3308 512 7 169 65 294 5
15888 520 2 55 4 80 17
3520 61 1 75 110 839 17
0 22 1 15 41 235 7
9140 171 1 147 31 848 16
3993 605 4 160 76 633 18
323 524 3 228 29 283 16
10925 670 2 70 15 629 9
3546 298 3 157 56 599 15
16170 457 5 170 46 290 14
15756 400 1 29 27 540 6
3832 391 1 21 7 125 5
0 90 1 171 27 132 18
4586 572 5 218 27 265 1
16987 566 1 102 28 411 17
15657 350 3 195 28 83 8
15213 747 1 52 13 510 18
0 703 1 71 81 586 18
10886 343 1 53 7 40 20
15323 472 5 149 32 526 15
57 421 3 61 32 433 13
15260 120 1 53 11 570 14
15440 454 1 39 43 158 10
4649 264 3 96 55 145 4
736 474 2 121 86 358 12
15163 602 4 188 36 271 13
9438 370 1 98 52 319 17
3841 375 2 76 36 210 11
4772 205 1 189 44 455 16
4910 599 3 204 13 369 15
3066 704 2 209 50 682 16
340 337 1 60 64 100 20
10535 199 1 20 53 632 20
10932 118 1 24 13 224 15
15819 305 1 25 26 270 1
16383 40 1 39 40 289 1
0 408 3 216 16 578 16
15899 525 2 204 21 272 4
4335 235 1 216 68 428 8
0 222 1 34 12 104 2
10981 181 2 352 68 405 13
3510 94 1 164 31 119 4
4747 702 6 151 74 416 10
10649 699 1 36 34 283 11
0 149 1 38 37 273 8
3289 354 3 72 91 373 11
9591 439 1 72 46 338 11
10181 400 6 104 91 95 5
16311 318 3 71 12 169 5
16976 650 1 12 21 299 12
8 689 5 172 30 620 4
15460 216 1 87 73 633 6
3700 95 1 47 24 120 9
15592 118 2 80 56 161 20
4126 338 6 239 45 303 8
16929 343 2 176 36 99 4
9149 85 1 120 25 446 14
15462 144 1 26 49 251 6
4433 319 2 54 50 695 3
24 149 4 226 38 513 14
16782 70 1 245 73 403 18
3875 655 2 55 50 556 12
0 160 1 130 36 375 11
9947 643 2 267 41 437 12
15733 589 5 503 82 338 14
3856 453 1 19 32 487 11
0 637 3 170 8 343 12
9011 442 5 128 66 141 18
15210 507 2 37 14 47 16
4691 246 4 165 31 391 3
3515 716 5 245 32 178 20
586 269 3 53 21 428 18
15121 631 2 49 33 34 10
9117 613 2 247 55 112 5
10037 403 2 31 96 289 11
15947 21 1 205 24 327 9
10220 117 2 63 56 125 12
10966 695 1 107 15 377 3
205 671 2 41 8 103 9
16953 479 3 76 10 240 13
68 521 1 73 40 716 20
4627 30 1 96 57 290 8
4868 455 2 103 28 464 15
9078 466 1 13 25 274 18
10342 256 1 36 28 116 9
16712 193 4 154 50 629 13
9850 312 3 54 20 562 1
16892 514 1 51 29 222 19
0 637 1 249 26 393 19
9065 88 4 81 55 287 20
3440 200 1 164 54 151 5
15742 132 4 159 38 478 12
10689 327 1 72 89 136 9
3005 149 2 55 29 115 2
3005 672 2 154 66 132 12
0 618 1 74 47 565 8
994 418 3 51 16 110 1
16507 291 1 41 14 642 16
15463 610 1 98 61 234 17
9748 547 1 81 87 408 4
383 254 3 214 13 394 20
998 656 2 58 53 933 18
15339 295 5 235 78 143 16
15656 76 2 100 33 292 4
16897 599 1 122 22 479 7
3611 66 3 56 65 394 3
0 93 1 363 42 713 12
165 466 1 20 31 203 6
9973 226 1 309 105 467 18
3305 359 1 18 7 115 4
10912 273 1 12 30 291 4
9593 618 4 206 73 225 14
16176 688 3 267 46 288 6
15446 467 4 327 24 273 5
333 709 1 120 23 129 10
10418 437 3 101 86 436 15
0 51 3 475 66 276 14
9865 74 1 64 35 626 8
3568 342 1 16 48 215 20
10262 368 2 92 72 601 15
0 175 3 62 44 571 7
10903 511 1 209 23 190 8
15896 204 1 29 78 584 10
15448 88 1 158 34 702 13
15827 503 1 20 85 554 12
0 72 2 82 31 297 15
304 79 1 152 34 465 9
3911 272 1 128 38 220 9
9172 693 5 93 62 215 14
16180 405 1 36 31 211 8
9184 122 1 39 8 198 9
3149 661 3 233 24 450 15
10462 308 1 170 77 613 17
4795 197 3 198 100 218 20
3275 253 1 21 17 189 17
10708 72 1 232 37 553 20
10636 293 1 33 17 213 19
3142 202 2 307 82 668 13
9100 278 1 49 41 269 4
3144 682 1 31 50 435 17
851 148 3 106 30 107 14
0 461 1 267 21 280 14
9891 179 1 15 30 201 13
10049 637 1 12 21 214 6
0 197 5 145 71 103 2
4274 122 1 26 44 436 17
3554 484 1 11 14 141 15
3455 23 4 176 16 119 11
9297 283 1 37 21 294 3
10237 628 3 97 17 223 11
15588 702 1 30 15 171 9
251 720 1 12 17 262 3
3396 739 4 395 34 193 3
621 723 3 91 47 798 9
10911 405 7 220 36 198 13
4625 736 2 378 53 519 1
3278 169 1 39 37 295 20
3659 496 3 99 41 544 1
10009 665 1 164 87 590 4
15052 620 2 68 62 768 15
16833 502 2 36 25 411 14
4428 635 1 30 43 222 8
9091 403 2 59 11 894 19
10813 232 1 190 31 543 17
9681 272 2 35 24 100 14
4939 479 6 474 74 638 3
4053 705 1 151 43 226 9
3329 604 1 78 32 578 11
318 460 1 47 10 55 7
10769 414 1 86 114 209 7
4566 548 1 11 33 105 2
366 207 1 64 105 131 17
9123 426 2 99 24 241 7
9880 477 3 77 65 252 9
3888 713 2 80 73 284 20
96 524 1 114 107 492 14
4638 385 1 73 44 347 2
3230 640 1 32 25 471 12
15719 580 1 24 13 281 10
0 662 5 102 68 404 6
0 44 1 317 61 277 12
0 694 4 282 23 272 15
16858 496 1 137 45 231 4
10427 668 1 133 88 472 2
47 68 2 116 44 147 11
532 569 5 109 68 335 17
10796 474 1 178 53 332 1
16332 352 1 138 58 602 15
0 337 1 95 25 483 4
739 741 1 92 14 87 3
16392 91 3 174 30 328 5
0 385 1 98 14 152 12
15292 309 5 181 40 225 18
15996 561 1 59 51 283 12
653 359 4 128 33 377 15
10697 464 4 71 53 650 18
15238 475 2 201 31 664 20
0 99 5 141 59 85 17
0 94 4 118 29 152 10
9669 134 2 132 97 216 16
92 103 1 21 37 232 16
0 154 5 83 63 226 20
10276 301 1 18 12 68 19
15989 297 5 92 41 253 6
0 270 1 25 18 470 7
9273 614 3 62 62 111 18
3456 614 1 50 48 301 10
0 594 4 52 25 43 16
0 721 1 49 32 114 18
16334 109 1 20 32 140 14
4273 670 2 100 7 392 6
9250 168 1 106 38 312 6
0 29 3 147 34 284 10
16412 637 2 79 72 503 9
9312 379 1 129 10 493 20
3065 690 2 152 18 243 8
3636 23 1 20 33 285 6
16631 113 1 8 10 215 17
16632 345 1 60 31 80 15
15302 433 1 312 63 354 15
10105 342 1 91 44 211 18
16601 23 4 79 86 443 4
16059 729 1 50 29 194 11
10823 365 1 27 48 423 10
15772 501 5 172 47 508 11
925 423 3 100 28 748 8
15090 50 4 197 4 316 3
770 574 1 165 43 179 9
16580 297 5 103 76 210 8
16257 701 1 11 6 90 12
16419 505 3 85 46 328 14
739 580 1 41 12 194 5
4043 459 7 184 53 400 19
3289 96 3 50 11 96 20
15933 437 2 55 52 635 4
239 395 2 44 9 42 8
0 120 3 37 14 121 4
205 340 2 105 11 315 19
15655 432 1 91 77 599 18
15175 199 3 238 121 367 19
0 742 5 90 14 232 13
9401 173 3 64 69 299 15
10159 232 1 43 53 270 14
9644 337 3 97 20 627 2
4202 21 3 27 8 162 18
9605 747 2 301 62 209 4
0 583 1 6 8 175 12
10875 72 4 173 73 244 18
10426 394 2 57 22 299 1
4425 596 2 69 8 71 6
15972 90 3 159 34 121 13
10608 37 3 179 42 673 5
15235 389 2 47 18 527 13
15003 660 1 13 19 150 1
4056 38 6 429 35 474 6
555 281 2 137 71 143 15
15960 460 4 48 62 497 17
10398 60 2 205 83 119 11
16742 719 3 218 61 88 2
15022 308 3 178 56 598 9
10386 677 2 29 14 346 16
4989 340 2 61 16 126 1
10470 594 2 18 40 257 7
9234 203 1 74 29 372 20
9243 186 5 559 68 255 2
961 122 1 15 26 138 19
10475 265 1 143 78 548 7
9369 136 1 13 14 162 20
15884 86 1 248 42 251 17
16227 671 3 199 71 422 2
4981 411 3 92 36 442 12
0 631 2 55 32 394 18
508 723 4 204 58 410 12
15676 713 7 260 62 177 1
9935 594 3 107 39 413 16
9325 473 2 131 13 362 8
16797 314 2 86 9 52 20
3607 252 1 79 31 231 17
15939 572 1 16 33 246 6
0 571 2 85 3 91 1
4353 491 1 119 9 337 3
10049 500 4 162 113 193 8
10064 548 1 21 20 281 12
417 177 1 18 22 41 10
0 375 2 64 68 300 18
4940 478 1 37 89 330 14
16004 628 2 96 40 130 12
15117 720 1 16 33 308 9
4338 359 3 84 53 453 4
883 259 2 65 60 478 8
298 354 2 142 48 271 14
9145 383 3 79 59 208 11
3555 176 1 32 42 335 20
4605 452 1 77 7 107 19
15031 345 5 77 28 445 19
4511 417 1 42 7 47 5
0 414 2 303 45 510 7
9799 696 1 131 55 518 17
4323 371 1 175 23 444 6
663 375 2 59 16 578 10
16782 712 1 150 46 191 15
852 671 2 82 39 428 6
15509 57 1 122 82 121 17
4112 188 1 28 25 111 14
3933 725 1 34 10 297 18
16655 335 3 176 30 378 15
16830 651 4 124 46 399 1
888 464 2 51 33 155 10
4359 690 1 45 40 45 12
4893 473 1 10 22 398 13
3326 708 3 32 25 207 9
15142 663 1 50 72 382 5
9762 374 2 117 71 238 14
0 196 3 123 57 506 3
4405 148 3 171 70 377 2
208 578 6 109 68 332 3
4420 395 2 70 27 108 12
97 59 1 22 17 50 18
4838 406 2 215 41 368 15
10522 688 1 102 23 401 3
0 376 2 83 84 672 5
10146 29 1 33 55 357 9
9581 129 1 133 21 364 8
4899 589 1 162 24 204 15
4280 72 2 192 34 151 2
975 301 3 328 24 382 15
10081 55 3 222 37 332 18
15231 410 2 177 64 435 1
15955 482 1 41 70 319 13
0 327 1 31 28 349 19
113 364 1 322 37 490 10
9583 579 2 27 8 122 2
9464 324 2 93 60 136 18
15328 163 1 29 31 596 12
3482 197 8 231 70 668 15
4471 367 1 13 65 225 17
9026 471 1 40 9 53 7
15738 462 1 40 13 461 19
15436 328 5 86 92 268 17
9568 82 1 150 21 167 17
9149 452 2 112 109 781 12
10720 128 2 56 18 386 3
10707 736 1 51 58 646 3
948 482 1 15 21 386 15
15127 713 1 219 44 489 19
3996 497 5 197 106 439 14
15770 483 1 36 32 173 12
0 494 1 52 38 357 15
9568 734 1 33 59 550 15
0 631 3 45 27 121 12
384 456 3 81 81 126 19
0 249 2 55 72 228 7
0 20 3 163 71 425 3
15248 442 1 34 27 117 7
15850 380 2 38 67 184 15
16798 643 1 195 23 291 20
10123 235 1 263 39 492 20
9381 496 3 96 30 202 19
4187 143 3 99 34 640 15
10393 342 6 92 36 290 18
16770 233 3 92 40 163 6
16875 77 2 108 26 174 15
4811 230 3 235 109 665 15
10134 701 1 51 29 478 12
0 43 3 56 62 500 1
3606 35 8 251 63 122 13
3009 139 1 177 109 269 18
4162 99 3 115 86 783 19
16525 547 3 113 37 134 1
4609 111 1 10 15 603 4
16243 685 1 215 45 205 16
10020 58 2 80 33 54 18
15370 639 1 21 7 145 11
4433 390 1 80 49 394 7
0 721 3 183 53 481 2
10491 253 1 29 48 276 13
16915 578 3 101 13 320 18
10277 430 1 58 48 387 4
15148 532 1 19 54 386 16
10723 304 1 148 49 350 8
155 505 2 102 46 522 11
0 252 5 378 52 366 16
9339 131 1 84 28 339 4
15547 501 1 19 7 471 6
217 336 3 135 42 563 14
615 392 1 61 67 60 4
15871 326 1 46 44 308 11
0 148 2 38 20 144 16
15199 84 1 181 81 420 19
4914 362 1 13 14 248 19
10588 447 6 99 77 599 16
3912 717 4 125 77 445 15
3491 236 1 27 90 608 6
16236 194 4 52 35 391 13
15202 401 2 122 77 293 17
9834 108 2 22 23 210 13
16419 509 1 18 18 54 14
426 114 2 42 67 101 8
722 736 4 118 68 411 5
9936 382 1 59 75 490 16
15365 541 2 41 41 266 17
10132 432 1 19 21 114 20
16875 214 2 65 35 161 7
0 155 1 34 12 53 10
715 421 1 34 15 422 13
3932 476 5 190 79 375 15
9434 484 1 55 110 375 19
427 60 3 60 11 231 5
4119 550 7 131 60 431 19
9306 597 3 76 61 237 4
16123 200 2 39 68 531 2
3108 528 2 132 10 418 10
16054 617 1 29 45 262 18
4145 432 1 24 46 173 14
15879 384 1 295 56 833 16
4259 467 1 111 46 336 12
0 632 1 31 18 157 3
10123 119 2 31 13 62 19
3986 394 3 136 46 197 7
10915 393 5 391 121 568 2
15037 53 3 328 72 644 6
0 308 1 7 27 243 7
9249 375 3 94 52 130 3
9910 143 1 139 46 522 3
0 214 3 80 54 391 19
0 262 2 115 18 894 12
16939 344 2 48 46 47 2
16306 294 1 63 26 276 5
9169 412 5 510 46 397 6
10293 211 2 79 49 451 17
0 494 1 29 23 313 9
16295 271 4 89 44 261 1
9885 484 1 93 56 232 6
16223 346 2 35 25 633 14
0 654 1 189 64 702 2
84 130 3 86 43 459 10
10521 238 3 60 45 593 8
0 340 2 69 39 771 4
10935 222 3 178 66 446 4
3127 317 1 12 24 355 1
0 66 1 150 36 616 6
15245 113 3 107 60 204 10
10007 533 2 93 42 206 4
10813 73 1 10 9 277 11
9256 136 1 39 16 98 8
9986 295 1 39 72 231 19
863 522 3 106 74 188 1
0 190 2 92 63 187 17
0 406 4 323 56 260 14
883 296 3 47 32 634 3
178 647 3 155 47 200 14
84 369 1 32 47 258 10
9833 631 3 177 66 425 10
10548 393 3 157 17 206 14
3556 383 1 32 18 415 20
4571 585 2 43 37 361 2
9648 531 1 36 33 304 18
4980 621 1 8 20 272 2
15357 416 3 133 17 137 15
4877 608 1 9 34 168 7
15744 221 1 7 28 112 8
16365 703 1 94 22 367 13
3352 74 1 117 27 567 2
3920 624 1 42 92 238 5
16076 43 5 119 29 460 11
442 173 1 45 59 338 9
15420 240 8 192 23 275 10
3326 550 2 41 11 46 2
15569 528 2 116 23 208 20
9831 371 1 26 14 18 4
339 79 2 28 36 418 7
3983 391 1 83 98 121 3
4714 622 1 22 14 239 6
16634 735 4 193 98 203 3
0 708 1 257 45 360 12
16921 408 1 42 34 182 4
9028 599 1 46 33 234 10
290 299 1 63 14 76 20
363 191 3 44 24 464 9
4456 221 1 22 83 430 8
10511 724 3 407 87 266 1
16886 329 1 23 85 579 19
15813 98 2 192 34 100 17
10607 626 2 21 50 207 2
4738 135 1 49 43 482 4
0 709 2 160 60 689 18
203 87 2 145 4 95 1
4109 120 2 177 71 663 20
4606 280 1 13 22 262 16
10430 90 1 14 22 316 5
16152 438 1 160 64 153 6
0 322 1 11 22 355 12
4985 508 1 17 24 104 6
9660 654 3 172 35 117 13
10700 250 6 178 71 349 10
16485 108 2 196 94 377 10
16703 220 1 35 55 660 14
10341 679 2 76 21 322 8
9372 472 3 78 70 439 16
16586 413 1 16 85 514 11
16327 391 1 24 19 156 12
16746 254 1 44 23 166 3
834 207 1 25 31 273 4
9158 73 1 90 47 205 1
10696 464 4 181 45 254 8
15101 27 4 79 61 328 17
0 354 5 303 69 495 6
16410 442 3 39 19 254 8
4145 646 2 95 4 89 18
9064 275 2 187 34 353 1
3833 237 2 64 6 167 6
9265 570 1 30 22 145 20
3952 268 3 97 33 45 8
4437 695 1 154 28 541 6
10272 531 2 105 60 493 7
4399 24 1 167 77 378 14
0 509 1 55 30 702 4
16586 473 5 67 61 361 4
10755 663 3 143 22 571 14
16227 344 1 16 15 276 8
3411 341 4 183 25 224 14
16132 183 2 184 104 546 20
0 667 2 132 55 615 19
0 192 3 117 44 242 17
15855 124 5 35 37 84 14
16011 64 1 13 32 155 20
9636 550 1 18 8 613 10
9971 736 6 85 30 345 20
10847 116 1 65 38 55 4
309 103 3 385 31 273 3
3094 677 1 186 88 647 13
9778 148 3 200 14 535 2
4157 211 2 62 81 354 9
9227 645 1 38 32 353 19
10944 243 4 279 33 446 11
454 65 1 19 6 62 8
16698 703 3 256 19 289 19
292 466 1 29 20 280 12
4266 383 2 108 60 289 9
988 513 5 186 55 227 13
955 576 1 106 74 450 12
3580 112 1 12 11 264 2
0 511 5 108 28 337 16
107 215 2 191 29 253 6
16695 221 1 368 45 435 14
3451 743 2 52 37 48 15
16563 540 2 237 55 196 8
9104 319 2 47 50 170 18
9469 538 1 79 45 687 16
15560 697 1 20 17 673 13
10248 249 1 77 92 242 10
0 515 3 131 40 173 1
16156 674 1 67 83 522 17
15336 153 4 207 41 280 10
0 163 1 35 17 60 16
4147 693 2 157 46 295 13
15703 279 2 56 31 123 19
16478 341 2 78 67 273 1
10313 717 1 30 7 86 6
15910 239 4 93 40 218 16
3745 633 2 105 69 217 6
4372 554 1 30 55 467 8
0 406 3 123 65 166 2
9594 341 3 128 87 445 7
16649 560 4 197 101 450 7
723 77 1 33 82 560 11
16005 498 5 78 45 535 1
15678 77 1 91 73 848 8
16800 226 6 210 42 238 20
9703 32 1 98 32 355 8
0 46 2 47 74 300 10
10138 183 1 82 30 447 5
4898 306 3 78 26 649 4
0 467 6 182 32 274 18
4316 377 5 160 46 473 8
3627 40 1 16 14 471 15
546 685 1 14 24 147 20
16204 478 3 284 74 560 13
15116 723 1 54 52 450 7
10314 718 3 105 16 296 20
15472 680 5 95 112 319 16
15112 721 1 35 35 367 8
15893 545 2 84 64 376 7
15125 53 3 66 41 728 13
15529 151 2 71 82 163 14
16679 476 1 29 98 242 7
10658 536 1 76 65 187 19
3806 486 1 31 20 496 20
617 227 1 144 51 71 1
3769 683 3 396 84 191 14
4414 98 1 43 8 104 9
334 538 1 13 44 194 2
10521 167 2 45 54 344 16
3763 419 1 104 20 423 16
15173 125 2 130 103 409 11
10736 483 6 302 60 389 20
446 59 1 104 68 567 5
10185 615 1 45 44 102 2
16459 358 4 217 100 367 10
0 571 1 9 33 145 13
828 586 1 62 47 539 11
9767 480 1 24 29 220 2
3866 73 3 136 37 475 13
9692 426 1 18 19 67 17
4175 643 4 161 25 232 12
16436 57 1 35 54 248 13
4027 500 1 31 43 26 7
16454 498 3 227 62 815 13
16298 169 2 32 42 189 15
10042 61 1 41 68 367 1
15327 374 1 47 21 112 9
0 67 1 156 92 158 6
3169 434 8 220 31 187 18
9069 689 2 166 27 551 5
176 703 1 45 24 465 17
4350 76 2 74 54 304 8
15594 359 6 189 36 639 11
3100 276 6 117 113 490 14
0 339 1 20 84 162 4
520 80 1 240 35 284 11
10610 455 5 214 118 673 20
4714 360 2 182 16 438 16
9392 469 1 163 36 378 3
16616 477 1 314 56 252 1
227 94 3 53 23 277 12
4327 344 4 94 25 253 7
656 131 2 254 27 178 15
4862 125 1 23 7 35 9
3226 371 3 41 98 622 5
15341 392 6 284 28 346 11
9202 555 1 15 20 125 11
10738 39 2 105 48 273 11
43 671 1 223 15 384 12
4929 691 3 111 53 413 12
4346 293 3 139 20 300 13
16801 538 2 193 100 314 8
16746 116 4 332 49 545 14
4515 711 2 112 8 193 10
16398 120 2 146 32 117 18
10181 385 1 27 40 163 16
15238 328 2 89 30 568 5
3921 514 3 204 65 151 18
15135 504 4 108 64 192 3
10856 459 3 128 83 253 8
4793 612 1 13 13 406 3
15804 639 3 234 45 329 1
3414 382 3 35 36 269 20
33 654 1 100 55 403 3
4100 450 4 149 61 275 1
4015 703 1 164 42 287 13
4757 464 1 80 22 272 5
9728 261 1 228 18 317 9
10733 409 1 13 20 376 18
10031 700 1 33 46 191 9
10903 315 2 175 43 541 18
16618 169 1 107 67 397 18
3328 32 5 262 19 341 5
3377 36 3 224 36 187 1
9460 382 3 47 5 101 12
4845 685 1 55 36 295 17
0 585 1 24 98 437 15
16327 251 3 131 11 323 18
3121 506 1 62 13 180 8
15701 143 2 135 69 187 5
9104 310 1 152 8 294 1
91 704 1 21 52 327 4
4060 87 2 61 8 39 8
10346 749 3 184 95 173 1
770 342 1 48 46 116 4
9766 473 1 252 56 91 16
0 120 6 374 57 257 9
3677 531 2 123 69 806 14
3390 111 1 62 7 107 15
16935 325 1 162 39 431 1
9803 154 3 28 60 413 13
956 503 1 97 16 218 14
10960 488 3 158 63 209 15
3878 50 2 111 80 377 2
4702 112 3 38 5 250 4
4079 612 2 341 43 427 7
342 120 1 40 79 801 17
3369 70 1 16 34 318 20
4018 278 3 40 53 428 11
9867 50 1 27 96 551 10
325 428 3 209 99 632 4
3471 564 2 109 22 209 17
0 158 5 134 115 296 7
10526 426 1 99 33 428 1
15904 182 4 319 59 196 18
0 59 1 34 14 122 3
3966 289 2 43 18 339 5
16397 24 2 103 44 614 12
3324 102 2 144 116 427 10
4849 235 4 134 46 328 3
16118 111 1 17 76 410 16
493 77 2 263 36 375 16
15489 415 3 145 29 164 10
9019 469 1 216 47 303 5
10323 666 1 178 71 161 11
163 441 2 159 29 443 11
10900 449 1 35 66 486 8
15889 465 1 50 59 307 9
0 271 2 71 33 234 11
979 430 1 80 29 769 16
3565 116 4 119 53 210 15
9341 293 1 35 57 332 7
602 527 1 52 10 41 1
10691 28 1 58 6 41 2
3336 156 1 59 29 637 4
10748 750 6 207 42 500 20
3664 194 1 67 7 48 17
218 346 1 56 33 280 4
191 266 1 67 7 150 10
0 166 1 235 67 575 19
0 707 1 52 86 451 13
4650 744 1 114 84 258 8
4064 378 1 194 44 204 3
9521 522 2 29 29 127 15
3937 520 2 32 28 55 8
638 242 2 36 42 198 4
0 88 4 89 54 374 19
9241 243 1 86 39 300 12
4968 479 2 60 8 41 11
15104 239 1 205 48 310 13
9582 62 1 123 44 194 13
0 407 1 62 57 308 12
10 398 4 250 59 294 4
15469 35 3 129 36 205 19
10215 198 1 14 32 275 14
15445 567 1 18 23 102 18
764 447 3 141 12 312 3
4560 43 1 12 19 155 2
4788 535 3 36 37 465 8
4903 437 1 14 47 65 13
16526 621 1 77 18 390 18
0 121 1 72 55 547 20
523 718 5 96 74 94 11
9722 313 3 156 17 322 16
3700 731 1 57 52 434 20
10198 88 1 68 14 145 1
4638 176 2 14 15 83 13
3315 329 5 228 63 465 14
16491 215 1 66 5 223 15
4035 605 2 79 39 59 5
586 45 4 100 24 726 16
0 382 3 92 26 618 4
10336 221 1 50 48 243 11
10528 41 3 266 57 201 5
63 108 2 228 89 592 13
0 661 1 96 89 497 14
3364 197 2 150 43 613 1
0 376 5 109 64 257 15
316 580 3 24 26 83 14
9506 474 1 25 11 48 12
10685 540 1 58 58 693 19
0 705 1 44 19 94 1
9528 223 2 62 75 633 20
10238 252 1 178 21 349 2
3179 625 2 76 74 322 20
3614 474 3 59 22 425 4
15261 417 1 15 42 53 16
4774 542 3 128 85 518 1
4657 517 1 16 21 201 7
15393 569 1 13 19 366 9
9892 686 2 81 19 195 15
15718 359 3 133 75 466 13
15461 689 2 35 57 293 11
4699 377 1 9 16 161 10
904 315 1 27 54 325 11
9164 192 2 112 43 615 10
16870 585 3 144 44 246 14
3226 122 1 19 105 365 10
15935 401 4 76 19 604 13
10076 107 2 61 23 750 1
3058 77 3 82 34 307 15
3494 569 1 76 43 291 11
0 449 2 38 8 876 20
16438 175 5 228 5 492 3
0 422 1 63 84 287 12
4050 158 1 39 32 352 18
4521 69 1 39 18 168 15
3787 434 1 15 22 177 13
4793 45 1 26 53 439 14
4604 648 2 79 6 187 19
0 403 2 21 19 188 15
15373 429 1 18 13 552 15
4470 247 2 93 67 661 10
16366 362 1 276 61 152 17
9351 308 1 114 13 741 14
16998 335 2 67 64 581 17
846 400 1 12 18 287 6
9667 125 1 62 27 110 1
4183 738 2 48 72 756 2
0 695 3 143 20 303 5
10524 474 1 17 10 40 5
10359 26 1 8 12 143 15
3948 487 3 101 100 460 13
16883 518 3 474 54 791 19
0 139 2 65 60 327 1
0 91 1 120 45 299 6
9673 645 1 10 17 136 19
9109 592 4 88 60 483 8
15242 161 4 140 33 149 19
9891 339 1 20 44 525 13
16226 581 1 148 14 242 3
3745 69 3 93 61 72 12
559 520 1 22 34 385 18
10352 657 2 56 81 401 20
10376 478 1 15 17 381 17
9935 724 2 161 107 159 14
765 688 2 97 60 303 5
15758 264 3 87 27 542 15
10330 353 1 29 63 263 18
3764 224 1 38 13 80 6
4464 177 5 142 57 266 4
16349 659 2 66 29 147 18
0 389 1 93 63 359 12
16498 279 2 56 28 158 4
15675 37 3 189 103 386 3
4661 647 1 68 37 137 9
9170 715 1 19 9 275 5
0 446 1 25 31 168 17
0 614 3 598 30 140 11
16164 577 4 185 42 430 3
373 708 2 38 82 939 5
15038 591 1 74 12 102 1
4009 415 4 261 78 407 11
84 301 1 20 42 214 10
9438 101 2 64 82 666 17
10477 276 1 8 30 252 7
9360 655 4 136 78 352 4
0 548 6 202 72 515 10
10446 713 2 164 67 700 20
0 504 1 62 31 489 1
769 568 2 104 85 544 17
9332 214 3 104 67 576 19
3267 723 1 33 35 748 15
10305 460 2 29 39 116 11
163 442 1 66 18 717 19
4925 260 1 78 67 213 11
4114 606 3 54 35 175 1
10210 401 3 150 56 159 1
3862 356 1 67 41 486 13
16532 398 1 31 25 514 14
9100 168 2 67 11 202 20
16831 497 1 32 27 157 10
10452 325 1 9 13 140 19
3553 194 1 89 81 230 15
16929 400 3 136 32 270 14
4112 434 4 194 26 354 1
0 320 2 39 47 432 16
15719 525 2 107 52 825 8
3448 231 5 524 55 592 7
10503 40 2 112 64 766 17
15382 120 4 65 7 226 19
15660 89 1 30 20 575 12
10132 100 1 25 65 157 14
15078 141 1 32 37 453 9
4577 546 5 131 50 128 2
884 686 2 80 31 489 12
0 112 1 58 47 490 8
10791 379 2 158 88 780 5
4434 504 2 61 17 427 5
16092 726 4 179 62 369 5
0 543 4 67 43 801 19
10083 446 8 319 33 440 1
0 621 3 144 112 282 12
0 494 1 100 25 297 15
3781 267 1 135 75 122 9
4360 237 6 218 37 223 9
3265 572 1 103 25 821 5
16864 264 4 71 46 708 10
0 540 2 71 54 690 3
15775 396 3 26 67 75 6
530 335 1 144 18 172 15
16521 473 2 162 79 758 12
10721 414 1 105 4 68 7
4649 52 1 77 54 151 19
3963 106 3 158 33 326 13
0 93 4 105 36 418 4
3263 741 2 25 7 130 4
9060 103 4 89 67 294 4
10363 483 1 59 21 516 10
4264 28 2 81 11 80 15
9964 256 2 211 10 283 8
16607 394 1 22 46 154 4
15452 68 2 75 25 186 18
10986 240 1 74 61 494 14
9549 613 2 188 43 151 20
3283 539 5 315 31 467 1
4081 604 1 153 14 233 13
10613 128 5 107 67 148 2
437 335 1 16 31 154 9
4148 341 1 26 43 182 16
4125 110 1 127 27 295 6
16254 101 1 20 15 94 14
10084 174 1 50 41 499 8
0 562 6 380 68 207 14
15657 238 4 440 26 361 19
9031 422 2 62 20 663 17
15996 169 3 31 36 206 9
9834 637 2 154 11 550 4
16152 569 2 70 76 92 8
16100 439 1 16 7 168 12
3631 431 2 538 40 395 13
15594 48 2 375 28 400 1
9020 329 1 48 9 39 2
9418 148 1 179 75 608 15
9223 570 1 45 12 413 18
15359 252 1 44 35 418 12
524 451 3 212 56 423 9
15990 604 1 192 52 365 7
16155 575 1 89 80 257 6
16443 30 1 32 25 133 4
3262 520 2 32 19 152 4
3309 474 4 192 62 357 18
16109 572 2 97 42 283 9
9928 519 2 169 90 553 16
869 190 2 72 32 415 1
0 648 1 21 16 144 15
3228 422 1 26 29 40 1
10383 227 2 67 32 285 4
15840 237 8 248 47 176 17
4573 244 2 23 24 51 7
16723 112 1 71 21 185 17
4858 348 3 91 48 439 19
10585 31 2 73 10 74 1
16346 232 1 16 20 191 17
15254 148 2 192 18 503 16
15087 249 2 138 92 350 8
0 700 2 145 112 271 18
16020 271 1 30 85 299 9
3018 681 2 62 52 368 6
16090 254 3 59 28 168 15
9837 369 1 109 24 100 2
4398 424 3 92 51 904 5
4611 306 5 170 69 214 8
10849 742 3 89 52 183 5
10890 609 1 38 27 155 9
0 629 2 62 104 336 16
792 526 1 112 33 240 9
4250 354 1 57 25 653 19
9608 277 1 25 23 279 16
4333 590 1 33 47 189 3
10616 259 2 135 19 295 18
10005 667 1 12 19 471 11
4600 519 1 123 42 395 17
3351 458 1 125 8 325 17
16448 44 2 47 66 92 5
9003 449 2 47 20 162 8
10731 286 3 74 37 43 14
0 318 1 53 25 157 20
10462 63 1 79 38 299 1
15917 195 2 236 54 204 13
0 345 2 111 24 289 10
4646 492 2 81 76 470 13
10190 176 2 22 9 167 4
10359 282 1 28 29 140 8
3524 330 4 103 20 205 6
539 491 1 19 73 435 2
15643 174 2 74 56 608 16
0 412 4 42 26 289 1
0 545 2 95 66 744 18
4838 599 1 145 6 234 3
4451 458 2 53 35 209 11
3365 307 1 35 57 518 5
148 384 2 52 36 280 13
0 134 1 26 14 426 9
0 180 4 140 52 364 15
0 163 3 59 76 499 7
3610 327 1 108 74 106 2
0 265 4 295 26 568 5
15417 576 5 149 64 344 13
9718 202 3 103 37 411 19
9242 216 2 80 7 76 12
9945 273 4 158 51 347 7
9949 334 1 185 21 527 5
0 449 1 23 25 431 14
10089 428 2 178 28 658 9
652 366 1 67 14 552 14
3401 465 5 204 28 223 17
336 536 2 66 47 401 17
3842 210 1 156 84 516 17
609 143 3 133 34 452 6
10663 389 2 116 51 62 2
10701 571 2 282 51 501 15
15036 441 1 13 26 248 1
4518 231 2 126 52 767 14
16055 475 1 70 42 125 18
4623 588 2 138 24 290 6
4743 315 2 45 21 515 5
10063 113 2 107 29 280 15
15904 204 1 54 21 53 3
16158 54 3 177 99 125 13
960 468 1 88 21 393 3
10853 746 5 173 65 66 3
3438 666 3 429 65 470 10
105 648 1 162 80 884 2
15421 643 2 137 11 274 7
15718 444 1 58 52 196 5
10751 79 5 191 74 516 13
448 530 5 157 65 476 13
10686 328 1 17 49 301 1
3081 520 2 95 16 222 5
10258 584 2 28 29 35 18
0 193 2 59 40 353 11
565 595 1 239 51 497 7
0 652 1 200 62 122 7
15184 561 4 65 33 883 17
0 144 1 52 27 353 11
16657 241 2 40 16 105 5
9267 578 3 139 48 120 1
16660 355 1 408 51 403 20
3474 650 3 102 57 170 18
9 710 1 37 11 707 1
698 647 4 154 70 291 19
330 519 1 88 67 342 8
4263 358 1 34 8 84 7
3656 250 3 71 122 879 20
16418 570 2 281 54 411 7
16867 249 4 444 78 366 16
730 535 3 306 31 566 14
0 672 2 77 5 284 19
9571 291 1 64 7 123 20
0 552 1 126 60 158 16
4559 315 1 38 72 96 9
15817 109 1 30 5 235 17
4414 624 1 56 16 186 1
3520 100 1 25 37 475 7
3822 604 5 272 111 232 10
3668 576 1 14 25 177 8
16306 143 2 148 27 294 4
9511 729 1 14 24 266 20
10915 622 3 171 39 420 10
4182 330 2 57 52 345 12
10174 452 1 24 25 202 15
0 256 1 30 107 194 15
9634 516 4 131 35 389 1
10714 434 3 61 10 164 13
411 357 4 223 61 226 19
3990 41 5 260 99 677 3
10819 111 2 197 29 169 2
0 487 4 281 42 195 12
16771 310 4 209 46 275 8
16763 333 2 256 80 359 10
15475 149 1 66 91 576 13
3917 495 2 83 62 449 10
206 390 4 58 53 350 7
16141 317 1 53 63 178 14
10225 246 2 102 26 465 11
10004 735 1 55 39 818 1
16978 469 1 20 14 165 2
4714 607 3 43 29 233 4
3966 50 1 32 34 439 17
4291 631 1 83 49 614 13
15929 428 1 57 4 105 6
10939 383 6 151 21 505 6
0 348 3 140 60 592 18
15876 553 2 47 77 579 20
15453 698 1 32 34 977 12
3283 280 1 77 11 179 9
15212 715 2 86 53 521 1
0 260 3 75 58 260 9
3648 264 1 18 45 234 13
4308 243 1 11 30 171 11
869 170 3 91 63 532 11
16720 342 1 36 24 61 8
10823 296 3 314 19 176 7
15180 330 1 34 58 468 13
9440 702 2 65 24 59 2
4273 514 3 123 85 263 17
9525 347 5 96 31 446 13
16933 112 2 32 14 176 6
0 240 4 227 13 349 13
4202 643 5 367 30 471 6
4498 425 3 42 27 221 8
16316 336 4 358 58 325 19
801 171 7 225 64 509 17
4020 437 8 215 39 582 7
0 515 2 24 10 578 9
3281 578 2 295 37 293 9
9193 181 2 102 93 652 19
452 361 1 282 60 402 4
10241 98 1 334 57 457 8
216 655 2 71 100 342 18
376 123 1 38 28 534 1
10487 78 2 53 73 596 7
16341 242 1 53 74 306 2
15032 466 3 89 91 359 14
10075 203 1 156 28 157 8
3566 557 1 64 14 24 20
15571 534 7 193 37 437 18
10644 427 3 112 58 141 11
0 139 3 359 69 567 14
9920 33 2 101 70 725 15
286 189 1 38 52 147 7
806 142 1 66 72 832 9
16580 677 1 48 58 199 8
15257 489 1 233 30 299 3
9785 220 1 56 65 372 11
4576 467 3 55 68 559 16
3286 396 2 228 42 182 1
10915 571 1 59 13 23 6
0 117 1 54 43 287 13
16891 85 2 52 36 159 17
3870 165 5 240 47 605 5
10296 644 2 79 35 547 14
10932 441 2 32 25 104 13
10566 141 1 262 83 281 2
4714 551 1 159 63 63 15
3608 169 2 53 4 78 3
0 384 1 200 74 273 7
16438 23 1 24 8 131 10
891 317 4 43 50 398 19
4405 320 1 134 13 171 6
16466 348 2 74 36 61 4
10958 656 1 25 12 281 15
4104 346 3 39 41 365 13
9009 374 3 74 71 262 9
4254 669 1 22 11 55 18
9648 226 1 44 21 196 7
15769 335 2 62 47 291 3
435 656 1 135 56 390 7
9693 525 1 15 31 64 3
15183 179 4 232 33 514 15
9266 466 1 86 37 651 19
3322 244 2 37 79 639 13
9188 383 1 98 65 272 11
4581 346 1 132 23 84 7
3152 257 4 145 38 303 14
487 300 2 122 36 68 2
0 644 3 72 18 102 10
0 702 2 88 67 795 12
3854 163 1 45 56 508 15
10311 354 2 97 12 281 7
0 300 1 60 65 109 12
3438 326 2 128 52 400 13
0 442 2 44 17 404 15
4103 60 1 7 21 324 5
9866 496 3 119 18 168 11
9163 105 1 26 35 444 4
10197 717 1 15 23 436 7
9892 610 1 30 40 769 2
878 259 4 65 42 283 11
9742 79 3 102 44 260 17
0 576 1 196 53 231 11
896 69 1 175 81 295 4
0 550 2 141 29 205 1
9738 610 2 52 23 162 12
4087 294 1 160 64 779 14
4216 658 4 42 62 396 2
4465 381 1 20 51 291 7
0 29 2 121 16 255 15
4036 163 2 241 73 247 11
10586 28 1 124 29 666 10
808 226 1 16 15 46 10
15501 223 1 30 12 84 1
16282 484 1 91 28 368 4
0 326 2 65 48 576 9
9235 150 1 42 8 68 14
16432 655 4 267 52 308 2
16229 699 1 11 34 177 13
10315 282 7 147 66 340 11
482 336 1 25 17 37 13
4852 168 3 45 55 536 17
0 181 2 101 49 167 16
4128 652 2 103 31 327 7
4978 715 3 111 65 480 9
4046 33 1 54 5 154 14
3787 614 6 155 82 267 18
10571 182 1 19 12 545 3
4571 439 1 18 97 533 13
4782 94 4 141 46 360 20
0 278 1 53 30 635 20
15924 316 1 85 72 583 9
10191 314 2 88 42 784 19
16623 218 3 119 7 366 8
250 48 1 240 35 290 12
4853 439 1 32 10 33 14
3615 258 4 255 23 358 7
9354 453 3 137 47 354 6
4670 233 1 139 15 109 7
4465 591 4 300 64 732 16
16848 282 1 56 65 271 12
0 533 7 223 30 148 4
3255 510 2 23 21 103 8
3166 90 3 98 39 73 15
15683 204 1 32 61 355 10
3551 744 1 31 49 285 9
16157 370 2 52 34 74 2
10533 513 4 259 50 420 3
4581 89 2 114 23 182 10
135 364 1 91 114 905 1
9048 672 1 23 18 843 8
10892 419 4 205 55 437 2
0 599 1 15 24 148 7
10508 352 3 151 5 362 11
10875 53 1 30 19 328 9
15751 20 2 79 92 512 10
16223 719 1 112 37 379 3
15345 479 1 43 26 61 8
4943 702 1 31 63 189 19
9296 551 1 45 51 524 9
10276 281 2 85 113 219 4
9558 424 1 18 29 34 18
0 528 2 97 89 425 20
10431 718 4 38 38 238 10
15440 255 3 167 53 420 9
4359 341 3 76 58 831 20
16241 124 2 54 59 764 11
10148 428 2 58 59 159 4
15256 421 2 17 50 133 8
10959 205 4 90 110 127 6
15878 520 1 23 41 302 3
9705 743 1 159 67 469 14
0 544 1 25 34 130 7
217 372 2 76 28 212 1
273 253 1 114 101 379 10
15587 506 3 247 58 373 16
10142 500 1 80 27 494 6
15604 283 3 103 33 147 18
0 114 1 19 21 136 13
10347 417 1 122 34 571 1
4496 748 2 191 14 200 17
895 215 2 147 31 582 11
9520 283 2 66 51 317 15
15989 319 1 33 31 552 15
4134 743 3 148 55 350 9
4484 417 3 150 25 520 9
162 257 1 26 75 256 3
0 437 1 53 65 50 2
16304 201 2 59 34 589 10
3021 660 1 116 46 338 4
4104 632 6 495 62 470 11
4715 37 1 94 72 285 5
0 400 3 93 31 355 16
3199 144 1 75 104 252 13
16657 607 3 78 29 434 2
3062 38 2 33 25 118 7
0 322 3 117 26 368 4
9805 589 1 77 58 540 11
9241 229 5 282 74 478 8
15258 358 1 162 45 86 11
4764 73 1 67 21 380 17
4489 332 1 73 60 172 8
345 131 1 86 57 582 20
3700 430 1 81 85 287 1
808 284 1 67 7 109 10
619 127 1 27 56 451 18
10775 418 2 104 56 937 15
4763 26 1 33 67 659 10
749 194 1 45 25 588 3
15101 624 3 195 75 90 18
10352 520 4 63 14 206 20
4436 473 1 65 61 299 4
0 255 4 32 20 70 10
3298 257 1 74 43 267 2
15124 459 1 106 15 125 12
4837 266 4 165 68 366 12
10045 634 2 37 8 274 15
9211 88 1 37 61 101 13
4459 677 3 132 30 230 2
3595 253 1 94 55 206 1
15216 147 6 469 95 75 15
0 91 1 241 34 282 9
15078 604 1 20 24 297 7
9279 556 4 206 31 189 9
4017 218 2 166 18 228 7
10541 207 4 114 27 582 7
0 521 2 175 57 224 1
16082 401 4 54 20 384 2
9111 218 1 62 90 184 19
16499 428 1 12 23 428 9
776 514 1 40 14 632 1
16916 47 1 72 57 187 11
15423 295 8 186 40 383 3
15548 85 6 137 40 574 7
9326 168 1 77 90 215 7
4888 209 1 11 12 207 13
122 728 3 52 6 72 18
597 296 3 155 79 523 10
574 54 5 78 32 198 5
15777 510 1 54 25 140 15
9037 188 3 63 31 247 8
16694 615 1 16 41 408 18
3531 738 1 62 72 410 11
4655 306 1 7 19 73 5
565 32 4 174 19 251 2
26 217 1 82 50 487 8
523 441 1 50 66 465 3
15457 715 1 42 22 106 9
0 702 3 257 71 419 3
16183 344 4 85 61 341 6
4603 503 3 76 50 466 6
10927 620 1 83 40 276 18
10512 528 2 28 45 71 2
16830 126 1 26 32 161 13
16990 62 1 52 26 148 12
10052 80 1 36 57 331 6
77 628 3 211 56 102 8
0 185 3 102 11 418 12
4264 22 2 65 39 634 14
356 731 1 53 37 149 9
10883 720 3 46 115 353 18
196 701 4 296 73 667 8
0 76 4 109 101 354 9
10408 397 3 98 82 357 12
4792 453 1 6 32 140 14
15229 377 1 13 19 379 19
16994 478 3 38 21 448 11
777 141 3 264 91 704 11
0 213 2 118 39 333 20
4982 499 2 100 93 218 19
10451 164 3 124 35 213 20
15438 367 2 97 29 276 20
9369 247 1 41 91 583 12
9107 361 1 44 29 868 8
9540 329 1 264 24 442 7
0 398 6 201 41 608 15
9711 703 2 67 50 904 9
0 281 2 50 35 577 3
15196 98 1 17 12 117 19
171 272 4 191 71 413 13
0 599 1 45 54 333 5
818 151 3 85 28 267 3
51 656 1 196 80 689 10
10200 272 5 116 56 308 1
10500 441 1 54 4 303 17
15506 376 4 378 20 280 10
15894 549 4 172 26 355 9
351 705 3 106 15 175 15
10155 524 1 145 62 335 4
9655 517 4 128 36 439 10
16962 619 3 151 68 758 20
16964 396 1 26 12 424 6
10622 479 2 63 104 617 17
696 129 1 23 9 36 14
16728 106 3 207 53 281 16
668 24 4 77 67 142 12
10882 23 1 23 16 36 16
9988 637 2 95 57 249 4
0 583 2 42 77 494 20
16902 314 1 42 51 784 6
3603 162 3 148 72 612 16
9103 511 3 219 67 406 14
9867 478 2 74 18 32 18
10605 213 1 24 4 104 7
55 691 3 251 66 121 16
666 441 5 345 59 438 10
16352 201 4 268 17 227 2
15760 111 1 13 9 370 11
10001 264 8 329 53 337 6
0 583 6 154 28 434 5
0 671 1 67 71 622 7
16031 569 1 35 9 103 20
16494 562 3 93 14 231 17
16797 370 1 34 18 379 13
16495 70 5 77 43 190 4
3173 672 1 34 27 651 2
16245 531 2 146 24 384 19
9408 321 4 152 69 310 15
0 193 3 114 73 390 16
3314 119 1 14 55 168 3
0 606 3 107 26 110 14
4672 327 2 55 59 193 18
717 627 1 66 99 482 6
0 150 2 160 27 297 10
4918 57 1 23 8 55 2
923 298 2 133 30 497 17
4097 583 1 37 62 571 3
10881 268 3 147 35 333 2
3985 64 3 266 98 300 13
4200 283 1 32 24 660 17
375 712 1 53 34 148 4
9619 295 4 163 73 427 13
10857 29 1 68 43 842 2
3108 451 1 120 37 434 3
0 312 3 380 54 563 16
4275 107 4 54 15 663 18
3584 233 1 41 47 146 1
3797 545 2 21 29 321 5
9190 336 3 45 12 53 8
16798 565 2 34 27 48 1
10000 514 1 21 39 309 19
4266 702 4 191 38 134 7
15132 178 1 17 32 600 12
4816 109 2 55 13 238 15
10796 25 2 60 20 77 6
15825 518 1 15 7 47 9
9054 723 1 32 38 25 7
3022 639 1 132 100 215 10
15498 551 3 399 73 445 19
15378 749 1 45 27 622 3
780 705 2 53 9 46 17
0 525 5 295 56 820 18
4699 225 1 92 72 131 12
10036 388 1 24 38 126 4
0 68 3 44 84 297 9
0 472 1 20 24 52 20
0 86 1 14 35 277 5
3657 577 2 213 45 515 12
3266 499 1 41 31 301 12
15244 232 3 74 50 562 19
9295 57 1 69 58 524 18
16079 151 3 366 73 493 4
0 538 1 68 9 150 18
707 309 2 56 26 499 3
9497 213 7 195 48 131 20
3688 427 2 59 19 40 7
4018 217 1 37 31 359 9
16775 577 1 12 32 56 18
4315 739 3 105 44 152 2
0 123 1 55 79 727 1
15871 418 2 67 28 451 12
9183 298 1 24 84 807 15
4611 313 1 61 34 464 10
15171 684 1 119 64 341 4
0 641 3 63 14 266 17
4752 515 2 150 59 59 3
16457 236 1 48 38 418 17
0 43 3 77 47 155 20
10237 369 2 148 5 491 15
10326 423 3 192 84 291 5
0 396 1 43 11 38 4
16024 342 1 27 18 205 13
9624 309 4 272 80 234 11
10689 535 3 214 27 480 7
16666 170 3 236 128 653 13
9690 738 2 99 55 310 15
4173 40 1 13 37 222 3
15231 675 1 37 70 405 19
10338 378 2 57 11 115 4
15885 182 1 49 47 326 18
15983 445 2 299 76 571 7
15862 218 4 266 41 636 10
15673 487 1 49 32 112 2
9485 750 2 80 41 169 7
10030 178 3 316 101 407 4
9800 585 1 51 51 547 2
15338 428 1 59 22 75 1
16677 99 3 154 83 553 12
16563 192 5 119 46 91 5
0 319 1 34 23 561 2
15312 440 4 252 54 445 15
16541 200 1 32 34 278 13
4425 674 2 72 40 124 8
3423 703 1 55 17 123 1
9454 745 1 239 61 110 13
804 707 2 94 59 528 1
16231 180 1 56 78 228 15
3367 131 3 225 14 151 5
15655 614 1 50 52 577 18
15761 484 1 28 45 559 7
3019 736 1 84 10 174 6
16962 454 1 29 71 787 19
10984 707 1 53 69 105 4
4613 289 2 150 22 280 17
4455 697 6 358 21 279 13
619 344 4 81 81 237 19
799 363 3 230 36 327 13
16086 128 1 68 5 86 2
0 466 1 169 52 565 15
16337 92 1 22 23 69 10
4644 584 3 74 58 229 6
0 622 4 94 24 475 17
0 196 5 145 61 168 11
260 156 5 406 103 566 1
10251 297 2 51 35 143 2
9185 188 5 130 90 269 12
10134 478 1 185 64 633 9
9095 309 2 117 53 494 11
10471 241 4 48 29 105 10
4731 525 2 52 25 623 10
0 236 4 188 54 185 6
3547 147 3 114 25 61 15
10053 320 1 17 24 523 3
0 363 2 100 50 283 5
399 96 1 97 58 382 18
10144 254 1 51 58 201 5
163 546 3 90 40 243 14
0 255 3 82 97 290 2
0 390 1 32 20 163 5
3909 406 1 24 54 215 15
0 27 3 251 33 133 11
4629 348 2 203 78 249 4
0 625 5 202 43 187 16
9589 237 1 8 10 351 19
4862 465 1 57 47 276 13
3730 440 4 221 48 243 18
0 503 4 314 36 415 10
10197 538 1 38 11 314 8
3564 372 2 210 63 508 14
16851 360 2 88 26 428 13
844 648 8 188 27 262 14
0 583 1 37 39 316 10
9132 294 2 78 19 140 6
0 431 2 149 28 136 13
15145 652 2 111 21 724 7
3348 577 1 19 10 36 12
15702 536 4 91 48 604 16
10450 48 1 26 78 213 16
10011 690 3 192 68 417 6
4289 400 2 178 22 237 18
0 250 2 38 16 196 5
63 27 1 58 106 337 9
0 593 7 162 72 543 1
119 709 2 34 16 575 4
327 50 1 39 9 34 18
3732 286 2 113 26 578 13
0 668 4 25 24 362 3
4224 632 2 115 33 366 8
0 46 1 8 23 389 9
887 345 1 32 45 297 6
9351 198 3 63 26 44 11
10502 490 3 113 92 342 5
36 254 1 61 64 337 6
3339 403 6 335 47 302 13
10312 681 2 48 44 479 15
16730 530 1 25 4 44 3
4007 506 3 229 50 627 14
10642 328 2 125 59 837 3
9241 677 1 92 44 310 14
10181 341 4 103 52 245 6
3557 632 1 80 50 930 14
9635 414 3 286 27 392 12
3121 531 2 62 54 147 7
3076 702 1 53 16 630 18
0 186 3 153 17 202 15
16393 471 2 101 35 432 9
3867 410 4 37 25 224 5
418 713 1 85 38 184 20
9666 297 1 48 51 251 4
9697 155 8 187 62 269 14
16406 688 2 67 34 392 5
0 642 2 43 12 54 20
0 701 3 191 71 162 4
4664 341 6 109 23 440 19
9045 527 3 247 39 366 7
4226 150 5 86 31 159 4
0 418 2 243 54 269 16
0 721 1 29 78 531 13
829 431 1 43 9 264 12
9076 690 3 151 69 336 2
16795 280 1 117 91 343 2
10443 690 5 427 87 565 17
9979 707 1 36 51 302 16
358 179 1 84 14 313 6
16736 493 2 121 42 161 4
9438 625 5 388 16 148 14
10096 272 6 392 43 360 12
4824 434 1 28 16 38 4
10528 597 1 45 49 310 5
15409 150 2 30 23 144 17
16927 116 3 127 59 318 20
729 339 1 56 68 300 5
16464 392 1 88 74 672 9
0 664 2 192 44 694 16
15193 658 3 88 68 431 11
9124 58 3 147 58 216 3
3434 712 2 201 65 100 15
3443 453 2 63 49 643 1
3928 175 4 118 23 513 7
9135 412 1 123 20 435 17
16278 581 1 21 39 68 2
309 131 2 31 53 36 15
9893 339 3 118 95 160 19
839 23 1 26 86 168 3
9759 354 1 14 17 357 1
725 528 1 41 51 371 10
0 564 1 43 38 246 17
15851 685 4 180 5 446 15
16746 678 1 22 23 84 2
15853 182 2 65 20 524 6
0 598 1 146 63 701 13
3424 115 3 22 47 242 20
10296 187 3 181 24 247 14
10333 258 1 31 77 467 4
3079 89 3 164 35 247 6
9628 665 1 40 27 568 18
10694 554 4 119 38 363 12
10731 612 5 170 21 273 15
10061 380 2 95 64 133 13
15023 420 4 72 85 588 2
3661 594 3 178 33 111 7
9829 656 7 135 26 172 2
4646 327 1 259 55 196 15
4472 548 1 39 21 294 12
4539 208 7 262 26 114 7
804 584 2 104 101 516 15
4484 734 3 60 31 304 3
9956 461 1 44 24 140 8
4831 426 1 152 54 516 11
16547 429 2 27 9 291 10
16961 725 1 34 73 174 5
0 222 2 185 40 752 17
10299 520 3 37 32 132 13
4074 268 3 35 6 80 9
4263 564 1 101 47 525 1
3101 635 1 17 49 770 13
15726 99 1 76 35 70 6
15384 47 2 30 71 373 1
4171 129 1 26 98 327 17
4079 358 3 146 64 321 18
3547 36 5 184 72 502 7
10826 258 4 119 30 87 8
0 36 1 107 46 329 7
10598 193 2 52 4 64 4
555 512 4 146 72 593 11
10677 740 1 142 64 88 13
0 675 3 105 64 559 16
0 306 2 94 41 829 1
9838 711 1 43 17 861 18
15245 359 4 103 9 205 15
16653 67 1 142 86 510 20
9851 694 1 22 10 167 6
4397 394 1 210 50 242 19
10634 52 1 13 25 390 12
10908 445 1 26 8 39 10
0 502 7 263 86 209 16
9822 413 1 211 31 236 2
0 434 2 87 54 415 15
10469 506 1 91 75 456 12
3651 609 3 38 30 422 20
9867 294 1 32 11 219 14
3406 123 2 158 54 214 7
16656 469 1 87 31 454 5
15210 597 1 279 29 619 8
16370 451 1 192 24 278 12
10058 189 2 64 33 361 11
15430 447 2 39 69 698 7
16566 635 6 156 51 341 11
16163 23 1 179 29 494 19
16091 674 4 175 13 292 20
9546 704 3 64 6 324 12
10581 477 1 14 12 742 15
16984 262 2 81 58 431 18
4961 266 1 54 114 537 11
0 488 2 154 22 331 11
34 229 2 64 60 854 18
15939 412 4 168 35 715 9
0 348 4 479 58 203 1
9192 104 1 36 19 62 13
9594 240 1 70 30 114 12
15679 605 1 308 13 511 14
0 694 1 64 53 177 8
10177 30 1 67 73 292 10
15801 234 3 135 41 56 19
16009 332 1 32 24 158 6
10525 514 2 111 81 892 17
10377 441 1 19 25 75 5
15918 305 1 70 44 431 13
4591 670 2 41 20 382 12
3536 63 2 133 68 243 2
9017 506 3 99 29 408 13
0 154 2 41 20 205 3
4587 60 2 25 20 47 2
16888 417 3 71 34 215 6
430 610 1 232 30 607 9
3504 394 2 102 18 308 19
0 342 7 213 42 316 4
925 51 2 79 32 772 5
4303 282 5 99 69 320 5
3774 113 1 54 52 315 12
10073 398 1 83 60 60 2
0 661 2 76 56 424 19
16190 406 3 181 103 91 18
15580 452 6 320 41 617 14
0 597 1 15 28 210 9
0 65 4 437 53 380 6
9591 625 3 90 76 735 14
3438 665 4 210 44 126 10
0 569 2 351 107 968 20
16314 714 1 42 57 639 4
16396 122 3 189 49 672 4
4260 633 7 174 75 227 13
3161 347 2 293 64 93 8
10365 128 2 358 44 448 16
505 529 3 133 34 190 14
16803 527 1 29 35 164 13
10953 95 4 118 76 651 20
3772 196 1 176 33 201 18
15891 143 8 191 16 222 16
15161 534 3 90 67 535 11
4791 319 3 125 23 421 14
15901 459 1 135 22 335 4
588 479 4 256 62 170 3
9634 503 2 91 5 53 19
108 54 1 25 39 271 9
9004 356 3 101 124 362 19
4229 701 1 20 29 331 20
4753 496 1 11 30 225 15
0 117 1 12 19 132 2
15635 385 1 56 49 507 9
418 699 3 80 63 302 4
4305 708 1 63 34 250 17
556 168 4 183 78 374 16
10230 517 2 37 20 125 1
16495 275 2 32 43 366 16
0 410 2 135 42 214 2
15832 717 3 200 56 279 11
16129 494 2 57 95 496 11
4994 639 4 60 68 530 9
15862 226 2 121 38 514 14
9034 666 2 122 22 123 8
99 304 1 9 14 272 6
4297 351 2 89 30 403 6
3022 495 6 284 40 394 6
16740 64 1 27 66 429 18
9410 403 1 30 59 49 9
15080 723 5 151 61 400 7
4524 382 1 40 36 289 3
9375 46 4 118 35 430 15
16621 514 2 181 61 245 1
243 646 2 115 69 157 8
0 349 2 42 16 254 15
15495 509 2 55 23 193 5
9500 454 2 216 65 259 5
9014 453 3 268 27 738 4
16483 274 2 80 10 107 3
0 503 1 30 89 364 6
15854 583 1 41 18 85 17
10809 509 1 19 32 315 1
3783 542 4 47 17 246 14
0 156 2 65 88 535 6
10831 319 2 55 16 207 12
3824 492 3 93 12 198 4
4536 653 1 108 36 596 2
0 638 1 49 69 410 11
4295 433 1 109 41 240 2
0 215 3 78 44 483 11
15775 72 1 27 72 160 15
16192 52 2 114 56 87 6
4281 290 1 62 32 457 10
15703 381 1 30 49 584 7
9202 348 5 99 68 179 2
15245 341 3 84 15 184 7
855 333 1 102 21 618 13
599 287 2 25 33 175 19
9415 491 3 122 81 280 5
986 115 3 338 48 660 7
9618 508 4 120 51 401 13
214 71 7 393 47 563 2
0 62 3 96 42 304 6
3442 750 6 230 52 383 11
0 467 3 164 45 171 17
15273 293 1 148 65 297 8
10282 368 2 126 52 354 10
15936 663 2 98 15 343 11
0 162 1 52 60 163 6
4234 486 2 94 26 459 5
3991 578 2 43 78 70 19
0 386 1 59 35 322 8
433 539 1 15 9 30 15
16238 133 1 15 16 704 15
0 506 6 511 74 404 2
15264 671 1 59 14 61 3
15969 152 3 76 71 533 13
9899 697 3 61 47 771 10
4520 245 1 31 61 645 2
936 376 1 17 57 378 7
3982 278 1 63 62 309 19
15754 708 7 177 37 214 8
0 191 2 243 59 418 5
15688 636 4 323 69 503 16
16403 381 1 37 72 453 19
0 471 1 100 73 133 7
16300 222 1 217 39 427 1
716 93 2 160 109 256 15
10619 222 2 213 44 163 11
4137 274 2 58 99 161 1
4021 199 1 21 49 299 20
3655 592 4 63 33 134 13
4869 125 1 20 35 155 19
0 596 1 36 58 219 12
4566 236 2 217 51 329 11
10714 39 1 28 12 111 9
0 98 6 186 85 120 10
4249 21 1 24 28 425 18
16973 176 3 157 90 407 4
9948 399 2 120 71 787 19
4446 318 4 67 13 334 13
9606 729 2 156 23 296 20
0 732 5 349 77 136 15
47 90 1 19 26 309 13
16490 673 1 220 37 284 3
15101 274 2 47 20 50 14
9145 572 1 61 57 128 17
15149 528 1 120 33 337 20
4209 275 7 128 59 569 17
3895 669 1 10 23 407 3
15477 164 1 18 41 23 4
15124 68 3 248 58 600 11
15979 75 2 53 60 294 1
4235 24 1 125 55 274 1
10421 213 1 24 56 365 8
9065 317 1 21 39 146 18
3794 153 1 152 84 126 19
15712 28 2 233 33 825 18
374 350 1 55 19 206 17
15006 490 2 78 42 511 11
9672 287 1 20 40 615 5
231 147 1 23 8 106 1
0 84 1 36 35 787 10
3231 159 1 16 24 95 14
710 305 4 157 48 233 4
0 468 4 43 21 157 13
0 676 1 46 47 99 2
10455 492 5 207 29 430 8
16797 195 3 158 51 144 6
16097 128 1 65 44 558 8
0 529 5 158 46 542 4
9056 217 1 41 12 149 2
3584 467 1 8 31 212 7
0 338 2 87 62 277 17
325 323 4 133 62 357 20
15550 81 2 405 34 164 6
195 45 1 76 89 706 5
9120 276 1 21 14 293 8
4768 24 1 25 38 135 7
9941 514 2 292 52 385 8
4554 458 1 352 36 548 2
214 133 1 49 35 688 7
15503 138 1 183 37 209 3
0 612 2 191 37 571 19
0 159 2 41 25 301 4
16823 248 3 357 91 523 15
406 685 1 38 32 124 16
16142 216 1 35 52 480 20
10684 443 1 37 43 77 3
872 605 1 67 111 407 11
15621 122 2 79 57 485 15
16120 238 1 11 26 389 20
9471 280 2 13 40 83 14
10969 499 1 102 57 437 14
9066 113 1 128 34 105 1
3943 177 3 39 29 159 5
16717 699 2 41 73 502 4
4243 568 4 106 6 315 13
10271 267 2 318 25 264 10
143 114 1 65 27 433 1
16140 259 5 82 95 241 12
15775 260 2 65 37 59 17
10197 192 2 33 74 492 6
9885 642 6 374 44 242 4
565 345 4 171 39 303 7
15368 630 1 16 53 216 7
10033 708 3 189 61 189 12
3697 324 3 68 82 616 12
4072 162 4 82 41 699 6
9737 220 3 57 40 706 9
0 745 8 431 49 590 6
10168 482 1 11 17 487 18
309 425 1 131 22 314 20
3584 348 1 13 12 29 17
15341 572 1 63 48 582 8
0 529 1 59 50 261 10
777 611 1 62 12 222 16
10643 38 1 15 19 40 6
15141 383 1 114 52 280 14
3965 85 2 85 8 95 12
0 362 3 104 9 364 15
9989 255 4 290 32 341 8
16735 200 5 140 39 310 11
9340 360 2 97 61 317 3
10458 397 4 44 27 158 7
9745 523 1 39 10 215 8
16188 329 1 39 26 304 1
16306 266 1 91 18 52 7
10035 533 2 148 36 171 11
104 501 1 23 32 143 12
9499 300 2 40 52 595 17
16447 382 5 244 66 315 2
207 701 5 323 117 347 9
16062 234 1 241 67 300 3
9364 298 2 164 98 330 3
154 505 4 138 42 193 3
3636 114 1 14 13 463 13
4075 520 5 330 29 420 15
9442 625 4 82 11 92 7
0 322 2 80 68 150 16
192 394 1 23 49 191 2
469 680 1 35 7 116 11
10450 283 1 195 22 640 19
4769 410 1 27 50 410 10
16173 659 3 75 28 451 5
3394 447 1 75 30 383 7
15025 384 1 74 21 75 2
0 30 5 198 42 286 1
9584 493 2 54 4 116 17
15456 282 2 58 39 33 5
0 239 1 27 36 114 17
16752 226 1 16 37 366 10
9662 691 1 140 56 249 11
3915 490 1 53 6 31 9
15298 217 2 120 10 119 4
0 365 2 188 53 636 10
16100 209 1 54 46 809 16
3575 588 6 233 55 316 2
3120 51 1 62 13 489 11
10841 352 1 14 14 338 8
10674 354 1 53 16 372 10
16569 65 3 120 43 331 2
16067 414 2 50 20 266 11
4267 545 2 63 66 411 18
0 249 1 13 21 115 19
3611 359 3 93 54 618 5
3143 197 1 216 27 211 5
0 184 1 12 41 82 16
16011 186 4 77 71 540 19
9478 507 1 81 40 507 1
9518 446 5 159 67 689 7
0 86 7 217 31 360 20
0 274 3 109 31 501 19
0 220 1 169 86 675 15
15526 415 3 32 38 376 16
15565 542 1 17 8 174 11
10465 610 3 92 36 327 8
355 28 2 84 86 202 19
3467 349 3 100 98 213 9
0 78 4 55 24 378 1
16956 698 4 210 25 511 9
16895 33 1 110 74 445 7
3936 391 2 58 7 189 12
0 214 3 49 14 445 5
15041 24 2 50 35 543 9
4102 378 4 151 31 400 18
16455 414 4 380 24 410 5
3010 622 3 100 84 591 17
4661 385 1 152 37 218 4
3268 677 2 56 31 621 15
10123 584 2 102 30 518 15
16632 370 1 22 16 58 12
87 696 1 13 19 196 17
4820 711 1 13 18 182 18
0 268 2 41 4 106 8
412 406 2 73 64 650 8
9257 315 6 111 85 231 3
15777 38 2 264 61 623 7
10238 43 1 107 49 328 1
0 228 1 8 12 121 8
16995 681 2 151 27 681 14
9144 383 5 178 5 227 3
9691 400 3 214 8 375 15
3905 247 3 127 47 683 12
15196 70 1 52 13 429 15
9363 526 3 126 103 255 19
4905 128 2 28 41 187 17
10953 163 1 15 23 259 20
4158 174 1 51 32 105 7
210 466 1 203 25 613 17
4116 207 1 129 63 668 1
3151 622 1 31 40 471 6
0 122 2 55 27 292 6
0 650 1 108 84 60 8
9734 315 3 454 95 206 14
10411 554 2 184 31 502 16
16353 529 1 68 30 310 10
9950 102 1 35 66 764 8
3079 426 2 343 67 223 20
4352 329 1 123 35 305 8
10560 734 1 40 35 287 18
10344 158 2 110 44 163 16
4202 429 1 46 49 314 15
9439 485 3 375 18 212 6
16211 711 1 52 39 120 12
9425 283 1 19 40 706 13
10189 370 4 161 19 186 12
4354 647 3 241 26 155 4
9283 194 1 95 50 640 16
16812 52 2 72 11 156 15
10022 735 2 93 101 806 14
16066 549 3 115 30 101 11
16150 535 2 58 51 604 16
10635 167 1 10 19 473 4
9872 167 5 50 55 199 19
16270 473 1 48 14 83 9
862 271 2 133 43 600 13
0 379 2 192 43 124 8
3317 373 5 80 54 177 1
4920 419 3 50 54 272 15
15796 70 1 16 43 536 8
9240 589 4 142 78 502 8
9199 668 1 183 32 140 20
9569 254 3 196 70 244 20
16148 452 1 70 81 306 6
15156 171 7 480 73 240 14
16926 315 1 129 69 497 7
15826 255 1 15 25 244 2
904 215 1 122 63 466 19
3375 315 1 73 52 442 2
18 311 1 175 81 134 10
4183 594 3 87 20 563 6
0 673 5 209 108 782 18
10055 458 2 144 48 418 20
269 426 1 15 5 37 11
497 361 3 145 56 383 4
4619 146 1 88 20 840 20
9867 96 4 310 118 410 4
15094 518 1 13 27 262 8
0 77 3 252 44 202 2
4250 623 1 311 23 96 6
9864 593 2 240 68 332 2
4314 110 1 95 25 269 19
4874 632 2 70 47 813 20
9327 219 1 172 27 659 9
15546 575 1 38 118 245 1
10957 212 2 77 13 179 4
217 539 7 202 56 312 16
0 350 2 113 35 385 3
16344 583 4 290 47 695 8
9006 332 5 177 51 341 2
652 305 2 47 53 485 19
15938 377 1 54 45 382 6
9563 599 1 101 55 231 16
10701 135 1 19 62 291 9
3705 306 1 25 39 445 3
9905 746 4 125 35 653 4
15415 663 2 50 61 371 8
9521 303 2 209 77 194 15
4414 214 2 116 99 700 2
10611 89 1 400 63 376 4
16386 637 1 25 40 407 15
10400 523 1 55 36 181 13
4282 476 1 80 45 67 14
10135 24 3 55 34 632 7
15016 705 1 28 9 212 8
0 109 1 26 9 50 6
3556 438 2 64 15 302 16
4861 554 1 109 69 599 5
0 29 2 79 67 259 12
10505 363 1 52 18 89 19
3878 490 2 222 22 383 6
0 507 3 44 49 445 2
4189 144 1 14 64 84 12
9457 732 3 54 11 169 11
15631 441 1 124 24 114 7
16882 432 2 91 29 124 11
9716 747 1 32 51 551 6
15879 575 1 32 28 194 7
9606 223 1 42 4 100 19
0 364 1 133 39 145 11
4804 120 1 31 37 269 5
9444 360 1 59 21 450 1
15346 509 1 74 75 474 8
16531 707 3 100 48 801 1
16000 185 1 65 48 250 11
16719 297 2 54 43 389 15
15523 248 1 13 24 250 1
4160 679 3 161 46 400 15
89 427 2 179 71 559 14
9222 632 2 109 27 358 13
9515 741 1 23 22 466 16
9748 235 3 107 50 363 13
0 547 1 117 61 478 2
9636 141 3 68 23 551 1
3039 28 1 16 11 679 4
10892 54 5 258 88 307 14
15314 316 4 79 11 104 16
15462 415 3 58 14 120 19
4745 90 2 117 46 244 10
9973 500 4 127 34 50 6
16448 450 1 14 68 355 18
4135 66 4 87 25 499 20
16138 195 7 180 114 380 15
3292 147 4 155 67 321 14
0 263 1 170 46 429 10
16320 701 1 20 19 227 1
15041 319 1 35 15 45 6
3648 532 3 82 15 134 11
16944 618 2 134 83 345 18
0 330 3 121 49 324 2
15077 213 1 31 64 47 7
3923 132 5 208 86 435 17
10000 736 1 93 45 498 4
3655 254 1 99 56 366 1
16513 367 1 307 41 379 1
15233 277 1 52 86 562 16
26 482 1 14 21 89 18
898 120 6 375 55 522 2
3555 604 5 123 31 110 10
4773 336 1 166 58 269 19
10934 468 2 61 23 848 10
9281 148 2 63 40 459 3
4196 521 3 270 32 308 17
877 117 5 123 46 387 13
9715 179 1 25 10 39 6
9228 171 2 16 19 29 15
0 510 4 88 38 773 7
3025 295 7 189 37 191 12
0 518 1 39 7 181 6
15756 462 2 143 19 108 11
10166 222 3 181 93 143 8
10861 677 1 42 22 413 3
0 247 2 123 74 209 2
0 449 3 111 48 391 4
9790 728 1 33 63 797 15
3442 320 1 38 76 110 10
10917 190 3 73 62 899 1
918 229 1 37 30 452 16
399 109 1 32 10 45 16
9917 630 1 24 49 297 7
0 297 3 91 28 49 2
16934 33 2 42 108 177 19
0 715 1 67 35 291 9
10501 333 3 197 39 247 19
9955 513 4 46 67 243 19
16485 718 4 103 53 389 10
4598 585 1 52 55 330 5
15480 77 4 58 51 480 10
3897 363 4 111 74 513 20
3903 594 1 137 24 179 17
16283 361 6 433 119 439 15
10339 84 1 17 6 593 8
4710 170 2 195 47 375 16
9717 489 1 21 29 276 4
15404 54 2 112 60 77 3
0 521 3 47 30 802 7
3562 403 2 71 58 19 4
9692 672 1 36 27 424 10
10504 517 1 105 54 168 2
189 34 5 314 18 127 10
4135 736 3 44 28 177 18
4221 132 1 449 82 209 12
224 703 2 236 18 291 12
701 87 5 122 40 390 16
454 743 1 47 54 439 18
480 715 1 22 39 165 13
0 177 7 152 22 207 6
4112 270 1 22 53 111 14
16129 299 1 21 41 196 3
3191 586 2 64 34 236 20
16120 295 1 17 10 111 8
10246 631 1 38 58 677 9
0 647 2 123 57 250 12
9202 313 2 179 65 625 18
578 524 2 64 49 236 11
688 113 1 102 42 729 1
16287 393 2 94 61 94 1
9768 606 2 144 19 302 6
10118 427 3 227 40 478 20
3421 722 1 92 37 109 7
4221 201 1 111 104 357 6
3481 63 3 95 36 442 8
361 735 2 51 85 545 5
3233 186 1 246 39 603 9
9582 529 2 124 78 586 3
4011 498 4 223 32 463 13
9005 697 1 11 8 180 10
15870 76 2 19 39 299 18
16733 87 3 151 44 86 1
4136 107 1 32 9 464 20
9792 81 1 40 44 241 6
16236 271 1 152 4 210 6
10235 501 2 88 38 356 10
16400 489 3 189 64 431 6
4144 229 2 34 4 66 15
15919 212 3 85 32 267 9
4126 723 1 235 46 383 15
15260 173 1 156 58 447 4
10209 549 1 87 43 555 6
4366 123 5 141 52 625 20
0 280 4 47 5 122 7
3907 379 2 143 66 263 15
0 553 1 50 18 124 20
0 346 2 57 15 42 4
703 401 1 17 94 526 6
193 513 2 160 6 278 3
4235 486 1 24 40 22 2
16729 107 3 196 71 813 6
9893 298 1 52 54 358 16
16442 297 1 89 37 224 10
9727 395 1 105 51 142 4
10284 147 1 51 53 257 17
4446 85 2 39 43 480 17
0 190 5 198 76 251 6
899 472 1 149 14 237 15
15619 344 1 35 12 168 12
0 695 3 147 33 544 1
10206 520 1 148 42 397 5
15998 640 2 99 11 247 13
16106 330 3 111 101 163 5
495 487 2 93 50 170 15
10187 588 1 67 22 228 1
339 353 2 80 70 242 1
9541 145 5 115 79 427 13
812 724 1 73 104 409 10
524 235 1 28 29 458 4
15612 659 1 34 9 127 18
15053 334 1 90 29 519 11
9686 418 1 30 6 25 9
10149 129 1 131 9 260 6
4563 585 4 288 74 99 8
3105 656 2 55 25 418 12
9763 528 4 137 50 409 1
10056 597 2 158 35 269 11
4081 104 6 218 62 633 19
9501 696 1 26 56 275 12
16187 351 1 38 73 319 2
16386 520 1 23 41 234 19
10971 281 2 384 22 440 4
10070 709 2 125 67 251 10
9122 717 2 114 105 373 11
16526 569 1 41 36 392 11
4923 374 5 189 43 523 2
874 484 5 280 59 504 2
497 602 1 19 72 304 20
9654 616 4 267 25 321 10
4834 33 1 31 34 204 11
16073 204 3 87 61 373 7
15410 446 3 112 28 573 14
16535 72 1 37 7 118 18
933 504 5 151 25 382 1
16282 572 3 77 8 214 13
16178 606 2 113 59 774 13
9783 648 1 48 40 52 14
0 428 3 57 32 359 12
3468 181 1 60 22 54 5
4692 360 1 35 38 481 3
4360 333 1 166 61 309 9
851 324 1 42 72 499 8
15319 683 2 161 53 53 4
4971 156 2 159 41 678 5
4991 525 2 63 63 218 2
3583 524 1 125 64 142 20
16501 695 1 55 6 139 5
16296 618 3 139 6 251 8
3028 268 1 7 24 247 16
3474 394 2 148 59 593 19
10636 594 5 230 30 523 20
4560 363 3 108 64 437 1
0 205 1 17 14 338 3
10022 724 1 28 64 160 16
9819 485 2 67 30 706 6
3727 658 1 139 28 289 10
0 395 2 135 66 765 12
4929 20 3 107 92 904 15
15366 47 1 271 54 550 18
9854 454 2 75 28 960 13
10852 336 3 287 28 254 12
0 574 1 49 48 210 19
16299 188 1 13 37 76 14
4223 489 1 47 8 167 19
10544 238 2 43 96 277 10
3548 153 3 358 45 434 12
15074 356 3 98 52 496 3
10847 545 2 31 7 104 5
9639 206 1 12 38 167 16
9358 515 1 67 35 425 17
4500 128 3 129 14 386 10
0 46 1 102 12 561 12
9097 171 1 28 17 59 10
3253 543 1 100 23 246 14
4357 618 1 237 44 284 13
0 37 7 334 55 140 7
10481 150 2 36 15 140 14
0 593 1 27 63 613 8
4244 628 2 87 9 156 11
3746 348 1 105 58 523 15
960 27 1 93 61 152 20
15931 404 1 28 63 416 16
10481 422 1 56 47 492 1
15411 92 1 18 80 581 18
9996 653 2 24 22 325 18
3471 702 2 102 20 266 4
9584 332 3 202 34 358 4
16380 354 2 39 69 362 1
0 663 1 194 56 279 1
9638 264 1 18 56 484 10
3162 235 2 112 44 468 8
10053 185 3 177 34 287 19
3845 87 2 182 38 129 4
4993 673 2 78 23 181 17
9363 730 1 30 38 368 7
705 687 1 50 88 622 3
3888 74 1 42 16 654 10
4589 205 2 75 19 183 12
4273 69 1 65 57 338 19
3782 47 1 370 26 437 3
0 136 4 284 72 565 5
4411 717 1 37 12 505 6
4476 88 1 28 60 311 18
4859 692 1 29 6 132 19
0 699 1 46 32 357 17
15053 418 1 13 38 117 10
0 347 1 96 55 482 19
10379 233 1 22 66 407 17
3218 39 2 37 34 66 16
10131 205 1 15 16 140 6
0 404 1 230 61 106 15
16768 119 2 158 108 638 1
3421 464 4 363 78 326 11
194 177 1 51 39 249 14
15442 87 1 54 47 544 11
16229 678 2 55 11 210 16
16541 559 3 188 20 138 12
3217 749 3 67 15 155 18
16390 719 2 75 28 227 13
3339 385 1 40 45 60 13
0 64 2 55 77 473 15
4047 541 1 46 50 296 3
16708 612 6 208 31 535 17
197 688 4 24 44 79 19
0 524 1 157 64 514 6
4621 257 1 17 24 198 6
0 548 4 53 29 140 2
3761 152 2 278 100 211 19
4573 620 4 106 17 270 15
0 238 1 22 34 336 6
10435 123 1 130 25 276 11
369 612 4 88 34 636 1
16013 717 1 10 12 193 8
155 186 5 209 69 150 6
16443 304 1 51 51 349 9
15714 700 2 129 64 480 14
4556 295 1 105 32 70 19
15400 685 3 66 20 580 20
10980 349 2 201 34 312 7
217 121 1 72 46 632 1
9759 447 1 13 25 88 19
3341 575 1 48 20 838 10
15236 102 4 30 32 124 7
9663 575 2 189 55 274 13
15560 186 6 108 49 544 4
335 211 1 23 11 58 13
10746 39 2 37 58 808 20
10987 278 1 30 15 784 1
15994 219 4 86 61 426 18
15385 22 1 210 31 346 9
10450 211 1 70 17 126 14
662 655 1 52 8 39 1
0 100 3 146 53 660 15
583 555 2 106 37 690 1
4298 298 1 136 25 447 17
16243 107 5 192 46 514 1
16753 141 1 25 8 407 18
10929 217 1 53 28 17 14
599 722 1 25 9 286 12
177 726 1 12 64 140 3
9122 363 4 133 53 327 1
3006 81 1 51 78 387 9
0 293 4 39 11 101 9
15184 709 2 134 26 414 7
0 400 5 95 48 397 8
0 507 1 287 72 533 1
9188 35 2 161 24 160 16
10816 222 1 175 79 100 13
0 620 2 54 25 591 6
10218 238 1 48 37 712 2
15618 665 1 134 80 261 8
395 513 3 62 46 144 14
16610 91 2 63 36 136 12
9652 243 1 71 20 79 5
15203 509 1 89 22 49 20
3032 102 3 89 40 521 9
3502 502 5 129 60 234 10
908 432 2 123 57 705 20
9535 303 1 63 74 321 8
3351 76 7 524 88 413 9
9095 526 3 18 18 235 14
10680 164 2 162 91 630 8
9475 499 3 185 56 445 12
16182 278 2 113 25 406 16
16639 512 3 55 29 68 12
9414 580 1 17 56 357 8
16694 440 2 58 21 65 10
15143 410 3 190 7 211 6
731 673 5 91 40 490 5
15504 110 8 204 40 443 17
9184 227 1 18 12 33 6
4273 429 2 48 105 419 15
16479 677 1 36 26 268 19
3962 617 1 86 43 329 6
15482 213 1 30 55 463 9
0 78 1 113 22 311 19
15865 96 1 81 14 172 12
4277 375 1 86 71 407 17
15457 462 3 133 78 921 7
9294 245 4 61 24 189 1
4893 734 1 8 32 280 3
3908 744 3 83 42 340 18
10849 470 2 91 38 353 16
16070 332 1 59 105 140 5
16900 647 4 201 66 344 7
15189 473 3 225 41 635 18
9915 384 1 34 18 241 8
15707 330 1 55 48 191 2
0 171 1 21 43 108 11
9903 199 3 108 48 389 9
10620 251 2 431 55 372 20
15057 372 3 90 73 407 6
9401 718 1 169 24 650 14
15792 425 3 65 36 217 2
0 542 4 189 61 318 2
4812 217 1 90 31 255 9
4291 56 1 30 37 118 15
9347 405 1 77 54 290 15
4262 215 1 14 75 344 16
15243 551 5 228 23 431 2
9379 264 1 13 15 33 15
15673 627 1 33 57 518 7
870 441 1 163 26 555 11
10128 468 1 22 33 287 3
9321 331 3 90 94 291 4
3117 399 2 159 48 452 17
9024 723 6 169 57 427 19
972 516 2 85 91 624 3
10543 334 4 184 95 165 19
16345 369 3 116 52 428 13
15000 76 2 182 56 90 8
10350 661 2 72 37 318 14
888 91 3 205 29 408 13
16199 205 1 88 6 82 19
9524 113 2 300 76 396 18
15644 686 5 109 36 191 7
3371 177 1 236 61 376 10
16756 218 4 440 43 589 11
10058 221 3 75 50 607 11
9677 566 3 68 60 91 11
10090 524 3 89 47 431 10
9737 187 1 35 73 382 8
940 207 1 155 46 498 14
16923 465 5 82 55 621 4
711 717 4 170 13 153 7
15532 708 3 151 37 344 2
16243 413 3 169 49 605 9
4234 664 1 8 48 39 10
10156 621 2 36 20 90 19
3159 451 2 233 64 153 17
3242 53 2 283 58 187 19
10969 254 1 82 40 272 10
4629 566 2 143 50 189 10
15299 521 1 68 82 472 3
9587 296 1 31 63 157 11
10801 538 1 39 22 47 7
4536 353 3 212 76 492 19
10896 594 1 13 45 154 10
9225 461 1 19 25 296 19
3731 524 2 106 53 401 11
15901 255 1 55 57 332 14
3551 461 4 191 33 160 2
10977 142 4 87 62 298 19
0 66 1 125 18 161 16
16297 473 1 176 31 439 16
4708 357 1 80 44 920 16
3719 484 2 53 30 55 10
3715 339 4 341 62 358 16
10960 329 1 60 89 639 5
10364 729 3 93 75 381 16
16909 114 2 133 28 245 17
9894 748 2 43 18 239 1
9079 744 1 10 43 203 19
0 394 3 277 102 841 7
10096 324 2 132 96 328 3
9614 557 1 45 54 500 5
10932 394 3 47 52 312 9
3377 551 1 117 78 700 16
15470 542 1 35 41 114 17
16387 28 2 86 43 608 9
3907 101 2 98 59 113 17
9624 528 1 98 83 366 4
9225 31 1 195 58 657 13
16231 551 1 50 9 44 14
0 63 1 18 13 753 2
3442 586 1 14 16 133 19
692 389 2 50 7 99 6
831 276 5 173 26 543 8
4120 187 3 117 27 156 16
