79 3284
6 80 100 688
4 80 88 768
3 64 128 784
2 64 68 832
4 64 52 976
2 48 124 624
2 64 80 160
2 80 40 384
5 80 68 832
2 64 116 192
7 40 100 720
2 80 40 832
7 64 36 544
5 24 32 288
7 48 124 992
6 48 96 480
4 40 64 112
5 32 120 416
4 40 76 576
6 32 28 544
6 64 60 992
7 32 60 288
6 40 48 928
6 40 124 256
8 24 72 816
6 64 52 128
7 48 100 544
5 64 112 240
6 64 112 176
5 64 116 976
6 48 48 944
8 64 68 976
4 32 84 672
4 64 36 240
5 80 124 224
8 40 108 976
7 32 88 544
4 64 56 640
5 48 124 192
6 24 84 752
5 48 120 256
8 48 52 832
8 64 84 560
5 64 48 1024
3 24 28 928
6 32 24 368
7 32 104 880
4 32 100 368
5 48 48 640
8 32 124 240
7 24 28 448
5 32 36 256
3 80 32 160
5 64 32 960
5 24 60 320
6 24 108 96
7 24 104 400
2 48 36 272
5 40 116 640
7 24 40 832
4 64 116 944
8 80 60 848
2 40 96 944
5 80 52 816
6 32 32 1024
4 48 36 448
5 48 96 816
8 24 124 496
3 24 68 912
6 24 96 256
4 32 44 928
5 24 32 688
4 48 100 272
6 64 48 688
3 80 96 320
5 32 92 464
5 40 84 208
4 64 104 928
5 40 40 656
17617 478 1 90 20 273 7
8149 512 1 52 27 118 7
9656 116 2 130 47 396 19
1972 475 3 114 24 668 7
12175 147 2 75 33 118 4
3724 331 5 96 30 123 5
11923 285 1 52 76 49 7
16883 66 3 48 22 430 6
17705 423 1 50 10 202 20
7259 173 1 46 27 126 1
16133 144 4 125 22 356 5
16586 132 4 151 19 195 4
11162 467 1 25 40 280 7
17482 171 1 108 69 170 7
11026 463 3 66 13 278 6
11526 72 1 25 33 76 1
7542 373 3 142 18 415 7
10565 61 2 118 28 118 15
1307 423 1 48 9 303 2
19608 155 1 60 32 165 3
3380 168 1 55 30 109 4
14597 336 1 15 26 269 5
4878 186 1 77 30 183 7
5073 229 3 57 15 528 7
7008 530 2 120 69 258 18
9811 113 2 35 40 240 20
18948 151 2 106 13 451 6
979 54 1 54 54 478 7
5593 265 1 31 43 279 5
17025 524 4 146 26 428 2
8834 453 1 50 18 397 15
19203 517 3 49 53 443 20
9333 86 5 158 8 413 19
4090 152 2 73 23 211 7
8609 435 1 25 14 326 6
13820 90 5 66 50 189 5
10053 324 3 101 25 507 18
18069 425 1 38 35 88 1
7368 81 1 16 43 187 1
13440 384 1 184 54 470 3
15407 121 4 123 28 212 4
9677 63 4 110 20 114 2
14645 40 1 34 30 555 2
13114 419 3 123 52 102 6
10228 133 2 70 11 450 7
12247 526 2 126 19 166 19
11908 360 2 62 34 266 1
1313 535 3 44 26 433 2
19680 35 1 65 36 563 18
6748 152 3 96 68 609 5
6165 287 5 76 64 300 4
7290 381 2 49 21 228 19
13674 165 2 117 73 122 5
8154 365 1 65 87 288 5
18700 451 1 47 23 56 18
8045 105 5 96 73 60 1
5597 506 1 28 11 142 17
4041 197 5 188 17 181 5
13946 9 1 266 13 380 4
16991 503 3 124 8 135 3
6215 57 2 54 26 189 3
9367 104 3 80 23 180 19
5489 186 3 120 41 109 1
17958 372 3 56 53 500 1
15582 49 1 41 55 222 3
18751 415 1 19 14 173 4
15463 534 2 45 44 53 4
15061 291 3 54 62 103 2
3111 541 2 86 12 610 3
1071 348 1 88 29 385 3
14026 281 1 68 24 124 2
358 354 4 168 20 388 5
5338 444 1 80 65 217 5
6640 222 1 52 53 44 19
19946 102 1 19 54 327 2
15157 213 2 123 23 441 19
875 431 1 11 15 683 15
17088 263 1 48 80 100 4
19897 58 1 15 65 273 4
14785 245 2 106 11 41 2
9810 167 1 172 70 403 4
4901 457 2 37 24 360 6
13229 451 1 197 44 336 6
2558 377 2 219 17 513 4
5414 174 1 32 43 103 6
16597 305 3 146 10 179 6
15534 303 1 12 22 182 7
8525 175 3 91 43 137 19
19952 13 1 35 14 136 7
2542 146 3 80 35 68 4
995 535 3 75 56 191 20
15884 59 1 80 45 122 7
4997 394 1 121 10 396 6
10753 145 2 54 29 208 5
10498 18 1 146 32 639 6
18633 118 4 132 21 72 6
14179 47 5 168 26 52 1
10523 399 7 69 27 230 7
14948 406 1 39 40 270 18
13974 415 2 87 45 408 4
12065 473 1 18 15 89 2
6837 271 1 185 34 339 19
13310 192 2 35 14 649 16
10818 262 1 108 56 308 3
18180 443 3 76 71 153 4
15178 527 6 208 13 571 4
19394 196 7 371 42 547 3
5154 440 1 33 47 269 17
10497 267 1 31 51 119 3
13717 85 1 25 15 176 7
15705 192 6 179 20 348 15
9021 149 3 87 10 246 1
12217 201 3 37 14 131 15
15710 387 1 33 15 72 17
16931 518 3 103 64 170 4
1063 219 4 248 79 77 19
6309 224 2 65 74 516 6
1823 55 3 211 23 88 6
8663 153 1 106 73 86 6
16022 221 1 51 20 79 2
2404 388 2 46 26 117 3
4517 202 2 60 13 253 2
3939 292 2 144 22 570 2
18883 64 5 171 47 192 20
1908 385 1 24 31 456 3
19098 197 2 46 18 497 6
10533 54 2 185 63 100 3
7531 239 3 106 23 326 5
15047 129 1 29 19 188 3
6822 103 2 82 7 222 6
17179 253 1 91 12 129 6
3694 5 7 240 62 330 1
55 107 2 47 35 354 4
11831 216 1 39 31 78 4
17323 381 3 105 36 134 7
17686 507 1 68 32 246 17
6270 240 1 25 81 402 1
18217 509 3 156 32 132 1
3654 395 2 100 15 228 18
14047 395 6 184 34 374 20
9192 352 4 64 7 448 1
7310 480 2 50 14 358 1
16173 527 2 46 40 376 1
1536 91 1 59 25 257 7
18277 110 3 121 41 66 5
9589 5 3 124 74 164 1
5927 22 1 20 74 91 7
2124 230 1 36 46 90 6
4104 355 1 89 66 730 5
4613 142 3 123 18 392 17
5146 218 1 18 21 407 3
11804 127 2 31 46 149 19
19840 439 4 106 39 277 7
17508 113 2 71 8 287 18
128 277 1 70 29 131 2
7081 218 1 135 23 440 7
17663 263 1 49 25 290 20
7870 245 2 142 31 50 16
12977 526 1 54 35 298 1
11567 335 1 114 7 294 19
431 285 2 42 24 262 5
14891 243 1 162 48 74 1
2199 301 1 36 14 79 3
15883 546 1 46 37 668 1
7387 103 4 137 40 598 2
10991 368 1 73 67 66 5
12011 7 1 15 65 503 3
4056 239 1 20 18 167 5
8734 334 1 67 27 402 7
18580 131 3 75 32 362 17
15858 34 5 90 15 217 20
8013 477 3 176 24 571 4
1436 397 1 85 14 365 5
14530 459 2 69 77 418 1
793 69 2 87 69 123 6
11481 110 1 37 22 431 5
6331 63 2 118 22 128 5
2867 103 4 69 26 217 6
13277 476 1 81 16 150 1
3899 234 3 222 34 173 3
6652 381 1 46 15 516 3
14944 442 1 54 14 98 17
19234 319 2 99 48 44 2
8484 76 1 42 17 106 5
19633 505 5 77 36 338 3
12954 531 2 109 15 94 4
1959 54 1 76 44 196 20
8268 218 1 26 39 258 3
12356 386 4 266 54 126 16
19110 547 2 149 28 435 7
8440 177 1 23 32 221 5
17822 474 2 107 49 135 5
2489 122 1 13 12 495 20
10654 435 1 38 45 543 16
6855 261 2 90 41 340 4
14687 242 1 67 53 394 6
15837 91 3 74 42 390 17
17673 32 2 59 11 222 4
15575 248 1 79 46 354 2
14519 223 4 224 47 198 5
7858 259 1 37 16 160 19
5062 294 4 154 64 612 5
5358 293 2 55 32 345 19
10129 435 2 19 22 491 4
1339 517 2 37 16 183 18
15588 259 2 126 30 351 2
6684 257 5 104 17 124 15
3060 150 3 78 21 210 1
3556 147 2 45 16 185 3
11845 494 1 100 22 205 17
11746 8 1 17 36 471 3
14501 193 1 337 39 501 7
10356 396 4 125 37 185 19
15173 21 1 100 17 44 2
3650 485 5 91 60 183 1
7943 425 1 19 13 212 2
15006 486 2 82 21 443 4
13959 5 1 25 37 67 1
276 117 3 155 16 470 1
19836 350 3 147 29 317 20
8040 238 1 25 22 56 6
10183 254 6 240 58 301 3
16554 473 1 97 23 369 2
1154 61 1 18 14 145 3
2577 119 2 123 15 38 18
4076 481 1 76 14 386 7
18096 403 1 66 19 535 1
17511 95 5 185 12 602 3
18925 132 1 113 23 174 7
1089 518 1 18 17 183 7
16202 337 2 39 60 190 6
12372 215 2 141 70 315 20
8884 334 1 52 35 295 3
7985 304 7 218 23 392 3
12478 158 1 28 51 447 5
19841 293 6 154 19 386 1
8721 60 1 25 38 185 3
4181 202 2 33 23 180 2
13905 239 5 77 79 359 2
9799 256 1 22 9 107 16
13271 286 3 134 32 353 20
5950 478 3 105 46 201 2
13273 399 1 51 21 47 4
3868 373 1 156 72 247 7
11441 284 2 36 51 189 4
19981 12 2 76 28 412 6
17376 403 1 17 33 149 15
4971 206 2 120 33 313 7
18220 246 1 98 10 89 17
4013 533 1 43 46 33 5
3001 177 2 80 58 554 1
434 143 1 34 51 219 18
3910 380 1 36 83 66 3
13709 16 2 72 45 402 5
15658 310 2 74 54 43 20
7497 370 3 42 8 135 2
17135 133 3 89 23 329 2
2384 193 2 74 12 142 2
19632 468 1 14 13 352 7
19445 101 4 67 63 21 17
10448 299 4 261 15 391 4
3119 245 1 33 82 215 1
18445 397 1 49 49 597 20
4823 114 1 15 30 695 6
862 475 2 107 20 106 2
19724 130 1 28 40 359 18
725 177 1 55 29 179 16
9033 121 7 111 16 176 2
13231 39 4 92 26 336 18
11804 246 1 125 30 216 1
18062 536 1 26 56 463 16
8365 124 1 127 40 486 19
15961 242 4 158 28 287 1
5920 24 1 85 31 93 3
12975 379 1 143 45 389 20
2355 438 1 18 14 100 4
17705 207 1 154 67 302 3
10168 433 2 86 65 231 4
5630 128 1 42 22 116 18
19474 98 4 133 37 135 7
11069 473 1 30 14 323 16
15287 372 4 157 18 233 7
2997 342 2 38 35 35 4
683 419 1 32 35 407 6
19271 489 1 119 52 169 15
1621 353 3 99 33 334 7
9929 383 1 54 30 55 5
15682 117 2 30 51 171 3
13528 183 3 110 25 121 20
9927 146 1 65 33 452 20
18699 497 3 119 23 363 17
9872 348 4 97 68 288 4
5333 439 1 47 56 53 1
5319 230 1 47 22 91 1
3683 148 3 145 70 410 3
917 12 3 108 48 217 5
17691 196 4 162 27 602 20
74 19 4 239 38 496 2
4681 93 1 123 25 51 4
14220 470 4 118 14 36 2
17669 376 1 35 24 203 5
15147 358 2 44 36 429 20
17998 67 1 71 25 474 5
18410 411 1 46 24 361 15
5928 213 1 54 29 456 4
7195 31 3 177 27 82 6
10916 175 1 138 32 80 17
14569 252 1 92 30 65 5
8155 31 1 28 30 155 15
7512 488 1 32 31 506 3
6672 415 4 85 14 324 4
9855 435 5 93 59 335 5
11375 87 3 68 19 144 19
8956 287 1 131 37 381 7
11479 517 2 78 8 351 7
10155 184 2 77 54 127 4
1655 80 1 17 12 138 18
17101 422 2 61 55 404 6
4115 385 3 53 34 184 6
140 276 1 38 27 183 7
8127 169 1 129 16 256 5
12284 81 2 138 18 171 2
14185 423 1 44 39 496 6
4224 447 3 142 26 381 20
13252 398 1 54 16 279 17
5200 492 1 49 25 318 4
3887 219 3 92 15 350 15
10378 237 1 49 31 434 4
16559 469 2 85 15 467 7
832 127 1 88 27 454 20
8601 410 2 31 23 322 20
408 443 1 11 41 648 5
12369 167 5 177 54 153 4
10178 285 1 28 48 275 1
9810 11 1 61 15 25 7
17789 514 2 53 77 438 6
4413 376 2 37 61 280 3
10410 523 3 112 38 47 4
975 190 1 17 52 150 19
19982 386 1 32 77 208 7
18141 324 1 95 50 174 19
1266 465 1 23 38 601 1
6577 365 4 59 24 153 1
19506 43 1 29 59 105 16
17494 130 1 18 10 220 3
16298 425 1 16 13 148 2
5358 460 4 66 16 308 15
11431 403 5 183 41 182 4
4621 166 1 24 12 259 1
7559 67 1 54 22 137 4
19387 275 1 37 9 128 5
793 501 1 38 21 258 5
11357 321 1 237 43 532 1
10726 531 3 75 18 617 1
613 405 1 29 9 131 2
5107 395 1 96 20 244 7
4227 307 3 105 19 326 3
3314 106 2 86 66 544 19
16006 201 2 53 17 387 1
14341 422 3 58 28 647 1
60 148 1 18 44 82 7
17293 156 3 141 26 430 5
15840 251 2 93 15 610 18
17776 484 6 95 23 93 5
8730 485 4 152 17 538 1
10876 300 2 44 64 336 19
5651 267 4 188 27 208 6
13935 210 3 61 40 574 2
16821 525 3 35 10 603 7
3993 384 1 205 22 149 7
12138 313 1 89 8 112 5
12003 240 1 89 27 198 20
15515 272 1 98 31 147 3
4729 36 3 87 12 79 2
10278 285 2 18 10 537 19
5821 85 2 110 15 379 2
9556 44 1 27 24 525 3
6743 454 3 128 54 419 3
15332 451 3 188 56 317 18
4886 527 1 20 28 213 5
2379 325 2 77 12 168 3
3944 363 1 164 23 159 5
15025 219 3 59 35 348 19
15550 283 1 114 56 150 5
12719 242 1 41 62 278 5
7835 336 3 92 26 288 6
7519 89 1 68 70 196 1
14207 510 4 267 76 137 1
12353 112 1 15 55 148 6
17090 183 1 91 54 97 15
13255 438 1 36 22 472 5
2023 446 2 72 13 181 3
18426 389 1 30 75 563 2
3316 265 1 43 23 127 7
14916 503 1 26 17 57 16
9651 316 1 28 25 469 3
1644 356 1 51 13 519 2
689 393 1 42 29 600 1
781 195 3 127 65 226 20
13552 379 6 81 17 438 1
935 52 1 103 30 370 20
18412 124 3 73 51 191 6
19938 51 2 40 22 378 15
6582 501 1 26 55 463 3
7435 368 2 135 24 200 3
1678 543 1 142 31 442 7
7743 105 2 57 25 667 7
2368 417 2 89 10 473 1
1858 155 4 55 21 566 3
9466 287 4 201 25 711 5
18019 291 1 69 45 49 7
1310 104 1 29 70 90 5
11667 140 4 62 68 45 20
16905 109 2 137 55 69 6
4681 470 4 202 84 68 15
7681 395 3 67 68 252 6
19077 191 2 44 34 152 20
5501 268 3 116 59 233 18
7185 513 2 194 21 34 7
14455 367 1 38 11 230 7
17672 63 2 69 11 159 16
17398 299 1 60 43 53 18
5685 159 1 18 57 190 17
9659 470 1 63 29 437 7
9563 271 1 19 49 334 4
12082 23 1 84 41 394 4
4815 518 6 311 36 397 19
4337 511 2 80 47 38 17
10722 120 2 32 16 485 5
3302 536 1 20 19 58 4
7140 251 2 48 9 166 3
4686 409 3 55 59 121 5
15679 477 3 80 64 459 17
13471 98 2 51 13 479 3
19392 242 3 150 65 114 18
11309 400 1 36 68 128 5
6052 324 1 16 60 478 5
7956 499 2 54 17 361 18
16191 235 3 94 31 86 5
9639 245 2 77 83 456 4
2369 543 1 196 14 63 17
19393 448 1 70 17 244 1
2005 322 3 96 33 59 15
18318 189 2 47 50 390 6
16603 520 5 179 31 151 3
1014 42 2 71 53 146 6
17457 291 1 156 10 474 17
6420 412 4 217 33 516 20
14914 45 1 30 29 477 2
16700 545 5 131 61 196 7
8788 89 1 80 39 433 7
2285 420 1 60 12 178 18
16149 505 1 37 28 264 7
19935 316 1 15 44 188 5
12189 420 1 28 67 305 1
1685 275 1 67 17 525 1
8421 287 1 171 63 602 6
15909 106 3 101 23 366 2
142 322 3 146 16 79 19
14953 448 2 161 18 339 6
15631 400 1 42 28 241 6
6347 31 1 12 25 497 16
11907 268 6 164 25 303 3
6889 273 4 75 49 495 1
711 40 3 92 60 301 1
16618 476 2 68 27 297 4
8221 290 1 69 49 612 3
8737 498 2 46 30 361 6
7327 489 1 42 43 110 4
17848 123 2 85 20 81 3
12344 457 1 136 42 128 7
16447 159 1 159 41 254 3
5168 203 1 148 34 163 1
1153 286 6 70 15 217 19
11888 30 1 16 56 133 5
7975 82 3 58 45 153 16
17214 415 3 149 30 532 19
14028 8 1 39 16 622 16
14327 320 1 39 20 683 20
74 140 1 110 65 175 1
11727 31 1 96 32 64 20
18396 137 1 13 38 97 6
15401 349 1 32 32 221 6
14318 501 2 197 11 313 1
16317 534 3 48 35 83 3
15693 205 3 99 39 515 1
11452 90 5 60 40 75 19
4407 176 1 29 10 475 3
9163 468 1 96 44 152 3
1938 165 3 205 8 481 3
13764 292 2 97 28 309 16
15179 465 1 109 32 114 6
16066 108 3 334 38 521 2
3730 426 1 46 23 441 3
12727 424 3 161 45 133 1
4145 134 1 265 32 246 16
6867 486 4 79 55 178 6
3464 342 2 81 54 46 20
8659 433 1 10 10 678 1
15399 449 2 108 31 582 5
9839 324 1 110 25 390 7
15573 363 2 97 19 298 5
9932 518 2 88 20 165 7
6250 52 5 102 17 179 19
5864 23 3 54 14 233 3
1506 467 2 70 53 87 19
10037 49 3 96 86 421 19
13956 376 4 72 48 45 5
7293 397 2 70 42 221 19
18622 520 2 96 62 101 4
15073 196 2 60 23 207 5
6618 64 3 124 23 581 17
8515 387 1 21 19 483 1
1620 519 5 379 27 200 6
2426 332 1 113 11 166 20
3564 393 2 78 31 231 15
11312 252 1 81 79 244 1
14405 461 5 123 77 685 18
16899 442 4 223 16 622 5
10144 242 1 72 26 58 18
14334 336 2 92 16 469 1
11308 134 4 141 24 181 7
10138 21 3 115 47 297 4
4051 518 1 38 18 222 5
991 416 1 19 16 205 6
17060 257 2 160 8 91 6
5519 349 5 108 28 343 3
3965 205 1 41 57 400 3
15287 235 1 43 23 663 3
10545 477 1 52 65 136 1
18073 446 5 56 65 157 1
13506 294 3 133 30 381 6
6915 34 1 25 56 478 5
10491 186 1 94 33 245 4
4574 262 2 61 9 380 6
14868 384 4 92 9 150 15
8307 494 2 62 69 370 20
11271 372 1 97 9 63 3
5405 405 2 34 21 94 18
5343 248 4 36 14 129 20
17782 231 1 61 9 415 5
4932 486 4 112 26 711 5
14679 47 1 50 20 449 18
8516 439 4 107 47 363 18
2456 427 3 132 9 51 3
17940 343 1 159 29 434 1
11885 45 1 48 27 35 3
890 212 1 97 64 379 2
6653 445 3 51 48 164 2
7124 353 5 125 23 148 4
19451 408 1 38 80 418 2
19077 207 1 92 65 140 1
4049 203 7 145 50 657 19
15502 411 3 137 13 310 5
18598 245 2 99 73 140 1
8022 455 2 126 36 455 6
159 445 1 38 28 140 1
9645 239 4 58 67 88 1
640 88 4 114 66 507 3
2351 425 2 114 67 132 15
14076 17 3 154 50 339 19
16618 184 1 26 63 115 7
3803 362 4 194 53 271 19
7900 211 3 165 28 464 19
2265 28 2 113 37 173 4
8759 50 1 194 36 381 7
8851 524 7 232 57 381 18
9769 274 1 35 12 265 3
1891 369 1 20 45 387 3
9043 124 5 183 33 164 2
10895 531 3 69 48 336 2
15049 118 2 94 22 148 3
19818 542 2 151 35 74 4
8551 124 5 101 69 203 19
8695 439 2 76 45 143 5
5822 79 1 109 40 84 7
8161 131 3 54 41 684 3
11519 417 2 84 50 102 1
15069 328 4 211 52 149 6
1405 541 1 41 24 267 5
19298 490 6 113 29 178 18
1607 369 1 36 44 284 3
10406 196 1 32 62 635 1
9865 542 4 63 39 147 1
19121 376 2 101 16 730 1
10118 515 3 308 26 149 6
16995 451 1 52 34 72 7
4745 48 4 152 38 130 2
18054 138 1 15 35 462 2
2654 429 2 99 28 314 2
10740 112 1 31 35 214 2
13048 383 3 71 12 397 2
2794 447 1 79 12 260 19
18278 445 1 13 17 263 3
7295 213 2 130 38 286 2
9590 75 2 53 16 125 1
9829 310 2 68 46 85 3
8639 256 3 136 38 226 6
15794 56 2 51 29 413 1
6961 67 1 56 62 165 5
13474 495 3 49 10 268 5
19657 519 2 112 8 106 2
13588 247 1 59 31 81 16
10344 444 3 191 16 36 2
8557 48 2 58 22 637 4
15415 123 1 110 21 377 5
10607 17 4 136 51 419 2
5183 200 1 36 30 443 17
3449 515 2 36 15 113 5
5826 91 1 39 10 141 4
8021 182 1 34 31 90 3
1718 339 2 192 18 686 5
3120 102 1 46 21 567 5
10200 37 2 78 18 173 4
12331 184 1 52 21 489 1
426 258 1 42 19 91 6
7893 253 1 89 43 231 1
20000 374 1 43 52 165 6
4133 284 5 81 46 152 3
115 411 3 146 23 730 18
17197 189 2 71 43 75 7
17616 237 2 53 47 665 18
606 210 1 63 14 278 2
14431 97 2 164 31 387 7
487 489 1 40 55 245 15
16999 314 1 46 59 92 18
12857 8 3 45 8 178 3
18175 373 2 94 31 221 6
6827 273 4 263 44 556 6
16211 446 3 36 66 288 4
6221 291 2 93 13 510 5
5294 173 3 68 43 99 7
4388 99 1 30 74 27 1
10075 11 1 40 10 378 5
186 338 2 73 78 403 1
7219 469 1 64 40 127 7
9409 387 2 76 13 273 6
14769 399 1 128 24 188 7
6847 470 1 70 41 233 5
19796 33 3 90 72 195 3
9652 449 2 320 24 460 2
12371 18 1 35 52 347 20
10348 343 2 82 49 166 7
13526 218 1 56 69 230 3
6380 423 2 28 9 386 2
19472 312 1 91 20 198 7
9617 89 3 110 22 558 4
4989 266 1 191 23 95 6
11186 235 1 27 25 167 2
11692 547 4 47 12 207 3
3429 139 2 95 21 87 7
19318 435 1 117 9 429 7
11156 518 1 59 64 263 6
5341 83 2 51 8 190 20
5321 478 1 59 27 122 2
4288 61 2 101 18 191 6
12111 536 1 29 26 235 7
5331 290 2 141 32 415 20
49 36 1 54 19 255 3
9605 91 1 77 26 484 3
3245 335 5 133 20 252 6
6471 421 1 38 58 114 7
6878 131 2 36 11 389 2
13874 256 1 83 24 352 3
2006 141 1 30 21 143 3
11008 82 3 125 51 642 16
18103 212 1 31 18 227 3
6127 548 2 117 51 206 2
11847 215 1 28 84 404 17
19719 422 2 74 69 205 15
18922 349 1 23 79 86 2
13994 119 3 134 46 297 1
6224 375 1 29 78 44 16
17279 242 2 18 71 39 7
10130 245 2 69 24 287 7
19515 332 2 131 59 261 2
14129 165 3 237 23 35 7
14908 19 1 135 37 456 1
10330 172 3 100 64 114 18
17126 125 1 50 43 234 5
7437 180 1 26 33 290 3
8874 438 4 139 17 387 5
14955 328 1 45 49 483 7
16804 412 2 98 72 206 2
6211 194 2 97 54 133 18
11093 169 3 194 32 382 17
3450 313 1 48 51 66 7
14996 235 2 49 13 484 4
7076 203 2 112 33 83 4
8119 191 3 105 35 445 4
18523 305 2 60 62 314 3
12347 497 1 14 63 164 6
4345 331 3 41 38 65 3
264 64 2 84 29 383 5
14529 299 1 83 49 182 5
17664 145 3 27 16 255 18
10662 506 2 139 8 76 19
3554 175 3 98 25 303 18
8315 151 1 77 16 530 2
11891 545 2 98 35 76 18
11239 172 2 227 27 74 4
8705 238 2 21 62 210 6
3612 259 1 35 37 206 3
13113 486 1 56 35 384 3
17917 129 1 50 31 316 17
6517 327 3 297 19 409 3
14340 451 1 53 20 41 6
7465 469 1 43 18 149 5
6375 538 2 125 20 78 19
7863 129 1 270 15 363 2
6838 319 4 88 57 198 2
18996 131 1 24 11 555 6
9988 509 1 34 29 211 19
7908 543 3 165 20 613 1
9919 524 1 150 14 278 4
14741 195 1 77 56 56 2
2581 486 1 42 59 418 7
15676 498 3 112 15 141 7
9647 242 3 32 37 177 1
18993 450 3 84 25 138 6
2817 354 2 103 55 52 17
13821 14 1 46 12 514 7
5423 16 1 136 36 120 4
15887 436 2 52 12 115 5
4734 212 1 66 62 241 16
4388 518 4 204 53 312 6
11611 416 1 122 68 361 19
10689 92 2 28 21 117 6
2880 323 3 156 54 100 3
11829 359 3 101 31 354 1
8753 133 2 58 24 289 2
2925 169 2 74 28 241 5
16796 17 1 25 12 364 4
11979 300 2 72 42 47 16
17276 420 1 24 8 589 18
63 235 4 277 21 30 2
2921 473 4 132 23 158 3
9322 293 2 271 26 528 15
20 233 1 41 21 119 15
19751 225 2 32 45 266 20
625 112 1 53 15 183 7
12414 368 1 27 7 440 6
2022 246 2 55 51 414 4
11500 478 2 151 23 123 15
7393 348 3 69 22 278 5
7141 135 1 54 84 132 7
19829 478 1 140 33 441 20
8985 177 2 32 75 134 2
4734 240 2 97 61 31 1
1301 348 2 83 33 338 1
3118 268 2 41 19 151 2
14710 103 2 20 12 439 4
8273 140 1 25 28 183 6
14121 506 2 135 85 117 5
11134 430 1 60 65 389 7
8277 104 1 221 13 259 4
18101 480 1 29 15 222 7
3640 482 1 30 22 349 5
1848 376 2 30 27 256 5
11044 252 6 310 23 359 7
10138 103 3 202 47 49 5
9682 333 5 134 30 231 7
2635 510 4 164 27 401 3
2781 416 1 46 12 80 1
9330 102 2 74 26 591 4
18565 126 2 80 62 215 6
2847 457 2 57 24 457 2
3144 485 6 300 53 294 5
16392 198 1 38 40 633 2
1571 265 1 184 58 361 2
19330 359 2 98 35 271 4
6415 333 4 198 60 419 3
12970 285 1 66 54 544 7
19328 253 4 49 58 123 3
806 217 3 114 16 124 17
11686 114 1 80 18 326 5
14916 404 2 65 28 594 1
7449 70 2 53 60 86 6
14085 167 1 26 8 258 16
17265 519 2 74 14 258 18
7087 10 1 79 22 192 6
12164 233 5 296 40 503 7
19461 37 1 17 50 106 3
2591 151 2 76 33 277 3
18620 295 1 37 77 129 1
9187 134 1 22 56 166 6
19699 492 4 46 19 144 18
12983 210 2 54 27 130 4
15792 385 1 143 15 213 3
2763 301 1 77 54 234 3
15379 406 2 24 32 143 1
416 144 1 65 14 592 19
3257 64 1 205 28 599 6
18815 422 1 63 30 41 7
2642 322 1 226 77 55 19
6383 147 2 80 10 200 16
19881 127 2 42 28 589 6
2078 54 1 42 23 484 20
18701 364 2 23 16 696 3
260 340 1 98 33 393 3
732 504 1 119 13 527 5
7218 189 1 48 37 122 6
6117 197 3 66 65 174 7
10327 524 3 116 67 185 4
12101 62 1 31 53 154 7
15937 188 1 52 46 170 4
4529 473 2 174 30 560 15
2092 402 3 29 70 303 3
6106 129 1 12 15 485 6
4183 515 1 71 40 201 3
11372 194 1 33 74 89 2
18190 121 1 55 57 233 4
14298 144 3 52 52 276 15
12635 236 1 9 51 504 4
9511 102 3 41 9 227 3
13360 434 2 57 33 173 7
17304 240 1 24 8 653 20
11424 255 3 60 34 52 1
4197 301 1 76 17 420 16
13494 354 1 32 47 504 2
6460 446 1 39 50 168 6
2386 237 5 255 32 553 4
12624 52 3 30 41 272 7
15649 65 1 33 14 78 16
14805 479 2 185 67 384 17
3165 283 1 98 31 538 6
5084 428 4 159 29 125 3
11660 550 1 29 59 210 7
4529 337 3 289 27 60 1
18206 118 1 96 60 96 2
11754 36 1 46 81 297 18
16142 44 5 167 29 362 18
18934 106 1 12 12 327 5
3056 211 1 176 40 259 7
11446 258 3 147 39 133 6
13241 7 1 24 30 272 3
18122 192 2 25 19 204 6
15777 188 1 59 23 62 1
9506 514 2 59 49 321 2
7438 229 2 91 12 259 7
12588 471 3 70 49 220 2
19745 349 1 105 20 541 2
1114 387 1 30 36 81 16
7209 346 1 29 65 172 6
13057 522 1 100 12 197 7
2637 305 4 184 32 283 1
3283 23 3 96 58 334 18
3322 177 1 44 47 618 20
14254 44 1 114 30 119 15
2397 80 1 90 8 406 17
11815 46 1 23 24 382 7
3932 105 1 122 42 438 16
5030 148 5 81 60 281 5
9391 6 1 50 65 168 18
3503 286 2 120 31 112 15
4293 524 2 52 6 233 18
2571 27 1 18 15 386 16
10816 487 3 157 50 242 5
11107 395 2 127 84 119 2
2080 305 4 48 57 399 1
5725 247 7 136 23 139 3
10141 10 1 26 35 349 5
14505 214 2 112 28 717 7
9746 532 1 74 24 49 5
13456 355 3 77 30 53 19
7305 140 1 34 28 97 5
10399 502 1 91 24 291 1
18990 318 2 53 62 497 20
4694 162 1 61 49 491 3
3127 28 1 30 41 41 5
8045 391 1 121 48 78 17
12948 217 3 73 86 108 17
15397 522 1 69 51 433 1
19674 45 1 46 24 101 6
18805 339 1 73 72 71 3
12411 427 4 150 25 247 7
1231 334 3 48 13 496 4
7888 278 2 193 16 468 1
8662 232 1 159 11 197 2
18187 311 3 59 45 219 1
18674 257 1 76 15 171 1
15054 465 2 76 22 79 7
7564 245 6 250 34 295 3
7513 319 1 54 38 405 19
4518 418 1 89 23 149 6
15744 40 3 136 27 356 4
17639 40 4 49 6 231 6
16572 8 1 54 80 90 7
13711 407 3 34 59 434 3
1697 396 1 26 28 140 20
9809 16 1 72 30 505 3
3872 250 4 340 16 536 7
10647 75 1 64 23 143 5
10124 354 2 163 39 121 3
10941 412 1 163 23 70 2
6638 523 1 76 28 705 17
9676 120 1 157 8 177 16
7108 417 1 59 17 153 5
5426 521 1 110 22 422 6
13537 279 1 103 33 58 2
7868 445 2 60 49 107 3
17284 70 1 46 12 508 16
13003 291 3 95 52 173 5
1883 104 2 58 13 120 5
3731 463 1 157 44 43 19
2618 491 2 104 18 369 3
2288 304 1 53 62 145 4
4881 396 3 60 12 427 16
17676 390 1 47 33 83 5
19815 484 1 72 35 39 7
12258 5 1 30 66 103 6
4341 104 1 29 16 95 6
16149 404 1 24 51 241 6
12192 208 2 95 28 383 4
15313 102 2 87 34 726 19
1538 240 1 129 32 451 5
17666 382 3 140 72 197 6
10754 52 5 148 38 79 6
1444 459 1 28 43 181 4
19169 388 1 54 21 323 3
14162 517 2 130 12 123 7
4037 435 6 72 64 333 5
13116 408 1 23 49 127 2
12969 270 1 18 15 197 2
17998 281 3 124 50 207 2
16365 396 4 177 17 364 2
16190 507 3 53 30 234 3
9844 376 1 33 40 286 7
11508 422 7 146 55 62 16
1077 237 5 89 31 150 1
12808 86 2 22 21 193 2
9394 540 1 37 12 240 20
10745 212 6 182 69 380 4
12996 166 3 46 53 117 1
11844 136 3 51 79 442 3
14983 151 1 73 19 111 1
8647 231 1 75 34 132 20
12224 135 1 73 58 539 3
7635 229 2 136 29 266 2
18690 29 3 118 30 233 15
19415 208 5 249 63 231 17
5588 399 1 33 32 224 1
1365 349 2 99 34 488 4
4500 11 1 40 14 142 5
8255 10 3 150 57 436 18
1691 493 1 31 44 529 18
1293 284 2 73 19 314 4
17025 377 1 25 27 386 16
5506 544 1 19 19 209 4
3759 464 1 45 22 319 3
5923 416 1 92 18 120 18
45 402 1 154 29 467 17
15503 349 2 52 19 563 5
3792 450 1 32 15 728 2
11648 517 2 58 43 99 7
14638 69 1 19 32 391 7
6565 145 3 204 50 60 7
10800 208 1 130 30 581 20
6768 165 2 47 28 238 2
11569 376 1 33 23 449 5
10042 167 1 35 12 57 18
2926 73 1 25 43 690 3
14233 14 3 136 21 313 4
8098 510 1 58 34 300 5
5587 488 1 43 23 642 7
18797 501 4 115 15 440 19
16525 26 1 95 54 165 19
487 531 1 36 54 378 1
3949 451 2 76 21 147 19
4308 311 1 43 18 57 16
4721 78 4 399 35 562 17
1269 250 3 70 9 190 18
12795 42 3 139 12 372 6
1062 306 2 60 51 205 17
8780 400 1 98 32 210 20
853 66 3 60 82 105 2
18495 276 5 47 72 33 1
168 94 2 36 62 257 20
488 5 4 92 36 103 1
8661 259 1 82 63 74 6
1409 204 1 54 34 71 7
13650 135 1 30 18 546 6
12720 109 1 75 12 216 7
68 315 2 162 68 472 4
13133 83 1 35 24 235 7
13248 513 2 47 35 53 6
15808 388 2 89 36 403 18
5912 180 1 87 22 105 4
12249 424 4 71 76 139 16
11229 521 2 97 43 161 20
3058 347 2 63 15 172 4
16198 410 3 76 35 164 3
3603 239 2 106 50 84 3
9047 62 1 56 78 340 7
3893 24 1 19 28 597 6
6202 75 4 148 63 398 3
16235 476 1 25 55 392 3
4488 72 4 197 14 455 17
757 264 2 173 21 432 19
7022 138 1 21 79 132 5
5098 140 1 132 16 123 17
8473 255 1 103 73 121 5
9572 202 1 96 50 86 7
17596 53 3 229 24 212 19
13432 114 3 120 48 59 4
1159 81 6 152 24 64 1
10213 490 2 71 17 184 17
6882 343 4 194 23 52 3
18677 378 3 205 33 761 6
1858 355 3 190 17 465 4
6884 530 4 141 30 174 4
3942 351 1 36 17 122 6
12923 215 2 107 28 234 7
824 10 1 27 15 89 3
6061 96 7 280 17 289 5
10112 45 1 69 13 727 15
13848 50 2 29 27 135 6
3502 308 2 70 17 414 2
18982 273 1 46 14 408 1
11370 196 1 65 16 74 1
15405 392 2 143 29 212 2
18706 76 1 28 41 379 3
4531 411 2 127 21 536 7
19179 499 2 56 59 364 17
13411 422 2 160 42 241 17
18478 432 2 148 17 57 4
17212 66 4 184 23 123 19
14582 454 1 35 82 156 20
10311 451 1 99 10 221 2
13329 192 1 47 10 132 19
19529 377 1 70 37 59 5
5262 320 3 38 37 140 6
598 477 1 9 72 241 2
4184 363 2 76 67 77 19
3337 411 4 81 32 347 4
12563 262 1 40 26 670 1
1905 130 2 264 34 142 1
14165 425 3 86 39 124 6
2300 309 2 214 15 294 7
2870 535 1 68 27 75 7
14154 250 2 105 47 141 18
6604 221 3 29 21 287 2
19342 426 1 34 64 299 6
9333 69 1 28 23 128 3
15292 459 1 22 54 313 5
14229 213 2 161 14 516 3
5423 309 1 58 18 211 4
12447 502 1 24 15 180 6
6505 51 1 20 7 117 6
7434 13 3 55 51 131 6
13842 297 3 264 72 51 17
5232 37 1 52 16 225 2
4196 259 4 170 26 537 5
15616 535 2 47 13 356 2
12120 257 1 71 30 304 17
17448 81 4 87 12 271 5
7103 316 1 180 68 305 4
16821 287 1 54 59 558 16
14388 205 4 98 19 45 3
14916 101 2 51 19 158 7
8839 423 1 35 79 74 4
4942 390 4 208 29 426 6
16784 289 1 14 65 129 20
7608 526 3 51 23 239 4
5407 191 3 36 12 529 4
10642 283 1 48 41 159 1
2419 11 2 30 15 174 2
8034 44 4 101 47 269 6
14074 394 1 22 19 365 6
7228 401 2 31 24 191 3
2240 157 1 21 86 122 6
13955 213 5 118 44 145 4
7217 114 4 385 54 330 7
19480 364 3 74 30 256 7
1002 357 4 61 47 232 5
15014 364 1 88 32 470 3
15661 192 3 172 71 160 6
18368 179 2 110 26 189 5
3610 120 1 29 24 58 20
494 144 1 14 44 346 20
3689 140 3 86 27 515 15
8423 196 3 134 24 262 7
2609 128 1 202 21 45 4
10375 311 1 73 72 147 16
8676 91 1 38 32 599 5
2050 224 1 167 28 323 4
6483 453 1 23 45 415 18
16362 97 3 48 50 400 1
12988 356 1 23 16 521 4
17929 530 2 47 78 392 20
16993 463 1 15 22 488 3
6316 107 1 71 37 384 2
11721 48 1 19 12 521 6
5127 109 1 79 22 377 20
8892 311 4 99 52 525 15
9521 543 1 162 38 269 18
6121 343 6 155 41 132 1
4861 124 3 116 36 543 1
10860 197 2 59 12 326 20
9889 274 2 108 32 109 4
983 119 1 59 59 309 7
2209 497 5 115 12 517 19
3127 392 5 173 40 133 17
16092 211 6 307 39 305 1
708 348 2 37 15 195 2
1383 404 4 98 33 58 17
8279 449 3 105 21 507 1
19819 461 1 48 78 60 2
3374 78 4 204 58 48 6
10341 93 1 56 26 555 5
12405 144 3 80 22 137 2
16535 240 1 19 15 190 20
13202 224 3 205 22 323 4
14703 535 1 17 50 474 3
6797 120 2 115 25 137 6
10384 261 4 213 28 62 3
19806 254 1 25 14 155 1
7320 218 2 49 23 133 20
632 457 1 69 25 396 18
454 54 4 97 25 119 1
9130 311 1 37 13 691 7
19802 153 1 78 8 369 15
17976 488 5 97 30 133 1
5207 36 1 232 27 295 2
13543 215 2 161 62 686 2
2091 96 1 89 13 194 3
18621 261 1 47 44 309 6
19599 346 1 52 23 135 20
3365 499 1 114 72 662 20
13048 179 1 10 72 240 1
5536 204 3 44 14 467 20
2469 190 1 24 15 184 1
15036 104 1 52 57 159 20
11215 390 1 134 24 511 2
9817 514 1 102 52 165 7
12104 259 3 60 17 544 5
2907 529 1 110 19 115 15
1051 490 1 136 62 381 4
16014 289 1 10 16 184 19
8367 504 3 56 14 340 5
11319 251 1 40 72 110 5
19184 535 1 137 58 105 6
15683 401 2 55 14 410 7
9395 550 2 42 20 189 3
3387 239 1 13 43 168 7
11024 114 3 110 12 229 7
12347 92 1 22 62 448 19
13819 460 5 97 46 274 6
14638 331 1 44 10 529 6
13816 180 1 49 67 320 18
1082 225 2 69 12 628 1
4701 360 2 94 21 45 4
17508 344 4 158 55 148 18
1807 527 1 49 39 308 4
11887 140 2 80 54 465 20
13406 253 1 57 41 234 6
5343 165 1 31 36 325 19
8804 519 1 81 56 180 6
10107 131 2 31 6 189 6
5206 525 1 129 77 95 7
7760 244 2 115 35 369 18
9149 68 2 108 20 23 3
6978 68 3 145 55 51 6
14319 174 4 142 12 300 15
13083 480 1 117 11 418 3
17005 134 1 206 36 650 19
2503 503 1 19 13 204 2
10909 168 1 56 16 216 19
3590 60 1 29 33 128 2
10033 321 2 68 46 334 6
17503 50 2 53 39 53 4
17337 120 1 12 9 292 3
156 226 2 57 34 90 2
9935 30 1 123 68 163 16
1696 214 1 50 65 90 7
19283 372 2 122 18 114 3
8802 131 1 69 71 624 7
6721 146 1 47 31 40 7
6827 289 2 179 19 395 7
15490 488 1 31 29 279 6
19537 236 1 22 13 760 7
6394 229 1 42 32 171 19
19525 297 1 10 35 120 5
15394 145 1 87 40 278 1
2519 520 1 139 12 620 3
1688 298 2 72 54 402 7
2069 142 5 100 55 106 2
8861 366 3 190 83 86 1
9706 248 1 18 36 233 6
2288 390 1 23 20 60 6
3961 283 1 60 50 392 5
3750 359 1 42 15 212 19
13381 63 1 84 28 129 19
1219 302 6 112 50 74 16
10918 263 1 28 33 94 5
9013 39 2 54 45 184 3
18237 535 1 81 23 268 1
6413 140 4 90 29 94 3
12556 387 1 39 14 558 5
11143 430 2 76 49 381 16
7679 392 3 39 61 277 5
14101 201 2 144 19 379 7
14694 390 2 74 63 389 20
17994 340 2 160 35 263 1
1751 254 2 87 31 113 6
12775 43 4 186 49 279 15
17183 254 1 68 19 350 15
4547 198 1 25 24 396 16
13749 295 1 68 85 295 2
17736 341 1 93 11 574 7
19087 519 1 37 67 128 5
9412 394 1 44 42 33 6
5135 469 2 98 27 357 6
11566 94 1 18 28 237 1
19640 294 2 181 21 561 4
7117 65 1 23 33 92 7
8187 61 1 107 22 317 15
13867 393 1 136 22 228 2
5435 298 3 41 31 194 4
12859 109 1 40 18 248 3
13697 493 1 38 58 57 1
2104 116 1 194 41 636 6
8390 100 1 40 33 585 5
8847 92 2 78 18 158 2
19612 487 1 28 30 297 6
2239 142 3 58 20 175 3
12793 191 3 246 17 226 20
10838 259 1 40 18 631 20
18700 447 1 91 80 238 17
10592 526 2 60 22 259 5
19616 323 1 41 13 82 5
14821 300 1 98 30 510 3
18354 64 4 187 42 584 1
2458 428 2 127 7 220 4
12824 334 1 15 20 168 1
11808 274 3 80 11 176 4
18726 530 6 245 26 186 5
18619 192 3 273 12 57 5
5832 537 1 62 36 171 6
582 86 5 54 50 284 7
898 155 2 93 58 498 6
18583 444 4 262 23 537 5
9177 17 1 101 38 223 7
14786 165 1 166 9 133 6
9593 275 5 162 47 197 3
9464 439 1 109 21 310 3
4778 288 1 61 47 60 19
3367 177 3 70 57 174 16
3175 377 1 68 20 180 1
9522 238 2 42 13 132 2
15268 412 1 165 30 496 2
7965 227 1 68 29 80 4
17608 215 3 69 35 225 2
6288 136 2 128 47 353 19
15892 381 5 225 22 212 4
15450 243 4 103 41 388 16
18571 223 1 51 33 273 2
14150 286 4 158 69 66 3
2940 395 2 64 34 179 18
10530 380 3 74 55 549 1
6190 340 1 61 23 392 3
7838 448 1 99 31 433 7
13184 409 2 111 10 521 17
18236 144 3 94 11 102 1
19107 518 2 40 19 502 17
19996 20 2 61 35 250 5
4156 90 3 214 27 284 1
2671 365 2 58 35 41 4
1570 56 2 20 12 167 1
15499 145 2 96 24 123 3
16535 457 4 100 24 354 5
8138 306 3 178 41 290 6
10315 507 7 217 19 448 6
237 427 3 62 25 398 17
17859 250 1 48 14 553 1
1506 191 2 36 11 380 1
8374 203 4 55 50 382 7
17924 425 2 101 44 34 1
7760 409 3 70 13 397 6
17939 299 1 27 63 170 4
15972 206 3 102 47 381 2
7714 298 1 208 35 488 4
3098 474 1 29 17 407 4
7597 401 3 111 16 87 7
2544 128 2 86 56 117 6
12754 166 1 28 54 93 3
9271 174 2 206 65 64 7
18277 474 2 35 17 335 6
8763 254 3 104 26 191 4
3319 315 2 72 33 377 7
4377 89 1 37 15 62 4
609 353 1 13 18 171 16
15930 541 1 106 31 153 16
15372 260 1 253 43 489 7
19852 331 2 56 42 53 6
11720 80 4 144 65 173 7
17392 331 1 33 25 170 7
1746 225 1 44 30 71 17
10888 327 2 81 29 638 5
19483 443 1 60 31 187 3
11222 327 1 46 22 330 7
7411 442 1 22 67 509 17
1064 350 7 501 30 533 5
14665 53 3 164 52 156 1
9579 144 3 160 34 195 6
3618 420 2 111 26 225 6
3136 267 1 43 10 179 18
18060 439 3 113 24 154 17
4837 527 1 70 9 321 2
17570 416 1 71 39 187 2
17826 219 1 55 27 113 2
15530 217 5 254 37 523 6
6746 141 1 102 74 311 6
7171 442 2 146 38 472 15
177 383 1 58 83 109 18
17588 316 1 18 46 309 19
18823 548 1 15 61 108 1
19374 273 1 98 77 289 2
1264 29 1 43 14 351 17
13777 66 6 94 65 80 5
14335 520 1 52 21 370 20
10285 241 3 213 61 155 3
7582 258 1 88 45 428 4
5420 232 1 53 13 162 2
73 177 1 133 74 229 16
3370 332 2 117 59 119 16
19890 514 3 284 69 182 18
18500 350 2 108 9 101 6
704 479 2 97 38 476 1
17116 318 2 63 19 663 6
11591 469 1 39 37 48 5
11177 7 1 11 42 336 2
4440 260 1 33 79 122 15
12093 263 4 171 19 285 17
384 476 3 78 45 364 3
3673 295 1 16 30 609 6
13996 404 1 76 36 620 4
7889 462 1 64 27 337 5
5136 28 1 29 27 321 20
2176 365 1 260 9 394 2
977 63 1 243 11 580 3
8483 28 2 75 31 332 20
17486 97 1 48 32 42 3
2546 511 1 42 62 335 16
13929 472 4 100 60 281 1
7490 259 2 95 25 144 1
17241 518 1 25 45 57 20
2565 382 1 81 25 409 6
5041 538 1 119 22 429 2
9254 122 1 49 34 738 16
1304 423 2 105 81 101 18
16704 91 3 235 29 111 16
5426 199 1 36 13 174 20
2201 402 2 78 46 488 2
12293 306 1 42 29 158 1
5550 145 1 29 32 335 6
9155 476 1 81 54 150 3
12490 273 2 43 32 558 2
3933 443 1 41 37 81 3
9857 326 2 36 26 238 7
664 185 1 62 32 439 18
1273 456 2 126 11 213 6
15201 236 2 145 34 338 15
12844 522 1 33 9 148 5
8675 473 1 46 11 237 4
4480 361 2 55 54 113 5
17153 388 1 30 27 348 7
18962 152 1 69 17 269 5
19560 388 1 20 19 204 15
8801 170 5 187 20 216 1
12866 236 1 218 22 183 3
18892 420 1 51 38 501 2
1094 433 2 81 42 181 1
7363 221 3 131 58 567 6
18558 52 3 57 43 331 19
5742 41 1 39 14 446 18
3119 482 2 66 13 394 20
16989 461 2 128 48 300 4
17145 537 1 34 64 103 18
19686 546 1 62 26 74 20
16746 406 1 52 9 509 6
13546 67 1 54 12 162 4
6815 176 2 56 16 165 4
6536 496 3 57 44 289 18
9829 448 1 30 66 173 1
8056 514 2 81 37 213 7
13799 67 7 164 25 407 3
7701 24 1 52 31 201 3
3877 117 1 38 17 687 17
9783 172 1 16 29 586 19
6283 105 7 130 35 290 4
1991 492 3 160 20 418 6
17956 175 2 73 12 99 5
1316 298 1 117 15 374 7
19700 197 2 37 15 609 5
16294 276 2 52 12 514 1
3098 15 2 43 44 457 20
1353 225 1 12 67 120 4
2184 71 1 31 34 135 5
2708 197 1 46 18 374 19
19281 102 1 61 67 79 2
4670 139 4 169 20 548 5
7236 475 2 113 18 123 1
19631 476 3 119 62 92 6
12102 392 1 125 40 222 16
3989 332 4 132 16 272 4
19005 459 3 121 49 131 7
7117 422 2 77 13 634 3
18098 500 1 20 25 403 19
1726 117 3 79 51 526 4
14243 181 1 46 41 111 4
13688 28 1 16 47 87 5
4636 517 1 57 41 517 17
6107 341 1 42 29 352 1
5871 36 3 76 31 513 15
5783 402 1 31 23 171 5
15233 203 2 102 71 117 1
10266 466 1 66 27 177 5
5526 157 2 51 57 66 2
7907 198 1 57 11 547 5
2251 334 1 26 33 121 4
16824 433 1 53 34 343 7
7308 273 1 69 17 147 5
6787 95 1 93 19 114 7
6247 182 2 68 67 83 16
19335 131 4 167 11 244 6
6172 466 2 170 14 337 3
9713 92 1 115 37 504 5
17725 76 2 140 37 302 7
2420 426 2 46 55 272 2
14727 405 1 173 56 264 3
9956 140 1 30 38 311 2
19048 409 2 78 38 58 7
10843 120 2 97 17 119 1
9211 12 1 56 30 680 3
17955 213 8 86 20 432 6
6786 5 1 92 22 50 2
4071 337 3 282 21 396 5
6552 524 2 100 30 462 5
1622 87 3 99 49 458 6
19394 477 1 35 20 384 5
16220 122 1 34 26 301 7
8982 159 1 40 46 420 3
4173 42 2 82 25 183 2
12959 350 1 10 42 89 1
933 324 2 183 46 405 3
5556 177 2 72 31 305 1
15504 138 2 49 10 313 2
2620 361 1 53 55 78 6
16876 421 1 27 40 558 2
4760 393 3 44 17 244 4
12622 65 1 104 34 43 4
19242 137 1 13 9 531 2
15282 26 2 37 12 262 4
68 374 2 90 71 682 6
18106 194 1 35 14 68 3
8763 369 1 104 45 250 5
17528 282 1 26 30 423 4
12255 305 1 15 21 66 7
17068 175 2 34 21 179 1
10889 424 2 82 50 549 18
8854 54 3 60 62 62 19
16341 458 1 65 35 447 2
10361 192 3 82 66 560 18
8514 76 1 21 8 159 2
7490 226 1 15 30 56 7
1869 316 3 69 44 147 3
8202 142 1 25 42 88 20
7786 244 1 33 37 504 2
11117 517 4 56 18 333 2
12646 529 1 18 76 399 5
310 487 3 82 24 177 18
6779 325 2 211 19 287 6
8086 290 2 127 83 726 3
4773 438 3 38 19 78 7
8697 16 1 45 61 175 18
19089 157 3 101 30 480 6
14258 409 4 145 65 123 7
10851 393 2 57 8 287 5
8368 468 3 65 46 177 5
2900 493 2 86 23 129 1
9402 68 2 35 18 194 7
16840 391 3 29 58 348 1
6952 490 1 113 19 247 2
3261 412 5 116 65 388 6
3786 128 3 43 24 368 19
3552 334 2 106 46 196 6
6569 315 1 22 16 206 4
8669 337 1 25 10 161 5
10013 332 1 26 24 100 18
14250 113 2 84 68 309 7
4862 380 1 51 64 295 19
3180 273 1 122 62 382 3
19450 323 3 102 23 89 15
15868 330 1 112 28 205 7
4351 48 5 307 34 163 5
7588 434 1 55 23 411 1
10542 375 6 209 54 488 16
4250 302 2 48 23 593 16
2959 287 2 137 54 309 20
12489 470 2 217 44 227 19
1033 262 1 46 19 233 1
19025 322 4 78 63 30 5
14885 251 2 240 17 222 15
12302 102 1 83 55 328 2
19486 67 2 91 23 49 4
16461 15 1 38 25 224 2
11861 542 1 22 24 426 3
20 347 1 60 36 257 5
14144 403 5 220 64 142 6
1644 56 1 14 28 626 16
610 415 1 104 37 130 18
19325 216 1 135 54 60 3
8584 471 2 79 20 162 7
3503 12 4 69 10 188 5
19742 267 4 94 11 148 19
10032 455 2 54 67 249 6
12726 308 3 72 20 297 20
528 79 3 51 15 215 7
7002 70 2 78 12 81 3
5545 29 1 45 23 275 3
10134 391 1 25 15 116 5
16919 48 3 59 27 414 7
13990 7 2 29 22 179 1
8878 228 2 149 30 271 7
12374 518 1 37 22 255 6
6942 123 1 73 72 523 20
18537 441 2 180 21 245 3
5232 291 2 65 50 193 15
2530 378 6 81 17 315 2
18090 203 3 123 25 85 2
686 359 2 38 48 647 4
19732 393 3 83 38 508 3
1312 33 2 23 14 268 3
9019 184 1 16 33 335 16
3369 366 1 34 30 569 6
15101 529 1 67 28 53 6
12003 33 1 40 60 271 2
17450 353 1 128 22 180 16
16067 414 2 116 50 65 6
6592 411 4 114 36 28 2
15190 58 4 68 55 142 3
10696 390 2 23 9 294 4
19346 373 4 35 40 31 18
6107 387 1 196 14 448 6
17385 466 3 138 35 284 6
4712 479 3 253 14 543 20
2972 20 2 47 28 101 17
2768 311 3 44 19 668 5
7697 203 2 87 29 98 4
15318 167 4 54 42 47 3
6871 513 2 104 63 476 6
18389 302 1 111 15 202 2
9520 345 4 131 62 536 17
11368 512 1 15 28 198 15
8073 162 1 34 10 264 5
19384 350 1 26 55 187 7
12547 418 8 239 45 199 1
12254 285 3 53 20 399 4
2417 197 1 22 36 320 1
6794 99 2 68 33 223 3
19219 231 3 134 43 309 1
10029 310 1 14 41 251 2
18749 264 1 22 71 424 5
5364 89 4 195 7 254 20
12293 222 1 16 18 269 4
15220 112 1 203 31 375 16
9762 286 1 74 14 159 4
1155 5 2 106 41 147 3
9860 423 4 158 56 133 4
11798 205 2 105 45 59 6
18688 131 4 187 50 39 5
10180 203 2 74 16 369 4
8041 380 1 94 45 55 18
14535 85 1 44 37 610 4
8023 36 3 116 14 88 16
6165 321 2 179 23 43 6
17818 332 1 68 66 402 19
7922 213 3 61 71 98 16
9875 58 2 98 10 283 5
2429 375 2 131 49 496 7
4303 462 3 138 12 693 7
14360 392 2 41 13 76 3
13755 413 3 165 28 505 7
13671 107 2 74 25 410 2
11725 533 1 107 25 45 5
16170 427 2 30 42 417 5
6913 513 2 18 11 59 6
12650 287 1 106 19 94 5
9070 545 3 133 26 66 17
2586 113 1 46 16 60 5
9884 258 5 60 53 100 6
1706 273 4 186 49 704 7
2010 290 2 81 21 230 4
10193 190 1 44 13 214 1
15725 529 2 116 71 175 3
1616 341 1 19 36 127 20
4161 432 4 34 55 111 7
53 307 2 38 44 451 19
7911 220 1 38 69 584 19
13097 400 2 54 18 263 5
4004 427 1 29 24 326 4
8920 513 1 183 26 289 1
2653 255 2 459 29 449 4
377 69 1 79 15 420 2
9649 362 4 91 18 602 17
1183 262 1 42 53 57 5
11059 171 2 98 14 78 18
4948 115 1 27 29 180 6
16884 169 2 77 57 481 17
7063 68 1 25 54 177 2
2246 86 1 18 32 288 6
1170 41 1 64 19 61 2
9679 97 2 270 24 200 19
5203 165 1 24 34 266 20
2657 221 3 112 32 501 18
1809 325 2 142 43 370 2
6390 136 4 48 21 72 2
2004 31 2 205 39 473 2
9173 103 1 27 30 298 18
7727 188 1 221 28 416 18
3368 529 5 263 35 434 7
17126 288 1 53 20 46 20
10542 546 1 133 65 283 3
8138 12 3 94 11 132 1
5268 76 2 44 34 31 15
17369 120 2 33 42 586 5
10706 246 1 50 81 45 7
7520 48 1 62 20 76 19
16362 419 1 24 43 267 18
13921 21 1 38 54 153 1
1121 370 1 19 8 107 3
826 158 1 90 45 271 7
17177 501 1 68 39 328 7
4535 445 5 234 52 138 17
5102 411 1 130 49 295 1
2969 91 3 49 44 34 2
15885 293 1 30 30 234 4
19325 339 4 104 16 254 2
6165 318 4 143 19 428 4
81 421 1 91 15 493 3
8977 99 2 104 14 213 16
2885 319 2 84 42 440 15
7824 406 3 93 21 256 2
2885 96 2 29 30 118 1
7126 472 1 87 10 165 3
2817 68 3 69 10 116 20
12373 45 1 37 45 87 18
3549 362 1 82 15 184 20
9780 421 1 30 30 516 19
13603 130 1 47 21 276 19
6036 466 1 89 41 541 1
8768 539 5 63 24 474 4
11233 536 1 116 47 559 2
1824 125 1 54 15 117 4
16307 315 1 318 69 106 17
3311 383 1 79 44 69 2
19777 282 2 53 9 110 15
9938 433 2 109 68 94 6
14611 22 3 134 86 158 1
2143 18 3 37 17 656 17
19354 129 2 79 31 477 4
10812 101 3 154 26 430 3
14966 375 2 104 14 574 4
10883 537 1 96 54 84 15
16108 253 3 129 20 296 6
8732 200 4 254 36 344 19
17756 264 1 81 27 237 1
12246 12 2 221 20 455 7
19726 179 1 41 31 577 7
2214 106 2 62 6 222 3
15046 109 1 25 14 513 3
565 45 2 48 45 186 5
11105 111 2 95 78 87 7
12096 21 6 98 67 220 3
3317 512 2 52 50 312 19
4544 351 1 69 7 196 4
10105 179 2 274 82 90 1
8528 201 2 116 17 479 3
19050 437 1 40 46 536 1
12214 260 2 92 65 685 7
6634 287 1 42 44 60 3
9930 175 1 18 51 49 5
15708 305 2 46 33 206 15
1143 264 1 84 53 150 4
17437 311 3 89 19 509 2
11273 499 2 43 10 190 18
11184 516 7 316 18 450 7
11352 326 1 183 7 113 3
14629 421 1 37 30 266 1
1534 524 1 37 64 169 3
2181 443 4 99 58 94 2
17709 376 1 40 47 33 5
7812 271 3 53 12 197 4
126 519 1 74 40 336 7
3659 210 5 170 11 220 15
19421 24 1 36 38 279 4
1430 169 1 41 23 80 7
8607 429 6 225 24 261 6
9492 332 3 179 31 548 4
4221 133 1 97 15 555 3
6066 343 2 80 38 111 4
391 482 2 80 11 382 4
4987 511 3 46 7 102 6
17135 122 1 31 22 213 15
7921 331 1 38 63 453 19
18855 538 1 53 54 117 7
9043 180 1 127 13 356 15
4456 168 3 54 25 248 6
2653 410 2 142 80 424 3
5008 532 2 77 9 408 3
10739 276 1 110 17 108 19
604 530 2 51 34 70 6
12062 359 1 303 22 298 7
17641 526 3 96 24 250 6
17270 90 1 16 14 172 17
8991 297 2 139 28 443 1
15705 198 1 126 54 410 19
16346 456 1 68 67 603 18
11818 55 3 32 32 204 5
1144 484 1 53 21 693 3
5358 468 1 21 65 608 2
12396 76 6 207 51 478 6
13525 249 4 79 63 303 17
14063 447 5 83 21 473 3
8199 164 2 34 15 118 7
5208 39 1 140 38 200 18
1627 24 2 77 19 384 5
5186 345 2 106 50 99 7
2582 440 3 183 14 260 3
9022 269 1 23 22 626 20
3151 186 2 100 19 469 6
19163 273 2 78 8 96 7
14302 81 1 83 49 362 4
18668 97 2 50 8 417 15
15509 77 1 176 33 382 17
16984 168 1 51 39 305 7
4482 98 3 98 33 473 15
3132 230 1 29 20 306 3
14778 178 2 72 69 397 6
6886 447 3 51 14 430 3
4509 291 1 94 13 37 1
2500 485 1 28 87 175 2
14547 90 1 28 55 121 7
2181 271 3 146 52 283 4
15593 298 1 126 48 513 16
4872 98 3 61 12 243 3
16622 533 1 85 12 327 17
18342 254 3 120 41 258 3
6828 472 4 71 22 289 6
6787 276 2 39 21 102 5
7217 48 5 258 17 729 16
17230 9 5 164 48 274 3
11864 450 1 253 31 289 7
15878 504 2 29 19 303 1
12011 202 1 231 13 334 15
11372 384 1 55 33 353 1
8450 231 2 43 34 129 7
5704 181 2 35 34 131 1
11 101 1 69 24 133 19
15581 403 1 24 67 201 5
14241 126 4 202 14 594 4
10281 223 5 122 48 118 20
3756 123 1 30 23 386 19
11591 307 2 18 12 337 4
11248 484 2 66 28 252 3
16470 517 1 101 47 96 16
13019 93 3 183 9 80 4
11756 118 2 50 53 256 3
10994 347 2 49 54 574 4
19792 290 1 70 17 248 1
10976 406 2 152 22 52 7
700 391 2 34 6 565 5
6972 196 2 85 48 98 2
3680 217 2 136 17 52 4
19276 480 1 31 27 459 1
525 172 2 32 21 170 5
10925 495 3 103 69 81 4
9455 210 1 15 22 191 6
7010 179 1 20 20 95 6
13639 97 2 71 49 118 5
19321 179 1 28 27 167 1
12310 382 3 67 54 373 3
9556 407 1 14 16 286 7
5344 334 2 44 52 310 2
5870 8 3 123 43 80 2
11929 280 1 73 48 242 7
14010 228 4 210 46 243 2
14761 217 1 21 67 597 1
12099 412 1 68 17 122 1
5180 493 1 188 16 611 18
5546 387 4 136 15 242 4
12005 550 1 80 53 174 2
8305 496 1 62 24 271 19
10854 438 1 60 18 202 3
5418 284 1 121 10 89 17
3274 40 3 82 36 50 1
17283 274 2 104 28 641 3
15690 166 1 52 27 462 2
855 358 2 33 18 513 6
159 110 1 21 11 301 6
7094 522 4 127 76 53 20
6631 11 3 152 38 416 3
15976 211 1 18 45 137 3
10523 291 1 174 35 154 7
9734 389 2 132 12 337 16
16619 279 1 64 30 346 1
59 257 1 29 25 472 6
16033 427 2 85 52 292 18
19596 376 2 94 29 309 1
16496 172 2 87 18 506 16
4486 454 1 72 16 110 3
17458 134 1 186 8 161 1
6382 228 1 16 13 537 7
12210 318 3 133 40 199 4
874 285 3 37 20 569 3
8958 158 2 19 25 295 16
2130 225 1 100 17 465 6
2952 130 1 52 77 166 3
7996 91 1 65 10 100 3
19786 405 1 50 41 557 6
5914 437 1 13 60 525 1
12740 387 1 28 26 520 3
5801 19 5 74 15 358 18
4935 110 2 30 53 370 4
16206 182 3 73 58 127 15
1578 543 6 119 55 201 2
17749 225 1 100 67 153 4
7901 359 1 93 9 333 3
13959 378 6 149 25 560 5
15316 489 2 100 74 138 15
8855 170 1 58 31 322 5
3033 356 2 159 33 766 16
9917 352 3 106 37 57 2
8788 7 2 69 19 509 3
3436 469 4 181 11 255 20
5063 214 2 58 48 258 6
9535 477 2 56 31 421 6
15368 411 4 78 52 456 3
9220 550 1 175 58 667 16
10876 436 3 163 9 499 2
9033 29 3 193 56 77 2
10264 8 2 99 71 87 5
19181 383 4 101 51 171 3
9434 149 2 155 20 228 1
476 218 1 41 28 123 4
10148 444 1 16 23 326 5
18918 398 2 156 30 271 4
3797 310 3 63 6 226 5
10810 492 2 232 17 318 1
712 323 1 178 32 118 1
11325 141 1 19 46 451 7
17841 14 2 126 16 120 4
7844 66 1 217 25 343 6
17427 199 3 64 13 258 7
10207 391 1 104 19 100 6
13544 401 2 67 41 181 6
13292 50 4 105 28 227 3
13383 262 1 116 36 370 1
6256 309 4 116 53 218 1
16512 85 2 60 27 69 2
12556 425 2 81 60 58 1
8735 98 1 12 75 71 2
4419 385 1 43 8 218 3
13007 186 3 145 27 116 16
9400 545 1 26 16 144 3
12543 369 1 85 32 195 7
5294 334 3 61 39 101 7
17558 41 2 105 32 254 7
12169 285 2 100 11 320 16
18238 347 3 267 42 461 7
923 505 1 109 46 294 16
12126 509 2 64 27 204 20
1410 337 1 103 49 91 6
19082 326 1 88 28 621 20
14275 393 1 154 17 274 5
13207 319 1 18 46 255 16
18763 428 1 54 77 65 4
9042 526 1 39 35 47 6
16266 199 2 66 60 153 2
9120 181 1 30 23 499 20
1760 371 1 160 28 455 4
15413 179 3 74 7 278 7
12598 253 1 91 23 226 2
18319 37 2 34 59 304 16
10392 329 3 30 40 159 4
12623 255 1 42 27 232 20
5821 398 1 18 38 272 20
4428 201 1 100 16 581 18
2261 183 3 134 39 128 15
2129 219 2 181 63 166 6
11114 157 2 107 42 264 2
17268 34 4 84 55 157 4
7447 287 1 34 31 594 18
6181 247 2 93 16 518 3
7868 547 6 158 20 199 5
14787 500 1 53 13 166 20
4585 517 1 22 23 268 16
19142 459 2 88 65 340 3
18600 19 6 213 32 458 17
3483 131 3 60 27 127 1
5185 214 4 170 32 521 4
12987 409 1 35 53 230 16
14619 539 1 50 24 582 20
14521 368 2 54 13 115 4
14876 388 5 120 32 447 1
10615 70 2 180 27 258 5
13863 511 2 74 20 765 16
17820 491 2 80 60 204 15
3800 364 1 118 37 345 3
1028 454 1 21 10 101 16
14580 39 3 31 33 144 6
8437 248 2 191 16 611 7
191 406 1 80 10 290 2
1332 33 1 268 9 245 5
15984 56 1 48 12 291 4
5046 421 1 130 66 392 2
13988 66 2 77 18 649 1
2087 303 4 247 61 89 4
10394 380 3 45 22 58 3
16313 519 3 61 31 385 1
18946 73 1 42 9 145 20
12070 271 2 76 30 328 1
13601 124 2 54 31 328 1
6263 165 1 49 20 238 7
11459 267 1 155 33 195 17
4854 450 1 44 52 188 2
10942 307 1 22 26 582 2
12851 111 1 123 13 272 6
11917 540 5 76 49 188 16
533 92 1 17 49 294 15
2463 550 3 29 12 186 20
12481 437 1 39 38 420 3
8708 430 3 190 26 344 5
511 503 1 70 24 114 15
161 218 3 114 60 67 20
3867 498 4 47 10 298 7
3359 182 1 151 21 369 2
3479 201 2 34 20 207 7
11725 35 2 32 11 388 19
6282 363 4 88 62 186 3
3484 168 3 46 21 102 5
13467 311 4 169 23 283 15
13125 125 2 38 49 289 5
14059 125 2 56 22 262 1
4400 134 1 66 27 431 7
14612 299 1 58 13 167 16
3437 109 2 173 27 185 3
9709 11 1 82 11 170 4
12077 390 1 108 44 85 6
1899 550 1 46 37 143 2
3182 320 1 58 66 403 18
1792 17 3 62 46 369 18
487 200 1 79 49 263 17
18805 417 3 77 68 232 4
8969 465 3 91 38 196 17
13578 503 6 140 33 192 2
7198 297 1 30 12 78 7
19061 303 1 48 23 220 15
12956 227 1 92 35 235 3
18821 197 1 26 41 154 19
11927 368 5 132 57 693 15
7220 417 1 32 56 260 4
9513 413 2 76 63 77 6
12378 307 2 54 15 261 15
8463 54 2 33 26 129 6
13234 486 1 49 39 106 4
6541 145 3 85 28 211 3
17688 106 5 285 22 315 18
10227 340 1 26 26 434 7
553 445 1 14 22 625 3
15815 66 4 146 36 271 6
14455 141 1 66 53 78 1
7795 298 3 131 23 77 16
12908 204 2 126 23 170 18
479 521 1 38 86 168 3
7347 283 1 234 82 77 1
10117 300 2 81 14 175 16
22 17 1 78 36 210 6
10685 327 1 61 35 301 6
15012 240 1 34 40 493 18
11492 511 1 58 15 330 5
120 374 1 30 83 289 3
19272 466 3 107 15 110 2
16597 275 1 136 45 368 1
1901 529 3 197 21 242 4
17973 285 1 49 28 330 2
7660 443 7 181 58 179 2
426 210 3 188 64 236 7
16460 353 1 102 19 47 1
6803 137 1 179 29 250 6
17879 69 1 148 16 151 4
16551 237 1 131 29 189 6
12671 291 2 70 48 244 2
12763 368 1 67 35 114 19
6673 502 3 129 40 429 1
2850 66 4 130 26 98 5
1359 90 4 111 30 507 17
17893 545 5 130 28 458 15
7873 42 3 73 31 221 6
13939 148 2 111 34 585 5
11093 385 1 17 34 200 16
1069 450 1 58 47 61 17
17024 476 1 35 30 279 4
3085 355 1 76 37 81 3
857 422 1 95 48 680 4
13901 199 1 13 15 546 5
5009 303 1 9 19 441 1
4221 324 5 234 42 312 19
14603 292 1 27 35 347 1
4120 428 3 161 14 308 19
11986 196 3 37 38 199 3
253 153 1 25 49 81 18
16882 290 4 92 78 232 6
12927 135 1 102 37 355 2
14398 133 5 156 80 82 1
12304 421 4 145 21 689 6
4413 100 1 46 61 173 6
11766 349 1 110 30 234 2
3412 302 1 33 18 193 7
16755 196 2 60 34 416 16
15132 212 2 177 24 278 15
5536 65 1 46 46 206 18
7590 140 1 19 34 43 3
819 130 4 148 86 50 6
1227 166 1 62 44 332 4
110 382 2 80 39 141 6
10319 230 1 33 25 153 7
1727 154 2 88 47 368 6
6444 491 2 60 10 248 18
6645 129 2 77 64 400 4
12963 329 1 30 63 105 3
6509 44 6 149 59 156 1
2021 72 1 85 52 316 2
12975 324 2 144 27 135 3
9913 157 3 266 16 362 3
16790 531 1 33 48 283 7
5484 294 4 70 34 296 2
2865 97 2 107 25 357 18
3594 435 1 20 31 530 1
9776 75 2 52 28 296 3
19549 187 4 41 38 60 19
13320 111 1 40 29 360 7
18439 333 1 49 58 482 7
13883 283 2 84 12 123 7
3489 87 4 163 19 279 1
17183 102 1 97 22 321 17
6950 39 1 15 51 159 4
7637 262 1 26 7 250 4
16589 184 1 37 23 272 5
14434 268 1 23 40 265 15
19301 131 2 31 13 142 4
16644 310 1 40 28 135 1
6693 85 1 74 62 72 1
12543 117 3 64 21 192 1
1451 407 2 69 58 328 1
8284 349 2 121 26 194 7
4917 393 6 270 20 299 16
13902 178 1 29 58 429 16
4531 14 2 46 30 343 19
19459 78 1 16 42 210 1
19984 541 1 41 35 92 4
11149 22 2 81 21 362 1
7461 439 4 96 17 162 4
19713 234 2 98 19 302 4
7141 451 2 107 20 269 17
10490 323 2 31 19 144 4
5936 362 2 58 38 245 4
2318 373 5 81 34 294 5
1212 383 1 43 16 251 15
18332 176 3 119 47 253 1
5632 377 2 37 22 504 6
5922 31 1 39 41 55 3
16942 307 1 47 25 420 4
7078 497 2 69 24 44 5
12686 296 3 89 70 75 5
574 236 1 100 11 153 5
12668 370 1 26 41 194 4
8097 73 3 108 8 175 7
8722 541 1 27 18 403 6
7252 8 1 130 64 245 6
16733 353 2 99 44 178 6
165 197 2 93 68 179 15
2726 434 2 121 42 407 4
17353 241 1 78 12 355 16
12615 406 1 49 29 211 15
18576 29 1 75 37 338 2
12389 464 2 153 59 250 4
8827 234 3 55 76 206 4
18669 132 1 118 11 525 18
6435 344 1 20 56 225 2
16881 33 2 110 25 160 3
16992 411 2 27 23 121 7
19324 549 2 218 70 60 15
13558 548 4 124 44 252 7
14253 105 1 56 36 248 4
8463 26 2 161 12 433 7
1580 263 2 31 53 154 4
3998 270 2 79 27 130 4
6317 280 2 44 50 397 4
15010 308 1 135 41 188 16
10205 114 4 50 14 192 17
14843 16 1 18 9 119 4
18325 34 2 57 22 306 6
2898 244 1 53 36 309 6
5219 116 1 39 24 138 17
19200 427 2 116 61 163 3
2433 47 3 111 29 140 2
15765 419 1 96 38 425 4
18649 160 3 102 46 214 17
5986 139 1 18 44 333 6
13002 118 1 122 44 114 7
827 305 2 126 27 107 2
13905 126 1 217 37 231 3
1248 297 1 21 8 228 19
5313 466 1 37 16 722 1
12543 319 2 156 28 207 5
12868 410 2 67 30 57 17
13442 498 1 40 17 154 6
13906 35 6 354 33 255 16
5635 125 1 73 36 48 1
12957 311 1 38 35 380 15
19930 47 2 39 65 466 5
17584 409 1 66 67 399 17
15820 532 2 44 28 405 3
1569 244 2 51 62 113 6
4938 233 1 61 30 78 3
12979 538 5 100 28 28 15
16819 83 1 19 25 192 5
981 176 1 16 41 241 16
14876 275 2 114 29 207 4
13042 13 1 33 32 94 6
17838 482 1 25 8 111 2
18376 491 1 53 30 119 7
18952 87 4 156 21 217 4
16057 16 2 37 47 145 16
6567 464 2 52 16 232 15
5686 97 1 37 14 146 2
13490 254 3 69 15 360 15
14816 492 1 83 69 413 1
4496 511 1 41 22 464 3
16897 229 2 167 26 542 7
17672 385 1 31 26 431 3
15729 164 1 23 16 225 7
17018 511 2 30 42 307 19
9586 242 2 83 87 142 2
7704 238 2 241 35 247 16
14139 446 2 223 24 340 5
11448 473 1 47 28 447 7
745 518 1 192 48 105 3
11963 505 3 108 19 285 4
7286 263 1 135 37 150 5
18859 124 1 46 25 489 5
11258 329 5 252 29 147 4
11176 512 2 151 15 44 2
13984 41 3 94 64 203 4
14575 326 1 30 71 55 7
19010 330 2 135 18 221 4
16957 27 1 54 39 120 1
19181 195 1 335 18 334 17
9291 208 7 250 51 517 7
10369 108 4 55 68 185 3
10650 518 1 21 31 521 16
13813 109 1 37 31 42 19
12791 373 1 93 57 120 6
14403 298 1 58 21 155 1
10993 17 1 133 10 126 3
2765 330 2 36 69 64 3
11686 63 1 68 40 452 16
13037 240 1 106 60 140 7
4413 147 2 31 56 56 20
18184 53 2 49 17 471 6
11355 99 3 72 20 537 17
14921 341 1 83 23 365 7
4700 274 1 57 42 238 7
6392 327 2 120 52 176 4
2167 233 3 83 79 361 3
9789 484 5 191 62 114 16
3963 532 2 113 22 222 15
9525 227 3 53 42 261 5
6931 441 3 50 13 264 5
9433 350 2 41 50 148 4
15495 85 1 120 13 108 5
13232 217 1 16 20 347 2
14384 302 1 55 15 74 16
8765 402 1 77 23 315 16
17465 154 1 41 22 188 16
1615 26 2 136 24 82 18
3870 385 1 26 71 179 6
13180 23 3 136 51 357 2
6258 371 1 48 19 351 5
2984 247 1 26 57 104 16
12417 36 1 235 49 537 2
6611 54 5 45 34 26 2
11414 116 1 25 41 377 7
4136 217 1 15 35 522 6
10278 465 2 65 65 311 17
13113 124 2 82 86 70 20
8855 541 1 13 11 577 15
2334 70 1 34 13 97 6
16547 460 2 166 40 536 6
1628 362 1 62 67 183 17
18762 216 1 11 62 71 2
8626 26 3 98 17 188 3
6384 38 1 158 22 435 15
10234 5 1 20 31 53 7
14375 461 1 49 32 47 15
6238 97 3 139 20 181 1
16510 47 1 53 22 238 4
11100 403 1 70 24 630 4
309 425 2 72 17 56 7
13532 217 1 30 28 708 7
17459 131 3 104 53 262 3
4883 85 2 57 19 344 2
14596 72 1 41 35 448 17
13152 448 1 61 9 269 6
13447 52 1 83 58 115 3
6669 21 4 47 9 286 2
15642 188 1 24 62 128 3
2037 404 2 45 37 212 1
159 235 1 33 60 62 4
8719 305 1 24 9 188 1
15838 24 1 210 56 129 6
2498 452 2 108 16 83 17
5910 291 1 63 10 364 4
11352 210 1 40 44 648 18
5928 107 3 271 31 396 7
4430 57 1 91 39 496 4
14974 247 1 44 75 96 1
4913 449 1 43 19 526 6
11106 371 1 130 25 102 2
109 427 2 106 18 212 7
11524 542 1 48 12 715 3
18645 129 2 83 25 240 1
10817 433 1 205 42 446 7
19650 445 2 107 22 381 4
8500 43 1 34 13 139 15
5178 344 1 75 22 291 6
19919 129 2 76 16 170 16
11651 493 4 68 48 227 16
14615 494 1 128 16 470 1
4181 285 1 47 45 464 3
4247 450 1 48 10 192 6
1276 25 1 160 32 55 3
9420 448 1 18 43 82 5
6596 41 1 62 20 249 6
13896 316 2 57 66 288 6
14573 284 2 87 48 140 16
7352 273 1 38 13 271 5
8122 504 2 52 18 561 5
18024 267 2 241 32 101 15
19587 528 2 113 18 270 3
12893 271 2 69 30 473 1
3236 168 3 293 12 184 1
17481 389 1 101 28 326 17
10781 5 1 26 18 109 5
4162 11 1 137 29 719 3
5560 540 1 163 20 158 17
12812 100 2 211 61 148 7
15609 175 1 51 42 199 7
13944 41 1 37 14 534 3
13901 80 1 22 31 139 4
16291 135 1 36 26 606 20
16639 493 3 182 29 503 15
629 158 2 138 27 313 5
16194 157 2 158 46 312 3
10037 205 1 127 34 98 1
14093 228 3 92 52 111 2
13349 226 3 51 61 196 2
8526 322 3 257 40 556 18
13902 288 2 236 41 365 17
7674 146 4 148 25 688 1
16488 125 1 47 55 402 18
4583 8 7 116 10 436 1
17982 518 1 74 47 377 4
6156 419 2 48 20 119 3
9319 516 3 164 32 313 7
594 516 2 123 50 201 4
10816 274 1 10 60 257 18
15348 259 5 119 42 115 17
4670 202 1 45 78 233 16
18072 12 1 29 69 133 6
8086 288 2 47 17 108 7
11199 391 3 334 22 406 20
5698 342 1 41 20 317 5
17019 495 1 43 37 139 5
13346 297 1 58 37 362 6
3719 448 1 22 23 150 3
12332 522 1 37 60 292 1
1223 175 2 79 22 78 3
153 467 1 39 26 661 6
1742 7 1 37 31 72 15
7932 535 2 55 27 406 3
1924 146 6 238 52 248 1
17725 401 1 45 60 163 5
6253 129 1 60 81 77 2
8590 480 4 130 53 146 5
9162 159 1 38 16 445 18
13242 276 5 149 44 217 5
17595 187 1 37 56 143 6
5158 224 1 48 16 406 4
10779 476 1 40 34 31 16
6394 413 5 274 20 91 6
9338 511 1 43 18 456 7
15560 287 1 75 25 642 2
5810 105 1 207 40 633 4
17631 41 4 176 30 416 6
418 285 1 56 63 145 5
13518 202 1 172 18 434 4
17782 72 1 20 27 334 5
18230 398 1 19 41 397 17
5338 58 2 159 30 766 6
15153 413 1 29 19 55 17
11198 456 2 77 9 211 6
15433 123 2 60 54 75 6
5889 102 2 40 21 337 19
17513 494 2 61 15 318 4
90 276 4 187 66 207 7
12724 423 1 90 21 471 15
9746 135 4 71 13 185 18
2800 287 3 265 26 227 1
15661 292 1 46 22 105 5
3815 459 1 36 59 128 7
10225 26 1 52 13 69 2
1045 350 1 90 32 239 6
13628 471 3 109 16 422 2
14988 538 1 98 42 165 7
292 383 1 61 21 325 6
5213 548 1 24 23 121 19
14516 138 4 77 43 512 18
8292 226 5 148 31 383 5
2728 196 2 61 80 390 16
10219 31 2 33 75 135 17
13030 493 2 75 57 220 3
10931 66 1 75 14 59 4
3437 66 1 61 39 426 3
8399 34 1 65 7 205 3
14419 410 6 251 23 366 20
13043 40 1 189 38 95 5
6145 273 3 123 16 402 6
4156 435 1 92 27 168 1
15406 528 2 61 13 139 5
733 327 5 191 81 128 3
6991 280 2 99 10 466 3
9726 550 3 98 17 129 19
15116 88 2 65 15 165 6
3482 434 3 44 32 323 16
3246 357 3 40 16 694 16
16590 116 3 42 26 141 5
14416 342 1 54 58 136 4
5285 321 1 34 24 160 5
813 244 2 37 22 658 6
2421 197 3 70 13 252 1
2021 177 2 104 57 111 2
17808 407 2 36 12 366 5
16469 132 1 27 28 63 5
13345 249 1 54 55 116 3
1428 252 1 26 21 422 4
9343 19 2 27 13 206 7
15960 62 3 103 46 301 19
14932 420 4 55 51 222 5
13874 198 3 126 13 29 20
11085 290 3 131 15 392 15
13713 483 2 33 10 432 3
16157 178 2 51 24 106 5
17818 392 1 27 39 297 6
9191 404 2 79 11 302 20
13551 492 1 11 9 309 2
10780 274 4 175 51 298 18
2470 27 2 122 39 79 2
18677 371 1 73 53 115 5
12386 140 1 39 31 39 7
17715 155 2 137 41 262 4
13295 222 1 23 83 309 3
19900 330 1 102 65 173 2
12226 231 1 109 22 201 7
3943 228 1 71 20 405 7
12162 486 1 31 50 319 2
1233 275 1 109 30 58 2
4325 549 1 173 28 310 1
13151 413 3 38 16 559 16
7379 201 6 127 31 187 4
6558 297 1 35 57 376 5
590 236 2 110 27 412 5
11453 531 1 41 9 684 6
5366 189 1 103 17 397 3
5829 204 2 126 73 431 6
8788 463 1 54 26 216 3
5886 410 2 73 33 96 16
11561 412 1 32 55 449 7
10013 183 2 153 31 194 17
17192 260 1 74 60 100 16
877 364 1 40 83 161 4
1114 123 1 142 37 443 2
8876 332 1 20 41 62 5
6478 22 1 39 50 116 16
6163 80 1 32 8 374 7
955 16 2 176 17 45 19
17233 404 1 19 67 683 4
1150 448 1 69 28 465 15
10636 92 1 71 61 104 5
8988 490 3 125 15 403 7
19237 161 4 155 22 260 7
6259 454 4 141 19 141 5
1239 157 6 215 11 486 7
18317 152 1 116 32 96 5
8930 21 1 25 7 148 6
5902 443 1 88 22 393 18
7581 266 3 137 20 418 4
2327 550 1 157 50 69 7
18191 184 3 39 31 680 18
8012 70 1 22 14 182 17
4399 82 1 106 23 272 15
15934 274 2 106 37 559 17
6444 265 2 94 21 51 2
14125 81 5 207 15 402 18
650 518 4 206 17 230 2
4558 34 2 449 29 324 1
17326 523 1 98 9 463 3
13419 328 1 105 31 587 3
15499 375 2 76 24 60 3
8529 95 1 25 27 114 2
11551 145 1 29 41 358 1
16845 385 1 76 47 205 7
9338 281 4 175 33 366 18
3838 98 3 210 17 244 2
1879 7 1 90 49 70 4
18581 546 4 152 33 327 2
11566 113 2 67 13 161 20
4015 119 1 38 16 666 17
18498 276 1 18 10 170 3
15112 426 2 88 19 109 2
18435 503 1 34 9 59 1
6495 137 1 75 31 355 2
100 112 1 144 21 519 5
15474 372 1 48 34 165 3
9760 512 3 115 19 353 6
9544 519 1 45 37 81 15
2244 117 3 105 45 172 7
7515 109 1 24 13 338 17
6237 282 2 217 76 588 2
14252 43 2 53 22 254 3
5211 192 2 70 31 267 4
1454 116 1 29 9 100 3
17709 461 1 21 13 434 17
214 314 3 151 78 237 7
14860 350 1 39 23 122 7
11561 311 1 52 27 532 3
17403 284 1 19 53 50 6
18212 377 1 137 63 706 7
14465 50 1 34 36 340 16
8786 96 3 137 45 385 6
4883 204 3 110 26 420 7
4985 312 1 15 55 549 2
18527 159 2 82 13 208 1
18989 437 3 242 27 131 7
16697 36 3 45 87 284 7
11128 234 2 53 19 311 19
9039 81 1 43 25 122 15
6532 390 2 83 18 59 17
15144 526 1 106 21 409 6
15482 543 1 35 17 363 16
901 98 1 86 71 489 18
7022 54 2 64 52 77 19
7641 530 3 317 59 156 6
14907 237 1 166 25 401 1
12948 60 2 87 15 173 6
5620 232 1 54 17 81 2
10029 99 1 51 57 358 1
6199 44 1 42 28 218 20
6177 204 1 33 18 84 18
16596 449 1 50 46 44 15
4829 355 2 197 25 470 5
11465 187 1 30 69 462 2
10130 48 1 26 72 174 1
3987 228 4 137 41 196 2
5688 347 1 49 40 586 2
18504 509 4 192 59 311 4
477 222 1 80 60 315 2
9104 18 1 55 37 110 5
9956 168 5 221 40 434 3
13050 144 1 75 66 82 5
2874 43 3 73 27 172 1
675 226 4 84 9 252 18
8833 182 4 84 14 131 1
3740 360 3 348 36 318 18
1204 497 1 23 23 191 15
16231 475 1 28 65 380 4
18735 434 1 52 31 604 2
16702 168 6 200 20 235 4
19043 541 1 82 38 528 5
13213 481 1 24 29 296 2
8555 14 1 39 23 271 17
15528 417 1 45 46 114 5
13575 35 3 89 49 41 1
159 511 1 101 20 552 4
2934 393 1 139 12 81 7
1380 383 4 66 59 415 20
18162 393 3 58 28 133 7
12952 106 3 77 29 68 3
19809 446 2 37 7 144 7
13403 85 4 47 67 37 4
15721 484 2 92 19 353 4
1068 102 3 103 42 82 4
3673 368 2 60 71 142 7
5778 287 2 53 34 485 15
17646 350 2 52 18 498 15
14199 54 1 38 9 420 1
8733 360 2 103 25 305 6
6451 491 1 40 61 113 4
9129 12 1 38 15 237 15
15493 233 1 26 13 91 5
19904 193 1 24 33 366 15
7766 485 3 86 44 199 19
1012 328 4 67 21 96 2
5174 531 1 54 69 121 3
16178 173 1 37 58 305 1
18985 283 1 42 17 207 20
6322 110 5 103 39 411 7
7173 449 1 79 12 510 1
5759 80 1 34 15 581 2
15091 187 1 21 15 728 4
915 418 3 129 68 377 6
19823 279 4 92 14 240 3
14764 287 2 39 65 435 2
1266 195 2 135 19 630 5
12547 476 1 37 28 41 18
11585 365 1 64 45 198 3
16383 85 4 107 62 196 3
7411 495 2 57 30 167 3
19215 78 3 73 17 204 17
14575 373 2 37 12 264 5
16432 199 1 193 44 288 6
13741 381 4 57 20 203 20
16862 546 2 142 32 342 7
14689 31 1 49 17 214 7
4926 293 1 71 41 72 7
4086 116 4 91 71 137 1
2573 471 1 62 28 364 5
19695 397 1 68 55 530 17
2182 117 5 137 27 295 1
18282 412 2 75 59 307 1
4768 510 1 18 23 585 2
14330 317 3 52 44 144 19
1141 9 3 28 11 513 7
16990 427 1 136 12 256 5
9885 123 3 128 58 151 6
9403 107 4 357 59 419 3
7742 366 1 36 17 158 5
6595 303 2 57 53 167 19
6076 528 3 69 27 190 17
2884 221 1 30 59 58 20
18203 50 2 35 35 179 6
19823 127 1 86 23 348 7
2188 357 5 47 9 177 17
554 14 2 201 20 168 2
9603 346 3 104 68 411 3
7451 133 1 55 43 245 7
7710 55 5 75 32 371 7
8295 308 2 136 23 195 16
9226 399 2 114 43 101 1
18499 162 1 57 20 336 2
6293 167 2 82 56 235 5
6671 143 3 88 40 162 1
10053 127 1 81 15 200 1
7135 374 1 11 29 635 6
6909 21 1 20 19 516 5
18777 465 2 57 13 420 2
14853 547 3 127 44 50 4
19549 31 5 231 18 400 15
2524 505 1 96 21 59 1
7767 30 1 256 25 404 5
8799 453 1 103 58 237 1
7953 334 2 109 19 319 16
18830 69 4 90 54 73 18
5722 503 1 50 16 685 4
6497 6 1 89 34 337 2
1807 294 1 36 28 422 2
10484 332 1 60 16 230 5
19345 437 2 39 21 190 3
4972 399 1 37 12 357 1
16614 298 1 12 47 341 19
17103 334 3 68 62 283 3
10890 412 1 21 12 332 5
12695 72 3 76 61 140 6
19008 131 3 143 28 307 5
2117 30 2 156 61 148 2
18728 542 1 57 17 286 18
4257 286 2 70 8 228 16
2565 420 1 25 21 657 6
12339 293 4 65 18 450 6
18129 496 5 121 13 480 5
6151 457 2 162 18 205 2
19987 510 2 96 51 152 2
19738 135 1 72 20 152 1
13814 50 2 142 55 617 6
17773 408 2 173 10 120 2
6481 438 1 40 34 373 6
14308 304 1 40 40 610 18
13706 348 5 206 74 83 4
15763 286 4 76 17 260 16
7100 308 6 344 59 461 15
6557 132 2 110 71 108 6
9425 389 3 109 67 396 5
1765 493 1 44 39 524 1
7601 28 1 23 70 138 5
7168 34 2 76 37 632 18
4078 132 1 28 21 57 7
12836 246 2 72 13 119 3
1120 452 2 49 19 569 6
15062 189 1 76 18 638 17
13916 238 1 23 31 207 16
6905 455 1 39 10 157 2
17469 271 4 87 11 406 4
4171 128 1 22 29 83 15
2908 419 2 58 19 416 7
19250 35 1 10 13 353 18
11078 160 1 27 16 235 20
11257 158 3 114 28 328 17
11523 11 1 19 15 60 2
18034 362 2 68 39 390 3
3658 109 2 38 30 171 3
11435 361 1 36 21 136 3
4112 41 3 186 31 403 15
4989 296 5 316 35 32 17
15671 536 5 107 7 265 7
19434 402 3 73 27 219 7
2800 285 1 83 45 150 2
593 435 3 90 23 167 15
1692 92 2 18 18 124 2
2511 357 1 30 60 353 1
12417 299 2 123 15 289 2
5869 510 1 46 22 177 5
17687 52 1 46 70 213 6
6340 492 6 120 23 174 3
970 52 2 135 20 506 3
5629 498 1 85 40 153 3
4788 156 2 76 22 402 6
18604 397 4 222 58 316 19
11322 181 1 193 81 58 18
9717 282 5 59 51 61 3
14840 325 6 244 23 477 1
9263 281 1 27 28 116 3
532 224 1 29 20 129 1
10623 439 1 146 6 89 7
223 252 1 78 45 107 15
4621 289 1 57 12 558 1
16712 550 1 26 40 151 1
15141 38 3 78 36 186 4
12373 208 3 95 78 240 19
19618 132 2 103 83 462 6
10430 481 1 118 9 197 7
607 471 1 95 39 101 18
6157 503 5 158 30 224 6
2255 170 1 47 40 253 19
13771 216 1 24 25 238 19
17752 463 2 50 37 167 4
9998 93 3 49 9 299 1
18626 258 2 264 62 352 4
10036 71 2 105 59 310 5
10691 212 4 102 29 53 1
9972 259 2 76 12 152 2
16006 490 5 263 28 535 16
3497 496 1 39 33 363 18
13287 403 1 42 10 378 4
10535 220 2 33 48 240 7
15449 473 2 22 12 371 1
1275 513 1 60 16 238 19
4508 437 1 47 7 562 20
6014 98 2 57 64 227 3
8654 518 1 92 19 130 4
4913 333 2 57 61 102 7
3917 540 1 71 25 287 1
10337 101 1 56 69 491 6
9130 331 1 58 52 277 2
13545 332 4 38 49 171 2
6988 443 1 94 62 32 7
5201 301 2 103 9 653 16
6716 261 6 226 20 31 5
15380 419 1 24 30 332 5
15247 479 2 101 41 527 4
7998 516 1 24 21 322 6
3432 520 2 102 40 440 4
2114 534 1 46 39 52 6
2098 187 1 35 18 157 2
9201 25 1 35 10 144 7
15376 158 1 56 24 327 17
15502 305 4 118 39 184 6
14861 246 2 151 74 467 4
19267 201 2 79 15 314 7
3437 349 3 127 51 74 2
11094 44 5 151 28 144 3
834 543 4 143 26 57 6
11760 148 2 39 42 74 6
15150 151 4 111 44 72 5
18885 190 1 62 45 89 19
19074 406 1 29 26 213 6
3892 233 1 255 38 455 1
5657 534 1 54 39 199 6
11682 216 2 40 27 96 1
2060 515 1 89 47 69 4
12207 188 1 10 9 181 19
10366 128 1 68 22 124 6
6666 33 1 66 60 137 1
18095 262 1 27 46 302 3
3351 137 1 101 32 177 1
620 24 3 165 22 715 16
7219 540 3 69 47 161 1
12232 323 3 100 17 204 4
16237 472 3 296 20 314 1
19524 216 1 27 51 464 5
8188 547 2 150 10 448 15
8539 400 2 174 38 139 4
15868 498 4 227 35 50 20
10353 92 1 21 28 394 6
9154 368 6 155 68 118 15
9024 60 4 123 38 242 1
2844 56 1 42 49 244 18
10103 15 1 87 10 225 2
17302 533 1 52 14 618 4
5876 264 1 23 41 200 7
10962 527 1 50 15 415 17
16818 236 5 67 34 348 4
4289 108 1 62 18 428 6
17928 117 1 63 48 228 1
13897 272 2 60 75 189 7
1704 454 2 56 17 340 7
9727 406 2 39 7 440 6
11184 251 2 36 30 425 5
11356 499 4 68 18 158 16
3636 511 1 40 19 225 1
12511 215 2 93 19 264 16
6759 145 1 13 10 509 5
14679 253 1 241 26 275 3
7971 316 1 61 75 300 3
16767 257 1 50 21 378 4
7504 361 2 121 54 108 1
10079 147 3 63 9 332 16
15638 287 2 19 47 114 6
8159 225 1 28 80 105 15
14715 410 1 130 23 197 6
9021 185 4 61 19 356 2
4945 189 2 107 23 280 19
18416 373 4 137 46 361 4
14429 445 1 37 24 332 7
16420 115 2 117 54 125 7
3251 516 2 67 33 137 2
13757 30 4 331 41 510 5
17244 309 1 30 16 464 4
18415 480 5 403 22 341 7
3986 140 1 14 68 174 7
19203 161 4 149 19 629 16
13590 9 1 61 44 563 4
13445 269 1 25 24 199 2
13815 11 1 38 61 286 2
7318 359 2 49 22 191 18
7910 211 4 174 34 618 19
6029 267 1 99 22 328 7
12898 85 3 33 16 236 2
9520 119 1 49 72 96 2
1895 117 2 41 25 24 2
900 53 1 278 26 436 2
16251 399 1 103 68 289 4
10342 543 1 196 62 189 15
14508 267 3 89 20 270 7
8095 322 2 59 22 143 7
6086 332 4 98 63 138 18
5991 38 7 317 38 330 5
19834 133 1 146 26 338 1
8450 55 2 55 66 188 4
10722 212 1 37 14 615 2
4710 469 1 38 83 303 1
8075 323 6 108 26 269 18
14519 346 5 123 30 242 2
19996 245 4 267 23 113 2
7202 16 1 42 35 426 7
9272 342 5 269 17 304 4
14411 493 2 30 21 366 4
898 338 1 45 14 103 7
7207 501 1 14 19 390 3
15592 421 1 34 40 376 19
1552 355 2 64 47 114 5
4925 419 3 122 18 342 19
125 330 4 110 11 231 1
6136 139 2 62 80 241 19
10510 388 2 105 14 406 4
18466 381 2 44 53 263 2
14278 45 3 77 13 275 1
16729 55 1 44 8 85 5
9310 73 1 25 78 372 15
14067 160 2 46 30 122 4
672 503 1 10 34 179 3
13631 477 2 31 58 82 5
8399 85 1 121 69 85 1
11404 446 1 200 64 400 4
17438 85 1 186 16 227 16
3471 241 5 141 16 329 5
1599 230 4 107 58 381 18
15946 506 4 134 14 135 4
1883 67 2 78 39 188 5
11993 519 1 34 36 397 19
4030 483 1 69 16 241 6
9169 541 1 147 77 670 3
3164 5 4 64 19 185 7
13866 102 1 23 28 517 7
11641 135 2 107 22 177 3
12138 228 1 126 65 75 6
5441 220 2 88 62 248 5
12206 232 3 237 11 513 19
4247 309 2 85 86 149 4
16159 105 1 44 69 95 3
13890 306 1 61 25 86 6
13285 233 1 35 20 139 5
15425 463 2 125 7 189 3
9417 399 1 21 52 380 18
11748 44 2 64 13 86 6
4301 360 5 106 33 176 5
18574 474 2 81 8 143 3
5130 286 1 119 19 98 5
6325 30 3 54 8 242 3
11511 193 2 65 41 163 3
9758 407 3 45 60 53 2
18452 94 2 28 58 274 16
12067 307 1 29 62 514 20
10055 415 2 75 59 122 1
6683 72 1 21 53 520 1
12714 222 3 115 17 287 17
3803 359 1 25 38 456 2
3371 215 6 85 56 374 6
6695 307 1 24 8 232 4
13198 295 1 14 57 133 2
4221 518 1 132 32 278 6
19144 227 6 322 57 39 16
18610 82 1 41 20 700 4
3399 485 1 16 31 364 1
13933 299 1 44 13 365 5
7979 411 1 31 33 50 7
1817 118 1 29 48 465 2
19520 177 2 69 29 415 5
19116 542 1 41 42 612 17
15456 179 2 58 11 321 2
12358 425 1 36 16 319 5
12712 179 2 62 35 123 5
16014 268 1 50 63 227 3
14232 470 1 38 16 264 4
15375 66 2 68 19 690 5
17112 406 1 96 38 399 3
16623 175 2 94 24 140 4
10981 192 3 101 14 153 3
3562 62 1 150 42 130 3
1049 308 1 44 25 227 5
3269 485 3 96 21 541 7
14607 429 1 26 13 656 6
6859 18 4 51 20 206 18
16581 477 4 70 74 124 4
17589 281 1 22 45 148 6
101 205 1 26 31 359 6
1412 265 1 19 7 235 5
14904 162 2 182 34 570 16
8601 19 1 52 47 97 5
14989 520 2 171 18 73 1
14363 369 2 99 28 537 4
11216 523 1 15 86 148 1
4767 453 3 236 13 554 7
14722 101 2 193 67 641 6
6983 450 2 410 40 444 18
19808 381 4 177 64 544 16
1676 58 1 29 15 229 5
14975 274 4 111 59 205 2
11397 251 2 64 39 169 6
4478 432 1 33 29 117 7
6214 144 1 14 16 203 3
13421 436 1 82 11 158 5
9341 111 2 49 40 81 20
3217 39 1 10 19 167 16
1249 533 1 127 8 219 6
9635 288 2 122 13 171 6
3910 20 1 20 42 207 2
11345 538 7 81 21 589 4
8296 439 2 48 54 528 2
7016 448 1 32 25 282 3
16513 206 1 19 53 42 4
16961 536 1 36 14 457 3
5214 412 2 96 9 347 3
2934 247 2 43 18 207 4
7905 101 4 146 39 137 5
8731 117 2 157 33 290 6
7073 53 4 71 31 580 15
6074 63 1 84 21 340 17
10646 75 3 78 43 369 3
13493 371 1 31 12 216 4
9750 534 2 147 16 441 1
9663 412 2 42 16 118 20
14201 361 2 50 53 365 5
18083 488 2 55 12 200 6
15656 249 1 54 37 235 4
3377 97 2 214 29 311 20
6890 169 7 324 19 348 6
5112 25 1 70 42 134 4
6814 397 1 23 21 147 17
13385 470 2 36 14 585 3
18227 430 6 239 8 177 4
6743 63 2 75 21 129 6
12018 144 4 47 73 158 7
5706 546 1 12 12 113 16
10565 217 1 24 11 458 6
14218 414 1 65 14 263 5
414 467 2 142 24 611 5
14807 481 4 82 10 661 4
1104 439 1 141 36 527 15
17690 340 1 103 22 79 2
18451 11 1 22 36 189 6
11646 494 2 49 60 541 15
7015 532 3 153 23 450 19
4493 246 2 59 39 325 4
19884 314 3 55 17 411 2
19187 424 3 254 24 270 7
47 283 2 271 14 396 3
6690 181 2 68 76 60 6
9870 13 1 32 56 439 19
3992 433 4 132 55 80 2
6541 419 2 37 20 264 1
17236 184 4 169 17 614 18
4958 234 3 157 24 621 16
9775 361 1 18 25 659 2
1865 459 2 94 33 595 2
7577 25 1 41 32 165 20
11566 149 1 10 46 175 3
3927 60 4 62 21 163 6
18836 425 2 54 30 629 3
2819 222 3 304 28 34 19
4914 85 2 77 24 54 7
7871 97 3 160 47 246 6
6670 29 1 78 29 121 7
15906 218 1 36 23 167 1
644 68 2 189 33 146 17
16455 18 1 69 15 136 3
14403 162 2 30 24 106 4
12748 506 7 284 63 140 7
11886 197 1 78 32 173 6
2058 50 1 47 20 38 1
19910 263 2 60 43 523 3
10502 66 1 48 43 69 2
12557 101 1 93 13 260 2
11833 119 1 118 49 148 3
10339 370 1 65 24 92 15
16283 550 1 61 48 81 7
15141 479 1 161 62 426 7
17210 81 8 74 43 133 19
17168 524 3 71 49 104 3
12222 373 1 21 36 90 2
1503 236 1 292 74 125 5
19480 338 1 45 72 89 17
5204 263 2 73 85 198 7
8951 34 1 114 58 187 1
19065 470 1 117 45 330 1
16333 252 3 42 35 359 5
9567 342 2 111 40 69 20
5976 90 2 38 58 264 4
13900 366 2 62 73 350 2
13029 215 1 39 68 349 1
1602 377 1 15 16 242 19
4993 73 1 26 12 249 4
446 478 3 84 45 67 5
18474 340 1 20 24 159 6
19144 20 3 158 18 60 7
15789 493 2 26 33 289 3
17990 535 1 31 68 430 4
10052 110 1 36 54 50 3
15445 377 2 76 27 247 3
11063 290 1 23 9 392 7
9430 291 6 71 14 622 6
2541 93 4 282 44 107 15
19859 325 1 31 43 69 1
476 264 1 209 19 265 6
16894 460 1 53 7 211 20
15725 535 3 65 25 146 2
17731 182 2 51 23 145 5
8469 58 2 90 21 78 4
19384 429 3 74 30 244 3
3591 511 1 64 11 264 6
2066 373 7 256 72 227 2
19935 544 1 20 22 239 20
9025 149 2 30 23 75 3
6932 445 1 62 66 191 18
12862 316 3 146 58 553 16
3029 178 2 69 12 58 15
18700 23 1 198 41 468 5
1698 119 1 24 30 220 17
9708 195 1 39 55 531 6
13832 534 2 34 6 276 4
9468 307 2 37 58 101 5
18973 192 2 70 26 515 7
444 355 2 51 70 129 4
3621 300 4 99 46 108 5
4116 33 1 58 12 328 20
4240 73 1 50 22 435 4
16236 300 3 68 63 224 7
9030 372 2 96 11 180 2
2655 63 2 63 30 581 2
9837 195 2 64 27 403 16
13194 100 3 77 57 329 6
2929 159 4 85 46 228 6
14598 526 3 250 21 323 3
18451 435 1 26 8 384 17
682 485 6 137 12 587 4
7529 220 1 12 24 414 18
5835 297 4 107 14 466 5
5788 226 1 120 25 469 1
5245 330 4 103 52 552 3
17622 384 3 75 52 108 2
18817 175 1 123 51 406 5
13879 475 1 46 80 204 1
11486 379 1 119 30 302 20
15183 447 1 114 34 718 4
14785 441 1 94 32 43 16
5745 84 1 43 38 433 4
18995 63 1 206 34 340 15
252 457 1 36 32 178 4
18829 161 1 15 40 297 3
19911 339 1 103 16 60 7
15038 89 4 140 20 246 5
6607 30 4 82 14 249 2
11253 260 1 57 36 242 5
2176 547 5 200 73 81 5
12221 344 1 14 11 173 3
19028 330 2 99 24 213 16
17143 475 3 124 26 430 5
8039 288 3 147 33 760 6
17527 82 2 129 26 49 17
15856 413 1 67 37 91 17
11954 66 2 212 43 99 17
12962 105 1 9 30 155 20
12639 380 3 194 85 78 3
16332 113 2 231 15 315 4
5639 222 4 195 22 478 4
17556 216 2 77 25 467 5
11431 227 1 152 12 324 7
17492 396 2 37 35 565 19
16169 511 1 121 73 105 20
11133 110 4 108 31 513 2
11771 485 2 114 28 326 5
2446 176 2 122 66 166 15
9020 50 3 59 27 546 6
9095 164 3 144 15 465 15
2303 358 1 92 36 366 5
7719 42 3 159 29 307 7
6849 316 2 35 39 184 4
7441 271 1 34 29 64 5
16556 493 1 85 28 150 20
19861 332 2 91 29 356 6
7396 12 1 94 63 63 3
11910 421 4 195 22 523 2
11098 332 2 156 23 57 15
9160 229 1 45 17 591 4
15480 316 4 171 22 355 6
14013 377 1 73 52 541 20
3924 253 2 113 24 587 3
14135 450 1 32 23 281 5
7119 178 2 26 15 584 15
16862 494 2 97 7 110 5
19535 375 1 41 34 119 3
7957 60 3 57 58 112 19
18056 159 3 102 46 527 1
19310 409 4 91 68 80 1
18330 510 1 35 41 401 3
15288 85 3 41 41 152 18
14182 119 1 45 41 224 17
12499 356 2 24 13 130 6
7405 335 2 87 48 292 16
8187 141 1 47 27 122 6
2103 405 4 144 30 226 18
14403 169 6 319 18 211 15
1351 270 1 34 25 414 17
9891 194 1 32 53 182 5
13392 245 1 140 31 637 3
945 335 1 14 11 567 3
10301 401 1 81 24 397 15
2820 523 1 15 25 167 7
15378 472 1 32 22 130 5
19060 262 7 324 40 621 2
399 402 2 82 22 116 16
3657 182 1 94 27 241 1
13472 513 2 159 16 451 2
8453 268 3 141 65 168 3
13679 433 1 29 59 401 2
9887 5 1 186 76 623 6
12539 374 2 64 20 164 6
5459 229 1 32 28 593 3
3769 480 2 39 59 503 7
18560 233 2 33 80 248 5
3347 351 4 63 53 88 5
2420 318 3 200 64 374 3
3176 537 5 151 36 104 4
8340 495 2 53 32 167 2
806 300 4 152 62 357 6
17932 390 1 72 19 175 6
13773 134 4 160 45 104 6
2468 34 3 185 28 400 3
13674 498 1 45 30 32 2
1561 302 2 50 27 314 5
8674 48 2 73 59 169 5
9490 14 2 69 63 319 5
1083 91 2 177 39 224 6
15160 508 4 189 38 360 17
5641 362 4 312 28 569 7
10897 193 2 111 22 253 19
7507 326 4 48 13 205 1
4422 462 3 37 8 256 5
429 438 4 205 84 131 20
11204 29 4 109 25 492 7
2194 201 1 138 19 293 7
17173 215 1 121 25 545 4
6935 296 4 171 66 348 3
19048 64 3 109 68 295 17
5478 351 3 86 27 398 6
15568 61 1 14 75 290 1
2766 196 5 87 61 37 3
17429 99 1 84 20 309 4
32 524 1 41 38 210 6
19649 535 3 35 33 95 5
9574 445 1 66 31 143 3
19256 357 2 43 32 113 6
18856 242 1 25 63 624 7
15703 180 1 33 19 164 16
4228 458 7 124 30 285 2
10243 403 1 30 22 266 6
19189 325 1 25 34 265 17
1204 7 2 48 23 330 5
883 485 4 58 43 258 6
10458 540 1 31 38 206 1
12281 136 6 307 13 596 6
1426 236 1 28 21 177 7
17734 397 1 19 75 578 15
1923 227 1 89 23 597 1
119 22 1 92 21 405 6
18673 273 1 48 42 371 4
70 406 2 45 15 404 5
1062 133 1 14 21 495 7
5282 394 1 19 22 281 2
9146 319 3 50 31 383 3
10702 146 1 66 27 123 4
14799 344 4 101 54 37 2
8401 9 1 112 53 200 5
14142 232 1 24 14 154 19
13186 390 1 16 23 309 19
13324 260 1 120 21 284 20
12087 368 3 63 11 194 2
4133 102 1 37 21 101 17
18631 500 4 99 30 131 1
11836 300 1 97 66 65 2
8377 526 3 96 64 279 18
4676 394 3 136 37 166 2
14344 355 2 190 36 412 6
17057 93 1 64 23 518 18
15430 159 2 38 28 249 4
18224 463 2 147 29 402 7
7242 39 1 68 57 369 15
8849 267 1 36 27 224 3
17773 443 1 34 10 92 2
13664 524 6 146 64 79 19
10891 67 1 54 26 355 18
13482 155 2 107 74 111 3
19703 531 4 112 32 564 5
6025 408 2 59 8 624 2
14799 34 2 77 87 369 16
1549 258 4 147 33 553 4
7689 179 1 105 29 559 5
14997 59 1 69 9 78 1
957 93 2 58 27 135 20
736 128 1 16 19 193 18
6624 394 2 50 84 50 5
43 529 3 125 72 507 2
4319 507 4 133 18 146 1
2041 39 1 32 22 295 6
1655 191 8 158 20 288 16
5329 267 2 108 35 60 7
14638 344 1 15 22 396 6
12867 246 6 128 65 272 20
6082 327 1 40 78 179 4
7786 295 1 36 41 572 1
12834 258 1 57 31 116 18
17314 369 2 215 18 760 3
4738 420 1 43 56 461 6
4328 512 5 203 12 322 5
1450 448 4 81 16 263 1
13530 318 1 85 9 165 6
15326 476 2 38 11 452 19
6422 50 2 60 26 75 5
840 24 1 11 68 266 19
18599 310 1 23 25 571 1
7364 507 1 16 9 270 5
2328 191 4 101 38 251 2
6247 442 1 37 23 264 1
247 213 1 25 28 653 2
220 290 4 136 47 274 3
14468 432 3 70 65 218 6
6510 235 1 104 73 79 1
13316 386 2 168 20 143 3
10849 408 1 37 75 194 15
1923 467 2 111 26 134 20
7389 96 3 59 46 355 5
19881 384 2 54 48 680 3
8233 69 2 199 27 88 4
6759 187 1 37 18 454 5
4585 148 1 31 11 384 7
8902 287 1 10 7 405 15
4808 503 1 63 61 98 7
9645 53 1 41 73 313 4
18709 60 2 103 43 64 3
11283 306 5 63 68 211 2
5465 334 1 47 13 538 5
17035 39 1 71 27 360 7
2854 321 3 64 52 217 6
10992 487 4 267 27 353 2
15014 107 2 91 16 156 3
2686 88 2 86 10 119 16
13427 474 1 40 48 151 17
1327 488 2 36 23 67 5
16823 224 7 185 44 702 1
13553 409 1 49 24 267 6
14445 536 3 56 24 290 1
9863 95 4 181 28 294 7
17222 386 3 93 7 125 2
3451 533 1 28 10 103 7
10177 532 1 64 23 420 5
16384 69 2 51 20 428 2
14579 23 4 196 74 86 3
2147 281 1 28 24 642 4
16508 43 1 130 19 199 2
2026 310 1 48 31 328 15
8373 461 3 120 23 292 4
6359 477 2 100 13 198 3
3394 459 1 49 23 213 4
17757 496 5 118 23 179 7
12320 417 1 117 74 174 5
8567 138 1 90 17 30 1
5111 113 1 40 18 116 4
8511 327 3 88 45 175 2
11335 198 2 54 12 176 5
9773 62 2 165 29 76 5
15502 25 3 84 53 283 4
15537 107 2 53 15 360 4
2138 537 4 66 81 178 6
10302 230 6 293 10 346 4
7441 264 1 13 69 92 6
5901 109 1 146 31 290 4
4604 52 6 119 36 499 4
8028 494 1 24 41 589 3
11067 37 4 82 41 69 1
9344 232 5 232 17 236 1
10834 53 1 21 15 666 18
6205 163 1 39 12 584 6
9602 550 2 81 12 298 2
4010 176 3 98 27 445 1
11196 320 3 153 21 192 4
1949 118 3 123 57 344 4
16639 368 1 54 46 305 20
2815 536 3 214 52 143 7
1643 525 1 12 57 61 5
2141 547 1 48 14 405 4
6173 275 1 16 51 60 4
13484 83 3 148 27 502 6
7862 207 1 45 24 571 6
9156 462 1 25 35 74 17
13332 126 5 114 52 247 20
15797 195 2 174 51 94 3
16127 537 1 27 19 163 7
8554 216 4 88 43 75 2
16932 454 1 38 29 354 6
4734 419 1 61 13 437 6
12156 301 2 107 20 174 7
566 7 1 87 54 319 4
2645 170 2 113 36 371 5
4705 209 3 76 42 670 4
2470 389 3 74 53 519 5
16874 54 1 92 16 184 1
6773 535 2 54 13 83 2
13556 292 1 67 54 301 5
11406 400 2 46 21 417 1
6797 208 1 20 52 174 6
18673 207 1 37 27 128 7
19994 57 1 40 11 302 4
3068 174 2 49 48 61 15
