51 1001
1 40 36 48
5 48 68 64
1 16 68 144
3 48 8 288
2 40 60 48
2 32 16 224
4 40 24 80
1 16 60 112
3 32 24 96
3 40 68 256
3 48 12 160
5 24 64 32
4 24 60 256
3 32 32 448
3 32 36 416
4 40 36 352
2 16 52 384
3 16 60 32
2 32 8 416
5 24 16 112
4 48 28 240
2 40 48 368
1 40 48 272
3 24 28 336
4 48 16 64
5 48 16 320
2 40 32 368
3 40 8 112
4 16 48 64
3 48 20 400
3 48 12 64
3 40 48 128
2 48 56 256
5 16 40 432
5 16 20 80
4 32 60 496
3 32 20 480
3 16 8 32
3 48 56 272
1 32 72 288
3 16 56 352
5 48 48 512
1 48 56 176
3 48 16 192
2 16 28 192
4 48 32 48
4 40 68 48
2 40 28 64
1 24 56 272
5 32 20 352
2 48 44 320
1837 224 1 35 8 253 8
1695 742 1 30 19 56 7
1948 989 2 62 28 291 19
2945 168 1 38 32 24 12
1645 983 4 44 14 53 8
1200 676 4 82 34 252 3
897 808 1 32 24 55 18
3898 303 1 31 15 357 7
3203 250 1 46 10 32 1
1168 981 1 12 5 27 16
3873 463 2 79 35 418 14
1740 938 2 109 11 54 7
4772 895 1 42 6 29 3
3546 169 1 32 6 29 12
620 652 1 78 22 50 19
4806 161 1 13 44 108 3
872 243 1 23 27 164 1
3848 335 1 32 30 164 11
3839 671 1 27 6 202 15
225 951 2 68 17 60 18
2375 595 1 12 45 67 19
1172 249 1 24 8 178 3
3255 671 1 29 45 33 17
3641 613 1 32 58 48 18
2903 87 1 15 25 164 14
1657 538 1 58 49 31 5
1879 238 1 30 4 94 8
3533 752 1 29 33 153 12
1459 436 2 107 36 352 15
837 939 3 42 60 26 13
626 888 2 39 26 31 3
4925 848 1 11 57 74 2
4898 165 2 23 38 200 6
2377 225 1 32 30 26 5
3597 500 2 49 23 59 3
3629 330 1 24 46 167 6
1597 956 1 16 28 158 16
4233 685 1 26 5 258 9
281 620 1 12 63 129 11
3187 599 2 25 35 29 4
3125 251 1 14 44 118 15
3855 869 1 15 55 97 6
3726 444 1 44 52 93 2
3072 448 1 22 49 194 20
3993 670 1 36 18 33 2
900 406 1 48 13 109 11
3005 674 1 17 18 229 16
352 553 1 18 15 211 4
2142 157 1 13 27 106 8
890 221 3 118 8 70 6
4933 619 2 31 37 271 10
3920 317 3 40 6 28 6
2803 651 1 34 27 107 5
1911 781 1 12 38 116 17
4439 379 1 43 11 118 17
4590 153 1 22 42 54 4
4730 90 1 48 31 104 12
4262 798 1 72 21 40 2
1359 706 1 36 54 120 17
1338 747 2 27 24 217 9
112 99 3 37 5 19 8
3120 676 4 144 18 264 11
3572 645 2 55 9 83 18
4209 734 1 34 31 32 13
1501 142 1 35 17 181 12
1413 509 3 105 24 69 7
3877 87 2 75 11 36 8
2288 600 1 83 44 145 19
1121 622 1 24 18 202 13
4150 525 1 40 10 59 7
4505 127 2 34 42 24 1
487 169 3 98 16 38 20
2042 232 1 33 45 219 4
2752 521 2 40 16 192 5
4230 394 2 77 21 74 18
3108 237 1 47 22 51 13
3193 278 1 18 56 134 19
459 627 1 20 51 181 16
546 810 2 78 10 113 19
2749 240 1 36 25 47 10
2687 107 1 40 6 159 5
2248 725 1 33 34 32 17
887 356 1 20 28 265 12
3771 675 1 18 40 155 8
1967 491 2 119 7 59 17
2479 778 2 61 15 53 16
1422 376 1 37 8 212 6
3683 772 2 76 64 48 12
2946 660 1 44 42 181 7
3469 384 2 48 12 80 14
675 780 2 57 13 120 17
3253 576 3 118 6 59 7
3311 684 1 29 19 340 2
2106 533 1 20 40 261 3
4920 205 1 15 43 25 8
2716 737 1 14 53 55 13
6 626 1 17 42 137 20
3447 387 1 48 38 104 2
4172 516 1 12 56 109 9
1926 479 1 37 50 48 7
3300 106 2 140 7 286 2
3872 355 2 34 39 32 5
95 776 1 35 43 87 1
2238 312 1 24 34 46 18
1467 395 2 44 6 24 11
4035 570 1 39 32 262 15
1433 520 1 29 7 112 15
4551 192 1 30 8 78 16
3753 541 4 62 11 76 10
1150 489 1 37 34 123 18
1583 314 1 41 18 256 4
805 773 1 27 15 184 7
2348 587 1 14 31 68 2
1698 347 2 80 7 111 10
2063 601 2 23 22 111 8
2571 609 1 33 20 23 4
1766 249 1 12 22 151 1
4940 438 1 11 22 156 1
4207 453 1 13 25 122 16
4430 703 1 19 30 239 16
2301 667 3 95 6 57 10
0 639 1 32 24 28 17
810 488 2 53 8 92 4
477 580 1 14 55 58 20
2210 244 1 90 13 154 20
2166 600 2 44 5 210 11
2109 535 1 32 6 347 14
2670 165 1 34 30 234 16
3794 666 1 15 15 131 10
4658 147 3 84 21 82 16
3548 171 1 32 20 205 20
3544 472 3 109 13 185 1
1019 194 1 43 6 279 12
3566 249 1 13 8 31 10
4139 238 1 71 5 269 7
358 682 1 31 27 272 15
4364 203 1 36 17 38 14
350 440 2 137 8 130 5
4899 93 1 40 15 260 7
2755 309 2 69 11 61 9
2914 152 1 23 56 226 9
4183 448 1 61 9 181 19
3703 746 4 142 32 27 5
2469 277 3 51 24 47 1
2506 633 1 25 6 287 14
3768 897 2 110 5 59 2
2814 865 2 75 9 180 9
4679 279 1 31 5 97 13
3142 407 1 15 51 32 10
1545 975 1 39 7 110 2
1061 309 2 63 7 216 3
161 148 1 58 23 55 13
2127 848 2 63 51 42 3
1772 633 1 40 47 142 6
813 176 1 15 32 99 18
696 770 1 12 41 109 20
544 128 2 32 48 32 6
4596 892 1 16 67 68 6
3298 614 2 48 5 381 17
3533 649 4 56 24 45 6
1101 925 1 24 8 107 18
901 630 2 100 31 61 5
3197 741 1 13 45 97 13
1616 392 1 32 4 357 5
3121 600 1 40 42 25 15
2503 525 1 39 28 45 8
2734 497 2 107 15 72 15
4793 429 4 131 24 53 2
411 189 1 29 16 143 9
3468 235 1 37 39 91 12
3384 977 1 54 8 102 20
4068 237 1 39 16 103 20
2806 957 2 56 14 50 13
3514 647 1 34 40 91 3
3457 414 3 103 6 62 4
539 121 2 79 38 39 12
3783 259 1 43 34 165 8
1034 640 1 35 31 81 20
4021 343 1 14 30 108 12
4748 186 1 27 17 162 15
706 332 1 22 16 224 2
3522 688 1 12 39 95 10
1011 922 1 29 26 241 15
3384 763 1 19 54 194 20
224 241 3 62 44 42 13
3458 586 1 38 41 157 20
3509 688 1 14 56 104 16
1037 313 2 38 32 26 6
2838 611 1 25 6 241 4
1149 730 2 70 7 58 3
3827 627 3 37 29 30 5
1378 919 1 50 23 64 5
1961 715 1 40 31 43 5
2753 533 2 140 10 207 15
1729 617 1 72 18 77 1
898 552 1 16 45 345 8
3665 893 2 94 18 94 14
1699 290 2 74 8 37 3
2340 739 2 30 33 64 18
4076 549 2 45 8 22 3
2378 678 1 47 32 151 9
3645 734 2 109 9 144 8
3582 862 1 14 4 27 19
4230 506 1 35 31 76 20
3914 123 1 29 43 239 2
171 992 2 113 19 54 10
2244 109 2 80 22 113 20
3082 601 1 11 31 65 10
4765 184 2 96 63 22 7
1500 187 2 65 30 465 9
916 931 1 15 5 31 20
1206 178 1 32 7 90 20
2596 141 1 39 54 48 19
2348 882 3 124 5 195 6
104 871 2 91 25 366 10
573 522 1 40 26 28 16
251 177 1 12 55 74 13
1469 639 2 105 52 228 18
1462 517 1 17 44 168 14
2306 338 2 104 6 131 6
3763 975 1 11 34 24 12
4823 573 1 31 25 57 13
3962 929 1 21 39 150 13
350 677 1 15 8 28 19
581 514 2 76 13 59 15
2001 132 1 36 33 45 19
4322 468 1 77 11 59 12
610 881 1 12 30 318 13
3711 122 4 147 11 41 6
2579 528 2 66 24 167 15
4610 603 1 33 13 156 13
2401 849 1 90 55 191 12
4555 851 1 40 28 32 12
1078 486 1 91 9 148 11
3072 312 1 91 12 38 1
1870 512 2 30 28 147 1
2355 406 2 66 8 58 14
3764 414 1 34 21 47 4
4564 945 1 95 41 218 19
4400 416 1 14 57 108 10
1974 548 1 16 49 18 12
884 372 2 63 5 204 2
3707 905 1 42 14 195 11
4217 881 1 13 56 76 17
2091 321 1 22 16 204 2
4595 539 2 58 22 46 3
1229 276 4 58 29 32 2
4662 86 1 46 8 87 14
4989 672 3 100 19 79 9
3515 764 1 13 41 59 7
2442 696 1 15 6 29 3
1418 444 1 32 34 262 4
3933 85 1 26 58 19 12
4415 786 2 46 47 49 2
1505 962 1 45 11 97 11
3450 325 1 16 52 102 5
1664 529 1 74 8 46 9
4066 364 1 68 14 54 6
2703 912 2 97 8 76 16
4198 510 2 80 36 41 17
1499 916 2 44 11 61 15
1984 877 1 32 31 42 8
3602 278 1 60 16 56 12
966 264 1 43 54 109 17
3682 424 1 88 41 351 6
3656 153 1 73 7 175 7
296 749 1 21 20 160 13
1737 526 1 36 34 218 16
1419 659 3 91 19 88 12
89 804 1 14 35 97 13
2067 413 1 56 17 58 1
3256 989 1 140 17 50 1
4345 452 1 36 36 38 5
548 908 2 59 44 55 3
3461 104 1 32 7 190 8
2852 103 2 82 20 47 16
1940 496 2 32 42 182 15
3865 673 1 74 22 56 13
3702 362 2 50 23 67 18
2932 96 1 12 33 123 18
81 861 2 72 10 134 8
2921 778 2 136 7 158 6
4241 338 2 28 32 45 3
2462 477 1 39 33 162 15
4296 112 1 15 53 112 4
4844 896 1 15 46 230 14
3009 378 3 47 20 63 16
2166 699 2 67 10 198 1
4276 493 2 30 19 190 19
4892 944 1 30 9 167 4
2681 134 2 35 38 56 11
4689 189 3 56 10 75 8
3086 495 1 16 46 111 5
2521 552 2 115 12 62 4
1989 883 2 67 18 54 11
4783 258 1 40 36 174 14
3842 374 1 12 27 141 15
3176 272 5 122 15 348 16
23 990 1 109 23 41 5
3081 491 2 76 41 29 17
3030 155 1 21 48 229 17
3055 566 1 57 6 73 10
1475 619 2 70 15 170 1
275 261 1 42 14 93 16
3760 821 1 16 63 69 8
845 888 1 14 53 82 10
1961 204 1 29 20 60 20
2989 173 1 33 27 58 6
3172 859 1 19 14 171 13
824 603 1 46 54 160 15
4 711 2 47 8 31 10
1824 631 1 38 26 51 13
1020 339 3 133 12 57 16
3968 785 1 24 4 295 16
4897 891 1 92 18 76 5
4001 425 1 38 26 233 5
3427 443 1 33 31 196 1
1994 297 1 28 37 129 20
1073 237 2 41 28 27 18
2002 835 4 68 36 240 13
4472 511 4 181 11 294 10
3395 740 1 69 45 66 10
982 909 2 39 43 29 4
4813 166 5 137 10 307 9
473 979 1 14 5 18 10
832 503 4 67 13 39 16
2849 412 2 58 48 39 5
1860 457 1 15 36 101 4
56 249 3 46 35 426 12
2472 502 1 68 43 26 9
4322 346 2 114 15 32 20
2647 961 1 30 43 232 8
3858 929 4 43 20 67 9
2792 518 1 12 40 90 9
2439 613 1 32 24 44 4
526 759 2 53 32 352 14
4103 93 1 31 29 336 6
4896 963 2 29 27 148 10
3634 330 1 14 47 102 11
3773 202 1 32 22 30 2
720 153 1 70 6 66 10
3916 671 1 77 7 47 20
1260 136 1 25 53 27 11
453 788 1 15 35 81 5
529 235 1 36 44 150 20
709 626 2 59 13 57 8
3373 228 1 43 14 214 13
3681 396 2 60 4 80 15
4607 655 1 31 7 24 12
4209 567 1 116 9 89 20
3929 157 1 20 54 239 8
1711 242 1 23 53 232 14
1480 747 1 41 15 84 20
1360 883 1 30 36 41 6
3241 799 1 25 8 256 13
1304 359 1 33 7 268 11
910 207 1 31 28 237 8
3545 235 3 52 12 65 8
1733 167 1 11 36 106 16
2376 327 1 31 6 69 6
4975 928 1 11 35 139 10
1710 479 3 115 58 466 14
524 740 1 56 6 276 11
344 939 1 14 13 95 15
1114 88 2 38 13 55 7
2412 260 2 30 29 29 4
891 477 1 36 53 23 6
3899 334 1 45 8 344 5
1748 798 1 36 9 134 6
3005 532 2 42 17 251 13
1288 519 1 37 29 206 6
3874 492 5 108 37 19 11
3259 978 1 37 55 145 12
3132 220 1 28 10 151 11
647 202 2 53 13 149 15
3912 310 1 14 41 112 6
1974 917 2 46 14 188 18
4831 530 2 60 6 77 10
896 101 1 28 28 91 3
1810 150 1 16 45 60 6
2461 699 1 37 28 27 14
1054 838 4 122 22 203 1
1590 173 1 36 46 105 7
1704 633 2 183 16 219 20
4594 147 1 31 48 260 16
351 160 1 15 42 109 16
201 218 1 82 8 157 2
477 570 1 23 13 103 3
1580 483 1 38 14 159 20
2464 734 1 36 32 170 10
1293 728 2 68 24 37 12
2656 732 2 70 24 249 18
3854 505 2 32 23 289 9
43 551 1 43 8 190 8
1418 735 4 56 13 79 20
4567 141 2 58 18 50 20
2863 736 3 91 32 142 6
1687 897 1 87 44 64 1
3426 675 1 38 9 57 8
3210 828 1 23 37 259 19
1347 237 1 31 58 239 2
511 862 1 15 28 63 7
3307 398 1 14 46 211 3
3120 113 4 72 20 79 13
3986 862 1 48 12 104 2
4473 225 2 126 6 134 15
2539 111 1 13 49 24 7
1363 427 1 13 15 184 12
3405 965 4 138 23 63 5
3934 863 1 11 60 108 13
3436 419 3 57 14 77 12
1280 724 3 115 23 57 6
3585 938 4 49 45 36 2
4239 394 1 13 59 105 7
2964 517 3 36 14 52 18
73 405 4 193 14 229 18
2533 962 2 61 16 60 14
2271 406 1 20 22 329 15
4833 344 3 145 13 67 19
4410 120 3 111 5 58 9
454 365 1 28 17 62 18
2504 382 1 12 40 302 12
3417 568 1 16 29 331 20
2632 668 1 45 9 32 16
2509 273 1 64 18 33 19
1761 98 3 133 8 99 3
4070 581 1 39 10 64 5
3988 133 1 29 57 39 1
2993 894 2 108 5 51 15
2015 888 1 16 54 89 1
3650 140 1 31 15 45 1
4124 838 3 66 15 288 7
2288 363 1 58 5 108 10
3836 837 2 103 8 54 13
3901 788 1 71 8 172 1
2203 540 2 118 7 253 4
1516 909 1 13 26 114 19
265 960 1 11 50 69 10
2518 831 1 36 27 138 19
4582 710 3 124 10 58 8
798 266 1 33 7 180 4
4342 705 1 12 27 100 11
3094 621 1 35 8 246 11
4833 960 1 26 13 94 11
1640 542 1 34 48 125 9
912 848 1 58 8 219 8
2839 637 1 32 39 128 20
546 691 2 28 25 109 19
173 122 1 14 29 280 1
3189 632 1 43 7 361 7
4990 218 1 64 8 82 13
899 854 1 37 55 159 4
2944 215 2 26 15 50 15
3227 447 1 29 19 187 18
4678 810 1 27 35 39 4
2263 443 3 61 29 61 20
2115 800 2 40 5 25 13
1717 933 3 37 59 31 13
3136 119 1 34 39 213 18
2725 601 1 41 5 235 10
4926 300 2 45 49 23 1
3005 320 2 47 36 296 16
3710 512 2 53 9 192 7
517 661 3 158 23 64 18
4015 435 1 39 32 226 10
3207 998 1 31 32 42 4
3605 675 2 32 33 224 7
190 407 2 87 9 56 6
32 562 2 73 37 161 19
468 96 1 31 18 245 17
3992 995 2 65 39 27 8
2197 371 1 37 51 103 1
2573 225 1 25 7 272 12
245 966 3 116 29 28 16
3977 768 2 184 11 241 4
2832 520 1 23 18 256 19
1775 667 3 110 10 192 5
3237 681 1 15 38 180 18
1738 951 2 127 6 142 2
3632 236 1 15 52 18 3
1583 766 1 42 12 62 11
98 590 3 96 10 108 2
4194 384 1 15 28 312 2
1112 305 2 39 50 23 19
2177 132 1 34 39 133 6
1393 837 1 16 48 17 17
1261 826 1 43 32 150 14
621 276 1 93 18 219 1
2613 314 1 39 54 127 20
3726 387 3 69 8 96 2
1793 163 1 16 19 115 4
629 996 1 96 20 321 14
3684 318 1 38 37 150 10
3169 171 3 46 30 221 17
1687 135 1 24 37 247 20
2540 660 1 36 10 134 7
1278 966 1 35 44 359 13
1979 445 1 32 22 394 12
1398 165 1 32 36 217 20
2821 386 2 78 19 51 4
4887 424 2 106 62 24 20
4902 493 3 90 11 203 19
3061 945 1 78 9 30 11
585 160 2 131 21 22 19
2893 380 1 15 31 103 1
2989 379 2 186 26 396 10
3965 91 3 32 18 39 17
1807 888 1 63 38 170 13
12 659 2 61 22 30 16
2138 642 2 77 27 43 15
1250 117 2 58 6 109 7
2041 491 4 76 64 22 5
2520 343 1 21 55 245 18
915 227 1 14 32 318 2
2120 112 1 67 29 46 18
312 445 1 16 48 205 7
3782 383 1 60 20 295 17
2835 261 1 35 14 39 17
1184 690 1 34 17 63 12
1409 932 1 26 25 48 18
3050 541 1 31 44 168 12
3594 421 3 47 55 196 11
504 971 1 28 50 26 5
2590 462 3 40 19 74 12
4474 520 3 87 9 53 11
2499 125 2 28 44 49 2
4074 799 1 38 25 224 10
1835 998 1 34 34 132 15
3481 514 1 46 21 294 10
1973 475 2 114 15 27 14
207 506 1 27 26 265 18
2635 434 1 13 64 114 10
2434 486 1 12 68 127 7
2339 311 2 130 20 43 9
1730 591 2 28 52 276 14
2877 344 1 72 26 303 11
2269 269 2 125 64 56 6
2756 806 1 29 17 122 13
2651 594 4 79 15 53 13
2089 253 2 24 38 181 17
3656 764 1 34 10 45 14
1269 180 2 71 15 98 9
4099 916 1 15 53 117 10
1065 856 1 18 39 190 18
2464 834 2 76 24 222 18
409 662 2 77 23 80 17
1757 953 2 25 6 16 11
4796 445 5 94 12 70 20
3774 295 1 13 58 30 17
549 496 4 96 49 171 16
1094 282 1 55 30 47 13
657 389 2 108 5 85 18
3961 986 2 45 24 72 14
4157 820 1 14 57 109 15
4762 162 1 25 18 71 20
1141 841 1 15 66 75 14
1629 867 1 31 20 344 12
728 597 1 46 35 211 8
4516 495 1 30 13 151 4
1011 572 1 23 28 243 7
2565 438 2 95 12 70 5
2092 303 1 141 10 44 6
3487 857 1 48 11 185 7
3610 678 1 39 9 98 12
3118 415 1 39 31 282 10
3087 529 1 41 48 173 5
4351 445 1 30 50 40 8
3420 829 2 123 7 139 8
522 207 1 57 32 190 11
1751 840 2 51 13 80 1
3751 134 4 157 44 32 7
3626 820 1 15 36 199 10
711 948 1 13 48 77 16
527 539 4 76 39 265 7
838 252 3 109 5 107 19
2467 633 2 103 8 160 8
185 806 1 74 52 46 19
4096 342 1 89 39 229 9
3215 100 1 12 56 78 17
1472 467 1 29 29 34 18
3895 531 1 35 29 25 3
1101 676 1 75 7 79 7
1119 773 1 15 18 120 10
32 768 2 37 4 28 18
2070 829 1 46 41 148 3
2154 830 1 39 34 260 6
3548 657 1 11 8 28 20
3995 930 1 78 39 250 8
4115 94 2 46 46 57 13
526 534 1 16 36 56 16
4563 331 4 45 41 56 10
1501 541 1 82 6 110 3
1545 121 1 23 31 218 17
2778 673 2 28 21 191 3
3355 152 3 59 12 79 10
375 400 1 46 49 152 3
3798 634 1 30 19 53 9
277 545 1 41 10 57 12
4972 398 1 29 25 38 13
3052 415 1 14 5 22 14
2504 828 1 201 8 185 14
528 588 1 43 21 194 2
2406 644 1 15 48 22 18
2478 671 3 83 19 60 17
1904 948 1 14 6 32 11
3330 992 1 14 52 370 1
793 306 1 28 15 89 20
412 146 1 14 49 106 9
2609 646 1 34 21 286 18
1109 907 1 22 6 271 16
982 571 1 45 56 250 12
4763 122 2 67 55 25 11
4346 517 1 39 29 26 16
2954 958 5 101 13 88 5
4677 422 2 26 7 29 4
3076 298 1 12 43 68 16
2366 242 1 12 58 71 18
2893 230 3 66 15 464 3
2132 208 2 21 26 149 8
3946 628 1 15 28 104 8
1540 116 2 25 37 347 3
3791 947 1 73 18 220 10
1805 462 1 32 37 251 1
3337 615 1 38 4 101 10
2469 363 1 15 23 192 17
4023 871 3 99 5 138 1
1784 678 1 83 12 37 2
4703 910 1 26 18 44 3
4872 997 1 34 33 27 5
322 606 1 30 22 38 3
4247 859 1 66 8 138 7
4110 793 2 56 24 305 17
2262 470 2 70 5 61 7
1110 426 1 80 14 385 12
1669 994 1 63 5 320 11
288 526 1 113 5 186 15
4802 950 1 13 6 17 4
4682 352 1 17 25 178 18
296 116 1 21 27 278 13
2355 307 1 33 8 101 14
2333 891 1 34 47 166 15
4973 361 1 105 9 183 4
2896 769 1 31 40 143 17
4575 862 1 14 60 134 20
2825 835 3 39 57 26 12
4100 866 1 17 25 153 17
321 843 1 33 38 157 18
3886 843 1 21 26 229 2
4308 420 2 117 9 34 5
250 832 3 125 61 58 18
3862 357 1 29 52 41 15
1614 875 3 86 19 181 12
2327 633 3 46 4 29 20
1623 435 1 73 43 150 12
3976 731 2 32 35 24 4
1901 449 3 114 11 273 14
2298 87 1 47 10 40 18
3168 613 1 34 17 36 5
2426 126 2 28 33 27 18
3014 929 2 55 24 69 7
2431 230 1 18 14 263 6
2812 556 2 112 39 40 6
1413 91 1 38 22 247 6
4103 616 1 63 9 35 10
4869 335 1 131 12 170 11
2731 350 1 40 7 75 16
995 749 3 128 7 196 1
1791 508 2 67 16 210 2
92 440 1 45 26 96 14
1038 260 1 54 17 42 11
2615 504 1 12 20 132 1
3720 487 1 35 16 49 8
2644 913 1 14 61 108 20
2988 591 1 34 38 132 5
916 862 1 30 16 106 3
500 399 2 130 10 226 20
2939 389 1 14 63 118 8
2289 396 1 31 13 114 2
3499 820 1 40 16 279 15
1051 724 2 72 21 80 9
702 365 1 51 10 177 13
4061 453 4 42 30 63 17
1517 154 4 127 26 235 2
604 976 3 47 8 77 2
3585 144 1 37 49 110 2
2944 445 2 94 17 74 6
3297 117 1 32 8 64 16
385 891 3 158 24 37 19
954 396 1 69 36 29 8
523 810 1 34 54 42 11
2032 218 3 90 9 97 4
3198 234 2 77 31 29 2
517 806 2 33 4 22 19
4168 681 1 37 39 32 11
4467 416 1 22 54 155 11
3809 156 1 42 39 102 10
1431 604 4 45 19 67 17
1417 763 2 53 7 66 19
562 520 2 100 5 61 10
1754 561 1 16 33 58 5
1600 107 1 22 8 26 11
962 964 2 69 20 175 11
4548 155 1 12 36 81 9
340 983 2 97 40 493 18
4722 877 1 48 10 157 2
361 907 2 105 7 213 15
1544 858 3 87 7 99 7
1217 251 2 43 47 36 2
1815 751 2 94 7 161 10
1918 687 2 68 52 26 9
2721 184 2 41 18 157 12
1645 80 3 43 33 23 7
759 934 1 25 44 211 18
1456 958 1 27 17 33 4
3581 511 1 83 14 144 5
682 296 2 66 15 49 17
1770 410 1 66 11 60 14
1394 551 4 141 19 58 2
2049 919 1 12 44 121 17
3002 636 4 157 18 61 5
4330 212 1 63 7 336 11
4413 329 2 56 59 36 6
3840 954 1 36 8 52 4
2729 538 1 28 11 214 5
4622 928 1 80 12 353 6
103 761 1 23 43 254 15
2237 791 2 89 12 85 9
2888 445 2 32 29 49 1
701 367 4 86 13 93 12
61 285 2 40 14 52 7
2451 118 2 85 18 307 16
3792 364 1 45 10 81 12
1175 908 3 133 11 154 2
3023 254 2 105 33 321 19
2247 634 1 11 68 102 16
1286 993 1 34 32 31 8
57 845 1 70 60 44 20
4094 509 2 96 12 177 2
2464 544 2 80 25 33 8
4007 194 2 30 27 192 1
56 737 2 112 7 83 8
1452 896 1 79 12 73 5
2306 931 2 87 4 224 6
102 711 1 46 9 51 3
716 928 1 27 8 20 11
4998 887 2 53 12 162 18
2157 529 1 12 51 94 16
3623 572 1 11 63 93 7
3050 609 1 12 43 106 9
1309 282 2 53 27 165 5
1856 129 3 110 7 277 16
2190 602 1 16 38 203 2
2076 456 1 24 29 234 20
3579 599 1 42 42 111 19
2049 218 3 140 11 146 2
3091 548 4 65 60 180 2
4495 481 1 25 19 181 8
166 105 2 87 9 150 13
3698 876 1 70 6 59 8
3471 493 1 14 43 111 2
3129 328 1 18 49 261 18
1210 623 2 23 38 61 3
3468 827 2 63 20 156 6
4170 104 1 16 48 25 12
2197 348 1 108 16 59 15
4778 177 1 48 33 170 15
2427 283 2 48 12 205 14
1729 351 1 12 48 111 16
238 606 2 88 18 46 13
4558 588 1 39 28 46 17
1725 302 1 12 50 100 1
1716 290 4 139 17 61 20
2674 847 2 71 37 33 4
3937 803 3 32 7 18 1
2475 789 1 39 7 77 20
3553 83 2 54 48 34 3
4259 336 1 13 56 96 9
2003 973 1 38 20 34 18
3163 853 2 68 46 90 7
4218 875 1 12 25 327 5
1773 537 1 32 12 141 19
2718 874 1 106 13 41 3
1851 665 1 32 7 80 13
2287 163 1 15 38 135 18
4730 933 1 61 4 104 7
2161 380 2 57 14 164 1
3564 107 2 58 51 46 10
458 656 1 36 27 32 19
3993 577 4 49 10 57 20
3797 793 2 61 30 15 8
1971 498 1 21 17 208 19
928 939 1 29 36 27 7
3293 427 1 31 5 364 11
4762 514 1 13 28 150 16
3406 811 2 44 16 93 7
4435 136 1 129 12 117 18
4253 877 1 54 18 77 1
4883 750 1 37 25 125 18
230 950 1 32 31 20 13
13 125 3 138 14 62 10
4470 98 1 15 68 87 10
2744 321 2 46 15 307 20
2403 684 3 149 32 34 9
3320 123 1 12 65 141 15
3654 626 1 40 27 48 11
2014 170 1 31 46 44 11
2826 340 2 79 14 48 11
2919 793 1 36 35 81 19
1560 828 1 43 22 145 2
66 497 1 65 7 68 2
3607 601 2 74 65 24 15
1341 725 1 40 35 168 3
46 280 1 48 34 32 19
60 115 3 68 13 274 18
3517 260 1 79 7 194 13
2276 573 2 61 44 45 16
479 238 1 42 34 150 17
4046 750 1 27 13 203 14
4434 728 1 26 10 152 15
3179 607 1 57 7 201 2
3471 127 4 110 60 416 6
1119 141 1 11 60 21 6
1093 258 1 76 32 243 6
1606 771 1 22 57 22 5
1297 693 1 13 43 111 9
901 287 2 96 6 62 6
4138 964 2 39 59 25 7
3536 945 2 115 9 124 15
4198 851 2 86 12 271 11
641 198 1 24 50 297 4
570 691 2 143 65 45 2
4433 715 2 26 25 159 20
2560 635 2 29 40 291 10
3772 485 2 96 5 62 5
2759 632 1 26 12 66 17
496 433 1 36 37 39 20
2123 287 1 14 35 58 15
2290 276 1 86 16 33 5
4717 950 2 81 8 79 2
1846 80 3 34 8 18 2
773 592 1 16 29 215 18
1558 603 4 77 35 159 12
984 796 1 61 11 411 11
3797 245 1 43 14 91 2
956 453 1 31 46 215 1
2379 261 1 103 13 108 13
997 745 1 74 23 237 1
519 814 1 12 6 24 1
2624 793 2 73 8 238 16
3376 186 2 139 19 240 13
412 541 4 69 16 59 4
2182 296 2 70 19 322 10
4099 976 1 29 18 38 10
1659 850 1 29 8 65 15
102 533 1 38 40 43 8
3825 405 1 23 39 185 17
1290 744 2 43 22 72 12
3198 844 2 142 39 271 4
1319 471 2 54 15 41 11
4671 452 1 57 21 83 10
1277 458 1 24 16 210 10
858 381 1 30 11 45 10
3545 986 2 64 10 166 12
3593 328 2 89 23 302 1
2141 474 2 44 15 269 12
2742 635 1 41 6 287 14
935 435 1 109 35 39 9
1897 703 1 15 6 28 18
376 655 2 63 11 221 20
3873 654 1 63 12 102 9
980 509 1 58 24 46 15
123 989 1 30 19 88 12
4063 894 2 65 14 94 1
78 450 2 79 60 31 1
3879 156 3 56 13 109 17
900 920 1 59 23 64 12
4260 560 1 116 27 104 14
2792 789 1 56 12 50 1
3283 721 1 17 14 239 10
3470 207 1 34 43 139 5
3975 611 1 29 47 137 2
1026 988 1 26 16 45 6
710 529 1 42 9 43 11
4235 596 3 49 13 58 3
337 919 2 45 58 19 11
1461 939 3 103 8 109 9
2072 629 1 42 42 90 5
1556 99 3 131 4 166 18
3531 374 4 86 15 75 14
4274 804 1 33 55 132 3
1383 286 1 36 46 36 12
3584 296 1 14 31 102 17
178 785 1 30 19 47 1
3740 864 1 46 55 87 4
4922 720 1 16 37 103 6
2308 440 2 58 14 37 8
411 461 1 11 7 30 20
3084 395 1 73 22 48 10
2821 771 2 120 32 32 2
127 894 2 34 48 27 4
765 227 2 22 11 69 15
238 218 1 75 16 236 15
2436 93 3 72 14 64 20
1955 259 1 38 51 93 12
108 635 1 61 11 158 1
4080 532 3 52 30 312 8
2803 624 2 57 11 53 20
3531 927 2 69 14 103 14
4767 648 1 39 44 146 4
3316 130 2 28 26 165 1
1008 659 1 27 38 40 7
1705 367 1 35 40 169 1
1567 998 1 29 24 63 8
3292 589 1 30 16 131 19
2693 760 3 119 14 48 4
4208 94 1 27 45 303 7
2891 769 1 19 22 256 9
2408 677 2 83 4 92 15
2565 668 2 61 8 148 17
4905 412 1 28 16 85 14
3695 655 1 15 49 110 6
2694 934 1 16 32 83 7
396 615 2 25 45 205 7
4068 314 1 14 55 129 6
3873 429 1 63 12 112 20
2539 458 2 26 15 89 7
3869 330 1 38 56 122 3
3558 733 2 80 55 64 9
2725 906 3 44 7 23 12
3663 974 1 72 48 137 8
1785 491 3 118 6 38 17
4393 708 1 15 49 61 12
4999 941 1 59 20 36 4
3421 363 2 135 9 158 11
3993 705 1 66 13 193 20
4606 343 1 33 36 197 12
3142 341 1 53 32 35 11
3709 624 2 130 9 101 4
17 763 1 78 16 44 7
3218 671 5 93 15 84 14
2232 698 4 73 10 61 20
4883 437 1 14 46 315 3
368 482 3 40 4 23 5
4202 439 1 15 33 62 14
4068 185 3 80 32 225 9
491 900 1 43 52 131 4
85 110 2 118 6 188 1
1825 161 2 115 15 76 9
172 580 3 33 4 29 16
1533 801 1 28 7 367 9
730 755 3 80 6 80 1
4867 308 3 105 17 50 4
326 726 1 40 62 216 14
1221 439 2 29 41 284 3
435 699 1 49 8 101 15
147 116 1 111 7 85 4
672 388 1 38 7 146 13
3303 815 1 15 43 97 10
328 637 2 138 9 32 12
1872 734 2 124 14 125 14
232 844 3 107 6 37 12
4200 231 1 15 56 105 5
4963 360 1 14 42 99 10
1435 298 3 102 17 350 19
1635 774 1 37 36 44 17
4153 654 2 28 33 279 20
4612 180 1 43 10 161 1
4607 453 2 32 18 70 11
1138 548 1 78 24 30 19
1166 270 1 25 8 18 4
703 760 1 13 31 106 17
12 518 2 78 7 100 15
3188 257 1 24 68 258 7
700 575 1 46 7 85 6
1101 873 1 68 60 31 15
1548 299 1 31 29 33 9
1262 304 1 33 25 47 1
3630 399 1 44 38 209 19
377 919 1 79 16 53 13
2530 295 1 15 68 68 13
2957 870 2 49 9 66 6
2231 640 2 132 10 63 16
150 472 1 41 47 134 4
3081 770 3 95 27 298 11
1685 92 2 33 14 66 2
2744 985 1 47 5 183 4
190 160 1 43 9 171 5
1559 596 1 24 38 267 20
3188 797 1 28 67 199 17
1472 116 3 146 27 48 10
1859 675 1 12 58 80 12
3490 414 1 31 61 136 17
2961 916 1 35 35 32 15
4994 524 1 24 56 150 3
3490 763 1 34 8 217 16
4319 744 1 36 39 250 18
2457 506 2 138 7 49 13
2119 536 1 45 35 146 1
3432 568 1 11 40 66 7
1856 612 2 66 9 110 14
1580 303 2 92 5 62 15
