35 605
4 40 104 528
5 48 80 304
8 40 88 560
1 40 64 496
3 16 64 320
1 32 48 256
8 40 108 688
8 40 92 880
4 24 8 128
4 48 48 752
7 32 24 560
2 48 120 960
4 48 88 720
4 24 40 336
3 24 24 160
7 80 124 992
8 80 120 448
8 40 52 400
6 80 112 976
4 24 40 320
5 16 32 368
4 48 36 224
4 32 80 560
5 64 68 1024
2 40 40 208
6 32 112 864
1 16 20 96
3 48 52 384
8 24 120 592
4 48 124 464
3 40 16 96
6 80 52 304
4 80 128 912
7 40 88 784
3 48 56 352
2005 605 2 59 21 148 3
9645 412 1 42 24 141 15
2415 510 1 13 43 243 17
5713 273 1 37 24 126 2
2973 705 1 32 77 910 6
549 80 1 44 36 743 13
0 573 5 115 27 281 3
1803 87 3 81 23 102 17
0 537 2 70 57 560 1
9693 388 3 127 27 253 18
9757 87 1 97 5 51 10
5587 644 2 111 120 842 9
2857 48 1 309 40 211 2
6318 339 1 95 43 333 20
9121 531 1 28 20 308 4
2687 373 2 103 77 754 11
1908 358 2 153 115 647 18
9593 521 1 38 78 619 6
2251 212 1 26 13 105 12
2485 407 1 18 22 46 12
430 420 1 30 35 174 16
9282 502 1 163 30 315 7
296 447 2 65 13 189 10
9823 668 1 12 40 181 10
10106 208 2 72 5 109 17
9068 631 1 55 12 56 1
5423 268 2 21 35 121 5
2926 527 3 103 64 619 6
5916 511 1 21 14 156 11
9592 629 4 57 40 135 12
0 451 3 77 15 118 4
2110 418 2 50 24 138 3
2199 154 4 174 84 734 17
5855 442 3 56 33 389 8
9413 529 7 274 50 547 15
6465 696 1 13 8 71 14
9812 569 1 41 26 84 5
5771 451 2 67 76 220 20
535 645 1 36 24 78 7
458 667 2 84 36 190 2
2041 710 5 225 73 663 19
5953 221 1 82 65 534 5
0 138 1 35 17 128 2
9745 303 1 154 22 346 13
5401 228 3 104 62 184 7
9646 659 1 96 52 190 12
9184 445 8 236 105 224 19
554 24 3 75 14 300 1
2005 88 3 40 36 130 11
2738 538 1 12 6 60 19
9088 739 1 41 17 45 2
9840 352 1 54 106 833 2
9949 54 3 73 17 340 2
9005 99 4 146 12 132 19
10185 384 1 193 56 116 6
6440 140 1 18 40 138 18
0 677 1 20 29 182 18
2392 541 1 27 56 150 18
9015 267 4 326 30 212 19
9653 690 3 125 95 215 20
1888 569 1 119 41 386 11
2384 345 1 523 92 500 13
199 124 1 35 25 185 14
6418 379 3 101 75 455 3
2321 498 2 26 7 448 11
9794 229 3 142 52 178 7
529 416 2 175 70 579 13
9573 582 3 71 32 435 18
2037 123 1 111 69 168 4
539 379 2 142 18 74 9
525 381 1 11 13 29 7
0 359 1 38 31 468 4
6044 335 5 171 47 162 6
9784 457 2 111 48 456 20
0 625 1 40 8 59 2
0 697 1 148 27 657 10
380 529 6 195 40 553 20
9603 58 1 36 20 54 10
2626 115 1 45 28 487 17
9210 577 1 159 36 399 19
5829 265 4 107 38 583 8
2903 238 1 40 19 72 4
143 98 1 72 36 97 14
1801 201 7 135 62 741 8
0 221 1 31 86 506 1
0 367 3 298 51 215 15
6022 209 1 73 20 195 13
2868 71 2 80 59 522 3
2982 109 1 76 95 635 1
6162 97 1 17 42 128 2
0 748 2 54 15 53 2
9552 157 6 137 41 531 14
2568 286 3 155 65 535 18
0 355 3 96 49 299 13
2032 67 3 159 58 627 20
9343 193 1 56 103 639 4
326 313 4 134 36 315 20
6035 166 2 182 101 118 7
6066 442 3 114 99 333 11
5965 654 1 46 34 396 19
5906 235 1 34 49 482 20
9531 314 4 131 19 446 18
0 554 3 169 59 293 2
0 445 3 44 15 120 13
10171 493 3 83 26 95 6
6044 41 1 43 46 449 9
6349 243 2 85 43 356 1
0 461 2 70 77 155 11
5973 712 3 172 36 235 7
2526 125 1 94 26 346 20
9311 85 2 35 8 76 9
2282 84 1 472 85 216 12
9398 605 2 328 58 518 18
10150 377 3 52 39 67 1
5409 659 2 123 35 209 9
9902 266 1 78 17 541 9
9209 475 3 79 60 228 11
9434 376 1 28 52 232 10
2838 615 1 32 34 300 2
0 560 1 39 26 221 13
464 372 1 29 26 175 14
5963 369 1 37 32 336 13
9311 629 3 329 56 362 9
10031 131 1 39 33 280 18
2724 53 4 36 25 102 2
0 416 2 96 40 115 14
6304 183 2 104 54 566 10
10048 278 1 82 59 763 8
5412 93 3 136 11 107 14
5900 482 1 10 8 40 11
5891 123 1 44 57 265 9
2661 582 1 179 71 243 1
2311 72 3 98 58 208 13
2058 320 2 76 40 170 19
5792 262 2 38 22 191 4
9913 379 1 47 23 126 2
1969 426 1 16 20 36 7
9326 628 2 45 31 116 16
2451 258 1 11 20 58 20
2312 546 1 34 39 678 2
2564 344 1 32 114 236 11
2553 51 3 190 45 486 15
0 86 4 38 21 238 10
9413 271 1 35 4 40 17
9135 464 1 192 70 320 7
9361 307 1 34 32 172 12
6469 504 1 73 62 119 17
2900 714 3 179 35 219 7
100 210 1 29 13 96 15
0 399 2 26 27 236 16
9213 715 1 77 20 129 4
9845 199 1 27 56 460 10
5400 87 1 129 31 141 7
2340 499 2 130 50 274 18
9523 453 1 48 31 827 9
0 629 1 52 87 133 6
9086 435 8 253 25 257 1
2816 371 6 477 81 611 6
0 581 4 177 46 488 7
190 700 3 66 5 111 1
9632 89 2 65 51 294 9
2394 440 2 61 56 383 19
9034 585 2 41 21 96 10
5713 158 4 187 42 414 11
9172 163 2 46 19 203 7
236 443 3 124 44 114 8
6461 171 2 344 112 647 5
0 302 1 19 30 168 5
9092 158 1 32 82 767 4
6358 305 1 90 63 252 9
9282 461 3 91 20 512 20
382 606 1 72 22 101 20
2681 170 3 25 31 144 5
6081 340 1 45 68 471 18
9472 423 3 215 23 729 20
552 446 2 52 24 182 1
2102 27 2 37 52 202 12
5960 359 2 239 63 539 8
2768 719 1 22 49 158 9
0 672 5 132 6 287 11
2688 98 1 34 35 126 2
10144 713 1 36 30 231 10
2541 206 1 111 48 347 11
2100 227 2 98 26 232 11
0 445 2 89 48 340 15
9351 252 1 26 40 146 17
9408 204 4 99 51 213 17
0 703 6 246 101 389 20
9294 130 4 278 56 885 8
5824 490 7 219 27 183 14
0 746 1 25 73 495 9
1862 609 2 59 25 115 20
9862 190 1 57 27 541 8
6415 260 2 64 49 411 4
240 737 2 45 68 314 1
2845 679 3 86 44 254 17
6477 404 2 79 33 129 16
2094 234 5 60 15 129 5
5601 375 1 52 9 47 9
0 725 4 204 81 630 1
0 417 2 68 23 112 13
9235 76 1 19 39 152 6
24 748 2 127 27 175 9
2312 657 5 199 108 232 7
5780 393 1 90 34 190 12
9814 633 1 30 32 82 13
6486 621 2 113 21 472 4
2098 596 1 17 27 228 4
1894 198 3 91 11 212 2
10045 629 1 21 29 235 19
6016 172 1 27 26 271 2
6592 622 2 41 12 246 13
5772 221 2 77 41 120 3
2269 283 1 24 16 209 11
105 419 1 192 35 374 13
2055 368 1 67 25 142 16
9158 394 1 225 69 348 11
9372 236 1 127 55 522 11
6577 192 4 373 63 707 5
9084 293 1 95 48 631 7
6495 141 2 46 5 109 7
9598 636 1 28 28 45 20
9318 209 5 96 36 588 7
5520 156 5 161 30 170 20
2955 564 4 126 66 283 16
460 554 2 60 10 48 11
9228 194 1 26 29 644 12
9514 698 1 80 89 231 9
2787 441 1 77 25 176 5
5865 78 1 46 19 119 15
0 623 1 11 20 56 13
2335 352 5 247 54 538 10
159 681 5 111 49 623 13
9981 384 1 13 20 60 20
5693 645 1 43 27 201 8
0 531 1 62 63 273 17
9233 707 3 214 91 527 10
2266 507 1 129 50 486 15
2216 442 1 459 69 303 13
5711 350 2 122 44 292 5
6370 189 2 21 33 119 12
330 477 1 37 42 332 1
0 576 2 39 39 281 17
2758 724 2 108 69 158 12
2765 570 3 116 116 448 19
5535 281 3 164 44 267 1
10194 371 1 61 36 141 1
5954 215 1 84 12 143 18
9745 162 2 76 73 212 14
5854 63 1 15 19 62 14
0 145 1 81 29 561 12
9772 293 3 64 2 60 1
2976 184 1 33 26 241 3
10152 232 1 115 42 333 4
2009 426 5 294 25 83 5
5965 430 3 210 42 370 18
5810 439 1 47 22 240 4
5424 142 4 143 71 160 10
0 308 1 34 98 765 5
506 469 2 23 46 185 20
570 436 1 53 37 143 20
5912 279 1 13 50 229 14
201 35 1 60 16 227 18
1936 632 1 11 11 57 11
6505 737 1 89 17 280 4
6358 710 1 22 14 86 11
1950 664 3 135 46 437 13
9333 241 1 160 32 239 15
2012 570 1 159 53 292 7
1914 605 4 62 4 94 6
2057 534 1 22 16 81 18
2099 737 1 127 64 391 5
403 401 2 77 19 344 15
51 591 2 216 67 329 1
576 713 1 36 71 149 6
0 111 1 34 25 401 7
5925 540 2 71 23 135 10
381 145 2 84 65 386 11
10140 95 4 102 61 478 5
2871 206 2 68 36 315 8
182 390 3 115 52 295 4
2109 442 1 58 5 46 3
44 686 1 25 23 552 20
9146 531 1 25 110 434 1
9097 589 6 90 61 434 1
2962 32 2 44 96 287 4
6095 84 2 260 51 924 4
9660 547 2 66 52 269 1
0 628 3 224 83 544 10
9339 324 1 104 66 883 10
5960 638 7 293 30 191 10
2331 558 1 89 53 139 18
10149 148 4 67 92 444 10
1924 349 1 66 16 171 15
9171 313 1 14 14 68 13
2765 63 5 438 85 294 8
9084 610 1 28 17 208 5
2221 202 1 45 44 332 1
9371 49 7 226 40 215 2
452 569 3 106 29 149 6
9683 400 2 74 25 261 8
9322 593 3 60 24 154 2
9635 88 3 134 21 211 14
2686 669 2 97 66 275 18
6123 547 1 37 35 295 6
9896 672 2 72 18 126 4
6096 343 3 124 16 76 5
2502 701 3 120 32 451 1
9995 650 3 362 68 486 17
5821 351 2 51 28 58 17
9532 522 1 27 46 177 3
9532 743 1 26 22 192 3
2632 461 3 246 27 577 18
5640 610 2 121 80 503 4
2644 46 1 73 54 162 16
9597 563 1 27 14 311 19
5596 47 2 26 51 460 13
2005 516 2 59 11 186 17
0 378 1 28 46 481 13
0 208 1 26 53 342 15
9396 186 1 167 31 290 7
9716 115 1 27 23 331 9
5891 462 5 362 112 691 2
0 704 3 48 33 149 3
2542 649 3 64 21 276 11
5573 502 3 399 80 781 3
0 400 2 38 4 108 12
83 415 1 31 30 249 7
2519 141 1 17 13 228 5
9165 109 1 40 40 75 16
2434 375 2 34 10 210 19
5461 671 1 36 34 277 10
0 227 1 11 14 58 11
2911 223 1 50 45 141 5
321 348 5 164 40 363 10
10127 156 3 31 28 129 19
9322 523 1 26 38 146 1
0 272 1 9 35 198 2
5889 442 8 258 85 796 12
9515 137 1 15 10 35 15
0 380 5 53 26 355 7
5520 719 3 158 75 219 12
5456 208 1 92 7 69 13
1909 140 1 23 68 319 7
479 481 2 101 63 203 2
5437 34 7 200 91 390 10
2736 159 1 86 61 490 8
1937 229 3 141 17 189 1
9987 377 2 80 80 749 10
5705 135 1 236 24 276 14
141 416 1 24 12 138 15
2992 455 2 44 19 254 3
2727 484 3 94 36 198 8
2782 187 5 302 56 737 5
9914 636 1 89 52 729 16
163 150 3 51 6 33 3
6061 35 4 221 57 548 17
6380 716 2 39 22 241 18
9048 179 1 153 15 361 3
9328 474 1 120 45 414 6
6100 629 3 69 24 109 1
2746 698 2 24 16 303 17
584 364 3 92 26 113 5
2216 461 2 61 60 191 3
276 360 6 113 61 282 8
9258 429 2 40 4 87 3
9682 27 1 353 56 344 13
9120 588 3 44 22 329 14
2794 241 1 30 39 125 10
0 743 3 158 77 572 20
543 37 2 220 53 516 15
170 250 4 160 77 158 13
6206 271 1 16 14 83 15
5490 259 2 364 97 605 6
5693 98 2 100 80 204 14
2182 27 3 261 39 410 10
1855 707 2 281 68 642 8
160 358 4 122 51 757 6
0 740 1 23 43 900 11
6109 193 1 99 42 368 7
5585 347 1 71 14 71 2
9752 87 2 99 55 434 12
6564 63 1 65 3 88 15
2468 157 1 48 47 241 18
0 678 1 34 10 28 7
2402 309 1 62 115 705 16
2642 563 1 29 43 345 20
6392 436 3 101 46 227 9
9644 409 1 67 17 65 8
6181 225 3 71 48 274 15
2002 118 1 36 33 126 4
2519 636 2 86 43 717 12
6574 355 1 287 24 400 6
2066 684 5 287 77 733 19
9207 679 4 121 50 128 10
5652 73 1 19 100 314 16
6324 306 1 58 7 85 7
293 184 2 39 23 357 9
2977 593 1 16 42 238 17
0 228 2 190 72 596 15
2508 404 1 51 39 211 11
2654 133 4 95 101 575 2
2285 647 2 50 27 143 3
10062 650 1 14 5 59 6
0 710 4 383 30 114 14
161 484 2 17 17 150 19
2891 384 1 62 128 697 17
374 728 4 75 6 48 6
0 625 2 150 15 157 5
459 77 3 158 21 562 1
2223 520 1 33 27 256 2
5779 156 2 308 42 626 13
2018 505 3 137 79 395 13
0 99 2 216 89 681 18
2129 284 4 166 85 402 19
5421 415 1 17 12 118 8
2870 37 1 20 43 356 13
272 262 2 236 19 720 14
2925 275 1 38 15 256 12
5577 263 2 53 29 285 10
5822 317 3 90 51 283 18
0 476 2 55 25 171 18
9892 557 1 45 36 206 14
5407 495 2 131 34 152 1
6567 637 2 20 32 317 2
5833 712 1 88 30 107 20
0 485 1 60 21 139 15
2695 737 1 31 37 128 15
2217 618 4 124 69 281 11
6160 625 1 132 35 372 14
9212 347 2 41 12 134 6
5422 476 3 232 28 496 3
5643 734 2 97 36 89 6
5809 172 1 130 36 377 2
9371 253 3 246 34 588 3
2451 89 2 161 30 419 17
1849 181 1 53 14 24 20
0 296 1 200 20 754 18
9271 486 1 161 38 685 4
9966 668 4 78 11 185 10
402 270 1 16 13 34 13
2664 202 2 62 25 46 5
6597 465 3 65 3 43 17
0 43 2 167 62 485 3
381 641 1 13 31 80 11
2768 67 4 183 44 823 5
2631 100 3 173 33 297 4
9309 398 1 72 33 100 15
6467 153 1 75 36 925 10
6248 455 3 117 6 33 3
9983 694 1 25 42 126 9
337 602 1 11 40 191 4
6153 726 1 48 29 252 6
2546 334 8 430 80 315 18
5758 650 8 132 28 291 9
1975 48 1 47 67 570 8
6117 97 1 18 30 96 4
2061 70 1 69 27 229 6
5501 518 1 47 28 230 7
9614 606 2 209 13 223 3
0 52 3 71 27 216 5
5475 118 3 44 3 79 7
2854 546 2 28 21 272 16
0 355 1 74 23 144 20
252 204 3 121 25 394 6
425 41 2 251 105 812 14
5724 400 1 135 32 538 7
2288 445 3 166 81 745 5
1874 115 1 78 26 188 16
0 508 1 64 88 960 10
9408 332 4 67 19 227 19
6169 606 4 239 68 321 4
5643 672 1 15 35 170 6
2650 47 5 287 34 82 6
9521 683 1 25 25 177 4
1902 582 1 14 10 89 1
9636 446 1 28 46 502 10
6427 107 1 11 17 65 14
2939 577 1 14 6 29 18
6035 542 1 143 67 324 1
6349 550 2 70 17 323 1
0 536 1 35 35 109 8
5538 529 3 153 68 344 9
158 107 3 64 21 634 10
9414 94 2 90 5 117 7
5984 638 1 16 20 96 10
2710 493 5 387 42 185 12
6210 286 1 68 29 291 11
2263 741 4 200 28 802 17
9224 29 5 136 32 273 12
0 126 1 26 31 454 2
5404 211 1 166 81 683 12
5455 292 1 47 78 784 3
9197 330 3 44 5 233 15
9899 226 3 112 30 257 11
6206 529 1 59 6 44 11
5968 195 1 130 27 94 19
2926 676 1 124 18 370 3
2400 658 2 160 34 283 7
2073 671 1 15 30 163 17
0 304 1 14 17 58 13
0 556 1 105 27 662 3
9555 201 1 41 18 88 1
5697 574 1 125 80 93 20
5530 283 1 14 8 61 5
71 599 1 14 6 28 11
5496 81 3 71 60 392 1
272 62 2 78 38 542 8
9548 708 2 71 31 173 3
5949 265 2 27 42 211 16
0 678 8 119 40 180 9
9857 274 2 55 33 71 17
10029 657 2 54 29 883 17
10014 543 2 29 18 274 10
2341 578 1 21 11 119 13
1977 428 3 412 29 735 6
2429 519 1 9 5 36 10
5545 209 4 134 52 532 16
2593 407 2 91 31 279 13
5429 31 1 132 94 383 8
2354 58 4 109 23 316 4
540 343 4 136 32 287 9
1977 462 4 66 17 242 17
195 466 1 19 30 164 1
2942 227 4 200 14 280 6
6142 287 1 39 8 70 14
2626 694 1 32 49 273 7
5964 245 2 224 48 319 14
256 155 2 96 103 187 7
9504 513 2 57 24 317 20
5745 519 4 78 23 225 19
1814 536 1 214 40 374 13
6472 553 2 209 77 520 10
6514 99 3 111 25 119 16
178 36 2 44 30 152 16
340 241 5 181 28 641 3
210 23 2 187 56 204 3
174 578 1 230 16 166 10
10148 89 2 76 27 219 9
2637 659 1 15 44 339 8
2642 117 2 13 22 139 18
0 269 3 119 97 132 10
53 287 1 41 52 101 16
6484 646 1 70 54 559 9
6043 523 1 31 54 445 16
1924 284 1 49 37 929 5
172 524 2 163 31 350 9
6327 478 3 49 14 52 6
9476 705 1 37 6 107 2
2648 438 1 10 35 275 17
1824 316 2 58 7 118 5
0 694 1 31 27 126 11
0 46 1 8 51 309 12
9620 230 1 30 15 48 18
9476 338 1 23 43 248 20
0 696 1 22 31 185 17
9842 670 4 218 107 869 18
9638 375 2 21 17 198 9
9459 727 3 50 27 185 14
516 447 3 115 34 543 16
2141 431 1 168 84 509 9
9669 111 1 64 29 215 10
2074 385 3 104 22 218 15
9843 429 1 76 24 310 20
2201 449 2 31 30 192 12
136 287 6 386 30 223 13
2970 180 1 22 18 92 18
516 445 2 33 12 48 4
9049 225 1 87 27 361 7
9526 60 2 89 31 318 20
5726 669 1 25 21 355 1
9488 614 2 75 35 84 10
2552 139 2 68 104 451 18
6395 537 4 143 88 188 11
2644 354 2 79 79 424 14
5631 551 1 29 37 361 6
2809 369 1 34 20 273 17
171 695 3 257 77 422 15
9867 238 1 43 76 391 5
0 361 1 23 14 240 3
6003 568 4 171 115 269 13
0 714 1 28 52 318 10
5648 604 1 31 36 169 10
506 248 2 28 19 208 11
0 261 3 175 41 717 1
9733 419 2 76 16 188 12
5404 261 2 169 22 496 14
5417 121 1 28 27 583 6
425 447 3 47 12 185 9
2340 133 2 22 36 192 13
0 473 5 80 23 277 18
0 49 1 27 29 495 16
6025 106 3 97 27 148 13
0 293 4 276 21 700 10
5650 121 1 21 40 280 6
5848 372 3 78 17 300 14
2402 383 1 25 45 357 2
6204 249 3 143 80 118 20
2235 375 1 129 75 438 8
2383 180 1 28 50 266 13
5684 141 4 279 58 486 12
5466 205 5 124 20 404 10
2828 426 2 31 10 78 11
344 583 3 189 108 282 15
6525 696 2 121 28 356 5
