58 2123
4 32 116 784
6 32 68 608
2 48 76 800
6 80 116 352
6 40 24 576
2 40 64 912
6 48 100 544
7 32 64 560
7 40 116 880
4 32 104 160
7 80 112 224
8 24 32 128
8 32 24 320
5 32 24 720
6 40 76 320
7 24 92 816
6 64 128 688
2 32 112 624
6 64 124 496
3 24 28 656
6 80 60 480
7 80 104 144
4 80 48 176
4 32 36 368
3 80 52 624
2 40 120 752
2 32 124 1024
5 64 64 192
4 24 32 512
5 24 68 144
3 32 40 624
4 32 112 896
2 40 100 528
5 80 88 880
4 24 64 624
7 80 104 384
3 80 68 640
8 40 76 848
7 64 88 480
7 80 96 528
6 32 60 912
4 40 32 896
7 80 84 480
3 48 100 448
8 48 44 800
4 48 108 160
6 32 108 928
8 64 92 768
7 80 112 640
3 80 108 144
2 24 44 448
3 40 68 784
7 64 40 832
2 48 108 464
5 80 76 832
7 40 124 240
8 80 48 992
4 24 80 464
4092 145 1 278 85 308 4
7589 233 1 59 109 469 10
14523 166 7 445 86 365 1
12989 161 5 265 121 477 19
6545 143 1 96 105 98 16
3892 313 1 153 70 782 15
4269 58 2 233 45 101 7
3523 194 1 30 58 380 15
2308 128 3 123 28 174 3
14039 775 3 211 51 317 1
14571 659 1 50 34 435 9
14389 913 1 39 112 615 20
2435 36 2 313 67 834 18
7499 20 2 223 37 164 11
3823 185 2 320 61 217 6
8443 163 4 141 56 281 20
13730 892 1 83 25 623 20
8213 89 6 233 102 134 19
3876 186 2 106 86 141 16
3460 61 1 17 15 415 12
13968 257 2 68 46 629 4
14510 736 2 81 88 360 20
14364 189 2 90 63 113 2
5753 72 2 44 39 546 15
439 170 2 92 51 318 11
7894 131 3 109 31 555 12
10302 36 1 230 46 328 4
7218 191 4 212 62 183 3
3951 209 4 373 46 841 2
3629 110 2 76 50 332 11
7052 332 3 235 51 376 12
8452 14 1 105 55 571 17
11686 335 3 91 77 756 13
13035 77 1 225 59 257 8
11807 827 2 212 108 106 17
2190 675 1 154 44 503 6
4311 198 1 142 116 406 4
7767 657 4 136 34 307 3
11181 349 6 273 76 314 17
12495 71 3 174 70 431 15
7272 259 2 92 36 559 17
2162 234 3 96 51 420 20
4726 315 2 199 26 124 8
11570 300 6 147 84 629 1
2674 32 3 199 47 584 19
3824 339 3 282 69 95 10
1062 101 5 113 24 108 9
9603 150 6 203 79 217 11
12823 331 1 106 77 97 16
13663 101 3 63 46 465 19
11786 887 2 72 48 425 18
219 207 6 143 28 92 12
1379 998 1 24 18 533 2
5134 256 2 80 59 552 14
12938 243 1 47 50 617 15
3684 696 3 74 89 659 17
10394 102 1 75 109 473 11
10069 117 3 168 61 596 14
14338 312 1 148 99 143 7
14873 106 3 115 103 521 17
8072 190 2 198 47 577 5
5153 263 5 287 28 679 18
4331 15 1 118 62 318 1
1216 269 2 84 102 885 18
1530 97 2 177 58 288 16
9599 938 2 208 83 116 11
4259 140 2 108 76 264 19
378 219 6 521 90 86 11
7807 887 1 29 65 675 6
11883 341 2 44 31 317 19
5457 243 6 400 48 316 12
5778 182 4 285 86 136 15
8664 836 4 115 55 82 6
4938 167 1 29 25 518 20
4038 89 1 119 58 132 1
12914 207 4 107 96 110 13
8678 266 1 151 29 89 12
14449 82 3 163 78 875 10
8533 707 1 22 64 663 19
9483 64 6 480 29 549 1
1839 861 6 340 97 333 1
8604 106 2 63 15 509 7
13682 990 1 47 60 467 17
8624 298 2 66 22 496 19
4878 141 3 135 80 331 5
12657 948 1 22 32 445 9
9243 980 4 215 75 351 5
11126 205 1 56 52 395 2
3605 238 3 165 90 412 4
14872 242 4 240 26 655 17
831 37 4 309 46 113 8
883 184 1 91 100 120 19
14114 723 2 305 51 611 20
12876 188 5 436 89 350 15
14193 169 3 233 27 291 16
11567 312 4 499 71 179 13
13773 22 4 134 28 555 20
11443 342 1 54 36 133 19
11105 58 5 151 33 403 15
11829 116 7 378 58 621 13
10585 227 2 174 72 274 13
135 328 2 161 52 616 12
767 230 1 207 53 580 1
10482 37 1 32 68 721 19
4967 16 6 183 42 163 15
5295 84 4 186 33 588 10
14949 163 4 209 49 697 8
1828 79 3 166 38 382 11
6725 636 1 59 38 370 13
13496 46 1 38 82 392 3
11849 990 2 168 40 486 18
8456 145 3 385 51 746 20
3910 199 2 177 69 330 9
12303 153 5 131 22 698 16
244 182 2 63 14 569 15
3178 197 4 353 55 219 5
8464 685 3 81 53 420 5
12321 30 3 91 52 431 5
8912 54 3 206 93 256 3
12650 196 5 298 91 278 19
9036 320 1 193 38 602 3
2779 857 1 67 66 834 14
14377 100 2 117 27 106 18
3515 153 6 358 46 395 11
1845 106 1 46 77 242 4
13413 165 6 271 113 820 5
2049 311 7 487 111 454 20
7838 78 2 151 31 264 12
1436 12 5 126 25 84 12
12609 216 2 67 20 803 16
1691 307 1 89 103 146 13
14919 161 2 62 72 390 5
873 97 4 140 67 623 7
11782 261 1 75 100 483 11
12645 45 2 113 22 440 12
9442 305 2 297 46 636 1
7861 261 1 122 84 490 7
2228 786 1 89 79 81 5
12369 738 1 54 28 339 12
6561 211 3 94 78 80 18
5103 847 4 164 29 580 1
10295 49 1 55 57 475 1
5357 23 4 256 32 110 5
14235 135 5 134 58 726 14
11792 162 1 18 15 591 10
5844 326 6 501 50 357 7
11833 816 1 39 61 320 8
8286 122 3 201 49 420 14
13577 160 2 90 33 141 13
71 966 2 128 48 313 14
4062 343 1 45 41 207 3
8586 215 6 118 18 80 12
7797 733 2 67 97 250 18
6310 107 2 191 51 370 4
7880 620 3 69 32 305 10
1576 270 3 71 23 625 17
4714 80 3 92 40 215 19
10330 290 2 96 23 553 19
8097 157 3 289 71 570 4
349 224 4 156 58 566 13
3912 63 5 170 40 258 10
10885 297 3 243 33 136 1
6671 146 1 56 23 348 15
396 312 4 136 32 545 13
9070 195 2 135 93 78 19
1314 61 3 170 100 133 10
13848 85 3 241 39 826 7
11121 948 4 86 37 659 13
699 173 6 463 41 421 14
4810 77 5 153 63 407 17
1318 733 2 177 44 455 7
4310 36 2 42 24 213 20
13303 316 2 121 31 549 7
8991 651 6 125 61 475 9
4207 606 2 198 71 355 3
9314 102 3 172 55 199 7
7170 309 4 278 47 693 17
12795 67 5 123 14 424 5
2189 131 6 136 25 82 10
3139 851 4 103 27 123 5
13151 332 4 149 21 654 1
14274 200 2 222 97 201 11
14881 241 4 132 30 882 1
3962 76 1 36 66 593 6
676 62 5 239 81 180 12
6899 164 3 182 60 464 10
7654 166 2 54 70 569 6
1587 57 2 185 51 372 10
3448 178 5 127 48 310 2
5187 102 3 60 19 248 6
2163 269 3 89 61 158 1
4255 142 2 77 56 301 5
2480 152 4 510 65 75 18
13441 69 3 125 81 129 17
10159 274 4 149 52 269 11
2479 337 2 100 51 256 13
3321 149 3 223 45 404 1
5947 203 5 151 18 416 20
9313 899 2 80 51 507 11
459 311 2 182 35 690 14
765 266 3 79 67 370 13
11515 897 1 17 28 312 4
10576 337 5 238 92 226 1
13046 217 2 109 71 759 15
10063 261 3 72 22 70 14
79 168 1 469 37 752 16
6225 806 2 165 82 445 17
1088 834 2 106 22 323 4
1093 140 2 101 60 136 19
12435 158 6 376 32 797 19
1660 221 1 120 32 124 7
12835 604 3 67 50 563 9
1778 259 2 105 21 632 17
2671 197 4 218 92 555 13
11251 220 2 45 31 217 18
10323 61 3 228 47 158 9
12955 10 3 285 28 139 19
1924 321 3 93 52 445 12
6826 73 3 104 17 276 9
7501 129 6 365 71 219 3
7005 727 3 91 67 113 9
11037 155 4 73 79 239 10
3482 76 1 160 41 599 16
14312 117 1 124 60 358 15
2679 83 2 95 71 522 5
2497 113 1 30 60 717 4
3065 795 1 62 81 450 20
5230 224 2 160 82 120 3
1130 216 2 134 75 772 12
2537 842 4 122 29 329 1
1123 244 5 318 90 323 7
10170 305 5 347 56 273 5
8626 297 2 127 27 127 16
4927 235 4 299 71 461 19
10438 177 2 79 89 505 1
9490 104 3 252 43 598 14
4599 323 3 122 94 99 13
6143 347 2 51 52 494 5
4965 35 2 89 69 357 18
7378 134 1 45 29 387 18
13433 60 5 370 112 621 13
11305 158 3 119 24 449 15
2583 123 3 90 39 95 8
1662 60 3 83 21 87 20
12391 209 2 178 68 621 2
3295 335 2 87 64 531 7
11242 257 4 218 102 376 1
8401 80 1 35 64 373 19
8431 124 6 157 12 489 10
6355 51 4 306 46 309 20
8404 346 1 46 84 142 17
10457 131 2 139 16 62 14
4521 848 1 42 70 270 1
12856 189 2 206 48 710 17
12510 278 3 84 53 721 10
12553 53 3 90 46 285 6
197 127 2 154 13 330 18
1602 53 3 92 51 313 15
11685 12 3 103 17 523 4
2115 192 1 146 52 779 8
3763 223 4 115 22 346 6
3809 76 2 175 72 393 20
10589 29 6 182 39 634 20
7277 83 1 72 67 640 3
4568 212 1 158 60 767 10
2913 946 3 145 48 875 5
5002 265 5 185 72 666 10
1501 758 3 92 21 360 11
2246 287 1 18 26 225 8
7254 314 2 73 33 803 4
4666 156 2 226 55 456 13
11768 606 4 318 104 344 19
11348 238 3 235 43 129 19
3841 188 1 149 61 508 8
1216 639 2 43 31 241 19
6669 328 1 24 74 854 7
12852 174 3 168 56 723 2
3182 62 4 73 24 88 7
593 651 1 35 98 358 1
5481 166 4 279 94 355 16
5940 143 5 200 80 125 17
13610 54 1 42 24 687 18
10369 821 4 101 45 412 4
10822 13 3 184 95 114 14
1692 74 1 91 114 660 8
5699 106 4 211 26 531 5
12391 178 2 67 98 505 9
12409 196 1 22 21 528 16
13775 217 2 226 60 707 5
3516 297 5 439 76 115 16
540 97 2 71 31 233 12
9412 101 2 38 26 233 8
2030 104 7 180 36 307 6
3020 123 1 161 41 290 16
2978 948 1 36 53 463 16
3237 75 4 216 64 513 9
742 655 5 141 51 459 11
11400 204 4 67 37 212 6
8574 911 4 213 126 438 15
2387 28 4 275 46 118 20
2460 306 4 89 29 367 6
10988 85 3 191 38 598 18
10999 847 2 43 47 431 7
11203 178 1 34 87 247 12
5220 327 2 63 20 464 10
8598 72 1 32 27 491 20
3614 175 1 59 83 634 17
3342 650 1 105 41 113 4
10417 263 4 101 20 186 16
12530 611 2 71 49 159 1
11698 184 2 63 89 409 2
12448 325 3 198 39 264 10
7360 202 4 243 102 359 17
3588 13 1 46 59 137 12
3652 280 5 120 32 646 11
5770 687 3 193 111 209 20
9063 135 5 140 23 558 5
1469 823 4 105 52 552 2
3672 224 2 77 50 697 19
14215 696 5 317 24 828 10
6901 345 2 92 86 459 10
9694 215 3 119 46 652 4
2747 64 7 428 30 537 15
630 37 2 98 54 191 1
13521 117 2 175 49 403 5
9858 92 4 70 46 593 11
5057 74 5 113 17 682 13
13118 328 2 46 24 291 10
7536 325 3 215 40 350 5
12761 637 1 37 34 699 18
12883 222 3 188 57 303 8
14535 174 2 58 105 665 5
8096 143 1 68 60 435 12
3871 256 2 85 94 660 13
5425 245 4 361 24 542 18
12894 207 2 146 71 763 17
3712 125 2 183 55 492 5
6029 690 1 28 30 761 1
12569 122 5 449 32 348 10
1256 213 1 335 31 631 2
6031 297 2 235 60 444 12
10905 163 1 33 111 455 9
9421 231 4 344 60 208 7
7221 172 1 40 103 458 10
8545 193 4 90 58 310 2
11645 57 3 71 15 625 10
7571 623 4 146 28 674 8
5492 118 3 66 45 285 1
4308 183 1 34 44 503 8
5089 313 4 256 34 701 17
14194 715 7 535 88 607 10
5117 294 4 211 57 616 1
10733 268 6 232 43 381 18
10615 287 3 214 38 458 7
1007 209 3 120 124 182 9
6946 150 4 281 38 112 6
8270 73 2 33 22 402 19
1191 602 2 75 102 580 12
11344 269 3 165 60 459 9
1968 111 3 139 36 403 8
6403 896 1 88 104 349 19
2000 85 1 124 50 522 11
3242 274 3 128 111 242 15
11056 197 1 125 44 140 8
10829 225 2 236 36 91 11
12631 116 1 80 53 514 17
10896 341 1 107 44 822 3
3016 639 5 109 36 304 14
6435 696 2 397 90 216 6
769 124 6 185 60 363 19
89 341 4 235 93 430 3
9684 214 1 117 87 764 9
12354 208 1 203 17 306 1
3618 195 1 58 63 468 8
6361 291 4 179 74 656 11
1515 193 2 69 91 599 16
5362 205 6 315 57 607 15
14595 152 1 23 85 298 5
13993 124 6 210 22 362 13
14421 187 1 37 66 253 20
2052 246 1 48 65 318 10
14825 125 5 264 76 355 3
3854 892 6 168 21 226 20
9182 266 2 143 75 401 12
8148 10 3 60 51 456 20
7852 905 1 244 70 425 10
13271 90 5 223 83 455 1
4249 21 2 198 54 875 10
419 223 5 169 50 402 2
8430 757 1 46 50 98 1
5592 341 3 159 31 371 4
6778 96 1 28 35 583 17
9275 721 4 77 41 125 10
8891 941 1 70 80 358 6
1453 278 4 121 42 563 13
10961 214 5 154 51 645 10
6921 784 4 115 52 417 10
1227 803 6 405 83 68 6
5582 222 4 106 53 766 13
12242 125 3 117 80 127 11
5623 12 4 262 47 406 16
10726 98 3 64 66 357 2
13202 741 2 48 28 471 16
13057 134 7 178 19 320 13
5974 77 2 44 72 445 3
1543 632 1 184 71 242 4
13070 161 1 71 60 650 16
295 729 1 34 25 337 6
810 938 5 190 34 687 18
6308 252 2 64 47 519 3
8216 12 2 168 37 336 5
10695 680 2 223 61 246 3
2394 216 4 230 45 309 2
1510 41 3 65 24 73 16
7593 986 2 85 98 723 14
12086 45 4 119 53 767 3
8439 339 1 71 52 700 2
13717 194 1 383 25 938 20
1447 689 2 72 30 491 12
8182 305 3 107 62 853 5
5237 75 1 124 57 100 17
8315 150 2 49 121 618 11
10924 300 1 336 80 95 2
7559 86 4 253 50 390 19
10730 215 1 60 55 121 8
8322 149 4 160 25 454 11
9728 341 1 43 65 567 3
10209 951 5 134 16 328 6
10903 235 5 174 58 576 4
10112 243 6 380 70 238 16
9726 735 1 23 17 340 7
10460 335 3 116 64 129 20
14116 270 2 74 84 74 8
13906 101 1 65 57 211 1
13826 918 1 54 96 82 15
7240 67 1 123 59 378 7
1700 316 5 328 68 410 7
5042 169 6 327 77 476 13
6785 214 4 331 44 369 6
14561 13 5 116 52 423 14
14988 334 5 377 62 240 13
2052 743 1 96 103 276 10
11525 58 1 78 86 335 12
3535 644 4 99 50 127 7
3062 261 1 74 107 243 15
12297 110 8 185 24 89 12
607 215 4 252 68 249 4
474 316 7 500 86 84 16
13613 173 1 32 38 472 19
2397 17 6 388 66 151 4
14411 749 2 127 89 774 11
12127 174 3 156 26 857 7
14269 212 1 29 46 593 10
1738 17 1 70 28 663 3
11449 235 1 32 81 312 20
254 263 3 131 102 219 7
11538 302 1 22 25 359 1
3226 885 2 81 54 474 17
10898 51 1 90 72 237 14
13440 979 8 169 18 248 10
5421 339 4 202 99 669 15
6449 115 4 374 44 735 7
9081 278 3 293 43 663 13
12547 109 4 112 54 888 14
3713 840 5 117 12 636 20
13509 283 3 113 54 674 1
14677 54 4 237 77 516 20
5517 906 2 53 21 307 6
3404 283 3 222 43 424 1
1124 71 1 57 41 430 12
8342 53 5 360 64 246 11
2604 295 3 289 71 350 19
11950 226 2 72 56 588 4
1853 280 5 419 89 113 14
229 861 6 475 65 172 8
2919 112 4 150 11 549 13
5668 181 4 148 18 200 10
9309 106 6 216 98 754 13
4797 251 1 45 96 887 10
1568 248 6 200 65 303 1
5578 119 1 43 39 427 17
9442 167 1 79 67 456 4
12644 75 3 71 41 663 9
11963 141 2 276 42 741 8
4760 40 5 159 60 445 9
11518 193 3 52 49 441 8
2514 28 1 57 39 558 1
5912 210 1 38 54 70 17
13324 117 3 114 92 670 8
1983 292 2 36 26 384 11
1530 654 6 167 77 730 13
2354 752 3 64 84 481 4
12304 302 3 127 23 758 15
9867 126 1 108 89 68 17
215 635 5 178 82 651 12
9515 972 1 29 86 621 19
8744 47 1 85 41 265 7
12978 175 2 108 55 580 19
12325 29 1 41 82 424 13
397 243 3 218 94 66 20
2916 831 4 164 49 513 2
13179 155 2 72 74 231 9
3432 276 4 86 33 543 13
8978 212 2 50 86 477 14
13425 124 5 179 59 551 16
10460 869 3 70 68 576 2
14770 333 5 228 31 676 3
2323 343 3 226 80 278 5
9238 146 2 64 18 495 13
8402 50 2 56 47 335 17
11251 38 3 72 58 618 17
1180 82 7 310 37 702 6
2983 229 6 162 16 123 15
4603 668 6 161 85 194 5
10061 120 4 154 61 873 12
5197 77 2 72 90 555 7
13291 167 3 246 36 781 6
3460 979 2 104 77 217 3
7456 129 1 76 53 575 18
13515 322 1 36 107 285 15
1076 249 4 106 12 265 14
4356 275 7 138 20 73 17
4157 56 2 202 28 266 9
12876 140 3 360 79 242 10
3482 31 3 109 90 579 6
2506 96 2 62 23 831 2
13931 54 4 178 89 123 14
11776 901 1 323 66 117 5
10866 252 4 125 104 709 4
10089 186 2 185 58 282 18
8348 335 3 113 103 119 20
2100 320 4 217 77 748 10
6463 108 1 64 75 111 20
6787 53 6 461 36 536 3
13056 11 3 195 20 569 3
13408 247 5 218 21 753 8
2514 184 1 41 76 397 6
699 72 5 331 74 712 17
9594 703 2 42 24 260 18
5749 283 7 196 22 320 11
278 170 3 118 92 152 17
9674 322 6 168 15 67 9
7171 161 3 175 90 71 11
6643 122 5 86 36 89 8
6546 248 1 61 95 620 6
7211 243 3 238 74 126 1
3066 115 3 229 87 219 12
572 889 5 136 35 238 4
4369 330 5 299 74 354 17
5304 855 1 106 107 119 16
11708 286 4 159 72 837 20
13713 955 1 30 37 497 20
14092 256 1 58 73 337 6
9993 319 1 39 63 296 11
4458 346 4 98 35 565 19
6583 763 4 312 30 650 9
1360 924 3 90 82 661 7
11001 86 1 92 53 227 7
6720 134 6 100 29 91 20
7781 13 1 24 96 551 2
7899 853 3 170 41 266 1
5469 346 1 32 67 311 19
12061 110 2 78 47 780 9
12589 324 5 197 42 248 19
10041 277 2 182 78 333 3
117 165 2 206 106 365 8
5171 246 5 363 74 196 5
4729 142 2 86 85 90 11
6638 327 3 155 83 477 5
9083 29 5 441 85 110 8
394 53 1 87 54 276 5
12214 98 3 136 23 549 13
12616 34 3 123 108 718 17
3761 142 1 99 40 832 11
3609 133 4 115 20 247 6
850 36 2 60 22 871 7
11107 194 1 22 95 352 13
4462 83 2 127 46 108 9
9628 331 2 73 89 455 15
8671 81 1 32 90 494 3
13794 155 3 171 61 101 10
1218 160 2 66 95 722 17
5699 184 6 412 102 179 1
1601 735 6 232 75 677 4
10732 287 3 65 89 557 3
8859 132 5 234 94 280 7
4289 203 7 234 115 177 10
4692 203 2 81 95 450 2
9109 14 4 115 85 99 5
5650 274 1 144 56 397 3
9872 20 3 83 34 522 8
3991 175 1 89 99 249 6
10959 169 2 49 24 313 18
76 18 5 214 54 516 1
9279 164 5 94 18 59 14
5986 350 7 170 50 507 18
2680 195 1 43 78 78 17
13943 874 6 416 37 567 7
1653 236 2 105 78 174 9
14354 38 1 43 51 617 18
13842 54 1 53 37 628 10
13484 834 7 272 21 539 3
3910 214 4 390 51 122 8
3621 302 5 152 31 436 9
161 202 1 46 78 763 5
3288 221 3 84 102 124 13
7641 929 1 58 83 844 16
12312 97 5 228 36 187 5
12340 337 5 301 88 447 11
13075 235 6 398 108 415 18
12578 149 2 55 96 350 15
389 79 3 281 78 210 5
6432 608 6 495 47 295 9
4748 38 1 44 102 274 4
8350 182 3 522 64 180 8
4756 296 1 20 28 325 4
12542 182 3 71 69 212 9
4207 261 6 229 83 404 7
5042 83 7 488 96 191 12
9651 309 3 95 78 180 5
6013 144 2 233 43 171 1
10110 182 2 136 14 448 17
13954 109 4 120 19 608 8
140 207 1 35 90 413 7
10239 102 1 60 26 333 3
3197 343 2 92 13 532 11
14655 963 5 281 93 562 11
13791 726 3 306 59 400 2
11048 908 1 32 111 549 8
10064 148 4 80 33 80 12
14274 21 1 64 67 600 1
5822 255 1 218 53 66 18
2652 326 3 156 28 521 20
8774 859 4 303 41 160 20
3983 306 2 313 22 626 5
10981 1000 1 52 14 399 18
10917 167 2 74 99 498 5
7052 172 4 126 63 439 11
11496 742 2 178 47 396 19
13605 69 1 29 76 316 1
9679 652 4 167 31 615 13
3178 141 2 42 18 478 6
8436 226 1 28 104 624 9
10742 708 3 97 95 524 6
10596 59 5 142 50 344 14
2952 163 4 114 90 478 19
6417 256 3 202 54 127 5
11337 199 3 117 107 471 12
7947 120 6 334 73 543 10
2070 257 3 210 71 76 14
3361 334 4 107 24 295 14
7270 67 2 49 70 114 12
1729 618 2 105 99 513 17
12791 142 3 119 66 188 12
5664 205 3 236 59 858 13
8098 238 7 408 73 508 10
9792 159 3 126 96 110 5
14264 709 2 75 34 535 14
14495 328 8 297 54 527 1
14740 132 5 225 18 462 15
7638 270 3 96 78 822 7
3521 93 1 35 49 704 11
1512 123 5 191 60 500 14
10103 150 7 268 65 240 6
13553 300 7 135 22 82 20
657 282 1 151 42 677 9
5411 263 4 98 68 492 10
8876 720 6 421 87 95 20
4871 313 1 58 38 489 10
9666 283 2 228 46 420 20
13394 50 4 232 75 284 20
14859 137 3 59 27 568 19
8864 239 7 394 35 498 5
1187 58 2 150 56 547 19
9580 51 1 54 28 422 15
7322 838 1 83 78 783 5
6228 215 3 181 62 439 10
460 226 6 457 53 155 7
5954 238 8 435 54 397 19
10928 300 1 46 74 448 7
5871 253 1 70 65 494 4
5019 73 2 111 44 398 8
5928 137 2 117 21 710 11
7707 652 3 189 35 809 12
12709 350 3 71 15 626 9
1765 139 3 202 60 568 20
2700 135 4 237 31 431 17
6227 111 4 159 98 126 15
13622 309 7 310 40 624 2
415 48 5 108 67 342 20
4681 243 2 185 74 228 7
14851 155 3 174 36 101 6
8435 955 1 33 37 555 5
12298 249 4 107 64 191 4
13556 29 3 143 25 510 16
13729 42 5 87 26 118 13
11605 149 3 76 57 454 4
12244 126 6 320 41 403 18
11068 847 1 127 43 110 11
70 126 6 277 74 337 6
10347 234 5 166 32 700 13
13520 156 6 543 59 99 13
8623 153 1 49 39 144 20
959 171 1 64 39 848 8
13098 192 1 128 61 493 5
11517 56 2 62 22 623 20
9028 101 6 257 122 137 12
502 236 2 203 54 391 7
2376 143 2 215 64 343 7
3092 41 5 332 57 107 7
12742 20 1 246 89 352 20
10320 216 5 188 53 457 7
11614 106 3 172 64 89 3
3185 345 3 234 70 95 19
8992 25 3 251 49 97 2
8970 211 2 142 31 317 16
0 238 5 471 45 484 11
1610 139 1 78 59 695 2
11714 236 4 186 25 483 16
13275 266 3 206 49 344 18
5214 203 2 232 46 160 6
14160 336 2 45 37 366 3
9167 59 1 34 36 745 6
6142 261 1 23 25 352 10
5880 319 1 76 62 97 8
11940 328 3 245 107 147 17
3532 165 3 117 59 260 13
9242 252 5 446 86 110 13
11738 314 2 114 89 82 4
9200 74 4 394 45 404 18
2207 277 1 35 92 441 15
1254 136 1 39 39 246 1
1838 643 6 317 88 292 3
13814 757 2 64 77 400 7
4304 202 5 326 53 484 10
14029 310 1 75 82 101 16
2406 709 1 53 41 496 17
3084 146 5 288 41 945 7
6569 193 2 125 72 184 13
10677 96 3 252 23 766 8
6114 54 1 79 87 66 8
13341 247 3 97 81 73 11
13609 30 1 110 32 299 1
11586 760 6 438 85 244 3
14086 345 2 152 41 400 2
4941 247 4 83 17 416 3
11539 276 4 260 68 130 17
13686 349 2 159 112 458 1
4077 108 3 193 51 224 14
11392 314 6 379 40 519 2
14157 228 5 154 62 676 13
3330 249 2 189 40 227 15
4845 721 4 124 52 255 7
10071 100 1 45 24 447 16
14038 245 1 27 76 750 6
14866 275 3 162 29 105 10
10329 280 1 410 38 811 2
14405 338 3 82 19 381 11
14094 209 5 274 49 745 11
14491 107 5 341 96 297 11
11581 276 3 134 23 251 11
9818 204 2 229 74 540 18
7446 87 3 67 18 323 20
160 778 1 80 82 81 13
7285 79 1 29 24 569 6
10942 233 1 40 100 448 17
13331 85 4 167 46 407 6
2965 224 4 322 41 405 8
14995 232 1 88 48 295 5
5319 286 6 203 13 211 12
3986 130 5 114 59 488 6
6591 26 6 450 111 417 16
7509 158 3 107 15 554 7
2413 258 2 60 70 387 20
12789 51 3 171 99 217 1
12480 151 3 90 22 314 8
6210 79 6 285 30 639 14
10539 607 6 275 56 470 4
13851 34 1 38 64 323 13
2419 115 3 248 94 466 6
8692 131 4 250 102 509 9
12328 154 2 84 88 343 17
8443 99 2 87 52 364 5
9088 70 1 29 103 374 8
9086 110 3 75 22 70 4
11951 93 1 301 54 187 17
8895 54 4 93 22 501 20
11438 20 3 131 76 270 15
3723 316 5 178 19 290 10
7979 335 6 153 37 559 16
6554 238 1 65 68 451 20
4150 25 3 124 55 251 7
9922 200 1 31 57 323 17
14314 50 4 152 95 192 9
1480 780 7 395 45 322 16
5990 341 1 46 39 488 18
8097 258 3 481 29 810 4
4600 257 4 234 36 566 3
6969 329 6 218 85 416 20
13748 88 3 107 56 405 14
4766 160 6 338 70 255 1
1440 276 1 53 37 561 14
1626 294 2 153 35 84 6
10253 60 2 131 60 625 3
7799 792 3 71 34 321 14
10456 45 4 209 15 289 16
383 80 1 61 77 423 9
7313 279 2 107 56 119 10
9968 35 2 97 63 387 11
10376 23 5 143 48 871 9
5360 269 2 186 61 234 2
10832 166 4 118 69 309 18
11084 95 2 97 94 243 6
6291 302 2 44 22 486 2
4375 71 2 263 33 468 20
4392 126 8 415 47 481 10
14470 297 3 65 71 742 12
3435 629 1 39 29 300 19
1712 302 3 136 50 107 5
5506 238 7 204 23 244 4
5328 296 2 175 51 482 4
6083 58 4 120 82 422 2
8171 294 5 421 45 316 5
5344 338 1 152 117 196 3
111 13 1 225 61 274 5
7775 344 4 167 76 180 18
7505 238 2 109 54 430 14
7895 168 3 152 33 168 8
2981 264 6 415 44 478 11
11648 229 2 32 35 230 14
4881 288 6 430 29 439 11
5758 33 6 161 37 538 8
4944 248 6 477 29 896 17
10503 136 4 301 44 408 9
3122 131 6 360 70 306 11
11527 202 1 65 27 472 8
10301 214 1 57 19 365 2
5960 651 3 90 37 574 1
11552 45 2 154 49 529 17
3901 253 6 428 56 667 17
14110 245 3 312 46 84 1
9378 136 7 216 101 787 20
8149 161 1 155 27 98 9
4764 141 1 65 29 442 3
14201 125 2 126 50 97 20
14715 266 7 490 65 135 17
9952 191 5 232 122 175 3
10912 192 2 57 64 413 1
1102 214 2 63 108 760 6
14670 243 4 69 43 439 19
7198 15 1 35 53 658 16
11937 76 1 33 89 241 4
10412 895 5 238 60 571 5
139 65 2 158 76 621 20
5537 208 4 149 54 287 18
13291 69 4 134 20 285 20
4754 258 4 87 60 284 19
9614 304 3 155 60 235 1
7411 785 3 305 34 112 3
1676 17 1 171 106 275 13
1614 200 1 61 94 531 1
10384 174 1 301 55 339 11
13028 304 1 159 39 98 17
8860 69 5 313 64 466 10
610 27 4 177 40 133 9
3203 99 3 184 46 170 3
5291 61 1 73 44 411 2
472 98 3 361 58 332 8
10567 947 6 408 57 85 1
13781 93 1 35 36 601 19
98 10 2 57 51 116 7
13523 220 1 47 28 249 1
3930 101 5 278 50 473 7
70 308 2 48 24 348 16
209 342 6 120 16 95 9
519 176 3 138 81 623 11
4447 31 2 80 22 623 5
13495 80 4 154 101 453 12
4408 317 5 255 30 144 16
6487 296 4 402 95 74 16
8837 188 1 53 52 290 6
14783 187 1 21 31 361 8
7848 247 1 44 75 863 3
5683 233 1 59 17 349 18
2707 244 1 47 65 391 15
8868 221 4 141 65 839 17
12405 46 2 80 36 560 18
7827 261 4 177 71 98 8
8245 315 5 158 112 869 10
11452 74 7 306 23 634 7
2139 46 5 131 52 271 4
11058 334 3 248 48 324 14
7160 147 2 79 53 441 7
5134 327 7 554 98 97 7
6079 875 2 64 52 150 9
13307 133 2 53 71 255 16
10537 11 1 130 40 85 7
4520 46 6 405 61 323 16
7458 16 2 227 106 292 1
9080 132 3 64 28 107 8
9304 274 2 192 38 145 19
1250 155 1 48 39 516 9
11837 35 2 252 41 313 17
5459 308 1 106 34 143 11
14226 186 4 132 85 88 2
114 87 4 84 65 714 5
12302 322 2 66 77 220 7
12446 250 3 254 113 526 19
5565 744 2 32 17 414 17
12190 297 6 407 80 112 6
8039 194 5 144 21 166 8
71 97 5 153 68 229 14
7106 343 5 291 70 310 5
6244 127 2 316 40 623 9
8777 117 5 306 70 659 5
5262 297 4 321 85 462 16
6311 848 5 227 45 448 5
297 65 4 301 54 263 4
704 930 2 223 72 85 3
8538 37 5 187 24 470 6
7335 72 3 70 91 452 6
7520 968 1 31 56 536 16
9523 17 1 263 39 769 16
12624 624 1 326 68 325 13
2012 275 5 195 61 165 15
3934 95 3 129 81 438 15
4703 217 2 215 38 391 8
13472 148 1 37 57 370 20
9464 182 5 219 21 271 5
12804 777 3 232 45 152 3
12995 124 3 220 83 414 16
4342 175 1 38 85 249 14
9121 158 6 195 78 392 12
4587 147 2 162 19 292 18
214 311 3 91 30 282 13
10174 256 5 199 69 698 3
12438 35 7 244 66 619 15
11428 174 2 97 103 97 15
13882 277 2 59 79 117 5
3712 75 2 80 58 464 2
12201 170 1 59 41 298 11
10768 75 3 132 107 127 11
10742 301 6 325 84 334 8
7998 96 3 72 48 592 16
3875 261 3 63 52 129 5
12196 294 3 91 74 842 14
14781 350 5 108 79 677 18
7543 43 3 112 17 871 6
13281 249 1 34 97 501 17
5048 221 4 139 45 406 13
9385 226 2 49 66 432 4
10613 100 2 63 95 699 10
10708 16 6 174 61 746 4
12312 213 2 96 72 280 3
13895 332 1 180 22 405 16
4122 216 4 109 50 451 8
3729 14 2 80 35 896 4
13986 288 3 138 56 105 13
9231 292 5 112 20 223 18
4233 102 2 48 70 379 13
8691 36 4 154 24 623 11
13591 158 3 136 58 205 11
5780 60 1 141 53 482 6
14806 958 2 166 58 197 15
5022 108 4 226 33 177 18
14584 273 2 82 93 240 16
11378 805 2 96 17 584 7
7248 778 1 61 18 621 7
9692 137 4 132 31 742 12
7383 629 1 90 58 346 16
10259 89 3 86 28 416 6
1261 140 2 57 86 661 12
1771 347 2 235 57 340 7
935 306 4 87 18 484 11
7713 726 1 30 51 769 12
12102 201 5 126 17 127 11
9254 17 4 221 34 692 14
13398 836 4 329 58 349 11
12790 326 1 29 119 766 11
12221 322 4 128 65 697 14
7455 314 4 223 73 292 9
5691 23 4 183 50 293 4
8068 161 3 215 87 354 8
2530 254 6 433 33 424 9
9555 248 5 333 60 462 17
3964 787 1 67 94 310 16
4658 286 3 111 55 525 5
2646 214 1 47 30 250 9
3548 328 3 214 81 217 6
11508 19 3 216 41 880 1
10334 313 3 111 30 67 5
7631 189 3 159 57 551 4
9465 794 6 184 22 200 20
8266 290 2 126 63 681 2
1706 221 5 399 49 294 15
14173 340 2 112 31 881 3
7358 196 7 188 70 205 13
4420 872 1 47 14 441 9
11777 280 1 87 55 666 3
10348 632 5 181 35 275 1
6546 698 3 111 28 404 12
4434 328 2 214 31 419 2
1104 10 1 36 113 488 7
6619 145 4 81 75 470 8
2022 347 7 186 20 67 7
11734 114 3 162 69 576 9
6163 260 3 92 61 418 13
14725 149 3 236 107 513 9
7487 61 1 71 65 649 8
4814 340 2 47 41 98 14
10746 260 2 69 54 538 3
4712 346 4 104 36 239 6
11118 180 2 119 86 443 13
13003 32 2 74 52 461 7
7961 62 1 133 59 524 17
6534 144 3 101 65 301 16
14483 182 1 35 61 113 18
5466 321 2 55 108 937 3
9554 964 1 152 40 377 11
4955 183 2 71 22 537 4
6958 201 5 283 72 294 7
13977 130 1 81 54 907 11
8911 141 6 172 16 215 10
1819 907 2 143 26 137 5
988 280 4 368 65 636 11
5178 734 6 407 81 177 18
14681 178 2 346 62 346 20
4259 266 3 146 100 663 12
580 296 2 225 20 316 13
9800 350 1 38 71 517 5
11144 22 1 23 24 321 17
10709 261 1 38 95 300 12
12646 283 3 84 59 127 8
7089 119 3 389 51 352 1
13033 230 4 172 92 619 8
7672 168 4 364 67 419 20
371 28 2 97 35 353 8
12964 336 6 200 26 629 19
5077 938 2 51 102 656 15
3056 55 2 75 66 607 6
12306 122 1 56 42 367 17
5980 158 6 272 37 640 18
4759 346 4 116 94 866 9
3541 279 1 71 49 127 4
5218 161 2 130 48 641 9
636 273 1 30 92 403 11
4596 204 7 523 76 521 12
4666 153 4 131 48 408 2
14119 323 3 189 34 111 20
7109 29 1 30 24 573 4
8216 323 1 56 62 384 18
14507 853 4 85 73 612 17
7128 286 6 180 102 511 1
4979 234 1 149 88 587 14
4103 228 3 167 48 458 15
11089 63 3 103 33 226 12
8317 842 3 228 24 121 6
8108 142 6 163 55 254 18
4000 324 1 218 61 400 3
11038 245 1 30 70 758 2
12203 244 4 190 45 591 8
8743 320 3 64 63 101 3
11987 853 4 235 69 298 20
13189 21 3 68 13 611 19
14335 113 6 466 92 447 11
6235 71 4 339 87 226 4
7658 82 4 91 71 835 19
7325 258 1 270 70 333 20
12851 350 2 154 59 397 20
1092 12 4 118 80 407 15
10321 127 5 161 43 433 18
7618 600 1 35 61 583 16
13183 207 2 119 33 354 16
11732 278 2 130 82 74 13
7839 988 1 39 52 260 3
12779 318 5 177 23 191 12
6061 65 2 122 57 332 15
5621 222 2 74 91 440 9
773 108 3 127 37 618 14
8123 230 3 94 78 461 3
9530 348 3 213 27 745 4
11594 171 2 64 62 632 5
14668 706 3 83 61 93 6
11325 815 2 105 85 102 11
6373 190 2 148 22 498 4
4489 655 2 96 94 116 9
11031 140 2 62 74 603 3
2690 327 2 78 59 650 3
2983 101 2 160 29 136 12
12023 47 4 118 42 484 13
5664 324 3 119 106 629 15
236 18 2 294 49 346 17
7651 299 7 297 81 335 18
12397 231 6 473 66 323 15
12862 894 1 418 59 182 2
10564 301 1 23 82 282 1
1029 28 2 69 78 158 13
1320 166 4 185 63 358 12
9244 129 1 72 64 441 9
4776 347 2 33 27 474 16
3920 220 4 269 81 406 11
84 259 4 73 59 741 11
12090 227 5 291 68 467 6
660 209 3 154 56 169 4
2505 26 4 309 78 222 7
12850 887 3 180 53 89 8
10948 183 3 289 87 416 16
6191 864 4 137 17 164 10
2850 101 4 145 15 185 14
4219 83 2 104 39 110 4
6029 348 5 217 30 123 17
11094 603 1 28 76 359 1
13043 262 3 111 39 894 12
7536 58 3 94 64 83 6
8725 124 1 70 97 398 15
2618 51 5 392 51 115 17
1094 251 1 31 112 496 13
4201 194 4 92 57 774 16
14255 62 2 92 34 96 15
9144 269 6 156 30 447 7
10569 75 2 65 46 239 2
13967 23 2 59 100 823 10
2487 72 2 290 48 111 13
7369 709 4 326 56 194 13
14994 187 7 216 60 406 1
1693 190 2 137 68 113 8
13445 856 4 156 53 844 7
4130 70 2 91 20 681 6
11262 291 6 193 55 309 10
8038 84 6 239 46 632 12
3133 30 4 149 100 850 16
13393 63 2 91 23 626 13
10668 49 1 228 27 415 15
14020 963 2 44 25 376 16
10103 121 3 189 67 294 20
12989 263 2 70 49 111 6
282 154 3 313 51 171 20
13200 81 4 194 27 485 13
14814 154 3 241 45 297 4
5218 270 2 43 58 442 2
6755 172 2 156 96 319 16
13382 736 3 93 64 85 18
3040 40 1 110 53 404 11
13783 307 2 38 27 339 13
8163 173 2 38 20 373 15
9147 104 1 32 90 903 1
1740 195 4 493 91 426 15
12104 87 2 42 61 364 12
9171 243 4 130 33 854 8
14411 92 3 231 58 553 18
3637 40 1 163 77 397 3
5897 38 1 49 66 418 17
13001 62 6 301 28 633 11
7016 67 2 124 97 323 3
11724 141 2 88 77 660 1
12585 194 1 80 34 137 11
5786 783 3 236 13 406 1
8327 103 3 53 31 611 2
3870 286 4 292 63 250 7
10059 103 5 194 50 384 4
8502 607 6 230 81 581 7
4238 181 2 52 49 93 10
3843 302 1 33 90 628 4
13789 179 5 183 30 557 14
7908 145 3 85 47 310 10
7153 732 4 144 59 444 9
14660 12 1 28 39 606 18
149 158 3 105 21 336 3
10718 211 7 226 55 433 15
2151 867 1 138 64 533 1
4647 247 3 80 110 705 5
1365 28 1 320 66 403 19
2198 70 1 31 68 813 10
14893 326 4 109 61 320 7
9241 838 3 116 24 376 5
4944 148 2 67 61 214 2
3409 193 3 123 13 220 4
13978 285 3 202 68 106 5
4675 267 1 36 71 542 13
14010 138 5 168 50 557 10
11298 160 5 374 46 635 10
7849 331 5 227 109 474 7
1676 347 1 20 38 386 9
12534 213 3 343 81 280 17
5559 838 1 36 59 610 15
3605 261 2 60 64 144 13
5146 309 2 82 104 152 15
11868 746 2 65 67 105 16
4363 142 1 178 70 846 8
939 737 6 370 51 366 16
2195 261 3 89 96 460 19
9541 149 7 422 28 454 3
3015 24 5 392 74 178 4
13655 301 1 33 116 541 16
12126 314 1 120 24 87 11
3646 823 1 31 26 327 6
3244 164 4 81 22 423 2
855 209 2 48 119 1014 4
6957 283 3 69 48 776 2
6014 146 5 86 65 73 6
8165 796 6 173 71 908 19
9663 161 1 55 77 242 17
10551 65 6 140 40 302 19
5805 817 4 345 102 328 8
14633 135 2 55 39 710 11
3182 156 2 54 107 593 4
6332 166 5 212 13 292 2
5493 187 5 188 39 420 1
586 304 3 221 75 727 7
8477 63 4 142 67 218 5
6453 83 1 44 103 870 4
12562 818 6 323 95 159 18
5934 833 3 84 61 329 18
1902 224 3 76 94 603 16
10809 219 3 84 103 438 9
7930 871 3 146 27 634 11
5626 300 6 232 52 247 4
8236 129 1 23 27 367 5
304 193 6 307 71 757 6
5769 137 1 30 72 596 12
1526 157 5 86 20 74 7
7632 259 2 237 55 748 19
1575 832 1 35 66 222 8
2050 783 4 149 21 463 3
9764 296 1 67 51 457 14
2752 256 3 212 51 441 14
10877 91 5 171 61 463 2
11221 628 3 172 49 769 4
14988 271 4 103 43 813 9
357 267 2 92 53 454 19
4927 171 4 197 12 459 16
5771 864 1 143 72 141 12
10007 105 3 140 19 299 10
12042 74 3 65 15 475 6
383 144 2 380 92 524 3
4084 333 6 401 52 295 10
14695 261 3 64 46 328 1
7768 885 4 240 96 451 20
5321 183 5 302 29 662 15
9780 238 4 270 45 83 7
4707 41 6 187 49 262 6
5155 179 5 342 60 298 15
13162 334 3 72 29 319 11
5234 71 5 238 59 119 4
7436 14 4 133 98 783 3
5748 237 2 175 71 425 17
4848 335 2 147 37 175 12
14171 201 2 64 94 675 6
11505 741 5 350 74 172 5
11913 92 4 87 71 577 18
7263 301 1 24 21 414 12
474 47 2 276 88 418 4
11683 263 2 190 55 451 5
2289 212 2 62 38 500 19
7918 104 1 39 41 489 7
10912 157 5 229 69 187 6
11611 600 1 31 111 568 2
964 209 3 81 17 345 14
11310 129 5 286 41 693 7
7637 257 1 50 76 620 16
11657 311 6 475 82 427 13
7700 138 1 25 62 494 16
10970 254 1 27 96 382 9
2432 288 4 100 53 259 13
5966 716 1 168 103 235 8
13200 210 1 42 78 214 8
639 980 4 443 99 79 16
9883 315 3 114 31 883 20
13005 267 1 197 40 476 4
3148 100 3 186 75 577 10
1698 307 2 177 32 399 10
1978 123 6 197 32 539 4
3374 28 1 209 20 365 4
9069 204 2 56 94 117 11
2357 185 3 125 19 535 11
7699 107 4 246 70 511 6
2251 237 2 91 64 566 6
826 791 1 391 50 461 10
12753 33 5 334 61 669 3
14522 672 1 160 63 65 6
1569 180 5 319 61 597 3
14341 292 2 89 61 615 2
10772 176 2 61 52 409 7
2430 340 2 93 59 117 18
7109 205 1 18 23 372 9
4478 151 1 43 97 75 12
14237 147 3 131 33 802 14
6731 171 1 78 69 114 16
7042 726 1 48 65 569 8
1256 146 4 313 29 394 16
1951 147 3 112 64 273 5
8397 179 8 604 48 727 20
12172 350 3 221 105 193 12
2008 19 1 74 60 330 3
11978 909 8 304 74 561 8
3730 254 4 363 36 538 4
4584 86 3 132 64 239 11
11079 72 3 318 107 251 9
3605 94 1 34 22 274 12
2041 341 5 189 45 467 5
4272 806 4 156 97 133 9
9707 78 2 93 51 117 18
2862 71 1 30 33 479 4
3502 93 1 30 55 421 2
4330 261 1 40 23 474 2
12859 180 4 127 37 388 2
9495 303 1 138 23 547 11
5536 242 1 23 101 524 11
13744 211 1 24 80 912 3
8706 114 4 100 74 608 13
4224 39 6 402 52 461 9
6757 212 2 70 91 709 14
9490 908 3 86 78 608 5
13166 975 5 329 83 276 18
354 159 3 138 53 367 17
6214 87 7 192 64 206 11
8071 323 4 127 23 228 2
5024 846 4 158 89 146 16
4621 23 3 73 29 453 3
12739 933 3 165 105 147 17
4275 16 2 137 75 77 20
9979 43 3 138 75 126 10
6283 821 2 134 58 768 2
3496 113 2 68 29 745 13
5526 112 2 68 31 595 15
14118 248 1 55 61 548 7
1225 47 4 185 41 683 11
10552 192 1 86 76 517 18
5954 337 4 76 27 395 4
8226 184 3 178 30 466 12
6487 27 3 259 23 506 10
3174 167 3 118 25 173 3
56 203 1 36 48 496 17
13478 232 4 203 78 407 17
6100 215 2 68 20 446 15
10893 91 5 294 88 349 15
3260 330 3 80 107 145 12
9384 230 1 22 40 261 10
7580 256 4 305 74 336 6
13439 254 7 144 29 89 18
2519 243 1 40 51 407 4
14517 144 5 299 62 441 9
7501 36 4 131 19 273 12
2141 119 3 192 43 334 13
10768 677 1 51 88 78 10
13894 10 4 105 24 610 16
413 678 2 88 30 268 4
10061 750 6 372 25 656 7
12221 68 3 227 86 138 15
14567 106 2 176 73 383 5
8577 124 3 153 30 135 8
1056 65 1 66 61 242 9
3749 95 3 126 51 398 1
5374 294 4 82 21 329 13
3356 753 1 59 70 505 17
7640 695 3 67 16 505 3
1075 756 1 140 37 549 19
10458 285 3 158 19 113 6
1764 829 2 91 108 424 16
3574 810 2 66 51 403 17
7432 278 1 63 21 366 1
5472 160 6 341 70 107 1
11341 70 4 242 38 350 1
14728 308 1 66 62 119 19
1669 179 3 274 31 427 3
11586 234 2 175 67 171 3
6771 257 4 73 49 561 17
10381 952 5 348 76 399 6
11016 35 4 414 59 300 12
5576 264 4 103 28 170 20
8696 321 1 71 44 535 4
1780 219 1 47 20 378 20
9369 211 1 36 89 460 13
3364 244 3 135 19 376 8
8831 226 1 28 29 451 16
8919 156 2 64 63 453 5
6675 190 1 37 72 728 8
9736 264 2 62 66 324 20
2905 743 3 270 45 807 8
4539 134 1 39 24 303 4
13427 850 4 196 71 279 8
10045 12 3 57 26 424 9
10932 974 2 46 73 763 20
585 66 4 68 61 99 2
176 323 7 425 42 665 14
12438 206 1 79 31 817 13
6859 996 2 64 62 425 18
2965 872 2 78 75 361 14
9412 209 2 62 18 280 14
11808 286 1 31 29 581 6
14447 29 4 88 51 601 5
12186 71 4 90 20 672 8
2620 158 1 24 23 607 9
5736 146 2 93 92 341 17
3330 63 2 71 23 370 19
9057 961 7 157 23 101 17
7010 36 4 243 105 517 6
641 27 2 68 33 202 1
970 238 1 62 55 80 18
5151 101 1 89 35 564 7
3706 65 2 38 39 415 8
3953 248 1 95 33 445 15
6408 235 4 277 58 351 4
7239 218 3 119 61 543 2
14319 686 1 77 43 572 9
9472 617 4 291 33 514 1
1930 718 4 248 111 609 10
8352 808 2 118 56 247 16
8624 10 2 310 65 367 1
7382 242 5 176 57 185 11
1192 60 1 115 41 81 13
13324 52 1 166 49 197 8
19 24 2 181 53 204 7
7941 845 5 181 70 152 20
10781 67 5 137 50 648 12
8837 143 2 83 88 438 17
9436 893 1 34 48 695 15
8710 335 2 96 84 722 4
14465 70 5 113 49 724 2
2980 701 4 296 39 714 2
10968 836 2 219 84 626 5
11959 783 3 105 94 91 8
11248 185 6 164 30 330 12
5161 338 3 183 44 470 13
2645 650 1 371 65 622 1
13639 51 3 187 71 426 17
1581 997 1 31 58 363 8
1350 147 3 53 24 468 19
9583 184 2 93 68 605 11
2405 223 1 285 39 952 11
11071 866 2 158 89 89 7
12760 80 2 203 44 417 15
10980 346 1 18 18 479 3
14030 185 5 278 55 589 12
4833 281 1 60 94 295 8
1553 269 2 84 73 472 7
3754 685 5 213 91 296 15
5216 616 5 367 89 376 13
529 140 2 55 21 429 5
11365 235 5 153 112 783 1
5834 243 1 105 73 523 13
14221 701 3 252 61 456 20
5247 175 4 115 62 866 12
6166 85 2 129 52 462 6
13868 269 5 399 64 194 9
8101 293 2 87 40 504 8
1043 65 2 213 78 516 4
11429 288 1 60 60 469 13
2756 219 2 86 44 259 19
10014 193 4 86 32 108 12
2939 78 7 268 103 190 4
9985 746 1 216 48 447 1
2514 238 2 66 72 593 8
3146 164 4 324 70 673 5
5350 324 3 64 47 87 1
3218 210 3 176 32 103 5
13821 806 2 190 60 425 19
13983 125 1 31 74 487 2
7777 243 1 34 63 205 19
13525 678 3 133 100 353 18
10557 20 6 383 71 320 17
3227 286 5 348 64 196 4
6264 120 1 40 45 726 8
5631 11 3 95 57 867 20
6912 31 1 29 78 892 1
12717 682 2 222 80 561 20
13956 343 7 210 89 133 14
10191 28 4 108 65 896 19
248 901 3 89 57 554 4
12842 340 6 431 50 126 3
8778 108 4 149 28 716 10
12674 144 4 63 25 315 6
9882 84 1 40 55 586 1
6947 46 4 380 41 468 6
14693 619 1 31 34 396 4
1311 906 4 273 63 422 10
3172 647 5 335 93 397 20
4689 321 1 64 35 387 4
8329 71 2 369 72 448 1
2141 18 2 44 57 92 7
1082 60 3 87 17 600 8
12655 916 3 112 102 86 17
1333 898 1 68 66 353 20
11533 981 3 105 60 432 12
12867 18 3 210 57 178 20
9616 748 3 80 111 873 3
854 63 5 315 114 203 1
4293 283 4 259 77 450 5
12498 96 3 89 47 327 18
3177 859 1 26 56 502 11
9313 654 3 127 102 386 9
3045 262 4 147 15 702 19
10417 919 3 99 23 786 2
6001 125 2 61 105 452 19
6082 93 6 408 54 254 5
1343 42 3 208 102 239 2
12272 36 3 254 58 313 9
12434 301 2 94 22 570 9
14495 313 5 378 58 276 18
11546 68 3 82 13 579 11
4851 817 5 281 68 399 17
6643 203 5 85 80 673 11
2274 201 2 129 44 297 6
8423 251 1 59 105 525 15
11283 233 3 193 51 301 14
13729 244 1 56 67 582 20
5194 926 7 231 97 432 9
11073 96 6 121 19 113 14
9658 182 1 24 116 641 7
10470 173 3 132 23 317 16
7404 332 2 113 38 138 15
8208 348 3 150 71 91 1
8747 625 3 110 57 169 4
13640 74 6 471 82 196 3
1813 52 2 237 49 409 1
10477 131 5 261 45 415 12
5725 189 2 58 21 551 11
9789 67 1 127 60 304 15
13969 148 2 72 47 121 12
7154 139 5 184 45 668 9
2479 13 2 58 88 476 1
13059 643 4 125 48 565 13
3137 63 1 68 69 143 8
391 306 3 324 37 644 6
5408 37 1 24 78 331 7
6602 51 1 57 41 478 17
4459 124 5 206 60 176 11
11269 198 2 218 80 506 6
4563 124 3 177 97 323 16
11278 342 1 179 49 395 5
13902 38 5 287 20 716 10
9283 117 2 173 51 127 9
123 68 1 80 35 622 20
13758 40 2 72 82 671 1
9523 102 2 163 91 141 16
14844 963 2 122 44 424 5
12339 61 3 60 50 594 3
11077 998 5 400 80 256 19
12981 164 1 49 84 512 8
1342 296 2 340 32 495 10
7008 94 2 232 73 198 12
6966 689 1 28 52 795 19
2353 291 2 69 75 367 2
415 345 2 482 75 317 11
8442 819 1 29 74 506 15
10414 839 3 225 70 509 1
551 327 3 75 48 92 17
8570 251 2 152 76 132 3
4059 242 4 308 67 211 18
5352 216 2 43 53 490 16
1770 335 3 148 45 231 19
9330 643 3 75 58 462 10
14153 159 4 280 62 220 15
6021 335 4 100 25 123 8
13864 170 2 75 18 522 9
552 224 4 286 41 520 14
10428 15 3 96 26 109 1
10722 133 1 37 99 362 5
13216 350 3 95 81 143 20
13795 35 2 149 59 575 10
11585 87 4 100 80 524 16
10215 111 4 262 50 373 17
4221 164 4 128 44 305 7
5234 301 3 308 55 828 20
11881 327 1 194 58 117 18
5241 123 1 303 87 149 10
1996 202 3 70 15 331 17
12189 28 1 40 59 444 20
6224 29 5 386 55 407 14
5547 111 1 162 40 102 6
14740 728 1 72 18 491 12
8413 301 3 95 20 298 3
5012 167 6 204 18 278 3
9873 965 2 76 62 361 18
3755 959 2 96 67 134 18
6656 229 6 245 83 173 4
8903 798 2 58 57 564 10
135 341 3 103 86 834 5
10398 309 3 210 41 658 8
3893 290 5 352 54 313 5
13691 205 3 63 96 661 12
10144 324 2 210 108 318 7
6781 309 1 50 72 679 12
7176 56 4 71 47 383 2
7186 151 3 161 30 423 14
8085 30 2 43 54 603 14
3193 33 5 322 72 394 2
7951 224 1 43 37 459 3
3920 248 5 433 74 458 18
4260 959 3 214 29 145 1
13653 944 4 276 78 615 16
3481 209 4 216 59 294 10
13669 336 1 64 82 554 1
561 158 4 280 43 495 2
9306 33 3 90 27 545 13
11340 200 5 174 12 458 3
6076 176 2 83 61 590 5
7075 42 6 199 71 437 4
9871 270 3 59 36 138 20
9353 783 1 54 99 395 2
1420 984 3 90 15 335 20
13684 43 2 54 18 550 14
3635 62 2 218 59 133 6
11951 277 7 158 70 802 4
11100 179 3 171 33 509 1
13660 259 3 110 78 92 9
14668 605 3 85 73 451 7
8819 860 4 202 40 362 7
12298 38 3 297 73 766 15
6564 52 1 29 68 552 5
11747 144 1 121 18 178 13
10760 81 3 125 12 284 3
2800 26 3 131 76 270 7
9025 106 7 351 21 632 20
12383 605 2 79 59 450 10
12512 303 2 156 60 298 11
10021 336 1 29 109 833 4
5533 316 4 151 23 695 6
6154 12 1 21 17 321 3
3828 48 3 214 75 420 11
3236 1000 1 40 66 745 10
3654 275 4 305 69 653 14
881 64 2 58 89 129 9
14607 323 4 85 92 464 17
12199 90 3 65 70 380 8
5929 292 6 297 43 432 8
6089 54 1 37 34 637 5
2946 302 1 31 66 533 19
7437 34 5 174 46 456 4
1401 36 1 19 26 407 2
2799 332 2 244 83 145 4
5907 307 1 29 59 317 6
3795 333 3 134 80 192 17
5995 223 2 68 83 344 1
5685 331 4 246 29 381 19
9350 202 1 71 63 595 2
4857 118 3 81 100 96 11
7812 147 2 171 46 144 15
11484 155 3 301 83 204 9
9058 606 1 28 90 509 18
6524 105 1 43 63 554 18
3899 769 6 143 80 423 6
7940 756 2 74 32 699 4
1688 37 3 75 30 402 7
1957 103 3 166 64 798 4
9950 83 5 164 21 293 13
2749 180 5 151 43 828 11
6710 216 7 191 14 216 4
3845 69 6 303 22 782 15
7743 278 3 213 94 114 5
11139 279 1 21 28 322 15
3999 168 3 323 82 115 6
9997 71 2 84 75 493 12
14867 53 2 57 77 424 5
6720 116 2 79 47 441 15
14981 27 2 75 59 653 6
3380 275 5 330 74 126 12
3492 794 4 175 44 327 4
6157 131 4 173 39 427 12
14420 272 3 171 98 108 1
3521 332 2 138 19 376 2
7358 935 4 77 68 67 5
14421 797 1 28 70 510 18
3213 672 1 62 36 614 19
3396 301 5 108 73 654 15
290 621 1 30 57 449 11
1706 19 3 189 58 176 14
2537 269 2 75 50 447 17
6676 333 2 77 67 310 6
7803 193 2 63 65 130 13
3246 25 1 54 28 577 12
14454 668 1 40 30 491 15
14228 240 3 228 29 742 9
7556 895 1 80 103 386 17
10797 25 2 73 90 150 14
5276 336 8 237 73 685 8
10129 191 1 53 33 397 20
3295 127 1 166 49 291 9
10868 956 1 34 97 336 7
5164 242 5 223 42 766 12
12891 74 2 42 49 485 15
14913 243 3 426 85 610 17
13819 36 1 153 27 432 12
1249 906 1 23 36 378 9
7407 249 1 58 75 697 11
5486 208 7 388 25 724 14
10995 242 1 67 65 431 5
1395 292 4 100 27 128 5
11463 108 3 74 27 106 18
14281 85 4 351 24 422 6
11641 236 5 411 61 221 9
13223 262 4 91 54 520 5
13690 130 2 70 108 432 2
14200 216 6 192 71 580 16
9481 275 4 101 87 565 2
6406 726 2 221 49 508 6
11246 641 2 39 35 616 18
4637 272 2 36 58 360 6
5681 257 2 63 113 548 16
1920 193 4 139 14 476 10
11763 328 3 84 79 808 20
10316 209 4 223 48 757 9
4618 129 2 239 100 193 8
2498 202 3 539 75 446 4
2329 214 6 300 45 577 14
2564 79 1 34 83 393 17
10966 93 1 28 58 758 2
3606 329 1 234 103 132 18
9361 73 1 114 75 738 10
2503 268 6 209 61 523 3
14391 111 1 147 38 422 18
14646 69 1 31 113 672 11
6194 40 1 38 75 340 12
10521 59 6 192 54 670 2
12774 239 2 90 33 508 5
12644 336 2 219 103 594 10
7678 81 1 132 65 241 8
4068 302 3 54 64 336 12
432 207 7 148 21 62 13
9165 118 4 116 99 542 14
9966 907 2 92 15 643 10
5112 10 4 75 31 335 12
10621 135 4 170 24 749 6
13668 222 5 314 56 363 5
2796 143 4 171 59 197 12
14303 315 5 425 88 245 12
13053 116 1 93 64 153 20
1286 134 4 285 65 298 8
8071 728 2 58 17 533 18
635 94 1 110 24 322 8
11236 753 2 274 74 503 18
8528 980 2 121 41 567 10
12894 204 6 199 81 445 14
9750 222 3 79 34 310 11
10200 312 2 63 56 409 2
9209 635 2 38 23 463 14
6155 63 2 70 63 405 4
6306 713 2 143 77 106 14
12589 148 2 68 59 476 13
416 51 4 174 44 373 1
1035 208 7 236 93 175 7
5586 198 3 81 33 717 20
1242 62 4 88 53 485 16
5128 39 5 250 91 469 13
8387 774 3 156 77 306 2
3712 229 2 67 23 416 5
10211 133 5 282 46 366 10
12402 175 5 144 56 720 1
14180 246 4 350 76 359 10
284 671 1 73 48 639 16
12850 341 4 550 107 291 5
7627 894 3 85 62 265 11
13788 85 6 383 63 102 10
5496 347 2 184 90 122 16
2225 946 3 101 55 527 6
14227 59 2 96 76 212 11
9117 259 1 53 59 438 7
7389 263 1 22 25 345 2
8661 219 3 227 60 607 17
4524 107 2 206 79 781 3
11356 137 2 54 81 509 19
14927 11 3 91 50 838 4
13039 840 1 82 17 360 14
9023 108 1 28 37 649 9
8722 78 5 221 43 694 20
11387 828 1 70 20 628 6
11719 245 5 103 28 123 3
9082 704 3 121 34 494 17
2203 926 1 35 91 348 17
11918 83 5 99 23 92 6
8743 842 2 458 78 386 20
7517 667 7 401 103 206 3
8204 284 2 68 98 118 12
6078 326 4 168 45 481 8
4545 171 7 229 21 269 6
6174 73 1 70 53 572 3
12135 264 8 176 27 113 12
4172 95 6 421 95 86 10
2648 928 2 60 21 248 11
14073 217 6 371 76 133 18
11482 16 1 39 54 338 16
9351 940 6 369 30 463 17
3705 796 5 398 45 504 2
1445 144 4 448 52 591 1
4850 64 1 110 27 95 7
5316 645 1 29 54 580 2
5668 926 3 194 31 309 17
11441 223 2 217 58 351 20
748 833 3 94 34 667 2
13063 191 1 40 56 893 20
11555 27 4 201 73 437 6
2934 50 5 274 96 492 20
10336 341 5 406 54 404 8
8499 957 3 227 45 422 9
7113 855 1 48 35 414 7
5956 285 3 97 98 616 7
7686 118 5 304 71 648 15
8820 59 3 161 32 688 9
5994 278 2 108 56 238 1
10074 904 2 164 59 409 6
1928 84 4 79 18 69 7
12428 327 1 95 74 502 12
9838 346 4 243 19 463 19
11378 277 1 54 86 707 12
1005 66 4 293 88 354 12
322 234 1 100 55 796 16
8073 216 3 225 37 87 18
7422 280 1 23 89 696 8
136 610 2 121 28 560 20
4337 266 4 79 79 693 7
14362 212 1 65 77 717 20
13527 154 4 178 64 629 10
7104 793 2 94 112 492 9
5298 114 2 76 85 308 18
369 900 4 273 38 733 12
11679 122 1 32 61 560 3
8452 70 2 42 34 129 5
7293 981 6 192 14 402 15
5664 298 3 123 24 269 2
6797 317 3 108 97 688 4
4471 212 3 72 25 331 3
10158 226 3 184 67 175 20
2639 259 1 62 109 431 13
11926 114 2 54 90 713 17
11221 210 1 44 72 549 10
4917 253 6 256 37 810 16
7743 11 7 448 43 463 8
3227 973 7 389 57 558 11
14611 265 6 111 25 118 9
151 97 1 23 42 262 6
12286 138 2 91 26 462 16
13939 245 4 151 18 225 16
14508 37 3 73 53 739 19
11964 758 2 79 59 730 20
10291 741 1 145 67 493 11
11130 236 1 92 49 625 10
1968 624 6 263 47 659 12
6207 165 4 126 23 204 9
8485 342 2 239 36 334 11
6191 60 6 143 61 670 1
5947 142 6 483 78 505 1
6395 243 4 313 50 233 5
12071 12 3 169 38 542 17
664 337 3 56 33 307 8
11779 197 2 133 37 383 8
9546 81 1 157 34 580 10
6287 270 3 154 32 527 1
2936 652 6 163 18 500 18
10819 55 1 45 62 239 2
7031 308 4 195 56 233 8
6854 235 3 432 83 312 8
12149 76 2 70 47 321 7
7863 315 3 223 36 455 4
6318 42 5 207 29 768 5
9707 174 1 66 57 461 10
7480 165 7 363 90 694 9
8659 241 3 67 83 97 20
14827 343 5 126 59 550 19
1746 140 4 216 45 334 1
14879 212 2 204 49 142 9
10390 955 1 80 62 423 8
9273 740 4 214 73 272 10
4184 234 3 247 96 475 13
12679 58 8 258 44 405 5
4287 279 2 163 64 221 15
10361 323 4 333 78 591 5
5547 111 6 460 51 327 6
7421 65 4 144 88 657 5
1746 263 4 107 110 585 4
732 773 5 290 21 416 18
14731 697 5 351 72 130 20
11870 268 1 58 63 358 11
2218 51 3 204 82 144 12
11107 118 3 91 30 477 1
4697 48 4 273 80 137 13
13139 291 2 67 53 287 17
5769 171 1 82 101 435 15
11617 164 4 313 108 181 20
10064 622 4 286 57 316 15
10710 201 2 48 33 386 16
2664 40 4 80 53 104 19
6577 350 1 123 38 293 17
11737 711 4 232 48 766 15
4872 73 2 82 21 321 18
8556 274 1 47 39 215 10
11683 175 3 113 89 426 16
13660 170 1 159 75 675 2
5635 279 1 129 30 163 3
8260 273 2 285 28 612 11
1852 914 2 104 72 217 9
12397 224 5 119 16 62 2
5540 682 3 67 44 491 15
4399 309 3 273 87 185 20
3808 163 6 371 26 821 4
14850 609 4 209 27 80 8
9930 264 4 84 45 129 4
9833 256 1 63 64 822 11
11503 284 2 61 98 105 16
3068 164 2 61 102 498 19
13893 714 3 58 80 378 10
6376 15 4 383 82 222 2
9591 300 1 74 96 358 8
9128 648 3 111 43 707 20
1397 41 1 35 70 671 6
13120 637 2 185 70 279 6
3094 259 1 55 114 714 7
6447 314 3 216 15 314 13
8177 22 3 74 60 660 8
7539 691 1 23 34 447 4
5376 620 2 142 100 451 8
10751 655 4 380 111 541 8
13473 218 1 43 54 664 2
6528 109 4 219 77 708 7
3173 708 1 24 40 363 3
9178 121 2 37 39 272 12
12802 42 2 64 55 682 6
3595 301 1 38 72 258 4
3996 647 4 92 90 479 1
5214 344 5 289 70 73 2
11505 303 2 51 22 565 14
7693 123 2 46 61 859 3
5409 132 2 85 65 552 20
8829 56 4 289 70 430 2
817 190 2 180 103 324 18
9013 160 1 272 29 547 9
615 272 5 96 42 576 11
8842 57 1 160 27 580 5
4451 233 4 154 14 355 7
13811 799 4 350 38 234 2
5139 757 1 33 76 448 7
1030 113 2 95 71 906 1
13546 222 4 81 59 556 20
11069 210 1 90 53 372 13
4968 297 5 391 61 110 6
4122 283 2 78 61 81 13
14103 138 3 67 61 109 4
2725 11 2 72 59 487 6
3723 201 1 149 72 129 8
11259 38 5 188 62 223 13
14797 181 2 82 16 303 14
8451 693 7 449 76 137 11
12510 59 6 144 54 554 15
6659 38 2 51 64 136 9
2327 27 6 193 73 410 18
5292 230 4 184 113 660 13
664 228 4 107 59 571 13
7015 709 2 40 48 439 18
11233 298 2 149 55 827 9
556 236 1 30 89 577 20
13563 157 3 163 77 631 6
9129 257 2 166 56 495 18
10411 29 2 72 88 350 15
15 303 6 250 32 566 10
4813 256 1 205 35 484 4
10567 983 4 122 55 498 10
11927 18 1 45 57 312 17
3518 76 4 225 55 416 4
6901 43 7 378 91 211 19
5595 31 1 32 77 479 16
5191 177 1 44 37 72 11
7714 156 6 165 11 157 11
10293 33 4 191 124 220 7
10475 51 3 53 37 398 9
7739 674 4 301 94 464 14
1037 187 5 146 50 190 4
7600 225 1 22 64 352 12
13107 162 1 39 63 274 11
593 341 2 185 32 154 7
4440 249 4 77 54 128 5
5675 687 1 266 92 198 3
5948 634 4 133 19 727 18
14741 123 2 52 77 484 15
4966 124 6 435 83 461 1
10932 289 4 267 71 591 16
1064 192 1 82 16 774 9
13870 637 1 175 62 163 14
12660 89 1 44 82 405 8
7888 187 4 71 74 604 12
14891 197 5 185 113 421 19
10395 27 2 214 54 175 1
5162 855 2 113 60 315 16
8690 209 1 21 14 427 15
9408 883 3 99 18 420 19
7281 213 3 72 52 529 5
12409 126 1 27 93 480 20
9295 282 4 282 104 468 2
3788 286 5 171 64 183 20
7928 201 2 79 64 903 19
2907 193 3 183 103 87 13
6272 314 4 67 22 343 6
2112 996 4 281 85 212 13
1630 271 3 247 82 383 15
9459 100 1 88 49 65 11
2191 222 2 65 56 536 4
2529 245 2 65 64 104 8
133 691 6 231 67 198 16
1539 176 1 140 37 122 20
14287 54 4 113 46 244 1
270 225 1 44 66 459 2
287 41 4 297 100 287 10
1872 148 1 197 111 450 18
13553 40 4 169 67 247 15
7376 880 1 46 21 625 14
790 252 5 354 77 138 12
1611 339 4 118 16 708 13
12695 110 1 85 48 188 18
1401 255 5 366 72 355 11
9151 91 2 34 27 584 17
13700 122 4 296 84 396 13
9864 840 5 219 93 318 3
11862 266 2 230 58 102 19
11713 213 1 304 87 458 15
9715 843 3 188 84 476 20
6569 990 3 186 44 533 19
7056 189 1 108 73 730 13
3463 249 2 214 29 390 10
12919 136 1 26 116 991 3
2091 334 3 177 76 366 12
3285 283 4 263 49 665 11
13737 243 3 243 56 790 16
5933 180 5 95 52 102 16
5607 83 2 202 34 361 6
2674 134 6 469 30 335 8
13667 307 1 49 106 798 2
12872 185 3 48 40 463 2
5632 657 7 314 44 269 7
12268 766 4 152 22 267 5
992 157 2 316 85 231 5
5027 346 2 203 31 162 9
3481 346 6 420 37 376 5
1342 134 1 66 50 340 13
8868 170 6 331 37 560 2
6430 243 5 183 23 503 2
13736 267 4 311 38 151 17
14258 130 3 177 120 441 1
10575 909 1 37 111 471 2
3097 150 5 109 40 759 16
9601 322 5 434 36 832 10
6832 160 1 42 21 382 9
1887 296 7 272 36 634 1
8730 925 2 68 58 130 1
14333 151 2 55 36 263 17
7289 109 2 51 114 558 17
5579 191 6 268 119 215 3
8911 324 4 264 84 543 8
3533 75 4 178 39 745 8
1991 749 3 265 85 659 20
14756 84 1 25 26 331 1
5302 212 3 241 98 331 19
4349 945 5 157 29 416 20
1537 24 4 242 85 428 12
1834 273 5 117 20 115 11
12055 287 6 345 55 474 12
9779 51 1 36 45 668 1
12086 123 1 82 31 171 18
6435 862 1 35 25 324 8
3567 106 6 276 106 271 8
8322 118 1 98 41 83 20
7270 207 3 315 56 98 18
7322 320 2 61 88 721 6
2603 832 4 255 59 218 10
7134 183 1 32 19 635 14
11763 613 2 144 57 341 4
11829 735 4 263 93 279 3
9882 347 4 229 77 346 17
5442 275 2 95 15 685 13
11709 123 5 252 85 320 19
3158 205 4 399 66 765 9
14704 60 5 389 90 197 7
13268 77 7 267 70 512 11
101 75 5 142 65 600 18
7978 311 2 64 20 475 14
5830 121 4 268 77 191 17
8336 189 2 93 70 763 8
4894 55 5 347 90 507 16
14906 822 5 198 20 315 10
8528 173 2 75 42 831 16
9267 116 7 447 61 514 5
616 284 3 148 18 266 18
1379 323 3 444 95 251 1
7113 187 1 150 48 537 12
451 95 4 111 92 817 13
12185 60 8 441 47 492 1
2684 208 2 64 62 615 2
6782 341 4 64 35 491 17
3277 26 5 198 41 184 17
6748 304 4 200 22 311 6
1022 249 2 49 102 112 20
11089 60 7 223 47 536 4
1177 18 3 290 65 299 7
5868 115 2 191 80 572 15
342 130 2 38 16 393 20
7857 301 2 74 27 613 7
3542 648 6 354 73 343 8
8861 213 6 231 80 597 13
10042 614 2 58 50 295 5
2527 241 3 82 35 404 1
3368 196 5 347 102 161 2
5899 309 4 384 84 192 5
89 273 4 290 38 719 2
10298 658 3 142 115 244 7
414 191 1 29 91 538 14
14209 279 2 136 59 225 15
7961 151 1 76 60 454 3
11231 296 3 92 68 759 7
1973 876 3 180 58 289 16
2514 685 4 111 29 591 10
12737 198 3 68 28 421 1
10488 918 6 531 41 555 10
4140 236 1 61 62 874 19
3980 163 5 149 65 312 5
2871 252 1 70 52 448 6
3713 303 2 172 16 557 15
13638 182 3 66 23 338 10
11802 125 3 216 87 84 18
13796 224 4 181 22 630 5
9669 61 3 66 36 95 2
1389 322 2 164 35 148 1
7753 221 6 107 31 87 5
4365 950 3 178 67 549 18
1910 77 6 411 75 356 5
113 308 2 113 58 441 19
139 72 4 156 31 710 16
