11 101
4 24 128 384
4 48 92 384
5 64 52 656
3 32 100 240
5 40 80 960
4 64 116 544
7 80 32 400
2 32 92 192
4 48 92 608
4 24 20 208
4 40 60 320
2269 204 3 77 19 128 2
2899 474 1 15 83 126 15
9344 45 4 175 25 195 20
30 185 2 29 41 125 13
2261 51 1 31 71 247 19
9597 478 2 138 104 114 15
2968 439 2 29 10 182 17
2329 658 4 76 46 332 16
9951 211 1 24 62 57 15
2923 428 1 38 62 129 5
0 20 2 74 54 340 5
9188 513 1 34 30 216 7
5949 367 1 38 39 224 3
210 256 1 64 46 166 7
9108 20 2 52 52 612 4
6071 361 1 13 58 149 16
2055 424 1 186 63 116 6
6136 460 2 72 45 332 10
0 94 5 122 57 506 20
10140 429 3 71 19 141 3
2987 74 2 83 32 341 9
2756 645 1 24 55 111 10
9794 518 2 48 54 174 14
5938 583 1 37 67 195 10
0 76 3 51 16 194 13
9940 344 1 40 14 124 13
110 244 1 17 43 313 7
6331 21 2 91 81 505 8
1842 745 3 194 40 408 11
5548 711 2 77 68 125 17
5876 58 2 27 59 95 13
2599 93 1 101 54 204 5
474 276 3 86 14 107 16
5794 138 3 41 46 135 7
9485 249 2 27 37 176 19
10041 475 1 16 86 80 8
6600 306 1 50 106 114 1
6209 219 2 77 13 193 17
326 386 1 37 44 271 6
2711 244 2 156 50 364 9
9025 259 1 20 65 274 7
2099 330 1 79 50 176 14
6460 306 4 74 56 539 12
5608 168 4 139 68 689 6
5781 237 1 60 29 388 11
84 345 3 71 34 148 9
1903 146 2 91 24 254 15
0 680 2 64 33 156 2
0 96 2 26 88 100 10
6418 282 1 43 87 168 13
502 220 1 54 32 177 10
2803 183 1 14 48 107 17
375 595 1 22 81 332 16
5889 378 2 178 32 160 3
2446 409 4 191 47 275 2
286 310 3 113 21 296 20
1906 594 1 38 39 271 2
5816 425 1 31 42 369 8
0 114 3 126 50 465 2
5515 743 1 19 61 230 20
9400 678 1 22 45 155 2
5501 564 1 52 16 99 3
9611 167 6 364 14 146 20
70 534 1 24 8 92 8
6390 366 4 148 31 183 6
1954 553 1 30 71 204 17
10 43 3 291 11 244 2
6506 317 1 29 61 117 20
2541 231 1 143 63 249 10
5710 60 2 90 39 221 10
6382 550 1 38 15 112 4
6215 732 4 104 13 155 9
10131 215 2 31 124 361 10
0 719 1 158 20 299 17
6283 687 2 73 13 206 16
9798 23 3 237 31 534 11
246 365 3 54 8 109 10
9539 353 2 344 12 218 4
10131 86 3 114 54 239 5
509 735 4 79 97 262 5
0 62 3 144 37 299 15
6004 566 1 54 36 161 6
9066 560 2 39 41 314 19
2096 175 1 76 68 589 12
2160 114 1 28 57 137 6
2054 434 2 92 50 483 4
6263 42 1 124 65 400 15
6441 71 1 311 15 85 12
0 42 1 35 50 178 20
0 174 2 130 45 783 9
0 200 7 456 19 271 15
9996 526 2 65 75 91 6
0 650 1 58 18 161 9
2586 294 1 21 24 175 8
2140 625 2 29 11 43 3
138 214 1 82 20 592 20
9815 716 1 43 69 177 13
10188 20 1 275 14 226 3
5523 225 4 182 25 266 17
2291 465 1 43 71 319 6
2353 370 1 35 29 643 18
