6 41
5 32 72 208
7 48 80 736
2 40 128 144
3 48 100 752
4 48 128 96
5 64 92 1008
258 201 2 35 48 92 11
1357 360 2 67 66 49 2
2014 146 2 181 17 182 9
1554 244 1 22 22 64 16
1259 139 2 49 45 177 10
897 545 2 63 53 28 4
2399 243 1 26 70 39 20
2067 99 1 81 38 31 1
1890 224 1 20 86 22 12
767 489 2 64 37 235 14
1386 505 1 176 61 345 4
1095 209 1 27 30 66 1
75 371 1 141 32 512 1
762 615 1 33 34 36 17
1604 402 4 71 22 51 9
515 536 1 32 66 67 5
1638 238 1 25 41 67 20
498 260 1 34 35 65 18
1700 116 1 73 25 110 18
2293 483 3 95 34 505 7
1930 492 2 90 23 555 6
1189 32 3 131 41 145 5
1671 115 2 49 21 146 20
79 419 4 235 54 281 11
2215 311 3 115 44 63 12
1357 616 1 58 19 121 15
1946 134 2 66 59 327 6
73 214 2 223 64 709 2
1535 388 1 113 47 254 2
1940 570 2 58 48 105 5
1935 285 1 19 54 294 9
2266 179 1 30 49 128 10
604 511 3 86 37 45 3
216 240 1 25 69 86 6
261 162 3 68 41 67 10
1847 66 3 116 24 547 11
1496 81 1 19 74 79 20
1672 475 1 13 38 137 15
539 337 1 15 24 110 20
1035 634 1 51 55 562 4
1462 373 1 23 29 43 2
