62 1661
8 32 64 944
5 80 76 256
6 80 116 656
2 64 108 240
8 40 68 96
5 32 128 512
2 40 108 800
5 32 40 896
7 32 76 368
3 80 92 288
8 32 60 320
8 80 124 112
8 80 60 960
6 64 24 784
6 80 104 160
4 80 84 544
3 48 28 912
7 80 128 688
3 24 32 112
4 40 68 880
5 32 84 944
6 80 100 400
3 48 28 896
6 24 72 112
2 48 88 800
2 24 120 272
6 64 88 736
6 40 28 160
4 64 40 464
6 40 124 240
6 80 80 528
4 80 64 864
3 24 80 128
3 80 96 1008
7 80 32 160
8 32 92 208
3 64 60 640
3 80 84 1008
3 48 24 656
2 24 92 944
8 32 28 704
4 80 68 896
6 48 120 880
2 80 56 848
4 32 56 160
5 40 124 640
7 64 56 800
8 80 60 416
7 48 84 304
4 80 52 944
3 24 28 160
5 80 104 192
4 80 128 416
7 64 128 784
8 80 120 480
6 32 56 400
7 32 72 800
4 80 88 624
8 24 84 704
8 80 24 240
3 80 48 416
4 32 24 112
13123 417 1 143 14 482 20
13471 476 2 149 46 234 3
13791 508 1 52 19 67 20
6829 349 2 51 20 424 3
10076 385 1 111 41 347 5
804 107 1 18 33 549 3
18095 261 1 25 8 302 17
17372 395 2 352 9 57 6
19220 157 3 237 39 391 2
4492 137 2 98 17 252 16
15385 406 1 35 65 392 7
5449 228 1 110 24 128 7
15819 74 1 37 14 158 7
4029 361 3 52 38 64 4
707 155 2 269 55 331 20
101 238 1 19 8 69 6
17521 539 4 199 48 473 6
10997 141 1 72 7 113 7
5311 398 1 99 48 266 5
14496 12 1 103 10 314 6
9647 162 1 197 33 127 6
12184 452 3 128 9 295 5
11232 172 1 19 8 28 1
12999 343 1 152 10 548 5
10155 501 6 190 25 134 6
7176 99 1 35 79 177 7
8908 212 3 89 13 626 6
8264 202 2 115 81 134 6
7146 289 1 38 8 182 5
15746 486 1 112 27 543 17
4422 363 4 139 26 189 6
12211 319 7 272 13 74 17
275 210 1 41 10 103 4
5593 191 1 37 69 115 3
16104 215 3 48 6 120 20
14797 480 1 37 20 113 3
6981 358 7 104 50 249 7
868 95 1 27 13 454 5
15251 101 4 80 15 650 6
14457 394 1 29 43 384 3
5778 57 5 355 49 342 5
9440 33 2 153 22 128 6
14775 229 1 40 41 432 17
12511 296 7 431 18 319 2
3028 306 3 124 67 128 17
19028 16 1 153 11 70 3
898 204 1 57 55 375 1
10323 17 2 127 7 34 3
9818 125 4 246 18 274 3
8367 468 3 115 30 278 2
15742 167 2 40 18 109 7
9491 522 4 81 47 257 4
7714 366 2 128 85 161 6
14214 37 1 16 40 127 16
8649 296 5 102 36 141 18
2562 175 1 54 50 250 7
8349 503 1 33 14 219 4
1556 10 1 140 58 429 1
8181 65 1 108 14 154 1
10150 58 4 53 25 421 6
9794 528 2 112 54 322 2
5817 280 1 25 12 26 3
15652 286 1 30 12 159 5
3739 168 4 147 21 615 1
3291 222 1 49 14 119 4
19391 306 1 103 13 144 7
7226 168 6 109 34 108 6
18829 524 1 11 54 397 7
1672 148 1 191 53 357 3
7132 516 5 197 39 21 5
15646 98 2 64 10 225 2
15149 145 1 177 60 126 15
5204 456 5 72 19 298 1
15295 22 2 81 22 548 2
3228 286 1 51 13 56 4
9728 167 3 134 44 140 15
1745 406 2 31 22 54 5
10664 495 2 47 27 264 5
8281 168 1 37 9 186 6
14611 244 1 135 22 213 2
11468 482 2 24 34 242 7
12585 318 2 30 34 31 7
16972 162 2 117 30 112 3
16512 342 1 35 12 67 7
1406 10 1 89 19 198 19
7490 251 2 154 27 433 2
12098 268 1 40 41 256 6
10494 245 2 62 54 176 2
775 405 1 101 40 259 1
15860 382 2 118 23 255 20
2135 146 2 157 82 202 6
12730 195 3 39 18 288 7
4851 300 6 323 69 136 7
5950 354 2 187 21 266 16
1592 123 2 77 40 417 7
4632 182 1 62 20 293 7
10963 350 1 16 43 32 3
9157 466 1 49 68 333 15
12619 39 3 104 27 531 4
16938 378 2 123 57 374 4
4577 115 1 311 11 94 6
2016 237 4 188 48 139 7
12450 447 2 355 24 118 2
18857 505 4 230 20 93 3
17277 300 3 59 77 656 17
7106 116 5 415 34 604 18
17116 326 2 126 28 338 6
9003 525 1 127 31 155 4
7021 40 2 152 12 114 2
553 312 1 29 57 547 3
8847 153 1 105 46 323 7
13427 45 1 235 34 91 5
8135 46 1 60 9 344 6
16572 335 3 75 20 529 18
2053 447 1 35 37 276 15
2109 15 1 20 25 69 6
15609 123 1 35 25 161 19
17947 45 1 22 57 688 7
18092 130 3 259 37 203 3
11034 434 3 190 83 354 3
8415 48 2 53 10 386 19
17473 215 5 80 52 72 20
10919 516 4 140 67 161 2
19365 48 2 68 67 194 3
15311 174 1 203 23 605 7
1076 121 2 91 21 132 7
5378 391 1 77 29 276 5
2423 362 2 130 28 347 7
12899 448 1 46 78 56 3
17945 308 2 87 10 82 2
2076 234 2 109 41 82 5
12213 514 2 128 59 392 15
15123 203 4 123 27 108 20
6984 363 2 66 19 262 3
16131 303 4 229 16 213 4
17828 191 5 371 68 48 4
9031 175 1 163 72 480 19
15145 469 5 396 38 507 4
4456 414 2 36 28 448 7
9961 116 1 350 78 23 1
12639 125 1 15 54 72 7
13114 229 3 179 30 162 3
11842 113 1 27 25 86 3
4769 428 4 47 15 454 5
19174 197 1 27 50 47 2
19467 141 3 83 39 369 2
15312 300 2 77 20 103 17
562 542 3 99 16 30 3
9271 452 1 89 42 223 4
12335 308 4 188 40 440 18
2707 176 2 135 20 382 4
13960 100 1 33 19 40 1
18746 237 1 91 39 579 16
12360 20 1 49 39 683 2
4770 403 1 24 56 247 7
18109 155 1 53 22 55 5
19022 108 2 38 24 108 3
15516 30 1 10 54 79 19
6383 282 3 84 8 360 3
9986 441 1 188 28 211 7
10223 30 2 43 19 63 2
16234 522 4 277 43 338 20
10881 154 1 56 36 116 3
8627 520 1 29 35 187 7
1278 191 2 82 16 382 6
12483 191 1 98 36 566 6
2606 324 1 43 69 154 2
10563 274 3 241 24 340 1
1807 162 1 101 17 22 2
5951 140 1 257 29 405 1
1701 89 1 67 44 311 6
14922 323 2 188 48 244 5
7704 328 2 91 18 230 15
2471 457 1 57 46 114 2
17275 489 2 85 84 171 1
2092 275 1 37 21 374 1
8832 277 1 30 29 249 2
6174 402 1 26 59 260 4
2111 427 1 67 39 159 1
15237 181 1 34 69 457 18
3916 452 2 80 14 62 3
17512 102 6 77 58 487 3
4380 332 2 83 63 90 3
17931 309 1 56 9 68 20
10517 350 2 201 35 627 1
15673 164 1 21 41 38 5
6824 362 1 94 35 398 4
9235 247 2 213 42 90 2
11253 116 1 51 28 170 3
6794 400 2 59 82 283 7
16440 376 1 59 50 80 15
6705 197 5 178 20 208 7
6063 100 2 77 28 79 7
12055 320 3 299 19 160 17
11637 491 1 25 25 68 4
3680 24 2 76 7 183 4
17854 477 1 22 17 518 1
13906 475 3 108 31 282 7
17657 69 1 183 24 433 5
19252 276 3 57 45 39 19
8147 117 1 47 33 62 1
4282 300 1 22 32 132 2
6560 316 2 196 39 158 5
4345 493 1 17 75 384 7
11824 466 1 19 14 568 18
17585 277 1 45 30 423 1
10326 154 2 244 30 221 6
452 15 1 40 35 566 16
5943 534 1 51 29 247 3
10265 260 4 100 31 484 3
557 516 1 89 18 595 17
14107 95 2 162 45 181 1
6727 188 3 117 46 248 6
15571 423 3 47 17 119 2
16895 529 1 33 17 635 7
15018 94 1 78 32 274 5
8008 431 1 16 49 450 1
18116 505 3 158 18 217 3
4129 178 5 164 16 255 4
3371 247 6 462 43 73 6
4841 469 4 215 39 329 4
13294 245 1 29 51 694 1
7405 508 3 58 54 135 20
5795 304 1 49 63 56 4
18063 467 4 221 24 174 7
2665 536 2 35 31 169 3
12174 133 2 128 36 247 19
5759 488 1 12 16 75 4
11229 505 1 254 17 207 4
16583 438 1 23 21 383 7
2431 208 1 157 25 208 7
16155 287 3 62 37 173 1
10879 167 2 47 18 347 2
1781 325 1 34 54 409 7
4094 419 4 138 43 53 1
13837 352 2 89 31 281 2
18750 39 1 42 24 242 5
13867 539 1 26 12 413 17
5722 166 5 241 59 417 5
11142 96 1 64 16 62 2
14202 53 3 48 30 50 7
17324 446 1 24 21 661 6
11750 46 2 57 31 213 2
331 40 5 133 15 509 20
18755 315 1 133 37 103 3
17181 308 1 12 31 118 4
6105 294 1 158 30 448 7
5208 254 2 41 31 196 4
1718 420 2 406 35 380 1
18560 255 3 84 55 649 3
11768 238 1 30 39 372 3
9368 69 1 31 63 144 20
5926 401 1 41 7 551 5
17475 15 2 64 16 103 1
3173 224 2 34 59 478 5
13928 105 2 29 22 231 2
13370 237 2 34 17 365 4
8662 144 1 81 26 182 5
9436 228 1 56 27 264 6
10551 10 1 29 14 258 19
5475 169 3 53 80 130 1
9793 414 1 151 47 238 5
8152 50 1 30 49 59 1
3883 396 1 17 37 295 15
14138 490 3 150 41 627 1
18739 292 2 38 18 74 7
13138 135 1 133 13 317 3
462 71 1 97 7 451 18
6109 401 7 367 24 271 16
10084 345 1 14 18 34 7
14028 235 3 205 54 171 6
267 149 2 112 33 36 6
2852 233 1 17 76 131 16
6115 248 1 77 8 165 2
3944 534 1 60 67 271 4
12273 197 1 19 27 492 4
16617 187 1 147 56 618 6
9404 55 1 33 24 452 5
8971 547 3 86 22 316 5
18148 419 1 121 23 220 19
18516 217 2 70 37 192 16
3494 373 2 68 42 102 3
6216 436 3 102 22 410 6
16269 129 5 120 39 301 15
2338 81 4 107 35 29 17
12751 120 3 50 23 412 4
16695 166 3 322 23 189 7
4424 396 3 176 33 193 7
1532 147 4 268 41 93 4
17935 306 1 15 44 311 5
8683 130 1 46 35 259 6
19082 288 2 93 22 450 19
19388 63 5 178 52 126 5
867 211 5 165 50 157 1
3048 506 4 100 86 141 3
2996 326 4 109 67 502 1
6971 281 2 267 29 219 6
12891 521 2 175 53 118 3
2522 316 1 23 6 167 19
1301 323 1 25 32 542 2
1530 217 2 59 51 484 7
8923 500 1 58 25 340 1
5273 388 2 106 71 73 1
408 175 2 56 40 255 3
2506 36 1 101 24 69 7
18553 192 1 171 12 516 7
13511 359 3 349 54 34 1
5584 344 1 46 24 488 7
1948 194 1 32 14 30 2
4610 331 1 37 58 510 5
3057 175 1 35 37 290 3
5738 490 2 57 12 104 15
17477 63 2 46 39 176 5
16048 233 2 41 17 51 7
6125 234 1 41 20 307 6
7735 317 1 51 22 213 4
18447 162 2 61 42 168 2
3165 61 4 63 22 302 15
15168 336 1 120 31 416 3
10225 502 1 95 52 328 2
13916 384 2 75 30 430 7
13568 116 2 165 71 80 6
4856 406 2 91 49 434 3
681 312 1 44 21 207 2
3672 215 2 55 70 508 3
4366 142 1 47 21 340 1
12356 23 2 127 41 232 20
5276 240 4 237 8 146 2
17849 526 2 120 39 68 2
8428 165 2 70 21 438 4
17405 54 2 109 18 38 4
11163 478 2 49 13 97 16
3984 174 3 188 51 62 7
8552 28 1 52 18 303 1
11744 529 1 69 90 304 6
1013 203 5 174 15 350 19
11555 260 1 37 11 146 5
19525 534 3 95 37 301 2
3032 24 1 18 59 447 6
9637 299 2 97 21 64 2
13865 299 1 106 18 467 4
17417 10 1 386 18 86 7
18588 143 1 39 21 439 3
11456 548 1 89 26 215 6
7745 377 1 147 17 245 16
16740 212 1 38 12 229 15
6306 73 1 51 42 613 5
10200 10 1 26 66 175 1
13834 237 5 216 37 97 4
9401 28 1 18 32 67 6
10258 315 5 119 7 388 17
15183 324 4 99 26 53 1
14522 120 1 138 67 615 6
7875 372 1 70 49 105 19
5925 366 1 29 70 114 5
2900 375 1 58 23 40 19
3115 86 1 56 61 639 5
17537 232 2 87 18 465 1
11875 249 2 37 12 54 6
6364 165 2 52 13 263 7
4401 376 4 254 36 455 16
11751 50 1 45 25 338 18
18744 471 1 93 46 66 18
8803 502 2 58 50 165 1
4749 297 2 85 75 124 17
16142 550 1 57 8 110 4
15262 468 5 287 13 144 3
7838 39 2 85 26 343 6
2662 346 1 14 53 448 5
11477 169 1 331 30 91 2
3038 128 2 31 50 24 4
16722 120 4 129 33 631 20
8463 309 1 168 62 60 7
9338 302 1 48 17 481 5
10680 146 2 118 34 311 4
14062 301 3 436 10 74 3
7250 378 1 203 54 279 19
15498 324 1 76 14 143 16
5830 172 2 183 17 311 19
2929 37 1 11 20 77 7
1230 385 1 16 42 153 5
903 411 2 96 26 225 5
6191 355 1 184 16 164 5
19908 230 1 48 46 630 2
18128 209 1 91 43 482 20
10015 234 1 57 64 54 2
12489 341 4 269 54 379 2
987 450 1 60 25 90 7
14740 202 1 39 87 179 6
6340 11 3 132 42 115 3
11187 426 1 14 8 107 18
15999 537 1 58 44 209 17
16074 244 2 89 17 547 7
4950 249 5 261 17 74 5
8160 84 1 24 16 229 17
18954 474 1 123 64 515 1
13727 92 1 51 23 554 1
7094 134 1 57 30 118 5
19458 159 2 61 17 75 20
13993 539 4 120 25 437 3
11514 68 3 97 10 86 18
3664 132 2 180 39 269 7
7335 511 1 9 16 117 7
2507 34 3 94 8 370 4
13228 489 2 97 35 89 2
10226 535 1 59 19 345 15
18420 335 1 39 14 68 7
5303 376 5 129 24 263 7
19447 369 1 55 34 597 4
5151 93 6 213 6 88 4
4028 305 1 25 73 151 2
11845 357 2 72 28 364 3
5408 203 1 25 15 301 19
6727 106 1 81 23 138 18
11601 261 3 322 88 231 3
18199 433 1 36 31 253 2
7643 160 1 109 16 177 16
12254 82 1 38 50 539 4
9427 501 1 36 33 486 2
17302 321 6 372 40 603 7
4241 341 1 116 33 640 5
18637 226 4 89 34 287 19
12846 104 1 30 8 197 6
7943 393 1 19 33 163 17
14605 179 1 111 34 240 15
14339 24 4 158 13 588 17
17277 201 3 52 35 666 4
4753 18 2 40 18 184 2
19839 202 6 151 51 633 20
16222 470 1 68 8 309 5
9346 212 2 82 46 348 18
1507 470 3 45 13 47 4
6439 145 2 259 55 119 2
800 404 2 199 15 320 15
19471 460 3 272 84 122 4
1050 436 1 19 24 510 1
3105 197 1 37 8 100 1
898 324 3 274 65 25 4
17915 312 6 377 18 66 6
18492 349 2 111 10 103 6
8171 19 3 43 33 46 3
1830 128 3 141 24 557 18
19737 170 3 178 13 521 1
15707 386 2 156 18 195 1
2676 477 1 11 23 50 5
14864 249 2 73 55 576 4
17235 422 2 183 50 380 6
3531 134 2 105 26 438 5
11473 369 3 101 34 153 4
13230 276 3 135 24 705 2
2496 244 2 98 10 58 17
8506 501 1 24 13 257 4
14417 292 1 17 38 87 7
5996 441 1 9 31 188 4
1757 404 1 40 24 575 7
17005 181 1 27 42 543 6
14618 436 1 202 78 65 5
12646 33 1 106 47 48 7
10369 99 1 26 52 266 15
7073 260 3 178 31 705 2
19822 371 3 312 33 282 1
3000 534 2 53 22 459 18
19627 267 2 91 41 375 7
11172 545 1 46 27 88 17
16156 52 1 49 14 339 3
8431 217 1 354 17 647 20
6869 291 5 147 43 20 4
12979 85 1 194 48 327 15
106 423 1 136 24 277 2
19930 513 2 52 21 318 5
12899 277 2 110 34 232 7
19870 146 2 98 12 662 3
1254 501 1 102 14 264 15
16691 145 1 23 7 362 5
8984 6 2 50 13 474 16
13534 228 1 233 43 344 3
58 495 1 54 17 513 17
18496 503 2 66 46 407 4
1704 90 1 38 10 244 1
17033 125 1 40 54 448 6
8499 91 3 91 35 95 2
897 445 2 56 69 309 4
18211 455 1 13 54 499 2
13122 150 3 132 14 128 1
1902 314 1 55 10 67 7
6268 519 1 47 16 244 2
15270 374 1 53 70 90 2
3703 234 2 120 38 535 6
17527 39 1 153 33 174 18
12952 444 5 128 12 191 17
19929 511 3 65 9 76 6
12088 507 1 86 36 242 17
5637 395 2 128 39 495 4
16060 482 1 30 35 519 15
18686 286 1 120 17 346 1
8625 370 2 130 60 399 7
17927 110 4 204 45 395 17
3967 134 1 129 34 474 16
14977 450 6 90 45 124 7
16054 360 1 42 28 137 5
5470 71 2 66 34 149 17
14309 192 2 128 27 156 1
12326 170 1 61 34 608 20
4998 402 1 62 28 599 6
2639 339 2 61 60 321 16
5396 228 2 130 37 230 3
17844 200 1 17 51 48 17
6788 517 2 47 21 394 5
2433 112 1 61 37 26 5
8783 307 1 23 14 179 4
8757 145 1 63 44 336 3
10878 62 2 47 11 34 3
4181 228 1 39 15 329 7
5022 506 3 95 48 475 18
277 522 6 213 31 99 3
12729 435 1 46 30 496 7
753 112 2 128 14 490 1
2009 312 5 389 10 79 15
12552 368 2 66 8 608 18
5740 445 1 263 22 582 6
19729 219 5 341 29 307 1
1662 440 1 267 84 114 1
1381 437 1 60 53 185 1
10895 350 2 93 31 167 4
16476 153 3 304 24 163 7
5744 488 2 126 39 164 16
19430 210 4 174 44 47 6
10724 489 2 36 21 55 18
13775 339 2 74 11 116 18
17248 325 1 128 6 434 7
12452 317 1 17 46 85 20
13702 58 2 181 23 568 5
13199 158 2 230 6 351 5
10711 264 2 77 9 426 1
11791 380 1 19 13 678 3
16621 388 1 117 27 144 7
9973 485 2 157 69 374 16
3228 79 1 164 42 86 5
4504 534 1 74 32 582 6
1171 16 1 186 10 366 3
19211 429 3 69 22 574 3
702 23 4 359 27 195 5
10401 402 4 96 14 559 3
15240 498 3 152 85 548 15
2542 311 3 58 19 33 6
2428 238 1 41 12 511 4
14914 202 7 200 61 69 2
14655 492 1 66 27 717 7
6393 305 1 62 36 152 6
6167 196 1 18 27 50 7
14119 530 1 56 58 71 3
8789 517 1 148 25 126 18
11830 381 1 93 17 105 4
8267 491 1 53 11 316 19
10357 427 4 311 17 34 4
7566 219 4 207 17 69 1
1152 460 2 59 12 294 4
7974 119 1 79 59 264 1
11800 416 1 125 21 585 3
4189 399 4 182 33 297 3
1111 303 2 128 24 50 3
1917 482 1 156 15 196 7
18654 86 2 83 48 283 6
16284 262 1 97 24 332 6
2233 43 1 121 9 110 2
4252 365 1 34 45 72 6
1678 154 1 121 67 305 6
7242 13 1 61 31 176 6
8948 529 1 127 34 318 19
18217 168 2 55 31 259 7
9799 63 1 20 44 70 1
15395 307 2 105 16 550 7
16420 168 2 56 75 201 6
806 247 4 77 53 300 1
4044 544 2 62 38 218 7
1503 85 1 83 14 531 5
8647 381 1 19 7 45 6
12759 480 1 45 20 207 1
5368 550 2 63 10 651 7
6998 285 1 54 52 64 19
10654 207 4 57 22 281 3
13215 79 1 15 57 616 5
5352 231 1 43 40 90 4
15191 175 1 60 52 82 19
15101 491 3 188 13 288 20
17896 490 3 81 10 118 15
7526 313 1 39 20 66 5
3013 98 1 24 52 213 5
2229 75 1 79 12 660 19
10323 512 1 30 53 116 4
5054 527 1 51 53 120 19
18786 101 2 61 20 76 6
18981 184 1 66 39 115 4
9719 145 2 23 54 358 3
19553 124 1 64 81 82 6
949 267 3 168 17 230 1
7928 89 2 27 22 75 4
8584 221 1 21 53 268 5
15700 424 3 60 64 353 16
4561 404 4 50 41 217 1
1633 311 1 66 47 606 2
19063 515 1 21 49 78 6
8740 355 2 79 38 112 18
17768 165 2 94 89 305 1
15782 116 5 536 23 353 3
8786 358 2 28 31 102 17
16066 548 2 200 7 174 4
14431 240 3 193 11 68 5
9550 73 2 118 32 264 17
7605 331 1 26 47 192 4
350 359 2 160 27 69 17
12969 231 1 30 52 149 17
10192 262 5 79 25 101 17
3760 526 2 58 37 94 19
4056 422 2 94 35 470 2
5559 204 1 17 76 220 1
7609 521 1 82 37 212 1
3215 246 2 158 41 256 3
1808 347 4 116 22 56 7
18117 256 1 121 69 298 1
18783 498 1 292 40 108 6
16668 432 1 35 39 681 7
7811 143 1 49 38 288 4
8265 127 3 156 20 194 1
15651 427 1 34 45 286 5
1598 11 1 29 38 508 1
17565 299 1 54 30 299 15
14394 89 3 65 24 179 6
19043 230 3 312 30 162 1
7291 189 1 178 14 80 1
7494 343 1 53 23 314 2
19840 436 1 39 27 269 5
15277 490 1 51 31 103 19
5978 242 2 87 23 211 2
11417 539 2 221 7 256 2
14483 356 2 55 43 62 4
13592 291 1 234 29 287 3
908 196 1 35 47 569 1
6104 32 2 30 59 580 19
10600 228 1 9 60 155 2
16105 94 1 20 18 77 1
7965 29 2 107 38 65 7
6367 479 3 283 36 269 3
9844 439 1 21 27 124 7
8703 524 5 320 39 125 4
13114 269 4 100 42 220 7
4028 98 4 210 67 75 2
2993 124 5 137 52 148 1
908 160 5 162 24 621 4
9647 479 4 456 64 507 3
17326 245 3 178 17 240 5
5139 351 2 129 20 150 5
9043 173 4 101 27 55 3
14514 219 5 148 65 573 4
2641 288 3 99 18 132 1
2398 160 1 39 28 240 4
16080 544 2 121 28 331 7
19583 66 2 37 47 398 2
4025 73 2 166 16 103 4
3508 171 1 20 22 281 3
7519 456 1 27 23 320 6
19516 56 1 141 27 259 4
17704 43 1 20 64 670 20
11476 480 2 58 52 323 18
311 133 1 35 61 295 17
16214 132 4 88 18 377 7
3859 73 3 69 37 228 7
14694 65 4 84 25 269 4
885 124 3 89 9 25 17
9515 56 3 57 48 381 5
13640 263 2 118 48 42 5
16429 545 1 113 34 656 1
12377 491 2 72 25 173 15
2018 427 2 64 24 251 6
1067 532 4 268 51 90 17
12722 186 3 321 27 262 18
8356 246 1 89 44 278 5
5919 493 1 70 20 445 3
2959 177 1 121 28 88 3
8965 508 2 62 8 214 20
19838 545 1 55 22 196 7
19266 263 3 46 23 278 3
3982 476 3 108 31 134 4
5674 285 2 85 34 526 2
2327 26 3 201 35 217 15
17129 58 1 44 24 258 4
8712 519 4 152 50 107 6
11585 84 2 77 20 178 6
10268 47 4 228 71 58 16
5988 486 3 82 33 458 1
18149 228 7 278 31 172 7
19884 257 1 28 55 416 20
16818 308 1 25 64 296 18
11724 207 2 115 37 203 5
1821 268 1 68 9 400 7
11377 423 1 26 60 577 5
752 72 2 73 31 618 1
1359 25 5 256 31 182 4
10314 74 1 104 11 43 3
19179 532 2 84 20 510 7
14759 258 1 30 66 424 6
11127 506 4 125 32 155 2
8257 432 1 25 37 102 5
9119 400 3 133 14 331 4
9555 380 1 19 40 46 3
4237 242 1 39 77 72 5
10781 221 2 152 44 294 2
2794 518 1 31 10 478 6
17463 188 5 114 20 182 5
11141 441 5 217 84 566 4
18320 103 2 267 31 182 5
4353 327 1 189 21 114 7
2893 315 1 175 30 287 16
9555 131 1 92 46 274 5
3642 367 4 213 53 139 4
5080 483 1 114 47 230 7
11713 514 1 39 27 198 18
9265 371 4 149 50 458 7
2658 38 2 102 26 86 1
18492 348 1 9 34 159 7
4951 416 3 50 48 75 4
17324 405 2 51 50 197 17
18984 402 1 56 22 110 7
2643 391 2 60 78 81 2
15021 228 2 46 81 604 5
3372 365 2 114 50 310 17
12177 18 4 72 56 706 4
7088 89 1 23 51 194 20
16750 203 2 136 15 280 4
12611 48 1 38 31 733 18
6159 395 3 156 60 88 4
1599 172 1 20 26 596 5
1107 70 1 22 13 56 5
1991 123 1 36 19 438 16
1450 231 2 44 10 72 2
4865 394 5 169 63 87 1
7887 85 5 191 47 137 7
10583 67 1 24 70 381 2
46 207 1 11 27 475 2
9505 75 1 29 11 537 15
4406 438 4 185 78 147 3
6969 88 1 203 39 54 7
16176 350 1 14 35 183 1
14505 405 1 45 15 62 1
11673 503 1 72 36 565 6
6028 485 5 212 29 232 18
18533 175 2 119 27 154 4
7321 169 2 106 23 292 19
4593 185 2 71 26 283 2
9485 378 1 155 53 292 2
18885 27 1 42 37 193 6
11302 122 2 123 22 98 17
2511 516 1 41 70 123 7
12020 75 3 150 34 234 5
15679 298 1 12 26 336 19
5385 185 1 43 17 383 3
3789 80 2 33 35 59 1
19887 290 3 104 49 204 2
9404 153 1 11 25 442 2
12322 197 2 43 16 74 2
2337 254 3 212 17 354 1
14617 370 1 206 14 355 19
4664 306 1 51 34 136 17
15185 284 1 34 55 42 1
7301 418 2 60 39 236 17
8934 42 3 187 10 201 7
7703 29 2 46 44 247 2
18979 145 1 36 15 42 5
19735 301 2 30 31 78 6
17364 492 1 18 53 143 7
733 521 1 161 75 161 4
8942 422 3 213 8 70 19
4866 373 2 187 28 410 4
17384 512 1 30 56 162 4
5202 277 1 24 17 278 20
14037 430 2 217 32 405 5
10995 87 1 52 22 518 1
18367 459 1 88 19 210 2
11524 151 1 34 38 67 5
9323 138 1 63 68 490 18
15651 364 2 130 43 238 7
18197 550 1 94 52 199 7
3644 65 2 33 16 444 3
6235 544 2 47 41 236 7
4276 114 1 60 52 347 7
6219 175 4 164 23 87 7
12779 329 2 39 64 310 3
6052 29 3 44 86 181 19
11506 460 1 20 55 235 1
14607 60 1 32 58 418 1
1997 22 4 116 41 246 1
14617 428 1 48 39 327 7
13624 107 1 78 21 554 2
1103 396 4 170 50 351 1
16519 489 1 90 25 252 20
14296 520 1 90 17 338 6
18638 110 1 29 34 175 19
6686 171 2 161 17 638 1
6081 112 1 179 16 281 4
703 531 1 16 9 78 19
5797 67 5 464 11 163 17
1090 14 2 60 19 487 5
13911 195 2 61 17 98 3
14167 162 3 266 31 334 3
15167 336 4 114 30 218 2
13222 425 4 86 33 475 6
3265 249 1 48 30 202 7
1842 520 3 187 38 62 2
7994 431 1 186 32 269 7
9168 214 1 58 23 238 18
6947 375 2 174 42 97 5
12292 12 2 73 50 336 2
432 326 2 59 55 260 17
14975 245 2 106 22 667 4
5772 424 1 31 37 288 6
16458 54 2 254 23 179 19
16144 201 2 98 6 426 19
19214 543 2 145 18 303 5
4689 121 1 9 83 128 6
14785 195 3 78 20 92 3
14931 39 1 38 12 387 18
12880 464 3 193 53 53 5
8003 471 1 305 36 34 3
14625 360 1 51 24 94 6
13504 369 3 52 12 56 19
19138 450 1 33 25 197 5
6110 104 2 31 19 29 3
13773 456 1 18 40 81 7
3433 464 2 60 45 37 1
12815 347 2 226 16 107 2
1307 455 1 41 26 642 1
8526 25 1 68 28 61 4
3403 344 1 396 48 106 4
457 326 2 104 26 70 19
7889 310 1 35 37 77 4
7819 227 1 31 52 552 4
13499 429 1 57 31 223 1
17943 379 4 88 61 220 1
10941 325 1 18 82 181 5
10185 361 3 172 61 33 4
15352 155 1 75 30 297 2
15541 495 3 57 50 186 6
17865 491 3 203 84 285 16
17027 171 1 39 10 42 17
4278 106 4 123 24 122 2
4621 366 1 98 45 302 3
19465 308 3 131 55 359 15
13096 149 4 265 50 52 7
7079 276 1 105 26 82 2
1489 138 7 274 77 195 5
4872 259 4 103 85 174 4
9479 269 1 34 20 440 1
14110 164 1 18 36 106 1
18785 544 3 231 46 245 5
19224 323 1 25 29 70 2
14353 257 2 154 54 439 5
2382 528 2 135 30 456 20
10428 218 1 55 23 234 3
8512 371 2 75 37 256 7
13255 243 5 61 36 138 2
1450 460 1 33 18 558 2
18714 48 3 131 8 192 6
10021 281 2 209 53 286 20
8239 400 2 61 48 79 5
11394 509 2 133 64 290 6
19415 433 2 104 35 134 3
2434 155 8 108 51 45 3
10427 390 1 11 81 84 3
4869 189 1 19 33 432 6
4000 130 1 24 38 117 6
4763 161 1 12 10 36 7
16240 515 4 207 27 457 6
10918 101 1 46 29 174 4
14591 82 6 135 32 529 3
6901 460 1 39 21 45 7
1997 230 2 63 27 333 2
13668 236 3 66 23 562 5
1944 382 2 92 21 475 6
4893 107 2 180 53 61 6
5906 248 1 64 20 176 3
11709 358 2 54 18 69 1
4620 103 4 145 13 689 19
19608 545 3 233 31 228 5
7733 318 1 145 19 231 6
5080 233 1 41 24 250 18
13648 467 1 65 15 228 6
1763 447 1 33 30 753 7
9955 206 1 20 63 187 16
17166 333 3 60 14 377 6
945 497 1 67 54 223 3
7152 67 1 60 63 264 5
15571 271 2 42 15 43 18
7181 186 3 171 22 127 4
7152 190 1 40 8 277 4
15148 520 4 155 39 609 2
15883 299 1 104 42 393 4
12432 214 2 109 46 87 5
16392 5 1 51 9 176 19
19600 480 5 102 53 320 7
3110 131 1 50 27 242 1
16817 371 2 109 13 264 1
4123 53 4 183 33 27 16
8162 360 1 27 29 196 2
12883 188 1 131 23 88 15
14910 420 1 57 26 67 5
10263 172 1 41 37 90 19
2671 85 1 142 9 159 15
14250 351 1 24 23 63 16
897 262 1 133 27 605 1
10678 47 2 38 39 362 7
2429 487 1 77 45 241 5
14225 318 3 71 16 67 3
9836 76 1 41 64 121 6
14752 41 2 96 13 37 6
11178 229 2 114 15 450 2
5185 364 1 173 24 181 19
14529 488 2 42 23 577 1
17209 206 2 68 19 214 3
17216 529 1 51 15 202 2
5513 211 1 134 35 566 6
19914 503 1 19 15 112 17
3581 532 2 202 65 190 4
9913 157 1 44 41 358 4
13545 39 1 19 26 71 1
19063 550 5 223 32 271 1
5426 348 3 221 53 113 17
4394 86 4 59 45 63 17
492 265 1 28 55 148 20
15730 419 2 76 20 645 6
18849 310 2 148 14 233 5
1446 435 2 97 53 52 6
7797 209 2 28 19 529 4
5494 392 1 25 13 607 18
9845 418 1 90 14 397 6
12668 390 2 127 18 306 5
17300 436 1 119 38 552 1
11935 148 1 107 67 559 2
14480 341 1 29 16 566 19
4102 356 1 29 16 81 3
8400 117 1 106 19 167 1
6567 537 1 15 53 161 19
17826 350 3 159 22 98 4
19900 84 2 62 16 667 2
6557 314 2 110 15 281 6
3971 115 2 62 21 204 7
17283 362 1 22 10 561 2
12462 384 2 64 20 388 5
12493 439 1 81 18 245 4
5748 354 3 75 14 536 1
6663 31 1 321 29 190 2
9238 421 3 197 54 520 16
13762 445 2 37 13 70 6
6889 172 3 199 32 130 18
3830 124 2 46 23 69 5
16268 383 4 271 55 220 6
13474 249 1 22 14 641 18
1160 188 6 155 20 522 19
2791 240 8 242 34 209 15
957 26 1 173 67 298 5
14293 336 5 97 30 301 7
10202 293 1 62 54 345 3
2953 446 1 49 52 385 16
12194 275 2 45 16 330 6
5551 470 1 22 17 212 4
10463 409 3 116 45 177 6
11923 188 1 28 72 118 7
1325 250 1 179 28 347 4
12362 184 1 30 7 541 16
6186 459 2 103 12 102 19
4514 52 1 58 33 316 2
12222 492 3 120 67 42 7
12982 339 3 178 38 242 18
12184 272 1 51 84 258 6
2877 37 1 105 17 245 16
11681 217 4 281 22 301 2
3151 191 1 98 66 218 5
4985 464 2 64 15 670 5
18212 315 1 60 14 466 16
4353 132 1 48 45 90 2
10055 137 3 105 65 157 19
12103 441 2 103 13 42 2
9557 447 1 83 23 243 2
923 486 4 138 73 76 5
10700 44 1 67 45 222 19
15354 301 3 236 27 54 18
7684 285 2 72 70 173 1
13965 106 2 43 28 51 4
12563 139 1 61 30 535 3
753 318 7 91 42 163 20
19740 102 1 39 26 260 4
7105 535 4 149 12 110 3
5278 453 6 165 22 221 3
13867 454 2 130 16 293 1
9508 215 3 142 70 309 3
2070 224 3 217 14 428 15
17886 7 3 51 19 584 3
7213 521 1 34 70 498 2
829 70 2 18 26 508 1
7177 209 2 136 14 69 2
3198 68 2 32 15 25 7
903 395 1 62 30 101 1
4773 248 5 316 9 170 20
17393 197 1 27 28 219 2
9544 195 1 49 58 144 3
13548 278 2 137 21 309 15
16047 248 1 220 30 120 7
4133 86 6 136 45 366 2
16257 462 2 53 38 138 16
14656 505 1 49 63 317 7
18823 227 3 117 11 191 17
10299 526 3 118 44 262 19
19657 470 1 32 19 173 3
3397 292 2 136 13 221 2
10534 19 1 60 19 407 7
11302 238 2 85 23 635 3
12452 459 2 58 15 31 6
14319 367 2 128 60 209 5
14624 243 1 44 25 75 20
9514 57 3 123 23 306 7
13607 474 2 69 15 41 6
2724 243 3 87 23 394 6
3862 211 4 341 20 232 6
14287 434 3 207 57 376 1
19426 195 3 86 63 355 4
12304 301 1 48 30 207 16
16900 409 2 101 32 200 1
19868 95 2 170 36 161 19
6317 479 4 267 6 232 16
6796 473 1 53 39 203 6
4012 354 1 51 49 143 19
13054 19 2 39 51 549 4
3799 108 1 59 29 248 15
9234 92 1 63 31 136 4
18449 489 1 33 67 182 19
3321 379 2 130 29 207 19
3075 484 6 329 25 103 17
17859 258 3 97 28 110 7
778 472 1 103 60 578 7
9139 532 2 140 10 257 7
1256 13 2 67 22 99 1
9014 230 1 161 33 349 4
12296 534 1 25 26 192 7
17863 368 7 228 42 181 4
17554 130 3 51 21 52 19
2416 98 2 115 55 75 6
2066 38 4 187 34 67 7
484 234 4 119 41 507 3
14651 260 1 12 38 45 7
16729 172 1 42 10 73 7
12994 222 1 104 43 75 18
13320 402 2 135 33 45 4
1455 333 4 95 34 368 1
1225 96 3 78 35 112 18
18118 313 6 251 45 204 5
6085 302 1 34 36 49 6
15230 89 3 150 24 220 18
15787 483 1 218 30 558 6
16956 436 1 37 48 139 5
3494 250 2 109 9 456 7
18581 392 2 285 42 86 5
727 161 1 108 28 622 4
8221 262 2 99 53 95 4
19851 419 2 176 47 597 3
5344 363 5 387 35 145 4
13268 154 1 14 51 74 1
6145 171 1 24 51 177 1
6613 470 2 50 18 351 6
15341 172 1 58 44 582 1
8959 344 1 34 21 683 4
12226 152 1 15 52 217 4
7255 171 2 41 18 75 18
12174 33 2 23 28 477 1
3420 541 5 105 14 504 7
9017 180 2 199 38 209 4
3674 70 1 13 56 606 6
14881 308 1 40 68 171 2
16675 464 1 27 7 512 20
19095 62 3 163 46 186 6
11961 176 1 88 27 74 1
3721 509 1 198 28 29 3
4895 195 1 48 72 115 18
7857 79 2 164 36 361 4
3706 171 5 265 15 245 3
3950 281 1 32 28 240 15
19696 284 2 233 53 52 7
4920 113 2 91 27 592 7
6392 110 1 28 59 280 1
19238 423 1 62 6 46 17
12264 536 1 36 30 195 20
10120 305 1 12 34 59 20
18055 48 3 333 54 126 6
1793 38 2 116 38 178 5
2744 437 4 168 28 60 1
11693 367 8 525 23 681 16
17684 485 1 53 69 73 7
11806 32 1 19 63 296 3
16238 507 1 113 30 586 6
10595 408 1 172 59 45 2
17798 320 3 60 24 51 7
17150 307 2 113 25 116 5
998 531 2 128 35 262 5
3202 76 3 75 90 256 4
8055 372 1 28 14 411 2
3769 217 4 371 44 28 15
4354 397 4 186 31 115 1
19522 275 1 32 13 267 4
15941 375 3 78 16 275 17
8947 265 2 130 18 89 19
891 402 6 201 36 677 3
5865 20 3 173 33 108 6
9106 550 2 146 35 652 3
11912 84 2 41 11 440 7
16504 519 3 89 86 149 5
1470 481 2 60 68 279 2
12157 47 1 271 21 190 3
3348 511 1 14 21 35 6
3519 358 2 40 15 57 5
11869 466 2 249 34 361 19
12901 520 1 33 37 64 3
15018 90 1 56 14 245 1
16419 356 1 42 65 280 1
13847 533 1 90 11 211 1
7856 546 2 208 39 593 4
16467 123 1 30 15 71 6
2839 45 1 198 16 352 4
2316 15 4 70 48 55 6
11954 493 3 381 28 244 15
18034 528 1 156 67 332 4
10104 389 1 9 32 438 17
6323 35 3 88 71 337 20
1096 411 1 133 64 54 5
14973 349 1 35 18 452 2
5741 407 5 164 43 98 3
10945 433 1 13 17 80 6
271 153 4 134 29 283 18
6568 144 2 397 24 376 2
17700 519 4 237 7 157 6
16401 417 1 30 25 67 6
9962 199 3 114 28 130 3
2505 219 1 81 8 267 4
15884 336 1 67 31 190 15
18093 478 3 157 22 173 1
4690 531 2 113 66 463 19
13072 340 1 58 30 268 19
16053 51 1 22 18 46 4
3013 200 1 65 9 647 3
507 514 1 31 17 164 16
17647 126 1 31 26 66 2
3374 518 1 34 48 258 1
3478 18 1 19 56 240 6
12085 479 1 27 29 199 7
15610 496 1 35 53 465 4
6927 324 3 422 62 40 5
7552 238 3 158 37 208 19
1459 293 1 25 20 116 17
19044 38 1 86 21 72 20
262 386 1 85 22 324 15
18578 474 3 86 29 365 7
17365 71 1 69 90 514 5
3002 75 3 136 14 273 2
12173 475 5 99 22 135 5
17892 391 1 20 13 508 1
16581 167 1 39 31 535 2
18077 365 1 19 11 83 6
11340 226 2 35 65 209 18
984 60 1 40 15 80 16
15767 285 2 76 22 451 6
3321 283 1 30 70 314 6
7665 410 3 158 57 314 7
3044 56 1 124 74 31 2
10351 34 4 94 49 49 2
9279 100 3 164 80 205 4
13750 221 5 83 45 63 7
11369 214 1 13 51 227 15
6374 527 1 88 30 225 7
13132 184 1 18 31 109 5
12219 423 1 68 30 618 15
17418 303 2 62 26 440 5
11255 458 1 54 17 448 2
13188 44 6 315 43 285 18
5568 531 3 49 21 186 7
18952 416 2 84 13 252 2
14104 49 3 160 6 150 18
4102 199 3 151 21 396 20
19748 428 1 42 22 207 19
10829 482 2 44 36 506 5
1872 39 1 51 10 475 6
9221 524 1 33 16 54 18
13392 425 1 50 17 459 6
14987 509 1 59 12 65 7
15954 306 1 19 29 694 2
12932 377 2 33 53 434 1
10176 224 1 21 12 48 3
5057 218 3 79 78 133 6
18463 419 2 20 30 25 2
17322 464 1 43 24 240 15
10473 133 1 16 38 159 1
8505 194 4 81 15 34 19
1878 276 2 42 28 88 1
17089 51 1 42 19 640 1
8778 174 1 48 27 284 7
17853 439 3 181 50 387 5
18940 49 1 136 43 90 2
17418 339 1 37 50 128 6
8362 306 4 167 20 611 19
584 122 1 27 20 447 2
483 430 3 69 28 280 15
10190 154 1 20 11 496 6
1341 301 1 15 73 112 4
6138 12 3 63 9 483 16
4822 410 1 246 73 479 5
4252 172 1 59 43 110 2
7630 124 1 9 36 29 4
17761 361 4 198 57 411 5
10643 389 2 48 39 94 5
17659 35 4 254 49 278 6
16479 152 1 86 55 588 7
15061 427 4 98 33 592 4
1338 229 1 37 30 695 16
4245 193 1 32 27 744 6
15421 351 1 51 30 424 6
13721 164 1 63 50 140 18
4245 413 2 27 72 57 20
4989 195 3 118 26 325 18
11686 225 1 11 18 43 2
1486 15 1 19 18 50 5
2260 158 2 77 30 233 2
16123 362 5 70 26 48 15
15294 526 2 125 23 134 5
9491 19 1 186 57 181 2
16042 363 4 140 60 322 19
12048 339 1 16 20 92 3
4062 134 1 32 13 299 4
3953 400 1 23 24 254 4
17885 180 2 52 73 474 6
13696 380 6 140 18 176 5
2930 244 1 26 28 131 1
6210 294 1 91 42 113 19
17258 212 3 111 76 141 3
8093 154 1 27 46 598 4
16911 24 1 39 15 330 15
10629 211 1 53 64 137 6
6999 219 1 24 38 90 16
16125 77 2 193 38 67 6
14776 515 1 74 10 90 6
15450 147 3 131 28 71 4
15722 51 5 264 49 267 5
2281 465 2 40 28 120 3
2324 151 5 220 38 352 4
14355 104 1 39 42 140 6
15287 296 2 40 46 360 2
7162 358 1 28 58 68 5
10081 525 1 39 12 391 3
11193 98 2 129 78 116 1
6852 461 1 39 73 97 5
16921 97 1 85 54 154 2
3598 492 4 243 33 342 2
1700 336 1 16 6 177 1
4687 231 2 251 73 54 17
16939 470 3 112 41 118 7
15654 115 1 77 10 562 1
17888 45 1 23 29 94 4
6253 249 1 19 36 248 4
11762 423 2 144 24 222 20
18155 131 2 153 13 222 1
1312 93 1 196 69 301 4
11647 88 1 136 52 436 4
4096 243 1 53 39 369 15
15459 205 1 24 54 507 19
707 102 1 30 12 104 7
11037 189 1 51 15 355 3
18630 305 2 148 24 293 7
12780 494 2 128 46 185 7
12572 68 2 366 21 54 2
926 6 2 72 49 380 5
13412 463 1 18 13 436 3
1635 281 1 12 25 544 3
14296 264 5 94 9 71 1
14444 223 1 23 30 396 3
9717 416 1 38 8 402 15
12230 32 1 134 30 294 2
8988 291 1 24 44 278 17
7932 285 3 71 15 64 7
3185 105 1 43 25 258 3
9444 259 3 93 28 498 6
59 295 1 36 54 124 4
19548 34 1 45 44 279 5
19039 137 3 128 16 203 6
2637 72 1 20 59 685 20
4966 326 2 106 30 178 2
5939 333 2 62 24 124 1
9360 347 3 106 43 285 7
18049 385 1 15 19 600 7
18736 252 1 47 24 293 7
7863 309 2 53 23 236 3
7350 291 7 142 34 110 17
12432 345 2 58 18 591 2
9431 438 1 67 24 275 5
2705 238 1 30 41 140 5
6398 127 4 170 28 281 1
13668 241 3 89 58 127 17
6551 352 3 58 15 35 5
14069 97 2 302 54 400 1
5578 273 1 185 29 121 20
13688 121 1 145 42 221 1
10104 343 2 44 29 91 6
5429 486 1 208 45 156 3
13315 128 1 40 33 390 3
19170 507 1 89 34 240 17
12384 52 1 42 34 287 7
3072 291 1 119 25 139 3
4005 142 2 99 43 75 7
18444 68 2 41 33 134 7
8887 25 1 164 18 495 20
14138 483 2 58 6 77 5
393 486 1 77 23 315 4
17028 199 4 264 43 301 5
17822 281 6 80 19 402 19
17273 383 1 38 34 98 2
15478 100 2 54 7 39 2
5127 506 1 249 37 280 1
6327 84 1 41 48 59 20
14618 313 1 30 56 532 16
10883 132 1 67 69 165 6
522 5 6 295 63 117 7
19661 272 3 44 17 59 20
4394 101 1 55 24 477 1
10128 71 3 70 29 307 6
17145 130 2 135 26 245 15
10980 363 3 205 40 298 3
13399 44 2 143 36 377 17
442 485 1 25 27 266 5
14042 269 7 109 30 207 6
266 138 1 32 35 54 7
16182 506 4 544 6 77 6
8876 293 1 103 36 338 7
117 118 1 20 17 278 7
4203 463 3 82 49 357 3
19942 214 1 32 13 82 1
2867 472 1 21 28 113 18
8166 66 1 56 27 20 7
16216 102 1 31 35 220 7
7903 365 4 173 65 243 1
1439 157 2 151 29 46 3
4424 289 2 58 37 499 3
2621 328 2 44 47 130 15
785 191 1 32 17 439 5
16474 493 3 193 48 139 5
3472 189 6 241 21 155 2
4911 60 1 25 18 187 7
1631 358 1 15 26 84 3
7542 390 2 98 32 145 3
14736 411 2 63 56 168 15
11362 187 1 91 56 268 3
12702 506 1 58 9 106 1
15597 155 4 97 36 217 2
1210 27 1 10 19 78 16
8500 71 1 93 11 471 20
7154 399 1 41 11 399 1
4363 480 1 38 26 248 5
3452 188 1 31 55 263 3
15934 292 2 94 29 171 1
1165 46 1 41 67 51 2
14712 390 1 37 16 344 4
19423 477 1 37 16 491 19
14036 8 2 32 14 105 5
15700 392 1 26 12 328 5
17503 411 2 42 64 103 7
136 496 1 40 19 278 6
7012 325 2 49 9 373 3
1956 313 2 41 31 180 19
302 532 1 35 53 481 7
17524 34 2 130 55 365 2
1802 479 1 47 26 214 3
4566 322 1 39 14 89 16
189 239 2 63 31 467 2
1999 125 1 304 17 152 5
15106 304 2 52 51 243 2
865 195 3 167 41 65 19
9301 436 1 141 75 492 3
3007 22 1 63 25 141 1
13402 311 1 151 68 60 5
1187 451 1 17 32 53 3
14140 128 3 127 43 478 4
1442 236 1 100 21 106 5
8657 359 4 143 15 104 2
16233 199 1 40 11 405 2
19467 260 1 24 33 287 2
8914 426 3 47 68 179 7
599 262 1 9 79 68 5
18058 260 2 104 45 330 1
8679 195 2 90 74 464 1
18125 340 1 18 53 509 4
3033 94 2 56 15 671 15
10829 301 1 31 59 146 5
6742 375 1 91 11 217 7
13897 152 1 55 85 512 4
4349 300 2 119 53 260 5
1946 349 2 156 25 243 1
17000 296 2 62 44 477 1
12451 85 4 283 45 184 2
18894 444 6 187 33 55 7
15252 126 1 39 35 308 4
4224 47 2 55 33 172 4
13933 269 5 200 17 403 2
773 197 1 74 12 193 5
16954 128 6 309 56 293 3
1196 207 1 15 50 83 1
10978 259 1 33 29 655 1
4603 62 1 59 19 166 6
5507 167 1 24 21 199 3
10868 247 1 15 16 85 1
9026 34 2 191 50 209 18
10616 72 3 116 24 241 20
12369 281 4 131 17 97 2
4762 249 3 203 34 353 2
18679 444 2 103 29 97 6
7926 106 1 274 41 134 2
4881 320 1 32 40 583 5
11356 200 4 384 55 103 20
13544 265 3 269 19 564 7
9528 178 1 16 83 62 17
16914 164 1 33 30 93 7
15025 190 1 28 10 573 18
4182 52 2 106 24 476 7
5586 207 4 58 34 238 5
17797 460 1 76 45 286 3
7319 504 2 44 72 270 15
11326 374 6 96 17 88 1
19173 526 1 56 28 205 4
6166 103 2 67 20 202 5
15536 418 1 25 75 88 1
9710 337 2 250 22 270 1
18129 190 5 155 74 171 19
6621 229 1 62 26 105 5
13330 538 1 61 34 190 4
13610 233 1 16 63 376 7
14258 82 2 25 19 52 6
14932 248 3 72 14 99 20
9635 387 1 74 18 287 2
19385 288 3 67 34 99 7
7983 270 2 57 44 275 6
9164 186 1 68 33 130 15
1243 143 3 70 17 383 3
8176 158 1 37 20 148 7
11516 274 1 51 33 338 5
4512 319 1 27 24 547 4
8461 19 1 24 34 511 7
15397 411 1 22 12 58 7
7013 520 1 22 19 86 2
5313 199 2 180 16 488 19
7191 382 3 68 40 222 5
19612 474 3 79 26 364 7
16207 401 1 84 62 519 7
7199 180 2 32 16 56 18
9479 529 6 153 64 130 1
6850 240 1 197 59 557 7
19432 237 3 56 77 265 7
8860 287 1 71 36 317 2
16500 120 1 51 29 300 2
14127 403 1 27 41 75 7
8223 82 3 124 21 486 1
15088 527 2 186 19 94 6
10708 352 3 74 12 198 15
2665 439 3 49 59 267 15
17533 511 2 134 39 46 6
14955 453 3 155 41 549 1
15660 362 1 116 9 145 4
2130 491 1 95 9 197 19
19934 22 1 21 54 458 2
8027 7 2 87 32 478 5
13674 544 4 179 63 84 17
6852 279 1 58 12 56 2
15109 188 5 63 41 318 3
7126 240 1 53 40 173 4
18812 308 1 100 37 135 18
6159 143 2 296 42 306 3
7279 239 6 107 23 144 3
14376 429 1 98 26 342 3
11998 337 2 109 37 295 4
3404 537 1 203 28 50 17
2641 522 1 24 34 69 1
12410 112 1 18 28 311 4
367 323 2 25 41 235 16
5742 336 2 89 22 213 18
4008 497 1 61 41 184 19
7967 457 1 68 19 521 19
19071 81 1 31 42 194 4
15175 50 1 27 79 419 5
18120 236 1 63 67 401 3
14613 246 5 168 24 67 16
15482 444 2 56 26 93 3
5957 432 2 77 34 172 6
8614 437 1 75 49 55 1
11722 52 5 257 8 130 6
9230 378 1 127 11 97 2
12592 105 1 32 47 69 3
5253 153 2 101 16 276 2
2838 503 3 32 23 30 18
5987 502 1 29 29 283 19
11738 48 1 63 33 333 6
13978 45 3 99 37 258 4
12770 336 2 362 36 211 4
13403 262 2 151 30 101 5
15166 286 1 53 16 633 3
6516 129 4 286 14 85 16
13680 351 1 32 63 246 7
9983 6 1 66 19 675 19
5242 354 4 275 33 175 2
5245 306 1 124 35 407 17
6367 162 1 23 35 569 4
10142 369 4 59 19 400 5
13755 69 3 163 36 171 16
11910 129 2 86 7 229 15
1569 394 1 64 41 536 7
7071 400 1 101 25 179 1
2872 462 1 30 44 338 7
2230 289 4 90 68 121 3
19518 110 1 31 24 554 17
15240 371 1 43 22 71 1
7010 189 1 52 45 505 6
8866 251 2 46 31 420 7
18058 316 4 296 14 507 5
19276 164 1 181 29 108 15
4113 34 6 178 26 175 4
12642 208 2 118 28 107 2
18672 15 1 26 11 125 6
4654 6 2 32 43 571 3
2112 141 1 103 30 151 6
13314 319 3 306 13 125 7
3976 394 2 130 37 505 4
2067 194 2 116 44 200 7
19357 362 1 40 16 415 3
10373 258 3 186 45 72 16
7937 245 2 112 68 573 3
10037 278 1 11 35 326 1
5495 488 1 63 38 223 18
5848 190 4 166 67 496 5
416 75 1 104 62 176 16
9064 288 1 67 31 258 6
11830 54 1 22 16 37 2
9978 508 1 10 51 517 5
5420 305 1 162 85 125 2
13135 427 1 112 34 566 19
10145 303 1 46 16 364 5
8241 535 1 75 36 354 1
11880 95 1 14 27 81 18
9724 10 1 54 52 98 6
4927 527 2 64 14 146 4
10167 278 3 168 81 307 5
13831 509 4 423 15 154 18
6588 450 1 25 17 341 19
2569 126 1 130 51 309 4
18132 484 5 303 69 195 1
4739 242 1 54 58 383 3
7304 153 4 146 58 414 15
8119 550 1 19 75 168 4
14876 534 1 140 25 380 17
6271 420 1 36 38 225 7
8311 314 2 113 49 245 1
1233 432 1 16 53 166 7
13341 192 3 127 16 160 2
15289 394 1 44 25 407 7
19853 469 3 96 36 268 5
6051 490 1 20 45 180 1
10215 275 1 24 22 143 1
6823 31 2 126 19 85 17
11216 337 1 31 63 153 17
6383 120 1 64 36 379 6
16313 199 1 30 17 426 6
19008 401 4 296 18 344 16
7056 51 4 117 78 445 4
17175 292 1 18 52 113 7
7388 531 4 138 27 195 4
12556 31 1 17 24 119 15
4172 298 4 190 34 171 19
11255 46 1 25 15 64 6
17691 298 1 115 40 469 18
13358 224 7 232 25 59 4
18242 454 1 30 34 72 2
2880 238 1 11 80 145 5
12141 164 5 304 42 568 16
18159 432 3 216 62 202 2
5729 217 2 37 31 419 1
19401 512 4 57 25 34 15
14651 334 1 54 45 108 1
5752 357 4 238 32 89 20
17401 248 2 67 31 125 4
13436 72 2 142 64 216 16
16767 341 5 235 68 313 7
15036 457 2 71 30 634 2
5888 199 5 166 56 169 7
19928 421 3 170 39 281 5
12181 101 1 68 22 90 16
3119 293 2 116 54 381 20
9846 8 2 177 39 177 5
2938 518 2 70 7 44 3
19046 495 2 37 38 497 4
4172 207 2 107 24 397 2
11517 261 1 62 40 621 3
18956 183 1 92 49 66 6
18843 435 2 68 17 259 20
4498 151 1 91 57 199 2
19884 509 1 10 16 65 4
12771 109 4 270 40 298 3
867 73 1 60 54 299 3
5226 404 1 11 16 35 4
12914 300 5 75 17 221 7
10050 499 6 298 81 30 4
18107 342 3 30 18 110 5
14045 350 2 41 20 412 2
9641 98 1 59 60 182 5
2139 456 4 89 22 275 20
10323 370 2 66 64 161 1
14661 363 1 23 37 299 3
4218 188 1 57 78 213 2
3043 398 1 48 22 160 7
664 492 1 27 71 244 4
2586 341 1 95 19 260 1
7904 466 6 147 29 59 18
19894 183 3 212 51 169 1
10534 440 4 252 35 183 3
13861 91 2 136 27 67 3
1703 335 2 90 13 423 19
9289 267 3 65 11 307 20
7474 13 4 262 28 140 3
6786 65 3 118 25 53 18
9653 203 1 23 19 387 20
15224 385 1 23 55 150 16
4423 224 2 99 8 174 5
14261 392 3 104 17 107 19
12873 536 4 80 38 358 5
4248 215 1 10 20 90 5
12846 298 2 31 47 514 15
7803 120 1 115 36 330 1
10190 371 1 20 16 79 5
15655 306 1 35 35 353 5
18563 150 3 120 10 294 18
9312 178 1 30 21 84 6
15014 44 2 252 65 490 19
1482 308 1 57 21 97 7
6916 285 2 201 28 537 5
15563 258 1 47 20 486 2
849 510 2 69 41 562 1
17571 365 1 107 49 581 1
2112 29 2 38 22 68 18
18007 506 3 61 13 62 2
16142 402 3 47 17 110 6
14298 346 2 20 11 44 3
3407 512 4 142 42 140 6
17061 112 1 126 28 168 5
8046 65 1 54 34 347 3
16604 350 2 70 36 249 6
14228 492 2 18 53 648 4
18169 86 1 39 47 138 4
8917 266 2 124 55 465 2
16328 481 2 32 22 60 2
2912 438 2 106 39 242 2
11307 73 3 84 46 544 4
2872 483 3 59 13 240 3
18834 433 1 31 33 171 4
