8 87
6 80 64 544
6 48 128 912
8 48 128 576
8 80 96 992
5 80 68 1024
8 48 124 816
6 48 72 848
8 80 60 640
2357 145 1 19 16 125 3
2333 25 1 36 46 295 5
266 72 1 21 10 107 6
1586 175 1 19 11 181 10
381 65 1 25 21 164 11
1300 71 2 37 27 380 3
1620 25 2 26 22 164 5
1261 59 1 26 27 137 10
249 265 1 26 22 210 2
259 63 1 47 26 59 4
1696 176 1 42 14 105 3
121 9 1 11 30 229 12
381 131 2 26 5 90 4
1125 270 1 88 9 86 5
1450 27 2 69 26 310 8
1788 87 2 72 38 120 9
159 74 1 10 13 100 7
2028 131 1 68 36 175 1
757 293 2 20 8 252 1
2257 240 1 17 20 132 4
2050 183 1 47 11 54 6
1633 242 1 38 27 303 10
1550 238 1 40 26 159 9
452 179 2 59 25 155 8
2298 248 1 46 14 166 10
27 198 1 42 20 117 8
1004 177 1 28 17 127 3
1453 194 1 23 29 170 8
2069 205 1 32 21 154 12
2072 138 1 43 21 345 5
1439 75 1 16 18 74 12
842 172 2 63 9 227 7
2198 124 2 46 14 377 10
2037 230 2 51 26 202 1
2140 51 2 66 15 220 3
1625 182 2 56 18 149 12
1444 104 1 14 19 123 1
1106 119 1 38 16 107 7
975 81 1 67 21 129 10
2042 240 1 24 22 178 11
2016 99 1 8 13 209 5
1542 82 1 76 20 112 6
276 297 2 69 30 383 6
863 270 2 29 16 123 12
312 299 1 33 10 161 9
1368 200 1 21 31 149 6
736 299 1 21 31 237 4
81 236 2 26 20 341 3
2366 237 1 44 23 245 11
506 18 2 31 39 214 6
1829 14 1 28 11 251 2
1242 120 1 17 16 288 8
1122 41 2 43 15 86 6
1721 31 1 55 19 232 7
2443 210 1 19 35 321 11
345 96 1 33 26 140 10
2036 293 1 35 25 82 1
973 17 1 13 13 127 9
1612 36 1 9 12 42 7
459 241 1 16 22 389 11
992 109 1 41 12 185 4
77 47 1 41 16 112 12
861 201 1 39 12 321 11
894 117 1 26 15 78 5
2443 234 1 20 26 119 2
687 265 1 17 11 124 12
2001 147 2 70 5 93 1
1429 175 1 21 17 321 3
2077 197 2 51 29 57 7
696 300 1 26 25 320 1
142 5 1 8 31 104 6
1862 184 1 26 23 177 1
2331 88 1 7 5 265 9
1696 120 1 22 26 56 6
1076 168 1 24 22 204 3
391 219 1 35 13 284 2
1976 211 1 28 8 219 2
176 20 2 25 14 87 10
60 215 2 47 18 266 3
1374 234 1 14 17 294 7
2333 75 2 29 31 149 7
1196 63 1 15 33 56 6
859 198 1 10 10 321 8
1494 239 1 12 35 232 12
2290 140 1 24 21 51 11
2123 175 2 88 5 287 5
2444 189 1 21 10 319 2
