87 3350
3 24 44 256
4 16 20 64
6 80 128 544
1 16 24 112
1 32 40 208
1 32 36 128
1 16 44 48
2 16 16 240
1 16 28 96
7 64 104 576
1 24 16 240
2 24 36 64
7 64 128 848
2 32 48 32
1 32 48 128
8 80 124 688
2 32 40 160
8 64 112 800
7 64 104 784
1 32 24 208
4 16 40 224
2 16 28 208
6 64 116 768
3 24 44 48
2 16 8 48
3 16 44 208
3 32 44 256
3 24 12 176
2 32 40 256
8 64 96 672
2 32 16 96
2 16 8 128
2 24 44 144
1 24 44 64
8 64 112 608
3 32 36 256
2 16 36 96
4 24 16 144
1 32 16 32
3 32 28 32
2 16 20 240
2 32 44 64
7 80 124 1024
6 64 108 784
3 24 44 240
8 80 124 1024
4 16 16 48
7 64 120 928
6 80 100 864
1 32 16 192
3 32 16 176
2 16 28 176
1 16 8 128
4 32 28 256
1 32 48 112
3 16 16 80
2 24 36 112
7 80 124 688
3 24 36 176
2 24 12 112
1 24 28 80
1 16 16 144
1 24 44 144
8 64 96 976
2 24 48 112
2 24 44 128
7 80 124 976
4 24 32 192
4 32 44 96
4 16 48 192
7 64 96 672
3 16 8 240
4 16 8 128
3 32 20 160
1 32 40 80
6 80 124 672
7 64 104 528
6 80 96 816
1 24 8 96
3 24 44 64
2 16 40 224
2 32 44 208
6 64 112 672
3 24 8 240
4 32 28 224
2 16 44 160
2 24 28 128
0 832 6 551 123 964 4
33 255 5 327 101 900 20
1954 702 6 393 101 536 6
1881 246 7 445 73 365 8
5127 758 7 378 81 553 3
1704 160 4 332 54 670 7
1637 818 6 419 109 541 9
2256 135 7 418 106 912 8
10012 730 7 367 79 400 20
0 406 6 326 58 652 9
4766 689 8 619 105 591 20
9803 716 5 329 99 429 17
5196 537 6 321 108 640 12
2139 662 7 337 116 431 19
4736 131 6 445 83 619 2
389 675 7 434 69 533 12
10261 903 8 506 121 920 6
0 154 6 311 118 503 5
0 784 8 419 62 527 2
1600 520 6 399 119 613 7
0 590 8 465 85 548 19
355 919 6 369 76 629 7
22 520 6 336 112 646 19
5340 774 7 465 90 658 4
10368 693 7 397 61 393 19
31 938 6 372 60 525 18
1612 227 7 452 98 442 10
2024 182 6 443 120 521 3
5267 431 8 398 47 538 6
5354 896 6 374 92 975 19
4784 874 5 382 116 320 7
10140 457 7 389 76 507 11
5093 649 5 445 76 959 11
9917 824 6 421 114 443 16
9979 907 7 372 93 718 19
0 771 7 408 93 431 7
4729 643 7 300 65 489 7
5207 554 5 349 66 397 12
9705 309 8 435 92 528 1
2000 990 7 423 68 731 17
0 622 6 501 106 628 4
1932 855 7 556 102 864 6
9663 844 8 481 57 606 16
5181 734 5 290 86 769 19
10204 363 7 482 102 527 19
1871 524 6 257 87 533 3
5233 928 6 358 101 863 8
5230 717 5 432 91 689 9
10213 437 7 403 128 571 20
9699 257 7 338 76 699 12
1804 214 6 313 62 393 4
5202 503 8 388 55 398 11
9783 761 5 292 71 386 8
4860 679 6 378 67 676 1
10064 842 5 297 116 598 6
10358 947 6 355 90 385 16
1855 785 4 303 71 831 17
9902 759 5 304 81 461 17
4982 934 7 437 106 515 18
5250 181 6 425 91 662 9
9993 895 6 301 102 505 12
4608 807 5 398 76 396 20
5120 837 4 354 53 692 2
9989 473 4 267 122 557 2
5313 224 6 518 116 492 6
10081 704 7 416 59 499 10
10256 730 5 352 45 494 4
2269 933 6 412 123 387 4
2163 680 6 432 67 908 20
0 713 7 448 108 668 16
2066 127 6 354 65 580 19
196 776 4 296 45 781 2
9898 386 7 459 58 953 5
9686 763 6 427 89 786 17
88 252 8 505 65 401 2
157 806 6 377 90 531 17
10344 294 7 514 101 474 16
124 513 7 539 88 589 16
1935 805 5 403 80 386 3
2329 865 6 327 78 443 20
9687 462 7 317 125 787 19
2148 834 7 405 107 398 16
88 982 7 398 68 663 20
2278 458 5 332 94 460 17
5042 825 6 513 124 958 11
1749 237 7 434 95 288 20
10378 764 8 488 71 965 17
5037 877 7 441 64 857 12
0 164 7 366 118 698 17
4707 677 5 318 67 731 12
2367 825 6 426 107 439 17
10218 729 6 438 46 788 16
2016 269 7 423 69 549 11
2313 259 5 376 118 667 5
0 677 5 311 108 714 4
1933 591 5 370 57 577 18
4884 807 7 384 102 751 18
10162 800 6 449 91 436 10
1857 441 8 510 44 797 16
5373 933 4 286 87 377 10
0 278 5 323 60 549 11
2127 827 5 430 109 451 19
9852 409 7 343 84 422 3
1833 548 5 395 49 757 5
5205 457 7 441 77 455 3
9913 495 4 395 92 664 19
10266 136 8 447 117 568 12
9896 257 5 389 108 526 3
47 980 5 362 66 737 2
225 616 7 402 79 719 16
0 247 5 370 89 638 19
2370 743 6 444 59 304 1
348 913 5 433 70 395 2
5377 898 6 441 95 557 7
4611 931 7 375 85 790 20
2049 790 6 382 119 696 6
2138 860 7 386 55 432 3
283 798 4 343 80 742 5
10157 171 5 453 44 388 2
5079 428 6 498 61 537 16
347 713 7 346 72 739 3
10065 478 7 402 85 430 19
192 757 5 400 117 586 11
2349 775 6 548 88 436 4
2068 839 7 305 62 351 3
10161 758 6 405 57 849 17
9734 592 5 315 68 396 1
10109 765 6 367 83 441 9
2228 752 4 368 88 511 6
1766 779 6 388 98 465 10
2121 761 4 273 85 323 20
4932 871 4 375 62 774 3
289 218 7 307 59 552 12
2139 146 6 439 74 676 19
69 693 8 393 73 820 8
1625 945 6 398 99 473 12
215 830 8 369 49 740 6
4887 364 4 356 97 765 16
9756 732 7 352 111 673 9
2387 926 5 336 83 768 17
1633 533 6 480 54 436 18
4747 425 8 486 78 424 12
10083 860 7 431 52 392 20
2255 703 7 457 95 648 6
1875 159 5 335 117 532 19
5306 844 7 390 66 339 19
5365 513 6 368 86 410 5
383 698 7 545 115 522 18
0 207 4 378 69 615 10
0 450 8 442 61 325 9
1785 866 7 402 61 542 9
10160 762 6 543 74 701 19
136 349 7 416 128 550 9
10220 748 6 383 72 620 18
4923 999 5 287 88 530 8
349 137 5 305 79 610 11
2397 265 5 267 92 572 1
1628 720 7 413 57 381 17
2069 558 7 426 74 568 7
10132 775 5 471 75 552 3
2121 220 8 404 77 889 8
9652 524 6 373 89 515 7
2078 764 5 313 67 738 11
10086 734 5 420 44 527 16
4875 752 8 396 81 514 18
2386 928 6 352 96 625 18
215 463 6 329 87 824 8
10109 544 8 411 88 818 3
2388 542 6 545 98 656 18
9834 500 8 447 97 744 8
5034 822 7 421 79 841 20
2279 758 5 325 75 682 16
9807 539 8 463 104 453 8
4944 579 5 331 70 927 2
1845 354 5 406 57 546 19
4673 751 6 420 113 524 16
0 953 5 384 57 801 17
10025 307 6 380 59 525 1
0 844 5 320 62 601 7
9628 200 6 385 88 511 7
4771 459 6 295 69 466 6
0 755 5 343 76 750 6
0 242 8 552 95 675 17
0 505 7 382 87 684 11
106 177 6 467 65 573 8
1612 144 5 433 77 482 11
2113 447 6 548 87 430 11
5251 968 7 487 110 940 6
5391 653 8 545 108 710 5
10079 282 8 399 67 795 7
1988 952 6 349 101 908 17
1945 303 6 293 70 696 18
2371 699 5 330 112 572 9
241 791 8 347 66 582 19
4951 862 6 423 124 375 3
10289 956 7 486 73 461 20
334 486 5 335 93 811 18
4847 989 5 352 70 530 5
369 829 7 560 83 361 6
9952 681 5 359 95 420 19
5178 412 5 439 86 405 19
4919 892 6 350 47 902 12
4899 783 5 328 99 526 6
1946 994 7 327 109 490 4
5134 630 6 383 62 559 5
123 333 7 546 113 571 2
1800 651 7 368 91 559 6
195 847 7 543 63 469 10
2095 994 6 335 95 640 18
9907 184 6 404 78 368 2
5260 897 6 498 58 931 18
9744 238 6 351 85 304 5
154 708 6 458 83 484 3
5360 633 7 472 85 638 9
4671 838 7 365 100 574 1
0 843 7 485 84 619 10
1711 813 7 431 70 453 18
4977 710 6 252 81 626 5
1848 829 5 373 91 696 18
1748 564 8 501 68 863 17
10322 839 7 526 69 670 10
5151 946 4 304 80 500 8
5372 365 7 543 78 585 10
10307 705 7 449 70 768 3
393 737 5 376 107 633 18
1913 167 8 502 76 718 10
2166 458 6 363 47 712 6
261 804 7 387 66 371 17
10008 776 6 411 88 476 19
5227 446 4 345 58 477 2
1892 686 8 387 65 591 9
10064 933 7 362 75 811 11
4623 911 6 294 56 447 17
4979 361 4 297 68 799 6
5372 566 5 424 89 585 16
10292 820 6 449 74 442 17
4968 716 6 304 67 747 18
10234 449 7 425 71 507 9
4830 714 6 509 61 541 9
0 817 5 293 116 445 9
2079 792 7 479 79 352 4
121 377 8 438 95 978 6
2317 849 6 330 74 405 12
5129 658 6 416 74 779 8
1964 748 7 421 100 426 3
0 474 6 486 89 469 19
4649 639 6 485 97 1010 18
5205 739 5 337 90 412 20
2242 527 6 378 97 420 10
18 960 7 425 90 498 20
5313 720 5 314 78 591 20
1752 755 4 282 87 599 17
5395 144 6 459 102 734 9
1703 527 5 286 63 579 20
357 622 6 415 96 533 11
151 806 4 358 64 720 3
5125 677 6 479 103 405 19
77 144 7 533 105 652 7
2292 260 7 503 88 779 17
5032 757 7 330 60 549 9
4634 836 6 443 96 439 16
2291 174 6 389 111 346 2
4849 862 6 323 106 857 2
2344 371 6 337 85 547 18
0 967 6 556 85 692 18
4945 851 6 255 80 418 11
1771 389 5 362 75 484 10
387 381 6 271 100 684 16
0 725 7 489 117 593 2
10014 232 5 421 58 545 16
9773 938 4 373 114 504 8
1919 823 7 454 117 713 8
286 826 6 371 83 565 7
10372 321 7 436 71 331 10
4698 839 6 428 84 648 17
4786 916 7 383 49 354 16
5224 601 5 336 98 461 5
0 912 5 321 57 461 6
1829 896 7 545 123 590 16
1789 853 4 269 63 333 18
10370 826 5 364 118 358 20
1931 800 4 291 72 761 1
1956 756 6 301 94 579 8
9625 372 7 419 72 406 9
2238 759 6 387 75 475 12
9833 804 7 394 74 631 3
0 837 6 348 101 359 17
0 217 7 631 115 853 3
4625 718 7 421 102 389 20
10324 222 8 477 66 353 7
10382 441 6 454 102 656 11
10097 708 7 404 45 656 5
211 810 6 475 122 480 11
0 948 4 330 58 461 3
9736 618 7 422 81 415 5
55 313 6 347 88 686 7
341 667 4 380 60 616 10
2169 638 5 362 93 848 8
1620 812 6 344 82 491 18
4797 130 7 454 73 847 8
5117 981 7 442 104 787 2
10240 756 6 324 56 855 6
4711 438 6 326 100 605 9
0 656 7 446 66 530 18
2007 275 7 462 108 833 17
2051 372 4 322 51 401 9
349 937 5 331 86 414 17
9805 474 6 333 116 460 16
9768 662 7 495 82 828 7
1617 833 6 330 104 759 4
0 128 8 459 93 619 2
2046 796 7 336 109 448 18
10098 755 6 322 105 714 6
0 686 6 416 108 541 3
10346 771 6 391 113 458 10
0 126 4 312 77 597 12
169 725 7 368 65 516 1
159 209 6 363 79 1024 7
10214 617 6 422 94 451 11
0 835 6 349 87 903 8
5206 592 8 351 86 456 16
4934 916 6 414 115 598 8
374 759 8 459 52 324 11
9607 240 5 295 61 438 7
241 857 5 318 98 651 20
4897 559 4 349 87 509 17
2195 328 7 533 82 357 17
1666 467 6 374 89 990 18
0 769 7 397 100 329 8
9956 926 7 387 79 845 6
0 668 5 435 78 529 9
1950 801 5 267 69 532 3
153 340 5 269 89 857 12
4987 767 8 466 58 637 4
0 677 6 475 115 476 2
10315 180 7 392 58 597 4
2150 725 5 378 73 327 16
5220 642 6 411 99 856 12
1876 798 6 554 124 487 8
15 638 7 434 73 599 16
9942 679 6 365 74 307 2
1833 990 4 338 56 454 2
1741 752 6 362 105 520 5
10399 716 6 334 62 332 12
9879 122 8 433 85 466 10
1809 719 5 424 95 306 17
0 412 8 397 111 799 11
9819 800 7 448 80 536 10
1622 641 5 286 97 799 1
9750 837 8 405 74 585 2
4854 262 7 511 118 641 8
2387 155 8 385 72 304 18
2251 619 6 379 62 473 9
10211 276 5 251 85 677 10
4947 781 5 299 63 841 1
2388 553 7 446 103 572 1
10363 412 5 318 115 537 1
4966 808 8 459 68 776 4
5115 850 6 434 117 567 18
5151 204 7 374 101 356 4
9969 794 4 391 75 467 17
9942 339 7 376 115 898 12
5254 200 6 342 46 648 6
2104 802 7 623 72 643 7
10393 863 7 352 73 769 18
5196 894 6 380 79 482 7
164 778 7 471 66 535 1
1751 742 4 338 87 598 3
10391 505 5 329 62 496 18
9993 156 7 369 100 684 19
5026 368 5 276 100 611 12
125 824 6 335 101 474 9
2039 762 6 420 66 644 20
5248 985 7 298 71 463 16
9758 957 6 408 95 420 2
69 888 4 395 98 430 1
5074 297 7 443 47 580 17
1652 385 8 411 53 542 3
2157 994 7 463 82 660 7
0 291 6 321 66 518 3
9915 314 7 385 54 552 19
9672 440 5 426 71 606 18
0 659 7 475 64 803 16
4968 729 4 322 93 464 16
2314 779 8 484 96 423 2
2009 208 7 370 104 829 11
2182 788 6 429 93 843 16
9857 630 4 335 82 579 19
1659 597 6 304 106 459 7
380 707 6 304 90 550 18
289 333 6 373 80 571 20
271 824 6 479 72 669 10
0 845 5 285 114 767 19
10360 975 6 377 92 441 7
10230 825 6 531 58 498 7
2152 761 5 326 83 613 2
5241 745 6 397 58 529 10
0 969 8 357 74 694 12
10049 700 7 310 57 794 11
0 484 6 314 66 602 9
10069 870 7 398 93 457 4
1815 702 6 345 97 389 19
1808 704 7 295 73 757 5
2336 135 6 522 101 923 16
2375 748 7 536 60 554 1
0 730 6 441 79 838 7
9744 760 8 341 74 605 10
0 279 7 459 110 624 4
210 742 7 431 94 595 16
9864 530 8 587 84 485 17
0 499 5 400 53 391 7
4985 151 6 348 80 443 8
10216 847 4 330 121 637 5
2079 143 6 550 120 729 11
10338 651 6 321 61 597 3
9655 763 6 304 61 904 10
54 963 5 337 70 748 2
4827 845 5 390 76 470 8
5091 317 5 448 52 525 19
4971 656 6 466 87 865 4
10266 588 8 459 72 965 7
9822 279 6 316 52 604 3
2013 426 6 358 104 810 2
2173 214 6 445 115 711 20
1774 705 5 305 63 677 3
4749 745 6 339 91 389 3
5041 834 8 423 77 437 16
5014 306 6 375 102 567 11
0 648 6 392 112 596 17
59 935 6 469 97 635 12
9929 738 7 427 68 442 10
104 234 8 455 77 479 6
10193 864 6 347 115 740 19
10305 804 5 341 83 851 3
10280 813 5 354 67 548 16
10240 790 7 422 121 758 18
4892 171 7 385 93 384 8
2064 433 6 412 122 589 7
182 779 5 288 45 461 11
2064 970 5 352 99 779 18
5361 635 7 403 58 929 20
2034 636 6 415 60 800 19
9646 997 7 442 92 647 8
1968 529 5 430 72 863 9
10371 875 6 338 66 445 2
0 827 6 436 99 748 20
0 756 7 518 117 537 18
10147 177 5 313 77 502 1
248 223 6 389 92 777 11
0 212 6 546 106 581 1
9712 776 5 370 57 553 17
379 348 6 464 116 1021 6
1863 178 7 404 77 695 20
0 575 7 382 87 291 18
9729 400 6 327 68 660 17
2254 597 6 334 106 807 6
9741 232 8 418 54 408 1
2070 724 6 560 90 481 8
1738 832 8 475 73 534 16
10153 431 8 378 71 483 3
0 873 6 392 95 502 6
5329 147 5 275 106 754 18
5033 897 7 420 66 559 6
258 531 7 318 58 366 18
5357 211 4 336 118 519 5
9735 812 6 440 105 562 11
9811 145 6 328 100 475 11
2049 511 5 302 84 683 9
4971 964 7 295 92 402 20
5083 214 5 456 65 483 2
9697 838 6 316 51 523 16
10399 501 6 361 109 405 11
0 853 6 427 72 427 10
5087 442 7 429 90 622 20
10362 810 7 416 80 427 7
2195 824 8 436 61 460 1
0 919 6 408 87 380 2
4799 288 6 404 67 463 18
5281 553 6 396 58 731 18
108 291 8 420 44 475 19
10152 458 6 488 119 590 3
10148 568 6 386 77 512 12
4708 905 7 470 73 361 17
10308 856 6 421 72 482 6
0 839 6 402 69 626 4
9932 447 5 445 112 505 16
4639 633 4 318 77 600 16
0 767 6 381 97 487 18
205 977 6 342 81 756 18
188 796 6 408 79 571 19
1707 720 5 364 79 1006 20
10086 948 6 335 94 844 19
0 383 4 319 64 739 2
0 755 5 460 90 614 10
219 442 8 504 101 745 18
10017 145 6 406 76 483 5
9872 501 5 319 81 475 3
1762 208 6 423 78 459 12
2076 292 5 415 53 409 16
45 932 5 325 98 745 20
4859 682 7 375 121 315 7
2283 867 7 602 94 959 6
1643 858 6 314 64 785 16
10000 718 5 344 116 503 1
5389 761 6 409 76 879 19
0 755 6 480 58 936 4
4943 765 6 405 79 540 1
4658 684 6 335 94 754 7
10194 319 6 446 50 636 9
10262 893 4 386 78 611 3
0 489 6 332 123 503 20
0 361 4 379 99 571 11
10083 528 8 613 72 411 19
1762 274 4 274 61 541 1
0 854 5 278 66 650 11
1882 911 7 416 54 441 17
4699 949 6 375 92 521 7
4748 939 6 406 60 562 8
2253 283 7 398 92 508 2
1803 491 6 363 112 638 18
10121 472 5 323 62 491 20
9710 827 5 446 65 852 8
1657 397 5 422 73 527 5
9666 630 8 527 88 353 8
5201 281 8 501 83 652 3
1980 796 5 318 87 662 5
358 547 4 281 117 387 1
4894 345 5 343 118 724 19
4756 629 8 486 65 503 20
4971 783 6 350 65 692 10
4978 511 6 349 48 752 4
2316 864 7 423 117 666 6
4730 282 7 386 54 514 9
0 933 7 514 83 888 17
0 833 6 354 89 283 17
5186 900 8 386 67 547 6
9701 259 7 566 98 481 18
2380 393 7 377 84 621 18
10007 494 6 328 93 788 16
0 837 4 327 97 306 17
52 733 8 436 67 663 12
352 743 7 525 106 595 19
10375 949 7 436 58 436 18
10307 870 5 360 64 524 19
10290 573 6 375 97 453 7
4798 853 6 347 71 349 20
258 431 8 471 74 727 6
10073 634 7 293 66 830 2
10390 665 6 358 101 849 10
1855 926 6 433 73 313 11
9810 174 6 439 93 721 7
9910 551 5 435 121 666 17
0 960 4 343 89 626 16
10184 853 7 486 76 547 10
5026 878 7 308 67 487 9
0 747 6 480 70 706 3
0 828 7 455 60 942 20
0 768 5 306 89 461 3
2211 730 6 435 97 906 9
1707 429 7 431 124 756 4
1787 678 7 517 80 516 3
208 837 5 321 82 576 6
4662 890 7 425 95 356 18
10212 765 7 451 57 578 10
0 448 6 332 84 370 16
2014 789 6 395 106 788 2
10329 897 7 438 87 516 19
0 788 6 324 68 675 10
4841 626 8 550 86 554 12
0 677 6 350 91 607 17
10288 690 8 448 96 586 19
2276 309 8 477 65 308 6
1636 927 7 354 103 667 7
1639 215 5 300 83 907 4
4781 144 5 451 110 553 19
0 321 5 322 72 767 18
0 890 7 607 57 514 20
109 848 8 393 59 851 18
9964 959 6 356 83 368 1
5169 176 7 406 67 842 20
2054 136 6 345 95 556 9
4716 850 7 373 76 633 2
1728 517 6 418 85 528 18
4893 601 7 532 94 642 9
0 594 6 469 58 950 9
5167 762 6 294 73 582 10
223 264 8 405 90 399 19
0 559 6 479 55 566 6
322 466 8 445 108 364 5
4610 608 7 465 71 649 18
277 272 8 459 76 701 16
9824 814 7 320 62 686 4
10359 823 6 308 114 888 20
0 183 5 415 77 542 19
10323 899 6 413 69 616 19
10159 731 7 511 81 834 19
4678 277 6 361 70 843 1
5362 844 5 416 74 992 3
0 951 6 317 109 467 16
1873 917 7 429 95 944 7
5035 646 7 459 70 651 16
5321 714 7 448 93 397 11
2024 382 6 294 71 966 10
10181 868 5 347 124 537 5
0 758 7 443 104 360 7
5268 773 7 399 114 605 17
211 487 6 400 108 925 7
2337 456 7 436 105 439 19
9906 213 4 363 96 418 16
73 515 8 430 108 638 3
10073 804 6 448 54 539 18
1732 601 8 420 59 468 8
1909 592 5 451 83 658 19
10201 883 5 306 60 742 19
0 968 5 257 83 489 1
1625 640 6 400 105 898 6
298 727 6 368 100 638 19
4664 792 8 489 97 426 18
235 923 6 426 57 883 11
1724 245 7 499 123 664 6
9770 765 5 341 60 736 6
61 187 7 422 105 481 3
10149 178 5 362 75 373 8
2035 160 6 270 64 655 17
1746 912 6 267 68 721 20
9990 549 7 335 91 714 12
232 310 6 253 85 758 16
1953 608 4 309 81 384 1
5390 254 5 406 91 967 6
1867 774 6 399 86 456 7
10372 868 7 434 101 554 20
219 613 6 478 111 635 2
0 717 6 462 81 400 16
4974 709 7 370 113 510 1
2183 591 6 493 63 371 6
10227 148 6 332 105 493 8
0 371 6 403 58 572 16
1678 380 6 556 61 969 9
5245 366 6 480 118 959 12
217 929 8 576 97 326 20
0 122 6 408 54 540 4
340 304 5 337 83 565 12
10049 712 6 317 62 559 11
198 683 6 360 75 710 8
2266 123 5 280 96 587 19
0 709 5 401 65 470 5
4661 811 7 453 51 567 18
0 811 6 428 109 796 7
2375 983 6 382 95 836 19
4934 714 6 456 91 559 18
4905 627 7 511 123 631 7
38 856 5 324 113 763 2
10262 453 5 342 84 502 8
0 531 5 367 85 669 10
2169 835 7 486 95 529 7
2238 597 5 316 85 587 20
9653 853 8 417 52 491 5
0 717 5 440 48 858 18
61 394 8 355 86 304 16
339 983 6 424 71 499 19
365 899 5 321 53 391 4
199 427 6 339 95 812 7
4703 144 6 424 64 795 5
2069 160 6 331 51 616 7
10187 248 7 297 73 943 11
4691 861 7 422 103 462 9
4605 903 7 331 57 532 6
0 202 5 305 66 619 12
9959 486 6 420 69 593 7
1730 180 7 426 72 987 17
9982 810 6 382 114 889 10
4975 336 5 475 54 796 4
5154 718 7 499 105 429 5
5283 365 7 501 121 317 12
9684 897 7 313 60 691 5
4928 247 6 280 105 640 10
1826 747 5 437 107 473 18
9897 634 6 365 67 555 20
2318 490 6 270 74 678 20
5056 527 4 375 96 793 20
0 347 8 352 52 325 4
91 373 6 464 96 641 17
348 335 7 408 70 423 8
1987 747 6 365 122 733 16
1687 649 6 340 58 575 5
1635 484 8 452 82 970 3
1823 939 7 370 79 724 10
5016 288 6 395 87 592 9
10033 881 6 527 60 600 7
0 733 7 309 73 410 5
5016 707 7 381 90 617 12
123 734 6 473 51 668 7
144 808 5 306 98 666 4
10244 837 6 321 78 470 18
10023 860 5 365 62 523 20
2173 823 7 376 91 571 20
2340 868 7 312 87 669 17
5325 875 7 595 109 647 2
1610 513 7 460 60 536 18
0 627 4 269 63 322 19
5316 716 6 548 110 710 18
4635 744 6 370 100 559 5
2209 188 8 365 97 558 8
2073 601 6 365 116 896 6
1904 737 6 455 118 753 9
5030 391 5 296 88 761 1
5277 634 6 403 48 497 20
10228 705 7 345 62 382 8
0 800 5 287 67 640 9
10260 403 8 489 95 469 5
100 876 6 457 104 454 2
326 686 5 364 88 573 18
387 456 5 356 97 415 3
4880 743 6 356 122 468 19
10258 990 7 530 88 626 16
4612 694 7 342 66 463 4
0 747 6 383 97 633 17
1877 295 5 460 72 505 20
2055 843 7 304 73 410 5
4934 554 6 418 101 430 1
9996 492 7 425 92 534 17
10153 827 6 350 78 723 20
10202 369 7 392 76 434 9
10309 742 7 477 62 370 3
10321 762 4 271 97 400 6
4697 391 5 337 55 483 6
1742 148 5 332 72 515 2
307 974 7 590 117 654 8
9861 777 5 442 82 746 9
10315 650 6 448 93 443 19
9963 497 6 418 57 572 8
4934 710 5 385 76 507 3
9816 743 8 464 123 684 18
4630 752 6 479 78 605 20
2000 806 7 367 67 504 20
5316 719 6 448 90 455 3
2316 189 7 411 54 462 6
1899 761 7 471 88 389 11
176 340 8 594 83 452 5
0 957 8 459 79 355 7
5325 796 6 403 96 390 4
5304 803 8 445 77 306 16
5053 602 8 350 52 469 10
4918 777 6 471 74 324 11
5253 812 8 400 44 953 8
9893 797 7 391 70 749 18
5288 344 7 636 64 944 8
9633 742 6 288 111 819 16
5225 256 5 455 112 476 10
2175 566 7 458 66 976 18
5073 985 7 356 69 668 7
2148 557 7 608 117 434 12
2013 825 8 630 84 533 4
0 287 6 367 117 927 1
1668 749 6 447 57 670 19
10039 971 5 383 69 391 17
1990 802 5 310 102 456 17
5149 436 8 520 106 557 10
204 849 6 305 74 598 17
5354 787 6 310 71 552 8
204 902 6 378 74 547 7
0 469 7 498 111 535 6
2276 265 4 290 121 469 4
4779 376 5 429 106 587 10
9761 903 6 316 90 661 8
349 770 6 293 109 533 19
5220 942 6 432 109 693 20
4906 144 5 324 78 394 2
5064 534 8 424 80 365 12
1855 871 5 321 51 450 4
239 703 6 315 82 524 20
10227 313 6 461 68 954 8
4766 719 6 454 59 426 9
5176 681 5 362 96 730 5
1963 731 7 391 44 588 5
10000 951 6 356 88 532 2
9809 202 4 271 89 428 4
10098 756 8 522 109 355 1
5007 804 7 489 83 772 17
4651 935 6 379 83 1006 17
2315 975 5 330 68 447 4
1612 959 6 400 85 606 2
0 939 6 319 48 416 3
2366 817 6 407 81 525 10
100 913 4 314 69 678 11
2274 670 6 447 72 655 2
10262 499 5 325 84 567 19
9777 513 5 444 119 512 10
10166 822 7 400 78 555 18
193 265 7 307 94 506 4
5388 983 4 283 48 602 2
2179 723 5 382 105 500 5
5157 795 7 460 58 748 12
9751 729 7 454 109 330 20
1992 805 6 309 93 434 18
5165 883 8 494 96 398 20
4725 500 7 399 72 348 20
2189 369 7 400 91 400 9
1705 311 5 268 91 719 3
0 905 6 419 72 856 6
9739 790 6 422 77 318 6
5029 171 7 402 85 540 7
10150 857 6 380 108 1016 16
328 374 7 512 46 392 12
1627 906 4 269 67 803 19
10322 244 6 383 59 736 17
9979 280 6 428 96 725 19
0 790 6 430 95 474 16
10132 961 7 453 111 556 19
2174 196 7 379 74 385 20
2200 774 5 291 85 534 8
4622 935 7 581 77 549 16
4765 476 6 287 117 755 20
4775 341 6 328 85 727 18
0 624 5 461 75 660 9
5224 199 5 455 111 550 2
0 739 6 306 50 703 9
1827 758 7 466 60 869 16
4988 905 7 322 89 454 18
0 635 6 347 94 646 2
10091 440 5 377 67 694 7
0 820 7 526 89 658 8
9723 716 6 456 78 685 7
4688 695 6 379 88 594 4
0 447 7 419 114 854 11
4612 844 6 334 76 318 5
1888 276 4 314 86 628 19
2110 363 7 337 61 491 8
9801 455 7 445 119 543 8
2047 843 5 412 73 625 18
38 775 5 371 90 461 2
1807 271 7 311 65 305 5
10006 380 5 328 66 648 4
10289 462 5 334 96 365 10
5226 157 5 398 121 548 17
5271 599 7 548 101 637 17
5083 820 5 279 121 547 20
294 980 6 495 124 486 1
4972 771 7 405 102 573 11
5288 830 7 500 80 639 19
2028 805 4 261 82 641 17
4802 411 6 415 58 605 1
1665 711 7 392 124 831 6
10018 434 6 302 83 609 6
4708 743 7 477 57 339 17
296 807 7 349 82 498 18
2011 734 6 312 87 848 4
5394 735 5 458 65 497 3
0 769 7 491 63 673 12
9758 503 6 384 113 682 8
2186 565 4 313 83 814 19
9847 905 6 446 64 490 1
0 156 7 356 58 632 16
169 186 7 418 95 457 12
1763 337 7 433 80 623 1
9671 768 7 335 92 700 11
4733 755 8 505 45 548 7
10318 359 6 358 111 631 18
5183 925 6 309 93 712 7
2123 318 7 324 101 480 11
259 389 6 560 116 685 7
4841 347 6 403 105 530 16
2224 962 6 308 49 401 17
2047 442 6 320 60 786 17
338 723 6 322 50 760 11
10292 317 5 475 92 771 6
0 671 7 515 118 1005 1
10223 670 7 446 51 617 11
4893 238 6 360 78 485 1
294 821 6 370 86 585 18
10061 808 6 438 106 512 4
4849 839 5 362 94 672 18
9600 433 6 464 114 810 10
305 841 6 389 55 752 18
5374 799 7 432 86 497 19
1751 357 6 396 121 649 19
279 914 8 459 63 674 17
4974 680 7 566 111 547 5
2024 552 7 420 54 537 3
0 459 6 334 86 389 10
2248 707 8 475 55 337 12
10099 159 6 372 77 723 6
1643 647 5 357 69 833 1
0 960 7 351 71 692 9
0 530 7 392 70 383 6
1687 794 6 384 79 676 1
1939 763 8 401 54 547 4
273 340 5 451 88 723 8
5104 247 7 447 113 619 11
5313 760 5 318 58 621 18
277 183 7 490 57 665 6
0 565 5 390 97 974 9
9679 483 7 398 87 660 2
0 531 7 324 105 655 7
0 834 6 385 104 583 2
5075 265 7 436 68 792 6
9793 885 7 474 60 475 1
5382 776 5 287 114 539 16
191 612 7 495 71 324 1
5150 844 6 389 101 401 19
10050 728 5 362 66 418 4
5260 475 8 447 108 466 8
0 289 4 274 98 339 5
9864 793 7 340 54 338 6
9889 266 5 372 68 659 1
10333 135 6 440 90 656 20
0 590 6 349 60 855 12
9752 774 6 388 49 654 17
9830 885 5 457 92 479 2
2199 629 6 559 66 784 18
10113 830 8 458 70 455 7
10140 701 7 404 97 794 16
10326 823 6 442 95 346 3
9615 762 5 279 69 555 7
2185 233 7 438 92 845 12
2371 879 8 630 116 443 4
5071 193 7 473 95 582 17
5063 545 4 380 62 387 18
211 732 8 372 55 591 20
5044 467 5 287 56 730 8
5103 278 7 440 94 532 16
1762 263 6 423 95 817 20
0 786 4 302 65 461 3
0 980 5 358 72 502 5
4758 793 6 368 101 846 11
5330 818 6 415 55 415 10
5152 958 7 298 85 761 16
5342 774 7 434 92 410 7
1633 727 8 353 56 532 16
155 598 7 433 95 828 4
1916 958 6 380 106 754 9
0 906 7 320 69 565 19
13 288 7 386 91 568 16
9952 574 7 515 112 377 20
5398 223 6 438 68 847 11
10265 766 7 487 105 587 20
289 534 6 346 118 463 4
4944 776 6 549 64 822 11
1937 927 5 390 110 346 3
2111 860 5 344 87 831 19
128 253 6 364 88 480 20
10093 737 5 275 70 307 8
2351 128 6 378 64 379 11
1788 769 5 287 85 497 4
9754 902 6 449 71 500 17
2117 747 6 375 91 694 11
1727 894 6 350 90 694 11
9879 561 7 547 89 415 2
4910 478 6 549 120 394 11
9831 548 7 495 101 567 7
4750 455 7 434 92 939 17
10276 760 7 465 61 440 1
0 453 6 316 106 535 19
0 409 6 498 107 993 17
4705 257 8 415 89 762 20
9626 398 5 360 97 469 16
2078 264 6 438 116 585 17
4940 426 8 422 81 478 17
9880 301 7 405 63 677 2
2018 366 5 258 92 605 2
1774 785 7 490 84 724 12
0 879 7 488 124 488 19
9959 925 7 443 74 903 1
10262 241 7 412 66 657 11
10329 955 6 343 119 722 6
10371 764 5 373 96 661 7
5080 954 7 296 106 673 16
10159 699 7 595 108 954 8
276 856 7 396 59 862 11
1802 261 6 422 109 557 17
10079 654 6 474 89 490 1
1673 490 7 433 108 632 18
4971 659 6 315 59 691 18
5213 516 5 333 59 542 1
4687 460 8 464 69 621 17
2060 988 5 325 64 721 18
9618 417 6 389 61 971 17
2332 223 4 277 88 535 9
2140 546 6 333 77 999 16
0 735 6 474 57 867 9
4652 770 7 438 113 336 18
1698 836 8 498 90 540 8
5162 566 7 586 86 748 17
1973 794 5 369 85 366 3
9970 987 7 606 77 991 11
1955 407 6 323 87 473 19
1604 724 6 404 82 760 20
10037 130 6 471 86 382 16
5155 794 6 338 85 665 11
5351 542 6 436 114 615 9
2084 701 7 464 68 836 3
1930 881 7 364 95 689 20
5343 625 5 340 90 672 10
5291 493 6 413 121 466 7
5119 664 6 277 81 671 19
5237 306 7 374 96 623 17
10146 812 6 430 120 593 5
5082 510 5 317 112 648 19
2071 769 7 540 101 838 3
10381 161 8 466 59 497 11
4744 712 7 320 91 786 3
0 538 7 503 61 642 5
229 706 7 440 61 480 7
0 813 8 482 92 477 11
198 969 5 413 66 669 9
2367 747 8 457 68 387 17
9976 750 8 578 61 590 18
5382 419 8 626 79 994 6
274 915 5 430 120 508 20
5260 811 6 300 117 814 11
10022 777 8 591 107 351 18
258 787 6 474 101 852 4
5129 768 6 430 102 966 5
10387 526 5 380 76 624 2
0 471 6 464 111 644 17
0 288 5 327 83 729 1
5375 324 7 488 110 887 10
10161 133 6 460 123 369 19
245 357 7 378 99 362 4
5021 776 6 409 52 365 9
9606 349 8 599 72 860 3
5301 724 5 313 56 411 16
4627 553 7 440 62 368 9
0 720 6 358 83 910 7
5152 849 6 476 65 725 12
0 627 6 532 123 632 12
82 855 7 458 107 485 1
9668 305 6 283 55 665 4
5037 272 6 533 69 545 18
4831 534 5 366 73 859 20
9847 306 6 339 118 471 7
10385 748 7 442 114 491 6
1858 720 8 375 46 376 11
5272 536 6 399 97 640 10
1859 184 7 296 48 363 1
178 866 6 288 108 492 17
9778 222 5 348 76 845 8
0 918 8 357 74 711 1
5120 455 5 433 116 862 5
2147 787 7 378 68 521 9
9904 548 7 419 104 587 10
9615 723 7 434 108 898 7
5254 352 5 338 59 651 5
400 679 6 315 56 646 5
0 737 7 441 115 406 4
4707 349 6 390 93 580 3
10288 290 7 340 126 753 2
9699 876 7 446 97 679 18
221 459 8 450 102 339 8
5323 224 6 370 80 756 18
10309 268 6 448 77 673 12
2134 563 5 480 59 610 19
9665 793 7 519 109 611 18
10013 717 7 473 119 925 12
9757 950 7 336 51 466 8
1948 791 6 496 120 669 17
4634 475 7 390 62 503 18
1650 745 4 400 86 546 1
10028 682 6 329 83 540 9
0 780 5 353 46 636 19
1677 559 6 314 71 492 4
9920 553 6 438 110 661 20
1724 945 7 368 87 624 19
5105 291 8 573 75 836 3
2157 721 6 432 101 434 11
9603 652 7 454 68 460 18
1706 576 7 417 74 735 10
10251 556 5 313 89 668 5
0 454 6 448 71 676 11
99 762 7 375 84 483 11
4689 893 6 357 81 518 2
4637 769 5 280 75 518 2
4661 913 5 373 85 705 18
1818 897 7 308 65 576 16
0 767 7 537 96 745 12
110 836 5 300 119 681 10
123 466 6 468 119 648 4
9791 885 6 468 72 616 10
2108 907 6 323 80 917 17
1828 587 7 360 49 311 4
36 877 6 514 116 841 6
9981 986 6 430 59 662 12
9760 690 5 357 86 496 1
1830 607 6 450 105 504 11
4747 914 8 527 96 606 1
10038 705 7 554 102 547 20
9718 698 7 530 124 838 16
5106 856 7 444 107 707 19
21 775 7 427 69 636 9
9684 862 6 393 96 605 9
5154 403 7 361 80 582 19
0 249 6 402 118 580 12
0 537 7 528 102 821 19
4957 417 7 395 90 588 10
10362 552 5 366 98 865 18
0 596 7 512 83 644 9
5238 523 5 346 87 523 20
9791 645 5 350 74 492 6
9646 646 7 423 50 332 9
1669 636 7 313 80 829 3
2347 406 7 390 59 429 19
39 126 7 428 49 371 5
2337 509 5 336 68 454 16
4655 929 5 347 97 651 18
5013 708 6 532 106 642 4
5344 958 5 452 96 547 18
103 618 5 457 100 638 4
6 971 6 436 75 537 7
10134 343 7 503 46 358 7
9605 781 7 439 57 673 11
4740 124 5 287 61 669 10
0 196 8 409 88 907 16
2144 935 7 438 53 435 20
5182 894 5 324 60 390 10
2266 877 8 370 86 747 17
4772 300 7 339 57 886 10
1880 179 7 510 119 381 12
4897 601 4 337 112 320 11
0 519 6 313 63 406 20
2201 904 4 360 86 399 19
234 638 7 494 79 313 5
0 856 7 462 83 473 10
5075 792 8 473 80 521 16
179 546 6 405 82 796 12
5151 819 4 396 94 623 7
1628 178 6 394 91 974 1
1894 403 8 377 72 560 20
0 565 6 380 70 304 11
141 810 7 393 105 418 19
4738 149 7 480 119 757 1
10013 827 8 499 66 348 4
1670 640 7 389 80 866 18
4999 359 6 295 92 746 18
1970 592 6 335 105 783 9
0 833 5 366 121 644 16
0 703 5 479 57 552 20
0 829 4 289 61 403 20
179 571 5 291 71 497 11
5103 431 6 272 79 915 18
10006 750 6 557 96 608 6
4728 134 7 414 64 840 9
4601 541 7 443 72 550 7
5077 933 6 429 100 776 5
2139 707 6 340 120 849 9
4633 945 7 442 112 782 4
323 614 5 386 97 536 19
5038 927 5 345 105 578 9
4760 802 7 356 79 683 3
1901 564 6 316 70 641 5
9820 238 7 339 61 665 3
0 787 7 463 82 496 5
340 714 7 423 120 765 8
0 797 7 302 72 322 10
9952 482 5 334 110 565 6
0 986 5 377 100 523 20
0 181 7 468 49 533 3
2292 691 7 610 93 349 10
4604 420 6 383 89 403 5
9785 127 4 342 70 610 5
245 896 8 470 100 710 19
10083 709 7 472 77 598 17
9879 538 5 272 76 605 20
109 771 7 324 87 775 16
4979 700 5 478 68 530 7
2246 831 6 365 45 312 12
5144 720 7 496 108 620 5
1664 554 7 446 75 308 11
1985 814 7 423 70 620 20
2209 847 7 397 114 525 4
4798 680 8 360 93 319 3
10004 939 7 384 55 735 1
9859 174 7 433 107 382 19
10282 532 7 323 54 428 16
5394 812 5 466 58 377 7
9897 723 7 373 88 645 6
10231 361 7 454 80 529 7
321 728 8 436 70 907 8
5014 772 7 384 116 720 12
9993 317 7 437 104 874 17
2115 657 7 417 86 652 10
1701 894 4 280 81 765 8
1656 1000 6 422 78 732 11
5084 794 5 356 70 603 8
5383 636 7 529 84 900 11
4659 501 5 331 48 763 6
1658 465 6 398 58 463 5
0 389 8 563 61 552 5
10008 750 5 346 89 505 5
2338 877 5 394 64 514 3
9903 855 5 446 77 631 18
2334 832 6 400 94 594 4
1938 869 6 363 86 389 8
0 670 8 491 102 319 8
1748 748 7 428 56 590 12
0 210 6 383 89 1016 16
10213 862 6 529 99 459 8
5183 724 7 428 122 707 7
5033 231 6 339 93 590 1
9749 748 6 456 98 780 2
41 747 4 317 87 727 7
2219 460 7 365 78 283 7
5386 883 6 353 59 745 5
2008 711 5 471 56 779 17
5229 809 8 347 62 496 8
1774 925 7 469 119 852 6
1676 922 4 300 95 495 2
9678 248 7 501 120 682 12
5088 864 7 343 101 675 12
1931 240 7 520 60 505 18
9805 681 6 273 92 544 4
0 722 5 335 50 601 8
0 493 7 441 66 505 1
10320 714 7 374 95 600 8
2107 797 7 369 73 653 9
10325 835 6 442 88 822 19
5316 307 5 429 76 556 3
207 982 6 264 90 393 8
10075 966 5 310 57 795 16
1787 230 6 354 69 584 6
338 146 6 334 58 406 10
245 368 4 265 68 472 5
5321 369 8 382 88 480 5
4688 656 5 341 120 811 17
2097 743 7 427 95 684 7
4683 742 5 445 100 438 2
5130 496 4 360 53 818 9
5164 619 6 362 60 502 17
2011 655 7 558 86 960 19
10308 329 5 341 59 537 11
2025 441 7 386 97 743 3
5274 839 6 468 96 677 2
4781 897 6 341 108 536 20
4980 974 7 330 60 956 6
4918 126 6 489 100 449 8
4648 170 6 434 119 584 1
2128 766 8 504 110 642 20
9993 405 5 366 86 617 2
10000 549 5 354 67 569 17
5160 947 7 585 92 523 3
9719 815 6 438 78 591 16
4935 519 6 416 55 638 20
0 473 7 405 60 707 11
5246 420 7 400 112 346 9
10139 419 6 328 76 905 20
4858 947 6 311 84 901 6
4847 229 7 331 63 599 11
335 615 7 393 100 659 20
2205 761 5 299 57 529 12
10196 282 6 318 82 842 17
4621 776 6 408 78 788 5
0 786 7 483 110 495 17
142 413 6 367 88 354 17
2053 815 7 434 104 358 5
2352 263 6 379 117 518 20
5300 863 8 452 62 464 9
9772 541 6 433 86 400 12
10389 512 8 447 83 614 20
0 245 5 294 71 424 3
10147 914 6 446 87 878 9
9805 752 7 511 99 773 16
313 362 8 425 53 910 10
4643 977 6 442 104 917 9
10298 491 5 385 64 859 19
0 750 6 354 86 449 8
0 506 7 413 77 701 18
0 352 7 424 78 718 5
2201 347 8 430 79 914 6
0 818 6 410 66 613 17
335 817 7 565 107 321 20
0 989 6 415 88 735 7
9722 297 4 332 115 430 11
0 163 5 341 93 773 9
4819 669 5 426 79 972 8
4883 956 6 503 76 547 20
5356 750 6 349 72 608 3
0 150 6 382 65 320 19
2085 540 7 408 47 575 10
1926 744 6 301 113 538 17
1933 713 6 336 92 405 19
2001 812 5 314 71 685 16
1728 927 5 403 59 635 4
4809 832 7 329 82 695 16
1787 255 6 377 119 557 4
4886 832 6 417 71 613 6
10184 772 7 352 66 491 11
10312 514 7 352 81 387 4
247 617 7 446 91 668 5
4999 795 6 395 57 650 9
4948 852 8 507 64 796 1
2067 899 4 386 92 564 11
2070 777 6 316 76 736 5
9758 827 6 453 75 720 16
10317 719 5 416 86 803 10
0 518 6 380 105 536 1
4938 271 8 556 121 947 19
4917 872 8 470 91 597 10
389 723 7 305 62 428 19
5358 745 8 616 108 317 7
5195 540 7 451 99 722 9
243 515 7 397 71 711 10
10043 612 7 483 71 342 18
5179 777 5 355 84 359 4
9789 684 4 266 65 441 1
4724 555 6 311 76 459 17
5140 122 6 448 59 579 9
202 472 8 448 59 1006 4
4674 965 6 359 59 591 8
1693 355 7 372 68 432 18
9995 725 7 399 59 806 8
9815 397 7 412 76 527 1
2206 929 4 369 57 713 18
1712 769 7 455 106 298 2
5213 765 6 371 72 513 3
2325 747 6 547 117 675 3
1858 348 6 327 75 910 16
0 522 7 313 97 503 10
5014 367 8 379 54 447 9
0 976 4 288 60 457 4
0 431 5 346 91 572 12
4967 168 6 302 76 929 10
380 706 6 391 94 606 19
9684 256 6 381 94 406 5
2214 844 7 408 89 646 6
5100 496 4 340 65 386 20
4840 742 8 496 96 605 17
0 662 6 528 74 314 12
2329 793 5 431 75 457 7
4662 342 8 416 57 470 16
4713 347 5 389 60 613 11
10148 666 5 294 78 487 7
152 619 8 423 53 538 8
2337 764 8 427 96 382 20
5105 383 6 477 99 445 18
0 260 5 360 97 948 17
1832 299 7 406 64 400 9
5075 262 5 460 121 656 10
0 157 8 506 80 495 16
5 451 6 399 69 731 20
4799 951 8 401 75 402 12
10163 546 8 470 66 441 20
4768 236 5 348 70 620 17
9669 165 6 400 94 599 10
9728 718 6 358 96 488 10
71 147 6 366 80 585 19
4864 753 6 301 109 556 19
5192 298 8 448 62 396 12
4778 484 7 606 78 683 16
2134 808 7 446 99 505 6
4820 775 7 333 63 434 7
0 193 6 461 98 840 12
2052 867 5 268 50 567 17
176 160 5 256 108 383 16
10033 759 5 294 65 672 18
5353 798 7 342 85 288 19
9915 963 8 522 115 1005 17
263 854 5 432 93 388 11
9902 788 7 414 78 490 18
30 300 7 425 92 983 19
4704 546 8 361 102 332 19
10214 618 7 444 113 749 7
350 399 6 356 95 614 19
5195 986 7 534 67 331 9
2008 356 8 511 81 503 3
10309 892 6 322 78 812 8
4625 806 7 393 68 470 1
9735 787 7 445 115 819 2
0 838 5 321 81 672 4
10186 233 6 470 71 910 8
4961 876 5 349 80 688 6
2203 281 8 473 108 802 2
1616 809 8 456 57 669 3
10164 775 6 382 75 681 1
4949 565 5 386 73 580 19
9661 400 6 441 82 540 10
5097 760 5 388 55 513 3
0 873 5 425 96 600 11
0 850 6 397 84 627 18
0 209 6 379 95 633 17
10288 713 7 384 107 577 20
4698 788 7 513 118 911 5
0 171 6 407 108 338 1
4853 891 6 556 72 543 9
1644 319 6 434 79 537 16
4729 136 7 514 95 643 12
1868 554 7 296 98 694 7
2297 178 5 362 72 440 2
5349 381 4 316 112 387 8
10314 891 5 344 93 578 6
139 360 6 402 72 519 11
4678 839 8 424 72 348 8
9677 720 7 434 92 871 19
0 247 4 330 68 377 11
4958 192 7 490 108 841 4
9863 681 7 349 126 446 19
5371 819 5 440 59 499 2
9840 701 5 342 61 424 5
1649 860 6 387 64 548 12
5252 918 7 459 73 442 10
5079 166 8 503 51 505 6
10389 959 5 453 72 841 7
2128 859 6 416 96 605 3
377 413 6 407 78 465 1
0 761 7 400 67 585 18
187 457 8 418 54 603 10
1668 698 6 387 66 738 12
10157 797 7 567 82 426 16
9907 862 4 292 116 440 10
1836 786 6 324 71 898 9
181 328 5 351 66 498 2
4778 126 7 437 120 370 7
1875 726 8 370 109 383 10
1902 411 5 259 100 627 20
5351 924 7 431 59 553 2
5038 127 5 295 70 909 3
1781 663 5 301 54 509 20
316 976 7 352 55 426 16
10047 662 6 332 102 562 5
1996 703 6 332 114 591 19
0 960 5 422 99 876 1
9870 729 8 362 62 680 5
4893 740 8 478 81 446 6
4786 663 7 441 69 730 17
368 236 4 310 64 542 20
10399 163 6 471 113 491 19
9847 529 5 327 97 776 20
2321 577 6 445 76 441 10
9909 839 5 463 113 737 7
2283 723 5 267 99 485 3
4743 801 7 298 84 314 3
5374 123 5 428 106 529 11
1692 701 6 323 64 510 6
0 700 5 478 119 788 17
5223 188 7 535 124 636 19
2044 700 7 474 87 630 18
2061 813 8 470 104 493 16
4913 139 4 326 66 640 7
10098 384 5 267 93 505 8
0 765 4 389 116 635 8
9774 857 7 449 87 584 10
5388 232 7 374 66 458 16
1998 926 4 337 83 622 19
2366 141 7 507 83 508 11
10189 588 7 536 84 528 4
1851 810 6 331 127 753 4
1994 404 5 351 88 638 18
2310 828 6 457 69 511 18
0 869 6 303 62 680 8
351 582 7 540 112 550 7
1641 713 8 398 91 551 20
5123 529 8 474 89 455 5
4754 388 6 525 114 436 7
2097 928 6 519 101 796 16
9806 429 8 428 101 641 6
10133 835 7 377 95 340 18
10144 980 5 411 112 536 20
9766 196 8 449 80 526 6
2362 863 4 342 55 855 4
0 641 6 373 61 434 12
9626 991 8 383 96 577 9
2023 717 5 389 88 499 10
61 748 7 436 111 563 19
1914 390 6 438 96 639 5
5021 878 5 409 74 573 6
10175 697 5 313 62 353 11
2370 750 4 341 46 457 5
5095 378 7 478 69 511 12
23 971 7 468 74 574 1
4806 387 6 326 87 846 18
5118 297 5 272 108 839 17
10126 940 7 497 95 722 16
1697 171 4 358 79 606 11
2301 327 7 380 70 470 17
5341 298 6 439 81 765 18
2371 353 7 391 59 463 8
0 549 7 378 76 637 10
0 726 6 308 95 511 19
2119 872 5 338 118 338 10
1739 389 6 552 104 555 20
9871 713 6 475 109 312 4
0 817 8 602 112 662 12
4922 551 8 505 47 382 2
4741 409 7 461 62 670 19
239 205 6 512 76 673 18
4692 343 5 347 46 561 17
10287 265 7 410 96 421 4
5187 160 6 397 60 628 19
273 788 6 431 87 601 20
0 721 5 456 97 676 2
5324 756 6 386 89 616 11
4746 530 6 473 98 493 16
0 322 8 474 55 926 1
1780 984 5 382 87 851 12
9659 780 6 340 69 476 11
2069 376 5 360 90 836 1
10092 687 5 434 78 601 16
0 411 5 474 61 467 1
2263 579 7 432 69 331 3
10182 189 5 430 51 396 16
10084 986 6 432 98 920 11
122 528 5 405 104 454 3
9849 946 7 301 59 495 3
194 775 5 399 87 402 17
5216 742 6 333 86 582 18
2391 728 6 294 54 477 7
9991 363 6 489 98 687 19
2224 752 8 423 106 397 18
5072 406 6 451 47 715 7
0 290 7 420 55 315 3
9707 464 5 260 61 703 4
9678 658 7 399 66 829 9
11 949 7 472 86 482 11
10201 158 7 445 48 928 12
5191 808 5 318 79 443 2
2018 897 6 413 62 713 5
5025 880 6 357 81 598 1
2297 750 4 306 56 412 19
0 551 7 339 59 807 7
9766 403 7 455 112 294 2
10365 916 6 313 65 464 7
4737 455 7 347 52 344 20
10008 987 7 425 113 868 17
0 818 6 317 109 908 20
10118 910 7 354 68 301 18
2384 141 6 322 89 550 10
1788 153 6 396 93 623 7
5012 718 7 372 55 860 9
1773 547 7 303 63 812 16
259 148 7 327 106 472 20
0 586 8 366 104 494 9
0 880 7 334 106 385 12
1910 830 4 363 92 401 8
2260 528 7 465 95 996 8
10072 207 6 379 82 922 11
0 481 8 484 80 649 17
352 762 6 376 85 928 9
5128 330 7 437 79 842 16
4633 153 6 315 56 601 8
2091 263 5 374 106 677 7
4831 715 5 352 108 455 2
2015 753 7 393 80 751 5
5135 725 6 512 81 987 1
0 504 6 395 70 461 11
259 838 7 415 93 1006 1
382 232 6 458 67 634 7
220 744 5 272 111 455 2
4742 395 7 409 61 497 8
2055 551 6 352 113 622 7
1822 307 6 460 95 418 18
2181 627 8 584 62 647 19
10085 659 8 403 58 458 17
10304 624 5 290 60 518 5
0 820 6 349 64 620 12
2041 367 8 574 86 1024 18
339 398 6 312 87 871 16
184 402 6 374 68 879 19
5182 192 6 275 124 797 11
1892 691 5 310 86 771 9
2292 778 6 309 60 523 19
9901 788 6 395 64 353 8
2113 959 7 375 84 364 6
4964 877 6 393 61 314 6
4854 796 4 351 100 514 18
10097 628 5 351 121 649 3
5230 530 7 484 105 557 19
10050 360 5 435 107 485 8
2027 600 5 388 79 613 19
355 307 7 368 60 454 17
0 219 7 352 108 611 4
5312 896 8 383 64 593 6
5272 306 7 504 75 936 18
10228 964 5 474 59 459 16
0 990 6 331 56 574 12
1676 685 4 269 60 532 12
55 318 5 410 66 330 1
0 932 6 438 101 816 16
0 187 5 332 62 417 10
2064 603 5 413 87 690 17
9905 321 5 475 61 823 8
9642 912 8 355 57 630 17
4952 940 7 454 111 674 3
1860 999 7 440 109 977 7
5203 726 8 426 101 505 1
10139 786 7 421 69 925 3
9900 742 7 297 51 396 19
5364 189 5 419 91 914 4
2173 728 7 455 71 589 12
10093 468 6 463 67 937 4
0 825 6 533 73 699 6
10281 406 5 305 64 738 6
10369 760 6 422 64 334 11
9773 654 6 376 104 740 3
4646 622 8 635 97 510 8
10343 910 6 361 53 745 18
9726 886 6 536 101 684 2
9861 121 6 318 63 867 18
4825 182 6 345 81 971 10
1691 796 6 429 99 523 4
10016 556 7 449 59 852 8
2346 959 7 461 93 587 8
10080 835 5 253 105 640 16
0 433 5 350 98 419 6
2269 574 4 351 124 359 12
1901 328 8 377 57 401 17
1954 868 6 493 111 806 20
0 747 6 438 88 446 16
9721 152 8 361 47 439 4
81 369 6 360 49 524 19
2157 929 6 497 70 688 4
0 575 6 286 123 437 20
186 276 7 346 107 759 4
4907 971 5 329 79 411 11
0 795 6 419 68 566 16
149 343 5 371 91 709 20
138 738 8 409 82 901 3
4962 764 5 446 102 732 16
9656 752 5 357 111 797 6
5124 256 7 382 95 412 17
1860 930 4 304 59 468 7
4889 992 6 416 69 458 20
0 825 5 355 99 619 16
1733 829 6 254 96 555 3
32 797 5 351 63 743 4
10077 279 7 394 71 513 19
10193 809 8 562 115 416 1
1884 397 5 375 79 472 6
0 988 7 567 90 653 10
4753 468 5 379 113 886 2
9921 134 6 334 69 343 18
69 673 5 262 96 922 10
1923 569 5 322 89 494 10
4605 877 4 325 85 452 17
2204 321 6 499 76 409 16
10060 973 6 347 94 826 1
9984 673 7 485 67 470 12
366 763 7 510 87 608 19
10072 840 7 510 108 771 2
5082 896 7 502 124 525 6
4668 979 8 457 58 353 8
259 821 8 376 70 787 8
10065 544 6 324 105 667 7
9780 771 8 485 123 927 3
0 640 7 488 98 427 20
10192 847 6 426 57 510 16
0 362 4 269 58 568 20
10186 340 8 489 108 451 16
5334 801 8 429 91 571 1
1731 835 6 478 63 702 18
4847 653 8 555 109 625 2
10309 698 7 501 105 729 4
9858 444 8 385 61 535 7
1783 844 7 354 112 422 8
0 421 7 380 70 782 18
9606 175 5 331 96 462 11
10194 765 5 426 91 687 11
0 708 7 420 100 674 16
2151 793 6 431 81 458 11
2254 459 6 505 97 371 7
1671 230 6 412 105 320 17
4889 802 5 368 54 677 1
4771 756 6 440 106 619 7
1602 716 7 431 81 691 16
10229 789 7 508 69 551 10
5060 727 5 312 82 554 18
0 823 6 360 82 606 1
5320 169 6 328 70 495 3
9617 712 5 432 103 500 10
0 978 7 333 77 405 12
0 677 5 323 128 547 18
10014 404 6 405 95 623 6
9893 735 6 344 115 837 2
0 430 7 595 94 310 17
319 725 6 368 68 571 11
10159 307 7 514 66 984 4
1649 272 8 503 113 914 20
10379 670 7 436 93 390 17
65 383 7 440 63 431 12
9748 448 6 534 119 364 19
1616 396 7 370 95 508 12
1649 265 7 471 80 638 4
4962 954 8 359 87 584 9
1965 718 6 324 111 519 7
5138 768 7 368 93 408 4
9635 448 5 452 73 350 20
2031 680 8 529 79 649 16
282 158 6 452 100 572 20
9682 905 7 472 75 533 18
31 422 7 472 67 491 7
0 871 7 383 93 547 10
130 144 6 366 67 597 2
4802 135 6 322 61 522 9
199 778 5 345 77 680 6
9752 418 7 392 96 652 6
1758 516 5 464 104 602 17
1653 172 5 336 52 552 18
5384 267 7 627 115 514 6
297 199 6 315 62 724 12
139 714 6 402 73 305 2
5031 791 5 439 94 508 11
0 780 7 342 73 728 1
10253 691 8 427 104 518 5
4739 837 8 359 56 781 9
1722 159 7 346 60 476 11
2005 996 7 363 96 965 12
10194 180 6 435 68 546 6
10047 730 7 537 85 918 9
5167 805 8 508 81 776 6
5095 143 6 299 94 738 8
2247 987 7 455 56 658 8
5029 523 6 271 74 463 16
185 762 7 433 96 636 4
4670 831 6 464 68 553 19
210 717 7 451 88 788 10
1894 498 5 352 98 576 4
1812 305 7 407 76 606 4
10085 724 6 426 112 516 8
10307 191 8 418 63 980 2
5322 641 6 442 52 841 16
5168 734 4 283 56 454 5
10318 144 5 385 121 401 10
5074 577 5 479 86 931 18
282 642 7 436 79 521 9
0 359 7 296 66 759 9
5363 386 6 338 47 469 7
9600 263 7 355 92 808 18
400 281 4 382 81 631 8
5158 848 6 328 55 391 16
4882 390 6 419 75 819 20
0 877 7 343 122 815 10
5360 891 8 570 81 448 16
5074 956 8 463 81 590 8
147 317 6 325 61 800 4
5129 664 5 342 79 535 10
0 765 7 415 80 768 4
2367 368 7 369 79 595 10
9695 736 7 403 52 664 2
1608 820 5 473 55 376 5
5361 229 7 367 71 317 10
0 337 7 437 114 720 12
9743 464 5 447 82 774 8
4862 933 7 316 106 555 8
0 667 7 520 67 510 5
9638 433 5 368 76 942 1
9777 659 4 327 52 630 8
1624 390 4 277 116 496 5
10032 860 8 490 73 338 12
9830 751 6 439 66 607 8
1613 319 7 441 90 896 12
0 495 7 433 58 643 9
322 172 7 442 109 476 5
0 700 7 361 93 360 4
2236 817 6 371 117 839 2
1719 692 6 429 80 612 9
9937 206 5 279 64 410 2
5091 450 6 423 72 909 11
2246 644 7 373 61 884 4
2291 931 7 388 118 947 11
10291 383 7 499 62 957 7
5063 928 7 445 75 689 19
304 362 6 259 91 468 8
4967 627 7 498 111 923 16
10125 860 6 450 49 424 19
2212 619 6 526 71 644 18
9685 564 4 400 114 595 3
315 366 6 298 117 563 19
0 963 7 538 104 603 6
9829 979 5 290 53 512 5
5334 532 8 612 60 756 2
0 683 6 338 86 473 12
2131 905 7 530 104 615 1
1708 718 6 392 72 585 5
9815 635 6 321 95 659 11
1999 643 7 427 79 864 8
4737 509 6 253 90 583 9
0 769 7 506 85 657 20
2006 537 7 512 87 522 8
5068 222 5 291 75 557 8
10344 769 5 439 49 834 6
370 735 6 397 121 352 18
9608 498 8 500 54 622 16
9640 964 6 447 117 823 19
10356 900 7 320 83 449 11
1987 709 6 385 105 598 7
10056 971 5 384 94 494 12
0 829 6 388 67 677 9
0 762 7 367 90 602 9
2013 535 7 377 98 986 9
200 286 5 357 81 693 19
1873 560 6 559 68 777 5
2019 543 7 552 58 983 20
2240 989 5 351 74 611 2
10392 678 6 348 69 464 20
5316 941 5 470 63 663 5
5315 809 5 360 72 627 17
9925 641 5 358 118 436 6
4819 426 5 281 68 394 5
0 748 7 338 92 559 19
0 811 7 541 73 480 3
1716 679 6 425 99 446 17
9835 207 6 386 109 362 19
0 794 8 389 104 464 5
2328 938 7 375 99 635 7
1727 322 6 355 89 549 11
9967 345 4 376 95 783 16
10326 868 6 396 58 566 11
10261 841 7 418 80 859 8
1738 470 6 276 115 736 2
5399 762 5 284 59 761 9
245 494 5 297 92 693 1
0 302 5 480 92 605 6
0 296 8 485 88 690 6
5148 342 5 349 73 570 18
5188 196 5 387 100 401 20
0 900 5 423 103 665 4
2073 646 5 406 118 680 6
4635 810 7 379 96 529 4
5092 776 7 544 113 551 20
0 465 6 312 106 504 16
1698 193 7 377 77 643 4
1766 718 6 446 66 668 18
4732 754 7 445 85 678 7
2010 959 7 510 66 565 12
9935 578 6 425 63 646 6
2123 179 7 396 55 644 11
5388 785 6 407 64 645 5
0 451 6 405 81 463 20
0 395 5 343 89 303 4
2334 628 8 456 109 583 4
10121 888 5 354 93 631 16
1781 162 7 294 119 581 17
9611 923 7 376 91 461 1
269 833 6 308 97 451 8
5022 908 5 393 104 695 3
5159 439 7 407 119 653 7
4600 701 7 413 60 827 16
2014 204 6 288 116 845 10
10082 836 5 413 93 531 11
9938 805 5 377 81 488 2
5067 121 7 480 77 472 11
10290 672 6 400 114 524 20
5336 260 6 379 80 539 6
9645 265 6 449 83 580 9
10087 676 7 403 47 629 8
2111 857 5 373 65 557 17
1 712 6 479 73 704 10
5054 497 4 317 50 850 10
1752 366 5 423 109 710 4
10384 499 6 484 68 591 12
9926 623 7 399 55 793 19
10291 790 5 262 64 725 6
0 207 7 370 84 586 19
10301 382 6 342 78 623 10
9657 255 6 511 111 525 9
9855 800 4 339 90 513 20
9603 630 5 416 75 339 19
17 295 6 342 50 835 16
44 917 5 331 69 413 7
9612 261 7 421 61 544 6
10243 592 6 355 80 818 11
1911 830 7 330 62 460 11
9994 541 7 426 52 379 16
5221 580 7 426 101 703 9
2238 846 7 300 85 275 2
10333 359 7 398 49 481 10
5085 473 8 514 93 686 16
9628 924 5 317 88 584 2
0 801 6 540 98 534 7
2387 162 5 296 66 542 2
10310 960 5 422 64 936 17
0 878 8 435 68 946 1
10280 291 6 438 62 460 20
5312 740 7 384 57 461 20
9735 803 6 286 118 535 6
2280 561 5 340 94 785 7
2205 723 6 301 104 290 9
1757 337 5 291 66 805 11
0 274 6 476 91 570 19
4780 135 7 424 50 578 18
5302 691 7 513 120 524 3
10058 750 6 423 66 671 8
4811 969 7 506 93 278 18
0 840 6 464 69 704 6
0 707 7 400 128 638 11
10291 716 7 470 122 530 8
1693 576 6 428 91 807 10
9922 778 7 480 67 556 2
4947 340 5 473 59 555 20
1615 261 6 543 64 421 20
39 230 6 395 94 512 4
9678 212 7 570 110 327 19
340 832 6 322 72 730 3
0 512 7 470 105 426 17
1873 495 7 401 83 684 10
5070 131 7 585 76 563 12
197 582 8 427 84 584 20
1784 756 6 356 106 605 4
4613 914 6 516 82 511 2
0 208 7 532 109 341 8
5173 722 7 440 93 506 16
4948 446 6 383 115 437 5
10077 818 8 402 75 487 19
0 718 7 483 53 529 19
2239 557 8 375 55 429 8
1909 789 4 335 66 694 9
4671 659 7 513 62 1022 18
5042 140 6 391 68 435 4
5079 904 8 409 71 554 11
4639 808 5 466 84 613 17
0 146 5 356 61 749 1
5199 587 4 376 90 381 20
10355 907 6 327 74 458 19
10263 766 6 379 45 425 6
2078 712 5 357 78 639 18
5071 666 6 415 111 789 16
4717 767 7 483 67 899 6
2192 719 8 413 112 521 18
5120 839 6 387 71 742 19
1897 635 7 394 103 751 9
5037 257 7 357 78 382 1
9922 308 7 317 62 620 11
167 848 5 471 113 467 3
0 444 6 332 98 406 1
9606 937 6 285 77 614 8
10352 973 6 442 73 423 12
5357 217 8 504 70 418 10
189 864 5 366 76 469 1
4752 214 7 502 111 285 17
5078 559 6 361 80 779 19
2261 800 6 484 102 574 18
5043 753 5 409 106 575 19
0 991 6 462 97 527 2
4719 859 7 419 73 380 16
4708 153 7 495 59 731 16
1780 548 4 300 70 662 16
0 929 7 469 65 311 4
2131 768 7 392 84 390 16
2204 545 6 433 85 508 8
2231 999 7 333 56 659 7
0 526 8 376 83 755 4
209 654 6 384 64 527 4
9967 647 6 404 81 401 19
340 220 6 317 111 886 17
2348 762 4 348 75 777 17
9723 951 5 358 82 830 4
2284 974 6 440 105 496 11
2169 309 7 487 63 778 6
5151 594 7 345 92 462 12
4690 488 5 352 61 473 16
1829 800 4 369 89 739 18
0 589 5 274 110 665 18
9796 165 8 361 60 446 6
5041 427 7 405 97 763 11
2021 780 8 604 85 933 17
291 843 8 635 98 593 5
4826 781 7 461 83 623 3
0 849 7 392 61 810 20
1929 393 5 311 60 318 10
71 685 6 358 85 909 5
4613 619 6 389 57 757 9
273 295 7 421 69 498 12
1874 207 6 482 90 857 5
2258 839 4 324 73 478 20
10233 625 6 413 79 360 10
10038 781 7 509 68 382 8
5364 855 7 422 62 415 6
0 706 5 302 93 421 12
1928 541 5 366 59 451 16
9669 434 8 429 97 784 1
5372 584 7 535 88 327 4
9750 156 5 271 102 868 16
0 811 7 334 74 355 10
0 468 7 383 67 517 18
9732 701 5 411 110 594 6
10264 675 6 392 66 626 1
9694 371 6 396 96 555 12
10330 555 4 307 64 563 7
129 769 6 340 61 443 17
0 678 8 352 60 761 11
0 680 7 590 68 523 20
305 510 5 365 111 355 2
2049 790 7 442 93 473 18
2325 471 5 435 116 707 9
4960 818 6 326 100 549 7
2080 692 7 381 93 547 17
9778 945 6 458 79 742 19
2299 796 6 412 66 784 18
4924 622 6 399 80 599 12
267 976 7 451 83 652 1
2366 505 6 557 57 654 2
0 970 6 298 81 448 10
317 787 7 352 48 642 8
1818 914 6 456 92 554 17
1985 222 6 354 46 491 8
2158 852 7 549 94 890 4
4672 510 5 339 108 571 3
1604 755 5 364 114 816 2
1601 348 6 250 84 653 12
10200 745 7 447 107 436 7
2394 822 7 440 102 487 12
10322 331 8 391 87 627 7
0 999 4 341 69 840 5
10068 351 5 330 83 460 16
321 856 5 414 111 882 20
10104 676 7 477 68 527 6
2152 809 6 329 111 379 7
0 707 4 389 81 791 1
0 373 6 516 66 381 11
2327 716 6 400 48 567 8
9618 883 6 355 111 611 3
10177 721 6 323 127 714 5
9846 734 5 378 80 767 4
352 814 5 290 77 519 10
4701 944 7 364 81 588 11
4927 295 6 357 67 859 7
4689 983 6 419 56 313 3
4951 325 5 313 80 492 2
220 895 8 421 117 685 1
0 730 5 350 80 755 6
393 967 6 365 94 801 17
10009 574 7 537 79 983 2
1984 246 5 330 83 662 19
10334 941 7 443 70 553 7
1884 796 7 439 65 472 6
4624 761 5 351 75 849 1
4928 488 7 537 120 969 17
148 814 7 424 106 657 16
5220 811 6 424 84 719 6
4926 826 7 626 69 599 16
10338 855 7 378 107 792 3
9781 771 7 421 80 676 18
5233 640 8 625 59 941 18
5271 979 4 318 50 502 1
9989 927 8 485 55 594 6
0 846 4 362 56 843 3
10141 760 4 311 79 548 2
2288 435 7 529 102 471 17
1765 434 5 376 67 388 17
190 549 4 343 90 395 16
9648 285 6 319 70 420 20
4830 339 7 353 111 540 20
1894 661 8 463 90 338 6
4779 846 7 420 84 373 10
0 586 6 413 74 437 3
1931 284 8 411 68 590 2
5338 722 7 501 75 714 12
1802 731 6 502 121 641 11
2365 557 6 487 99 665 10
1869 585 5 469 96 637 10
2230 652 8 454 52 448 18
214 941 8 388 97 552 9
90 827 7 410 83 478 2
1874 803 7 340 58 601 6
9674 975 7 383 123 680 17
10279 777 6 437 95 391 18
2327 192 6 375 105 812 12
4793 919 6 475 91 777 7
9751 563 5 412 77 673 8
0 139 7 369 114 588 20
10071 429 6 370 89 457 5
10116 956 5 457 60 515 6
5395 744 6 376 68 751 1
9856 819 4 323 84 530 20
4777 156 5 374 55 415 12
5112 199 5 348 92 619 2
1827 759 6 425 83 546 2
5395 792 6 380 90 671 2
209 986 7 442 72 316 12
2398 691 5 356 59 568 7
4906 478 7 392 89 527 18
0 240 8 576 118 1006 6
9956 329 7 514 90 668 7
5216 204 7 380 80 764 5
1622 787 6 292 89 680 5
10241 689 7 307 69 744 20
10386 905 7 387 75 659 5
10224 610 7 382 62 1003 1
1918 385 5 366 76 445 18
2339 763 6 349 90 401 18
2334 743 7 378 85 1007 19
0 175 6 478 86 530 10
0 298 6 387 77 924 9
81 715 7 390 108 778 3
9798 720 5 368 97 549 9
5054 176 6 269 81 528 6
5127 176 7 309 66 558 12
10297 720 8 481 89 382 11
0 754 7 292 47 522 17
1722 988 7 389 67 608 6
5121 594 5 399 122 669 10
9679 489 6 379 62 1019 8
31 993 7 374 109 866 17
4951 471 6 501 104 335 7
0 310 8 408 72 723 20
10124 670 6 305 111 406 5
4724 227 7 321 76 431 6
9641 246 6 290 58 908 2
347 253 5 438 52 439 12
0 806 6 486 123 992 5
2015 369 8 507 76 666 7
2020 917 6 406 115 792 3
0 708 5 322 71 504 19
0 943 7 521 119 895 19
1762 550 7 437 60 531 1
5291 868 4 382 72 499 12
9799 708 6 277 62 890 2
5149 963 5 364 123 423 17
0 372 8 478 61 799 2
9904 972 6 315 91 811 9
4903 463 4 327 58 357 3
10208 338 6 430 124 326 16
1818 813 4 377 58 405 20
10090 820 6 418 95 973 17
263 617 6 475 116 619 9
10073 983 6 307 72 619 20
1762 784 6 392 62 973 18
9792 443 7 372 93 654 3
2082 757 6 365 107 549 6
2193 353 7 323 92 514 5
5222 584 7 340 87 508 6
1994 905 5 348 87 530 8
0 822 6 298 60 385 6
1694 555 6 350 81 829 19
4791 455 7 476 64 382 3
5151 309 7 458 87 673 2
0 511 7 427 76 844 16
9794 195 7 487 98 446 12
4869 991 5 316 73 568 4
9814 795 8 609 116 884 6
9600 976 7 350 120 840 6
10069 711 7 422 76 795 2
9845 677 6 439 103 499 3
1600 190 5 265 96 449 8
238 843 6 447 109 293 12
5343 958 7 478 66 614 9
1747 883 7 396 90 276 11
9600 920 7 484 90 639 4
1781 169 6 279 58 611 6
1740 701 6 303 75 470 6
85 301 5 364 66 431 18
1810 805 6 444 86 532 17
0 834 8 441 83 538 12
0 174 5 467 91 487 8
9688 680 8 601 60 672 16
1786 142 4 359 60 761 16
162 359 5 390 75 536 20
10350 738 6 325 98 608 12
4800 530 7 520 118 804 10
2043 735 7 577 78 782 10
4950 183 7 367 110 698 8
1950 782 7 481 64 399 8
4815 538 5 394 86 592 7
1886 640 7 329 71 417 5
101 683 7 367 113 541 16
10011 621 7 367 86 562 7
5154 340 6 360 116 593 3
9895 676 6 438 116 523 2
2307 527 7 456 85 587 16
132 622 7 314 70 385 11
187 171 6 295 100 526 12
1987 608 6 440 67 628 9
132 548 7 435 65 616 11
10114 864 7 355 76 646 20
1729 579 4 281 49 452 1
79 925 7 548 98 612 19
282 767 8 502 86 591 3
0 564 7 390 81 361 18
10340 142 6 374 61 414 9
2078 837 7 536 61 521 7
2385 749 8 449 99 545 20
9714 926 7 441 76 794 16
4853 794 4 341 54 854 1
366 190 7 388 83 473 2
10092 824 6 559 108 664 20
5002 231 8 454 63 631 2
359 616 7 481 68 676 1
9635 829 5 439 50 675 19
5180 821 8 446 45 345 20
10237 121 5 390 100 752 16
1724 186 7 418 62 449 18
5154 978 5 472 121 821 17
4768 629 7 451 75 410 5
2374 832 7 448 65 617 19
2114 158 4 271 79 472 17
10338 767 6 423 76 514 7
10045 335 6 328 50 531 6
4752 769 6 408 72 509 5
321 883 6 442 45 497 8
1841 365 6 385 71 557 9
271 304 8 531 105 503 6
64 627 5 279 99 594 12
9708 813 7 390 97 572 16
0 280 5 369 76 557 11
4961 899 7 510 100 657 10
9793 758 6 408 99 486 1
10277 700 6 424 59 515 17
1807 265 6 338 88 546 4
10108 612 7 421 74 776 10
9664 550 6 405 93 771 19
4729 430 5 348 82 495 9
9606 163 5 393 56 787 3
2078 644 5 264 111 681 8
4740 444 6 403 72 360 9
10319 950 8 419 52 895 18
9796 908 5 357 114 404 5
5079 470 6 374 70 330 3
2076 828 6 479 78 873 19
2180 788 8 480 79 510 2
0 966 6 364 69 838 12
10394 805 6 406 58 721 17
0 454 8 524 100 339 12
2288 988 6 398 70 619 17
4684 824 5 304 76 831 20
10290 727 6 395 94 522 18
10041 560 6 325 60 901 20
2271 694 5 291 104 760 2
0 250 7 512 70 920 16
0 884 6 445 51 414 16
4681 764 7 489 94 305 6
319 229 6 351 88 526 2
4614 675 4 350 66 754 2
4653 925 7 320 127 445 9
5308 353 7 422 74 605 8
5162 392 6 536 120 413 1
4901 379 7 445 81 818 7
5212 256 8 487 62 364 1
9678 913 7 433 58 479 2
10379 794 8 444 59 595 18
10122 749 4 297 106 613 10
392 645 5 423 103 309 10
10324 452 7 331 97 459 16
9769 195 6 406 69 451 12
0 716 7 306 110 404 8
87 865 6 378 58 734 7
4683 899 5 291 69 303 19
91 278 8 507 61 593 9
0 760 5 361 92 919 19
9739 218 6 367 60 368 2
140 128 6 381 70 427 8
4780 754 7 371 102 653 4
5147 882 5 406 61 432 16
1705 522 6 418 100 794 17
5298 715 5 474 60 686 20
10086 421 5 336 93 859 4
4830 686 6 481 87 363 17
9700 854 7 409 101 796 10
9847 973 7 434 74 707 16
4925 725 5 361 84 381 5
2374 129 5 371 81 699 9
106 796 6 428 77 845 4
10229 813 6 364 62 622 11
2103 501 6 398 91 647 18
9609 292 7 425 71 362 18
193 140 7 518 70 868 17
0 982 7 483 63 520 10
217 505 8 570 85 556 20
0 740 5 265 74 565 2
4732 765 6 264 65 798 7
5336 622 6 391 55 448 19
9788 228 6 412 49 518 5
10135 960 8 367 110 530 12
5325 963 6 319 75 802 7
350 648 7 548 116 740 3
0 897 6 413 89 765 10
0 670 5 286 88 560 11
9809 716 6 504 89 517 19
0 705 6 443 106 737 16
5032 794 6 381 112 779 20
2285 701 6 367 118 432 16
4904 299 7 622 92 469 10
0 251 7 402 60 751 2
10358 799 5 325 124 527 6
2366 261 8 438 50 466 6
9734 935 8 484 54 398 19
37 894 7 415 82 487 8
4894 164 6 292 82 612 9
10095 621 7 370 107 377 5
9968 822 7 399 88 430 20
368 248 6 453 100 314 16
10196 428 6 398 119 608 16
5305 303 7 465 95 565 8
10079 499 7 383 128 604 4
2353 223 8 414 92 927 16
9806 930 6 453 98 322 3
9697 602 7 540 90 601 19
10332 802 6 370 85 461 12
9632 155 6 394 72 525 4
0 385 5 391 123 806 12
4603 628 6 326 91 690 17
2105 705 6 363 109 397 11
201 464 5 292 60 573 16
0 428 7 341 78 848 19
0 660 6 435 95 584 2
10043 834 6 389 57 303 10
1671 884 5 392 46 412 8
2205 979 5 359 80 351 5
0 647 6 432 63 624 9
1608 430 8 460 52 429 4
10153 684 6 451 59 804 1
2160 639 6 347 56 943 3
10189 616 7 476 112 342 11
10049 383 6 439 99 845 10
10365 713 6 454 90 601 16
210 880 5 331 89 533 20
5026 622 7 508 93 479 10
1 684 7 345 44 947 17
10184 801 5 340 72 411 9
4657 803 5 421 97 800 19
1803 341 6 406 59 658 4
5165 827 6 333 93 722 4
2372 772 5 359 63 781 1
2235 891 7 314 74 799 18
10196 729 5 353 114 524 18
9904 924 5 363 97 708 5
10212 828 8 504 106 975 18
0 642 6 428 98 539 19
4820 356 6 436 89 586 17
211 855 6 445 100 527 6
1717 400 6 334 111 491 20
4822 784 6 357 118 811 2
105 828 5 452 63 520 6
4994 577 6 326 62 837 2
9796 361 6 328 70 621 3
386 409 6 372 81 489 7
9912 125 7 624 91 650 8
10346 335 6 484 105 866 7
4964 501 5 268 59 446 6
9788 598 7 571 79 761 3
4660 274 8 412 94 510 11
4728 887 6 413 59 436 2
2289 734 7 517 102 804 16
10096 479 5 365 107 328 9
10318 276 6 426 77 821 6
10254 557 4 375 62 407 20
0 153 6 503 106 642 2
2262 654 5 395 70 836 2
4967 890 6 453 106 543 8
10279 375 7 467 58 787 17
9655 697 8 549 72 338 5
218 846 7 333 60 692 19
2355 812 6 445 81 475 16
5114 894 7 355 94 474 8
1845 956 5 396 75 464 9
161 711 5 424 108 827 11
9992 717 6 409 66 617 2
0 758 7 377 89 467 19
0 966 6 345 85 498 11
9622 741 6 394 84 335 20
5380 976 5 335 94 532 11
1778 558 7 423 75 576 2
0 225 5 334 91 664 1
9855 521 7 425 112 774 7
0 312 6 355 45 557 20
0 279 6 370 82 789 6
246 414 6 490 111 507 8
5238 502 7 388 93 650 7
10197 361 6 410 119 663 11
9600 795 7 341 94 507 18
2110 417 4 321 82 752 18
4744 257 6 405 106 917 7
4949 788 6 520 81 794 11
1692 774 5 354 96 810 16
2090 921 7 496 53 757 8
118 772 7 344 79 474 7
2239 766 6 333 113 325 18
2088 490 7 422 78 485 10
0 395 7 407 116 846 11
344 794 5 288 72 706 10
1991 826 8 409 53 577 6
5010 339 5 405 76 556 17
5135 166 8 375 58 538 10
10004 669 6 411 59 889 11
1658 573 6 394 78 297 7
10016 582 7 539 66 414 3
9732 790 7 348 56 442 11
58 940 8 432 66 528 3
5361 250 7 407 96 350 11
10224 444 4 308 78 544 18
10316 842 6 252 68 771 8
0 837 4 325 101 428 16
0 477 7 346 111 691 19
10030 957 5 305 79 686 20
10096 695 7 428 60 518 4
257 776 5 345 71 501 18
0 670 4 395 95 372 5
0 428 7 492 78 514 19
4764 959 8 406 54 483 19
10071 891 7 409 88 872 6
1689 925 5 428 83 429 7
4632 498 8 439 68 704 6
4968 778 7 437 93 976 5
305 745 6 352 107 570 9
1966 920 8 487 56 531 16
10218 836 7 378 82 665 4
9684 448 7 427 89 467 4
9977 695 6 475 58 415 17
378 522 6 263 100 579 1
2000 341 7 482 77 500 18
9999 966 6 260 125 745 3
1935 450 5 388 73 423 7
254 623 8 487 111 462 12
4806 968 7 441 91 470 17
4685 766 5 387 106 836 18
5018 257 6 462 49 603 2
4625 218 6 446 90 454 2
299 203 6 392 71 484 17
4861 814 7 369 105 909 7
0 878 7 446 125 715 4
10192 412 7 410 122 630 2
4844 745 7 394 93 528 4
377 813 7 408 67 839 9
5305 539 7 378 84 464 17
9685 705 6 369 74 846 4
10227 602 7 317 98 910 4
5255 212 7 640 64 500 20
10065 141 8 423 76 497 3
10364 840 6 333 120 606 17
1616 680 6 377 89 505 18
5126 529 6 460 57 705 18
9607 840 6 328 82 566 3
1717 287 7 558 77 333 7
0 469 6 293 57 855 6
2056 893 7 487 87 857 6
1936 292 4 383 66 488 5
1791 188 7 409 84 336 12
2013 707 8 503 64 672 12
1926 305 7 428 68 449 5
55 831 5 283 68 810 18
5222 605 7 438 73 779 7
4760 998 8 420 76 755 20
82 345 6 382 73 375 11
10221 436 7 439 52 686 8
4967 777 8 393 61 576 2
10046 718 6 514 57 976 17
101 938 4 388 59 559 3
5108 489 6 317 47 796 1
0 334 6 483 120 522 2
1928 811 5 385 83 472 12
4912 819 7 473 119 662 12
9815 828 7 301 77 481 17
5361 758 5 383 118 439 4
5239 212 5 338 88 419 6
4682 841 4 335 117 373 17
2091 306 6 505 91 941 19
0 338 6 440 79 500 10
5144 533 6 441 50 878 11
4712 370 7 366 73 568 10
10146 229 6 426 102 544 18
1647 747 7 383 76 601 16
10215 149 8 398 103 407 2
2117 128 6 524 115 442 9
2276 120 7 402 80 615 1
5151 240 6 549 62 529 1
1838 643 6 438 73 627 18
5168 319 8 442 81 587 7
110 725 7 474 69 646 11
2281 438 8 348 57 503 19
1989 451 8 614 115 401 1
5153 779 6 363 103 581 18
104 951 5 372 93 488 1
4627 560 5 349 75 641 9
9977 903 6 524 78 847 20
0 285 4 397 83 555 16
45 969 7 523 116 384 3
5180 308 6 384 93 484 1
2024 990 7 485 60 326 7
5078 613 5 436 109 806 2
10319 477 7 311 72 593 18
0 706 7 433 82 541 17
2 683 5 444 102 685 3
2293 355 7 404 69 356 1
0 815 5 391 115 540 6
10175 207 5 283 72 521 20
5008 854 7 379 111 464 5
0 438 4 299 48 534 6
1773 994 8 482 74 464 9
2326 520 7 487 91 435 9
296 929 5 361 87 591 16
2252 856 7 350 64 317 19
200 191 6 363 91 325 17
42 179 7 358 95 785 19
9661 870 8 418 77 639 20
1719 136 7 322 87 415 10
5044 880 5 462 96 631 6
0 623 6 418 61 447 17
0 648 8 500 54 701 7
5121 181 5 366 87 683 4
5295 410 5 375 80 489 17
2264 799 6 449 91 544 4
2049 820 7 419 61 853 6
5044 574 8 629 68 346 5
5039 362 6 404 90 405 20
2111 248 7 531 60 657 6
2161 779 5 415 76 446 3
125 865 6 405 52 699 6
0 681 6 382 70 925 11
2165 807 6 548 120 672 18
5265 680 7 464 70 949 18
9702 296 7 451 82 994 20
9816 224 7 428 110 296 2
5027 932 6 390 75 552 19
4712 556 5 413 61 413 9
4973 169 5 305 102 805 11
2264 391 5 294 63 541 10
4714 143 4 322 122 310 17
1690 599 8 441 69 498 7
9615 660 7 381 104 472 6
9940 645 8 411 112 790 17
10000 139 6 341 90 886 12
1652 791 7 480 63 506 18
4721 688 8 406 61 367 8
9761 815 7 542 69 699 16
1919 993 7 347 56 534 8
2290 769 6 373 48 636 19
0 700 7 438 80 413 5
9747 771 7 613 93 769 1
5062 170 7 324 101 376 10
1621 412 5 315 63 570 10
137 399 7 423 116 512 9
10269 729 6 473 67 848 12
1840 839 7 432 80 728 3
4736 701 4 361 80 629 8
140 288 4 312 77 862 12
2357 757 6 406 91 430 7
2118 823 5 366 80 563 12
1702 771 5 321 71 663 1
5237 742 7 558 86 539 19
0 391 5 461 100 306 11
10052 862 6 406 84 588 17
5277 738 6 296 93 508 19
10054 226 7 416 56 607 16
4689 990 5 363 104 947 8
303 774 8 546 65 520 8
1922 439 6 457 62 737 20
4702 850 6 391 66 449 10
4974 815 7 423 109 404 8
9833 485 4 375 61 791 11
10050 843 5 378 75 651 6
9764 640 6 441 79 543 18
4883 387 7 430 81 592 3
115 932 7 403 77 415 1
10397 574 5 271 119 506 8
4965 777 4 377 102 667 6
2057 872 8 475 105 716 9
10104 494 6 356 104 1020 18
1842 996 6 461 58 746 17
4748 907 7 530 107 557 7
2020 749 7 553 114 642 6
5104 921 7 465 59 351 8
4709 819 7 423 109 859 8
9879 697 4 274 68 593 9
5076 994 7 468 95 483 17
10197 373 7 328 73 528 11
5004 475 7 440 78 505 4
72 697 6 374 87 651 1
9833 460 5 450 83 457 10
5228 770 7 536 114 601 20
1648 413 8 450 107 469 8
0 749 5 371 116 827 16
10229 537 6 310 110 562 3
228 362 6 343 123 940 9
0 993 4 283 80 494 4
1997 859 8 374 107 452 12
10044 789 6 397 123 312 10
9931 955 4 270 88 614 3
2060 417 5 370 83 775 7
218 122 7 369 66 528 4
221 948 7 415 95 537 8
0 810 8 487 100 452 9
2116 345 6 535 77 766 5
0 839 6 401 99 792 16
0 610 6 336 102 469 18
2138 392 6 351 114 495 16
4995 755 8 385 52 628 18
4617 690 6 377 68 414 6
4740 941 6 429 47 547 18
1745 715 7 453 83 631 8
0 743 7 347 89 509 6
1767 425 5 297 99 674 11
1955 419 8 408 107 275 4
4986 800 6 319 89 679 12
1698 684 5 342 64 831 11
10117 567 7 305 67 644 3
9863 957 6 433 100 810 16
227 404 6 310 67 651 11
2079 659 6 389 95 925 7
9848 916 6 442 113 935 5
4828 614 4 298 73 682 19
5311 789 8 459 87 794 9
1806 673 5 259 82 440 18
2231 234 6 324 100 493 20
9607 522 5 279 88 515 16
4776 806 4 400 91 504 4
2030 935 5 370 60 489 4
5397 802 6 364 86 877 9
4713 171 5 379 73 868 7
9865 734 7 478 61 538 3
5353 833 6 344 109 601 8
1729 406 4 383 57 758 17
2231 661 5 475 71 855 16
311 521 7 447 103 620 18
2327 189 6 407 75 435 5
1713 989 6 407 92 597 20
5000 703 7 435 50 507 17
344 943 5 460 67 732 8
2037 877 6 295 97 745 5
140 446 7 432 76 773 16
9775 737 6 447 54 605 18
0 707 7 408 79 662 11
10008 714 7 442 108 797 12
0 501 6 449 81 846 12
10311 124 5 409 88 401 18
0 873 7 433 79 559 12
4703 490 8 432 58 455 10
0 620 5 468 65 447 6
0 291 7 540 58 826 20
10024 819 5 457 71 708 6
25 471 6 439 116 515 11
10212 715 4 277 81 712 4
2207 810 5 330 93 586 16
10381 674 6 407 109 457 8
2061 765 5 344 68 521 20
10052 874 6 466 79 459 9
0 358 4 313 46 580 7
0 262 4 338 66 396 16
1805 614 7 475 102 730 4
0 836 8 632 89 715 19
4761 399 6 308 55 505 9
5360 347 5 411 103 638 3
19 615 6 521 91 398 6
4871 418 5 384 80 609 12
9798 688 5 329 45 794 1
0 488 8 469 77 465 16
2095 727 6 433 88 678 16
1700 770 6 367 81 687 5
23 996 6 522 64 401 17
1798 171 4 374 81 550 1
4706 769 5 441 92 600 9
10206 238 4 273 53 451 17
0 501 5 369 124 384 17
336 986 7 398 81 509 1
4653 522 6 384 113 644 16
4619 305 6 442 101 739 8
350 725 6 457 101 983 16
38 522 8 350 48 309 5
2337 967 7 435 77 378 10
10370 593 5 254 74 667 18
0 296 5 394 124 609 2
1978 782 6 397 60 529 2
5026 873 7 450 86 642 16
9901 928 6 434 100 470 8
5066 811 5 452 67 433 16
10214 133 5 444 120 555 12
10162 802 6 498 100 587 12
1822 970 7 510 67 538 12
5225 774 6 460 60 659 5
365 638 5 412 65 577 16
321 287 4 281 72 417 16
2206 820 6 328 87 603 5
4999 738 6 457 58 964 7
2145 518 6 388 84 482 19
9871 894 5 397 74 741 5
0 184 6 442 80 488 1
2059 862 5 347 93 801 4
4671 767 8 361 75 402 6
4682 272 6 324 104 685 2
10123 173 5 312 75 473 8
10091 759 4 332 86 795 7
4880 553 6 375 91 490 20
0 567 7 374 85 497 1
9833 705 6 397 107 985 17
0 628 6 539 99 481 17
1899 122 5 341 86 378 20
4639 428 7 431 82 738 17
9872 945 6 536 81 567 11
0 268 7 516 70 419 20
2201 192 6 451 68 790 3
2341 787 6 547 121 569 16
1966 994 5 387 47 659 5
1951 711 6 474 72 875 5
10299 774 6 357 71 429 3
0 739 6 353 64 529 19
10243 545 6 343 66 600 2
1707 396 5 368 95 313 19
1655 506 5 337 72 479 3
2189 903 7 426 90 684 18
9761 752 6 339 95 477 17
0 848 7 428 95 813 7
10136 847 5 328 92 722 6
258 760 5 381 85 775 20
1740 943 6 473 87 679 11
2058 705 6 356 87 898 8
100 529 5 319 88 360 7
250 900 6 300 59 313 1
5265 802 8 354 71 494 6
9987 720 6 335 76 557 10
4866 689 5 427 81 394 2
10325 838 6 294 47 335 17
0 142 7 310 76 316 4
10391 863 7 392 54 555 17
0 565 6 360 62 751 18
4996 942 7 419 68 506 19
0 860 6 463 70 487 2
9716 434 8 437 117 333 7
1703 509 6 363 66 318 12
5099 335 8 507 73 435 3
4629 960 6 316 79 425 19
4696 662 7 438 84 575 2
0 841 6 445 57 438 20
1761 765 8 446 59 558 6
5383 478 6 409 85 510 17
1601 843 6 387 86 350 20
0 974 8 561 111 670 18
10337 127 6 390 114 669 9
4794 921 6 425 84 526 18
10002 700 7 357 84 940 6
0 462 8 394 81 285 4
5224 703 5 419 99 931 12
5218 876 8 548 114 365 1
10145 922 5 315 74 655 4
4971 242 7 307 124 699 10
296 877 6 458 112 481 8
4713 198 7 447 74 611 16
0 505 6 263 127 822 20
4892 278 4 393 50 405 18
1959 685 5 456 68 487 6
10100 958 6 302 74 850 5
10151 698 7 388 67 312 20
4632 925 7 415 123 519 19
9963 961 6 527 122 678 10
0 350 6 304 56 537 9
4695 761 6 295 86 458 4
1613 163 7 326 89 663 8
286 842 7 432 53 499 2
2007 885 7 383 88 484 10
1752 658 6 494 115 601 10
9692 821 6 509 100 520 18
307 514 7 453 94 689 7
1809 711 7 381 113 621 2
4893 724 7 458 92 756 19
1699 155 6 380 54 799 20
10259 384 6 339 120 818 17
10353 835 7 420 121 805 7
4804 816 8 419 63 596 6
369 860 7 362 69 555 7
9668 875 7 414 67 538 2
4607 701 6 553 85 621 16
10227 316 6 289 73 427 10
15 333 7 505 100 368 3
4813 430 6 368 102 578 18
5316 909 8 448 94 350 11
0 669 7 350 104 612 9
2202 131 6 441 89 582 12
10373 122 6 431 109 746 2
2028 842 8 434 57 593 10
0 649 8 372 78 423 12
0 881 5 399 72 459 8
9997 458 6 334 63 635 20
5018 771 5 435 68 326 9
251 498 7 477 122 702 16
191 586 6 427 77 570 18
5092 729 6 421 86 651 19
2381 888 6 345 110 617 7
1775 963 5 438 72 647 7
385 910 7 566 76 508 20
4819 871 7 293 46 506 9
133 318 5 461 81 950 6
2308 137 5 365 69 683 10
4632 152 6 433 74 816 8
0 960 6 323 50 741 16
1781 786 5 331 118 371 11
9683 844 8 374 82 380 4
2310 645 7 532 82 550 20
4848 422 8 598 75 619 20
9688 933 5 379 70 667 18
0 598 6 296 72 898 7
53 148 6 390 91 731 10
5016 530 6 311 98 286 20
2197 711 7 538 78 426 11
5325 262 6 425 108 888 2
10257 605 5 441 55 512 2
9885 629 7 476 53 387 18
366 774 7 491 55 666 1
10149 756 7 349 56 973 8
2190 472 7 516 68 529 18
2206 877 5 352 56 660 9
1757 851 5 282 96 476 12
183 744 5 335 110 529 5
10282 353 5 349 118 690 10
1956 691 6 341 61 422 11
2368 477 7 417 75 595 1
1772 773 6 448 75 526 2
4615 873 4 318 57 513 4
2040 852 7 511 47 385 9
1850 765 6 466 71 394 7
9940 209 5 308 73 562 20
0 840 6 405 123 592 4
4867 735 7 313 74 500 16
5249 772 5 291 64 743 11
359 820 6 464 124 375 4
4826 821 5 323 105 503 3
9926 628 6 364 102 498 20
9970 825 8 418 65 376 19
1625 673 5 426 67 574 2
0 133 7 404 67 465 8
5114 965 6 333 96 746 17
5180 598 8 467 67 316 2
5149 689 7 492 73 407 11
0 573 7 471 91 354 9
153 949 6 258 111 703 1
1899 453 8 376 88 516 1
70 931 7 488 70 779 20
2153 422 6 404 73 736 5
0 945 7 393 105 443 4
5043 632 7 355 89 462 8
200 371 6 342 52 627 8
4668 568 8 420 66 961 18
9847 794 5 289 96 306 18
10049 770 7 373 68 778 8
0 243 6 461 63 397 7
216 798 7 433 49 469 20
0 471 5 320 70 664 7
5339 323 8 492 81 493 17
9936 845 8 442 72 486 8
4683 953 6 306 71 595 19
2007 746 6 462 62 892 1
0 248 6 363 75 797 17
2173 483 5 284 65 485 2
1798 166 6 373 85 801 6
9988 807 7 330 63 473 6
9770 877 7 493 101 411 18
4805 969 7 361 68 726 4
9941 486 6 488 119 620 6
2053 274 5 335 61 654 12
9863 153 7 439 99 558 17
331 278 7 528 62 499 7
135 721 6 423 89 467 10
0 413 6 408 47 787 18
4766 304 8 454 60 338 20
9928 553 7 422 64 884 2
35 914 6 362 53 488 17
9836 683 6 373 93 859 8
4904 755 5 368 85 323 2
1742 569 5 382 57 442 7
9847 460 4 349 74 486 2
5189 754 8 386 67 663 10
328 960 6 333 58 539 4
1625 739 5 354 87 852 1
2107 140 6 474 62 716 20
5072 188 6 387 55 551 10
1906 768 6 321 83 667 17
9921 282 7 356 75 459 9
1786 701 7 358 53 668 18
10398 914 6 400 92 554 19
4769 773 7 339 94 713 10
9845 518 4 353 86 653 5
203 713 7 481 82 491 9
5305 764 7 464 115 410 17
1721 744 7 597 116 821 3
266 193 5 416 80 514 17
10185 629 7 429 67 513 5
2068 506 6 350 112 529 9
279 200 8 387 53 545 11
1950 254 8 504 66 739 2
1606 374 7 298 46 346 6
2294 309 4 326 47 776 20
286 705 7 455 122 749 17
10154 840 6 457 102 534 20
262 442 5 331 113 407 1
5072 222 5 347 94 611 3
64 715 6 457 87 600 19
10303 942 4 275 76 745 4
2392 840 8 507 90 575 20
0 216 5 319 68 474 4
5173 614 7 487 75 450 7
0 950 7 485 104 380 4
10079 995 4 351 62 639 1
1768 966 6 433 76 478 6
2271 145 6 424 111 549 7
4845 407 6 279 97 771 17
131 496 7 452 93 653 5
0 713 5 369 48 446 12
4611 203 5 360 128 704 5
9632 871 6 544 103 509 17
2242 219 8 462 52 461 2
2030 758 7 411 75 497 17
9910 956 6 444 87 785 2
4996 797 5 373 119 517 7
4620 775 7 457 88 909 2
0 948 6 324 65 931 7
0 892 7 323 97 470 3
5325 333 7 292 80 591 10
1835 984 6 427 91 570 12
226 678 7 414 104 470 17
1739 684 6 462 72 907 18
5222 627 5 321 107 963 4
2180 206 5 353 103 548 9
166 759 8 469 67 734 10
194 960 6 403 105 575 2
1711 466 6 461 123 487 16
2389 779 5 380 111 887 11
0 707 7 409 58 905 5
10136 445 6 517 76 735 16
70 380 5 392 88 427 16
10326 777 5 448 46 714 19
9954 281 6 334 52 550 20
2063 789 8 467 87 610 4
1778 233 7 341 67 660 4
184 727 6 339 84 781 1
0 814 5 418 89 627 11
9945 799 7 491 118 477 4
224 685 5 305 80 754 20
0 783 4 372 68 691 12
4991 539 5 453 111 1018 8
1668 580 8 604 89 1005 12
0 706 6 380 115 668 11
9954 293 6 308 61 305 19
9786 745 7 345 88 474 6
1691 432 8 433 74 936 17
4782 275 7 439 86 937 19
9708 816 6 442 74 419 1
2353 875 6 338 78 541 1
2128 152 6 471 74 628 19
10100 620 5 298 73 575 17
0 251 6 496 63 952 6
2055 381 5 368 92 597 18
9754 831 5 457 59 975 10
10367 372 7 410 66 311 9
0 478 5 356 63 414 9
1894 399 7 443 82 784 20
380 868 5 366 93 617 6
4665 753 7 384 67 638 12
9806 960 8 456 66 371 8
4669 543 7 426 76 738 6
2041 298 8 417 88 364 8
1734 707 7 381 58 691 4
5288 599 8 491 96 755 18
10093 986 7 410 64 508 20
9964 525 5 438 71 545 17
1889 796 7 478 99 624 7
46 221 7 297 79 481 6
0 273 6 394 99 419 10
1962 349 6 381 51 431 2
2095 810 6 265 85 627 5
58 148 7 306 84 470 2
124 214 8 469 76 465 16
1716 937 7 373 65 632 16
10109 539 7 426 97 393 4
1878 132 7 391 46 433 12
10139 829 6 315 125 637 10
9642 992 6 302 88 757 20
10394 525 5 371 47 612 19
4795 281 7 354 64 809 16
5105 601 4 352 124 534 6
1983 938 8 444 108 470 17
9828 996 6 553 80 944 16
9718 323 6 297 71 632 16
1606 780 7 379 74 613 4
1916 711 7 353 64 554 12
5013 720 7 393 82 555 7
9816 648 8 496 95 444 9
9644 774 7 415 95 448 7
2374 905 8 623 59 506 18
1699 651 7 338 67 728 5
212 511 7 370 112 493 7
2142 760 5 432 91 442 17
4672 803 5 319 72 650 16
1757 809 8 344 52 610 9
161 985 7 345 103 594 10
120 751 7 391 55 650 10
2211 708 8 415 107 334 17
1619 782 8 396 60 659 8
2285 826 5 397 65 634 1
1709 164 7 508 65 613 4
0 849 4 347 66 398 19
5330 704 4 300 89 400 19
5214 743 6 377 85 674 20
4791 623 7 524 61 545 1
1709 613 7 542 119 780 12
10136 733 7 303 72 614 19
5049 154 8 376 46 627 18
10113 832 6 411 89 284 20
1827 355 7 384 109 368 18
4671 826 7 339 59 413 20
9874 997 7 404 71 439 2
1755 543 6 321 79 534 9
5112 284 8 627 69 701 8
10287 702 8 458 71 570 5
2162 769 7 529 118 337 18
9903 293 8 503 50 392 6
10332 854 6 436 89 633 16
5203 814 7 504 69 928 19
9908 850 5 363 75 858 17
10241 203 4 400 90 671 1
1701 662 5 373 106 893 11
1996 713 7 521 101 770 16
0 938 5 448 124 761 5
1905 715 5 378 62 539 4
9666 849 8 482 75 553 1
4603 239 5 425 70 733 5
9835 542 5 262 77 755 10
30 300 6 529 94 621 11
325 765 6 331 110 595 1
4996 589 8 428 106 499 19
1947 899 5 319 86 478 20
2160 325 5 345 68 535 7
0 743 7 366 67 547 2
2340 236 7 450 59 871 17
4697 627 7 570 57 433 5
1879 608 6 415 101 771 9
5302 866 6 398 85 477 12
9786 427 8 440 52 543 17
0 385 4 368 83 421 20
0 755 4 334 110 545 3
10365 233 6 353 88 754 20
1915 297 5 334 92 489 1
0 384 5 438 91 519 1
5211 484 8 532 103 543 17
2178 682 6 410 105 534 5
41 123 7 377 46 564 3
5097 177 6 431 89 930 18
1905 818 6 530 120 517 12
10190 211 6 430 103 652 6
203 757 4 360 85 671 16
5298 934 6 347 49 597 12
2208 440 7 370 88 608 9
9908 773 6 302 83 619 17
2243 713 7 398 121 916 11
2105 712 5 382 117 547 1
9740 763 6 542 79 409 12
2216 712 7 437 110 608 18
9614 795 4 379 96 737 1
1884 550 7 384 93 461 12
0 950 6 370 93 887 8
5240 132 6 318 65 562 4
10304 840 7 320 81 865 16
5232 628 7 347 82 561 8
10221 835 5 463 62 478 16
1784 867 4 293 47 693 20
5391 653 5 448 58 772 1
0 893 6 330 71 315 20
4770 134 6 373 119 576 19
95 965 6 365 111 430 2
30 793 7 408 61 602 8
10085 960 6 298 104 519 16
2172 673 7 507 106 582 9
2257 499 6 415 123 884 4
4726 600 7 509 63 975 20
10241 567 7 416 62 683 2
10038 280 5 446 92 906 11
5311 580 7 327 74 366 8
10360 717 5 346 69 554 7
10181 892 5 380 64 520 4
2138 320 5 355 91 895 6
283 810 7 368 106 342 1
0 923 5 363 67 811 5
9847 782 5 345 105 847 4
1693 862 7 371 66 543 17
0 812 6 345 51 638 10
9895 321 6 342 72 619 20
205 424 7 444 66 379 17
2262 875 7 442 79 474 10
9799 847 6 456 80 549 7
1967 223 6 312 78 553 17
2208 852 5 304 64 407 2
9928 380 5 336 59 672 4
1965 717 7 543 117 447 12
9822 339 5 310 108 578 5
195 636 4 319 49 584 5
5055 223 5 377 85 912 4
5133 746 5 417 47 699 16
4885 151 7 388 92 594 6
9669 190 7 303 67 501 6
0 281 8 604 119 611 5
10389 890 7 575 106 325 2
0 222 7 398 86 533 4
15 691 7 369 106 667 19
2199 261 6 474 113 798 2
4952 706 7 491 64 579 11
10052 773 7 410 115 573 6
2246 506 4 267 115 622 5
137 719 7 447 66 793 16
9715 800 7 373 68 824 19
2097 813 7 405 66 435 20
5066 910 6 359 117 794 4
2239 753 4 317 68 605 17
28 753 7 458 113 963 11
5297 588 7 410 86 698 19
9726 164 5 375 96 907 16
4714 851 7 635 118 514 17
1797 812 6 415 56 529 1
4999 175 7 420 52 437 10
2054 984 4 357 93 500 16
9899 268 7 463 114 495 19
5195 389 7 396 101 560 12
10254 903 7 422 62 655 2
9613 205 6 413 70 526 4
1681 769 6 284 86 530 5
9626 712 7 338 94 494 16
4648 452 6 333 101 584 16
5344 254 5 312 67 723 5
1883 871 6 402 95 539 5
0 818 7 348 74 649 18
1662 711 4 272 121 394 2
2398 218 7 517 100 817 6
9734 730 7 379 128 578 6
10187 841 7 430 86 853 2
2249 765 5 281 69 507 6
10092 460 8 379 94 932 17
1616 842 7 477 74 455 16
0 432 6 358 66 583 6
10015 979 8 499 48 576 9
366 933 7 488 89 551 20
4774 635 6 389 49 583 3
2303 773 6 396 124 447 2
10016 856 7 432 83 498 9
5011 982 7 416 91 702 6
1649 324 7 394 89 712 19
1654 165 5 383 96 533 17
1886 910 4 312 77 627 2
5336 712 6 297 127 602 16
5035 729 5 383 97 499 1
4658 528 7 496 108 686 18
1764 831 7 378 91 603 6
9848 415 7 434 88 672 7
0 796 5 370 58 861 8
24 853 6 535 63 622 5
316 722 5 327 112 689 5
4666 335 6 424 118 548 16
4657 498 8 468 44 803 6
5077 808 7 424 60 915 7
2034 684 7 349 67 492 16
1862 957 5 326 80 476 3
0 579 8 606 71 860 19
10109 443 5 334 77 474 3
5179 829 7 349 75 313 3
2098 872 6 365 88 669 8
10109 613 6 475 57 959 18
9856 960 6 361 88 288 9
0 715 6 392 114 852 1
4665 688 5 381 71 616 11
10221 793 6 370 124 518 5
2198 926 6 481 107 398 1
0 287 7 611 104 555 10
54 842 7 459 68 624 20
5097 791 7 446 88 882 16
155 618 7 491 85 566 9
0 909 7 435 103 386 19
5397 260 7 299 105 517 17
9913 136 8 607 85 1002 4
1788 393 8 376 51 336 12
0 778 7 441 79 819 20
0 813 7 539 117 319 1
0 693 5 300 88 551 20
9797 834 5 264 101 658 9
4897 782 6 440 59 647 5
4781 779 6 322 52 783 2
10003 426 7 452 85 516 11
10167 719 5 371 78 379 9
9815 819 6 426 84 342 16
1957 200 4 350 62 505 18
1706 921 6 439 63 597 16
1846 779 8 409 84 391 4
4966 768 6 375 84 456 3
10287 672 6 362 92 962 10
4758 163 5 322 97 646 17
0 480 8 434 80 469 8
10173 810 6 306 73 975 16
179 213 4 262 85 553 4
5031 537 5 386 77 417 17
1764 790 7 620 76 966 9
0 281 5 334 87 555 4
5152 889 6 405 117 667 9
5239 969 7 334 113 772 9
2232 186 6 410 104 629 12
182 208 8 472 105 496 19
0 340 7 402 75 751 18
4810 913 7 426 56 382 11
1651 607 6 461 116 536 3
9621 482 7 505 102 483 6
10194 401 5 261 74 816 9
10060 858 5 419 73 587 18
2310 922 7 374 104 509 10
1777 870 6 472 69 449 20
9678 858 6 397 104 736 5
0 769 8 493 71 471 2
2159 305 7 369 83 576 9
0 879 6 316 88 551 17
288 849 7 476 61 647 20
5344 830 5 368 112 445 20
2337 811 7 406 82 577 16
4910 820 6 408 92 821 18
9941 880 5 326 95 722 19
1744 657 5 318 74 629 8
4727 703 6 302 105 406 5
1818 673 7 445 79 761 5
9759 486 6 333 98 520 11
15 229 7 474 91 626 7
4915 720 6 464 73 679 2
2004 713 5 447 50 563 5
2342 355 6 442 115 439 17
5069 129 5 414 97 609 10
9822 921 6 467 93 371 20
1830 573 6 392 83 437 16
5346 665 7 440 120 337 11
0 831 6 353 88 557 8
4941 908 7 389 105 585 1
4874 772 6 367 106 424 11
9773 730 7 382 78 557 5
1863 234 6 394 56 328 7
5320 502 7 503 116 658 3
10135 415 5 396 57 435 9
5368 869 6 490 109 586 6
1638 130 4 277 58 527 19
9774 762 7 444 49 594 6
4989 828 6 461 111 558 16
342 773 7 332 64 887 20
9933 870 7 618 123 597 5
2003 696 4 318 83 617 19
1886 957 6 502 109 614 11
0 817 7 389 98 694 18
9621 402 7 459 75 495 17
0 792 5 440 123 441 17
2020 414 8 494 46 500 4
10369 746 7 517 70 333 11
1605 592 7 612 86 593 7
10044 801 7 336 96 850 3
2166 252 6 390 124 595 5
10383 584 5 322 99 913 16
1600 455 7 347 71 667 6
1957 703 5 468 78 342 8
1935 161 5 376 71 492 7
10231 188 7 442 78 468 16
9622 819 8 630 94 372 19
9918 956 5 442 58 930 10
10252 972 7 409 70 641 5
86 477 8 495 55 451 20
9894 534 7 349 87 472 11
5101 920 6 381 105 459 9
63 299 6 343 81 976 4
0 920 5 273 87 690 20
10333 716 7 539 87 905 19
4740 968 5 474 81 538 2
4865 687 6 369 59 491 17
0 895 8 434 70 330 10
52 458 7 325 83 757 5
5342 168 6 340 116 817 10
4933 224 6 399 49 487 19
1975 342 6 450 73 599 16
1997 516 7 348 91 463 16
10011 548 6 517 83 599 7
9990 559 7 435 62 583 12
9914 789 6 357 74 568 19
9930 308 7 553 60 624 16
5164 939 4 376 73 446 17
79 887 5 412 110 669 6
10203 506 8 517 116 736 1
9701 841 7 346 55 643 6
2043 765 6 442 112 525 8
0 428 6 325 73 789 12
2287 374 5 339 67 746 3
4723 632 7 351 107 346 1
5146 137 7 455 92 893 17
5142 672 7 477 70 596 11
9968 265 6 397 71 470 4
5157 773 6 449 66 821 2
0 392 6 474 74 479 10
5008 771 6 375 107 649 1
362 735 5 476 99 761 4
1962 696 4 318 74 747 17
2396 284 5 390 87 553 1
0 727 7 443 75 600 17
2397 778 6 428 90 643 2
9660 953 7 488 63 945 8
5326 826 5 301 44 433 1
10303 709 4 350 57 446 16
10066 902 6 385 108 659 18
337 854 7 513 89 549 20
4988 495 7 587 61 557 16
4901 932 6 401 76 835 6
0 230 6 412 98 409 19
0 597 7 472 81 606 1
0 308 6 327 95 756 16
4752 721 7 579 114 485 3
0 299 7 345 112 900 1
1726 237 7 623 83 823 20
1690 700 7 495 58 637 11
10065 254 6 459 99 611 6
4948 828 5 442 109 552 4
83 739 6 403 95 666 17
2049 425 7 486 79 577 2
9603 849 8 458 108 718 1
4812 411 6 338 82 634 4
1608 848 6 332 93 802 20
1791 360 6 379 101 1020 16
4955 974 5 408 59 453 11
1959 294 6 477 86 974 12
143 868 6 369 55 458 19
2286 715 6 445 64 859 17
42 802 4 389 54 502 7
0 869 5 302 77 577 1
247 390 5 407 92 499 16
10282 860 8 380 75 325 18
1620 741 5 351 98 832 18
4634 293 4 304 63 645 20
4756 864 5 454 62 655 20
9977 189 8 538 109 602 10
5361 760 5 284 112 603 11
10266 816 6 377 65 768 6
9677 818 5 297 68 426 8
10094 937 7 407 92 568 19
5319 155 7 340 106 587 19
2381 779 6 394 76 919 9
9757 559 6 416 90 521 11
10325 818 7 433 115 690 7
9648 365 8 453 83 570 8
321 685 7 389 72 412 7
4846 847 7 476 67 574 9
4695 695 6 307 110 635 2
9855 854 7 454 73 783 19
5011 325 6 419 116 898 4
5147 817 6 426 70 527 10
2100 609 4 363 93 438 16
2268 326 4 390 97 435 16
4756 907 5 322 96 612 2
9650 469 4 297 98 459 20
9839 194 6 387 122 393 2
10094 866 6 424 99 574 11
5263 649 7 372 104 483 17
2082 832 7 391 91 898 20
10205 757 5 388 90 309 9
1716 869 8 619 58 817 18
5383 970 4 279 60 625 7
0 196 8 514 65 596 19
5005 844 6 349 74 353 6
1663 917 5 366 78 698 3
1838 436 6 436 107 514 18
0 777 7 390 99 612 3
9685 652 7 430 93 783 20
0 980 5 389 70 876 5
293 888 7 436 67 391 19
9940 371 6 327 103 595 12
2095 867 5 381 66 964 11
1974 221 6 328 72 444 19
4842 477 7 334 84 632 4
9913 371 6 545 113 795 6
4880 173 6 367 45 571 12
10314 269 7 399 91 466 20
0 488 6 558 88 1016 11
142 913 8 419 92 476 3
10207 388 7 340 60 466 19
1848 758 6 469 57 693 1
