50 982
7 32 32 736
6 80 52 592
6 80 68 368
7 32 44 432
3 40 124 592
7 48 24 768
7 24 36 96
7 64 68 944
3 64 60 352
8 64 84 448
8 24 112 1008
8 24 40 272
4 64 112 272
4 32 52 800
8 80 36 736
6 80 116 848
8 64 32 448
5 40 124 512
8 48 48 656
7 80 116 304
8 48 128 912
3 24 64 368
7 48 40 592
3 24 60 592
3 48 44 160
6 32 96 288
8 48 36 1024
4 32 24 208
8 48 24 464
3 24 128 768
4 24 44 928
7 48 84 704
5 24 28 176
7 48 60 128
6 80 92 224
6 48 40 608
8 24 56 672
4 40 112 352
7 40 60 608
5 48 64 480
8 32 72 144
6 24 24 864
2 40 24 576
8 32 56 1008
6 80 52 208
3 64 112 480
7 64 56 160
7 48 76 768
4 64 96 256
2 48 104 912
8625 215 1 19 14 289 17
4536 503 4 147 22 108 4
9292 145 1 16 27 274 4
6072 108 1 28 29 102 7
3230 424 3 238 24 171 1
9625 338 1 20 34 297 2
10118 263 3 135 31 220 15
10153 59 5 168 30 683 18
46 542 1 70 12 289 7
8956 349 7 292 38 593 6
7518 471 2 29 14 244 2
347 345 1 37 33 373 3
8609 154 4 189 16 51 4
7186 520 1 24 64 296 4
5390 286 3 149 6 131 1
7116 270 2 113 14 502 1
34 302 1 112 47 257 2
5379 147 1 10 40 676 6
5854 459 1 80 56 57 17
5190 331 4 227 39 395 3
8601 392 2 53 81 296 6
2523 361 1 108 14 124 1
4669 380 4 72 10 436 6
3529 302 4 51 17 148 6
8903 534 1 16 27 216 4
4807 412 1 70 42 227 2
9033 95 1 54 62 127 4
6506 358 2 59 87 240 16
88 324 1 21 21 360 1
17 510 3 51 86 181 3
3657 227 7 338 22 387 3
3078 45 4 151 18 187 19
5837 401 1 40 30 325 3
6484 177 1 64 64 474 7
11259 430 2 36 20 211 5
6573 334 2 107 17 106 16
6413 33 1 18 27 358 19
9368 501 2 115 21 178 3
7635 26 2 82 40 62 1
2659 64 2 163 56 568 19
1083 216 2 26 77 262 16
11813 379 1 32 34 178 20
9700 541 2 121 10 603 5
4040 405 1 23 40 251 1
4969 503 3 183 38 259 6
5670 99 1 23 64 469 1
4961 235 1 45 79 288 3
10236 420 6 117 14 321 4
4804 274 1 31 42 196 4
2186 377 3 70 61 106 1
8953 161 2 32 40 107 4
6766 187 2 39 6 617 2
11375 254 1 79 12 162 5
5123 371 1 221 17 455 2
9881 360 3 209 88 321 3
769 300 2 65 71 406 2
179 411 1 308 43 213 1
1151 244 3 121 23 150 6
3939 155 2 61 10 73 6
11867 21 1 36 30 76 2
4416 521 1 91 12 274 7
10542 416 2 154 22 345 4
408 441 2 195 10 374 3
6322 269 1 12 9 50 19
5134 40 1 39 31 517 17
11865 471 2 31 8 496 6
3502 85 2 273 55 74 19
10100 174 1 20 47 83 1
7773 515 2 37 26 83 3
2652 401 5 200 16 60 17
2464 257 1 33 41 397 16
2183 217 6 138 34 41 16
7130 440 2 55 20 413 4
2436 276 1 14 10 486 2
2792 452 2 85 43 248 7
8398 239 5 83 77 384 4
10995 159 4 208 71 640 3
6599 353 1 71 16 166 7
11198 494 3 133 8 352 2
1958 63 5 88 14 108 3
11977 397 2 201 23 125 6
11450 69 5 215 10 149 19
4656 74 4 229 36 54 4
5221 44 1 9 17 57 7
5492 142 1 35 70 167 2
4268 273 4 171 15 244 18
5768 410 2 69 73 232 6
173 254 4 146 54 162 3
1599 245 1 12 28 407 5
5703 145 1 48 69 358 2
7010 341 2 72 20 81 7
9886 289 1 47 63 144 16
7227 140 1 12 41 386 5
1434 38 1 20 7 94 16
6066 250 2 78 10 129 6
647 318 4 139 13 312 20
7662 293 2 54 24 35 15
1232 287 1 30 39 334 1
4909 110 2 34 7 124 6
8676 202 2 80 13 307 4
4110 232 3 116 24 174 3
11680 198 1 18 26 339 4
4503 99 2 257 36 84 4
8820 439 2 26 30 41 4
8321 256 1 60 39 85 18
11743 391 5 94 23 61 3
5676 545 1 20 8 356 18
5695 49 1 41 42 236 5
4048 492 6 228 15 50 17
9282 189 1 204 49 202 3
2220 343 1 191 12 229 3
7338 415 7 275 53 157 16
3601 291 5 173 10 335 4
9840 550 5 76 9 71 2
9719 398 1 19 19 47 3
9635 400 1 35 56 189 3
5953 174 5 228 30 154 3
2101 163 3 154 15 654 2
10070 374 1 157 21 331 6
1133 133 1 95 68 664 17
254 340 1 75 18 215 6
1596 462 2 369 9 365 3
3752 209 4 209 23 568 19
4315 332 2 69 23 181 17
1284 461 6 181 60 163 3
6901 222 1 64 53 646 6
6853 369 1 37 13 331 17
7616 241 1 26 43 75 1
3288 500 3 182 36 305 17
6854 162 2 109 25 241 3
5988 518 3 71 35 133 7
7979 64 2 81 27 299 1
1115 308 5 204 28 387 5
2883 210 1 47 68 272 6
2545 350 3 95 22 75 7
5027 125 1 19 32 232 2
11594 24 3 59 24 448 5
6163 49 1 38 20 438 19
8592 534 6 98 12 231 5
856 400 4 297 12 435 4
7411 34 1 145 38 366 17
8573 147 3 131 21 206 4
10891 438 1 161 35 319 6
2651 109 1 49 24 298 2
8854 276 2 75 17 197 19
10883 323 4 69 58 123 2
11234 254 1 88 12 451 4
9329 185 3 40 7 46 16
6480 274 1 17 65 72 15
7144 57 1 65 80 201 19
6045 453 3 269 11 399 20
3458 446 3 77 16 59 18
5999 363 1 23 11 518 15
6693 370 3 109 20 195 17
1475 406 1 121 43 251 2
7383 245 2 131 32 209 6
3085 186 1 40 11 418 3
7481 451 2 47 31 605 5
9893 56 3 299 22 121 6
5654 330 6 82 9 531 20
6140 490 1 93 8 451 18
5294 33 2 24 25 79 3
6004 305 1 41 20 424 5
11143 493 4 149 23 455 2
5129 148 2 55 12 533 2
5322 229 1 18 45 189 20
5073 351 1 29 11 68 6
8048 267 4 93 8 409 17
9152 258 2 56 19 88 18
1331 461 2 53 34 145 2
8864 158 2 58 27 194 5
649 327 1 33 59 229 2
6255 174 3 88 33 80 4
5806 150 1 21 25 370 4
1607 11 2 89 23 43 6
4868 210 1 25 23 75 19
4257 430 1 39 21 189 6
9258 297 1 30 8 176 2
8184 193 4 112 64 579 19
8521 177 1 30 35 359 6
11937 174 2 52 13 151 20
5028 395 2 43 41 159 1
8790 410 5 73 12 217 7
8936 219 2 74 14 208 4
3530 501 1 26 36 214 3
10509 304 2 52 24 104 4
9963 226 1 15 12 606 19
10079 241 2 98 25 278 3
7165 53 1 24 53 252 16
5171 544 4 91 12 384 16
5719 487 1 31 24 37 7
2903 87 2 34 32 546 1
6258 226 2 38 31 462 3
4536 384 2 194 26 545 20
4934 523 4 125 9 446 16
4912 521 1 70 75 136 20
10899 207 1 44 9 139 16
5117 538 2 151 35 51 16
2396 445 1 22 42 188 5
5289 537 2 73 38 598 16
6691 470 3 160 39 145 19
11138 253 1 106 62 171 1
9396 343 3 238 14 65 18
9449 33 2 64 10 305 1
9113 456 1 87 40 153 17
1130 495 3 102 20 246 6
8861 431 6 138 17 165 1
575 188 1 13 24 60 1
8086 518 1 186 59 467 1
1318 205 3 62 37 556 7
4667 488 1 158 46 324 18
5176 364 2 96 6 66 2
2934 325 1 248 27 359 17
10863 114 1 33 20 145 6
7307 243 1 35 16 266 6
10010 482 3 53 11 122 3
1290 547 1 19 18 422 4
12 222 2 77 19 249 3
7305 407 1 77 33 283 2
933 304 3 106 34 660 17
1925 346 1 110 37 341 15
694 391 2 53 14 76 2
3521 119 1 122 42 160 6
614 29 3 168 41 477 16
11102 97 3 45 74 569 3
5976 239 1 40 6 220 15
543 111 4 127 44 66 1
3487 336 3 141 25 477 2
998 102 1 187 58 392 6
8980 378 2 78 31 102 3
693 290 3 298 35 274 2
235 416 1 27 52 179 1
1966 334 4 362 30 148 3
5118 35 4 248 48 327 3
581 424 3 237 39 314 2
9272 330 5 90 37 139 6
10257 100 4 102 28 232 18
7522 106 1 22 26 277 4
82 284 1 40 38 285 4
6638 270 1 12 27 170 2
11913 166 3 37 13 460 6
7961 121 4 135 74 241 3
2569 437 1 23 40 209 7
11462 316 2 19 9 444 7
10782 203 1 130 43 99 17
3128 76 4 113 10 378 6
8252 137 2 64 66 668 18
6767 507 2 49 17 282 20
11347 210 1 30 28 61 5
9653 205 1 227 13 49 5
5220 209 5 76 11 511 4
4442 86 2 119 36 140 7
1128 481 2 40 11 134 6
7996 32 1 19 12 586 4
2432 126 3 83 48 361 1
6317 226 2 75 59 243 7
11450 483 5 177 13 450 5
3769 194 1 26 28 186 6
10839 200 3 74 21 48 5
11065 347 1 10 25 137 2
10764 174 1 30 29 392 1
11102 517 2 43 24 38 2
3112 320 3 301 60 582 1
8379 232 3 98 14 397 16
3826 140 1 66 54 121 6
5513 416 1 18 8 64 1
8168 97 2 39 14 53 7
8238 275 6 205 12 559 5
11987 191 1 28 28 217 4
10110 140 1 69 21 41 4
46 179 2 74 26 99 16
588 429 2 57 13 92 17
7007 225 1 38 21 233 3
2975 174 6 156 52 217 15
4963 278 6 142 29 352 7
6498 398 1 251 52 235 5
129 146 3 70 25 273 15
8953 451 2 65 30 322 7
10659 9 1 117 33 384 5
7763 485 2 152 26 255 17
10278 104 1 39 17 50 15
5373 256 3 78 16 279 2
332 86 3 54 14 102 19
7583 95 1 30 73 203 6
8119 500 2 69 13 409 18
457 73 3 49 41 154 16
11011 314 1 26 60 348 6
259 437 6 224 34 121 5
7585 466 1 19 24 274 16
10891 501 1 64 13 150 2
1152 373 1 28 9 420 4
8790 71 1 70 18 383 7
11159 118 1 29 28 309 16
401 141 4 59 26 544 1
6655 397 1 18 14 309 19
274 151 1 26 74 142 7
4881 471 1 177 34 119 18
6274 546 5 144 12 500 6
11582 25 4 143 16 406 18
5161 143 4 80 27 581 7
1214 207 2 26 70 279 6
2615 422 3 66 18 161 4
5040 408 3 94 8 236 15
7704 456 2 121 11 128 7
10211 77 1 78 17 35 2
826 439 1 30 44 131 6
8214 187 2 78 68 373 1
6617 400 1 25 12 418 1
3524 62 1 59 57 174 6
9457 394 1 33 28 52 4
3963 88 1 37 33 262 1
10622 534 2 61 28 297 20
10473 234 3 151 21 31 7
11217 375 1 168 9 607 3
5528 365 2 22 13 128 7
1132 399 2 39 32 354 3
13 82 2 43 8 138 2
2150 338 1 30 16 181 19
2508 142 4 87 27 422 5
11268 495 2 43 33 378 2
9 17 1 84 28 133 1
4589 243 1 179 15 158 1
8274 510 1 62 36 72 1
3483 324 1 66 26 161 1
2833 473 2 52 20 73 1
2807 455 1 44 21 378 4
1003 395 1 155 32 150 7
6177 493 2 58 17 102 17
11725 231 2 65 43 126 2
8029 342 3 170 28 176 16
10953 252 4 78 32 298 2
4661 35 1 146 38 505 3
1480 108 3 36 31 738 7
8914 358 3 61 28 199 19
6077 29 3 84 28 96 19
11474 333 5 203 23 441 4
2028 43 4 316 14 415 16
4672 353 3 211 17 546 1
1208 413 3 140 16 104 4
7659 156 4 151 43 81 5
11412 171 1 148 18 159 2
10661 523 4 254 38 268 18
519 437 3 42 15 461 5
870 73 1 67 44 197 7
11758 209 3 94 18 90 2
9636 469 1 150 38 182 2
7356 174 1 18 17 205 15
4706 197 4 77 26 210 1
4324 60 4 359 20 165 7
1746 297 2 37 83 244 7
4509 507 1 71 26 143 3
8060 533 2 66 16 417 3
10816 351 1 13 6 599 2
10397 329 1 227 68 209 1
5826 539 1 21 21 560 7
8171 338 1 20 10 116 7
7885 135 2 79 35 523 18
2281 9 1 19 48 698 1
1987 399 5 324 29 45 17
1139 384 3 75 9 256 7
8332 14 2 21 42 342 6
9736 427 1 49 41 145 18
2051 548 1 144 15 275 20
3174 488 1 129 12 223 3
7467 409 1 181 48 226 19
6466 34 3 32 21 191 20
450 397 3 165 12 50 3
2711 142 2 62 20 572 6
8273 14 2 72 84 285 3
6773 321 2 120 62 106 6
11070 267 3 43 57 76 17
7393 102 1 41 34 401 1
190 378 1 33 48 518 17
11861 49 3 35 16 129 7
5434 15 3 93 10 249 20
9951 529 5 320 27 180 16
2735 374 1 38 14 257 2
1131 129 4 211 55 229 3
1006 310 4 86 19 46 5
10839 95 1 217 32 167 3
4471 270 1 38 22 736 6
10985 301 2 94 33 658 18
10608 168 2 45 12 247 18
5374 145 2 144 35 294 16
5287 230 1 156 17 196 2
553 30 1 22 15 191 6
1840 528 1 39 10 92 2
6941 92 1 221 9 323 4
1621 379 2 105 21 145 16
11982 336 1 49 22 155 6
5680 395 5 336 36 46 7
4237 265 2 65 15 251 4
116 224 2 122 7 304 17
4575 224 2 102 23 123 18
4257 507 1 391 45 399 7
8668 101 2 127 10 199 4
10867 466 1 139 44 268 6
5905 244 2 64 72 119 2
11048 50 6 230 27 360 7
9242 340 2 115 19 56 1
11882 291 1 100 14 286 4
195 47 1 90 28 81 2
7374 84 2 92 27 204 19
5679 86 2 41 28 420 3
11718 238 2 36 34 74 1
3796 126 1 111 35 359 7
4271 316 1 19 14 424 16
5691 466 1 139 20 266 2
4109 458 5 83 24 43 19
2481 405 2 150 38 112 4
6913 6 1 47 9 151 2
1577 262 4 123 35 112 15
3959 271 1 108 28 741 2
5520 49 3 202 19 60 4
424 186 3 52 30 155 3
6346 178 2 46 43 68 2
3568 225 2 99 8 113 4
1510 73 2 132 22 26 2
6333 364 4 272 19 99 1
11381 70 3 140 17 207 3
11056 487 6 182 10 162 3
4941 26 4 82 36 171 1
297 409 1 85 20 37 4
6087 320 1 27 17 291 6
9797 428 4 120 38 98 2
2120 139 4 91 72 350 16
10898 59 4 121 13 384 2
7049 222 1 33 12 108 20
8555 88 2 240 12 392 3
721 381 2 47 13 545 2
1091 69 4 61 17 223 6
9119 200 4 51 8 155 3
11294 306 2 57 9 311 4
4846 338 3 325 44 183 4
7007 446 2 67 13 92 5
6491 393 2 110 36 92 2
4649 264 1 32 6 124 16
3719 357 2 48 30 87 2
3423 368 1 66 20 70 3
2384 73 3 41 8 28 18
2430 85 1 111 31 75 3
3452 165 2 41 16 103 5
1219 525 1 83 9 620 17
1043 496 2 98 15 85 7
3223 153 1 28 25 58 3
5847 161 1 37 8 164 19
8850 513 1 50 8 155 2
11584 143 1 30 35 166 6
1822 22 5 181 43 274 19
7809 538 6 424 18 202 2
11395 408 3 82 78 421 16
6484 424 1 90 34 86 4
8184 256 2 223 51 207 4
8525 346 1 39 31 536 1
6340 124 6 140 23 703 1
3537 430 1 36 24 98 7
3919 88 1 40 25 279 3
3537 162 3 143 14 572 1
9158 202 1 141 33 96 3
6769 459 3 133 15 59 16
5164 518 1 136 25 146 5
5024 58 1 56 51 166 18
9452 530 3 61 25 68 15
9722 140 1 34 75 94 1
4777 222 2 93 13 291 2
3591 417 2 111 20 228 5
4736 55 1 33 12 125 6
2695 179 3 113 27 72 7
3797 138 3 28 10 31 2
4556 236 4 271 35 78 19
5231 524 3 68 12 431 19
1044 199 1 132 31 475 5
6388 181 2 77 53 213 2
6976 8 2 87 14 326 2
7627 127 3 154 27 210 5
5982 175 4 232 28 88 2
5619 503 5 100 28 314 16
6137 207 4 175 38 498 6
1630 209 2 79 14 681 4
8071 479 1 81 52 523 2
3630 178 3 60 27 138 4
2574 226 4 238 65 107 1
2019 249 2 56 19 307 19
3872 476 1 36 26 48 1
6015 273 3 234 32 206 1
2003 367 1 107 43 67 18
10375 71 3 56 83 217 16
7628 221 1 50 14 403 1
7097 195 3 196 75 177 2
3729 454 4 195 18 152 5
4957 156 1 100 10 102 4
348 500 1 43 16 142 15
5028 169 1 24 40 76 6
1887 235 2 59 31 265 4
5908 74 3 89 12 100 18
702 407 7 207 12 112 3
8420 290 3 130 17 410 3
6262 218 2 25 31 67 3
8684 194 1 72 46 157 4
4796 146 6 197 17 144 1
10239 283 5 88 25 80 16
10445 59 1 51 25 236 6
5376 165 6 145 12 521 4
6426 140 3 79 18 55 4
10562 519 1 148 17 95 2
7154 491 4 183 14 209 2
9179 161 1 53 21 523 6
11777 285 3 100 15 134 4
10698 174 1 235 18 384 5
11751 257 2 69 28 183 7
2613 241 1 36 30 111 19
8073 497 1 17 54 108 4
6900 8 2 43 23 231 4
7316 342 1 295 23 428 6
5832 506 4 95 16 49 19
6983 485 2 87 18 376 4
3403 119 4 362 28 629 15
1952 229 2 83 18 44 5
964 519 2 102 64 200 17
11976 493 4 59 29 320 7
9452 241 1 41 16 263 2
4587 281 1 45 74 220 6
1452 532 2 69 23 119 5
11652 219 2 53 11 190 2
1488 394 3 125 18 166 7
8756 238 3 68 43 198 6
4694 199 1 18 23 357 17
3606 295 3 97 49 73 1
6199 543 3 61 35 133 7
11560 546 2 165 15 339 1
7606 244 5 219 20 618 4
9397 112 4 188 58 461 5
11918 516 2 84 12 360 1
11750 247 3 201 24 173 16
1651 411 2 65 55 300 6
7932 472 2 68 23 148 3
4750 404 3 258 65 506 15
2249 90 5 132 35 104 3
6997 405 1 80 37 229 3
2897 235 2 190 17 86 17
10462 163 3 37 42 124 5
5017 240 3 77 45 626 3
2787 425 3 117 75 81 3
10583 189 1 40 26 37 18
3936 242 1 29 50 120 5
637 132 2 38 20 31 18
7446 368 1 27 13 389 4
7734 337 2 35 67 186 3
2216 237 1 14 11 68 1
1875 248 3 44 42 277 20
7931 49 1 68 36 306 16
3482 325 1 16 14 358 5
8646 301 2 73 26 75 20
2695 231 3 148 25 184 16
5524 149 4 117 22 155 20
11448 150 1 47 38 41 18
10194 484 4 229 12 311 3
482 296 1 21 31 307 2
5808 340 5 77 22 34 5
10984 353 1 48 48 287 2
31 541 1 16 9 152 3
3268 476 1 18 8 295 6
5928 256 2 98 21 275 2
4617 34 1 60 18 129 7
5285 354 2 52 9 280 7
10230 341 1 143 25 211 3
3501 223 4 171 62 234 15
11676 276 1 27 37 435 3
11197 309 3 61 35 253 1
6382 494 1 23 9 446 2
10921 79 1 38 11 282 15
9581 428 2 126 57 325 5
10783 196 1 18 31 264 7
2857 69 3 140 32 91 3
3323 402 1 138 35 119 6
5729 412 2 76 15 143 20
2700 181 1 167 30 75 1
4132 349 7 89 23 199 1
7454 306 2 54 42 179 6
2476 36 2 125 35 447 6
5114 288 3 97 15 176 4
4244 120 2 51 28 576 19
7697 450 1 29 20 195 4
2484 256 1 29 26 644 5
7811 201 2 145 27 247 2
7268 408 2 125 17 160 2
6411 180 2 43 88 530 2
2908 209 6 235 28 327 4
9202 543 1 88 23 73 5
11634 287 1 22 24 441 5
7857 273 2 19 27 201 4
7714 332 1 92 19 411 19
6744 325 2 109 76 198 1
8947 70 2 57 23 352 5
5234 294 1 17 39 235 2
6223 342 2 57 11 419 3
8656 490 6 288 18 123 6
9404 387 1 40 12 175 4
1776 230 1 108 34 520 4
2249 88 4 108 17 488 4
3206 279 2 403 30 138 5
8436 168 2 41 52 502 16
507 511 1 377 56 118 1
4797 241 3 213 38 116 5
9347 544 2 79 17 147 17
332 153 1 72 9 708 3
5808 420 3 91 21 390 4
2364 164 1 90 45 150 6
7615 287 2 35 9 210 2
5692 22 3 94 9 149 1
9329 112 1 53 50 127 7
4432 384 1 31 14 478 18
10262 353 1 20 20 143 16
8253 107 3 75 47 544 5
1406 422 2 89 78 185 4
1731 272 1 20 72 171 6
1462 300 1 24 19 68 4
3499 387 1 54 58 265 6
1473 267 4 102 49 387 3
4558 94 4 76 29 207 18
1486 355 6 99 26 103 18
11196 311 1 58 44 189 7
1751 433 1 18 7 303 2
400 146 4 154 30 236 2
11534 246 1 76 25 383 3
2849 547 2 90 25 83 17
6971 58 2 142 31 171 5
11132 114 1 29 33 340 3
5741 331 1 46 24 23 2
9568 259 3 138 18 279 4
5028 457 2 25 23 544 7
9051 226 3 165 15 527 20
9001 185 1 31 40 240 5
1484 141 2 126 15 372 7
3275 251 3 61 28 107 4
11878 509 4 63 30 211 4
2329 528 1 104 34 138 19
5677 26 2 63 43 340 5
2139 488 4 173 26 123 19
11205 467 1 20 34 52 6
6691 373 4 103 29 162 3
2743 340 1 48 36 155 5
4546 296 3 269 47 131 15
2116 255 6 125 10 327 19
5825 24 1 38 14 48 6
9522 189 2 43 42 211 19
8864 400 1 18 10 625 18
8265 399 1 42 21 102 5
1067 436 1 15 48 63 4
11880 282 4 347 37 224 2
4487 406 1 29 50 407 16
3685 470 1 69 22 141 3
974 435 1 40 8 160 1
397 152 1 61 39 241 4
9871 133 1 29 29 82 2
8404 135 5 131 45 447 7
11608 288 2 146 15 613 4
3435 212 1 133 62 213 1
4937 473 5 132 32 370 5
7526 78 3 102 26 211 7
1035 202 1 27 27 177 3
4726 310 1 27 26 128 7
4024 170 5 210 24 222 1
8159 311 2 57 66 84 4
10619 283 3 88 29 158 3
8535 397 5 100 10 187 6
5563 402 1 31 30 152 2
5693 389 1 103 8 341 2
514 296 1 105 22 255 7
5493 412 2 59 61 361 6
27 320 1 52 65 190 7
9768 163 1 135 17 234 17
2714 313 1 34 54 527 16
1539 468 1 19 13 350 7
11912 207 2 70 42 166 1
5167 244 1 141 27 379 19
11672 329 6 118 72 445 19
8894 327 1 99 39 300 5
8469 444 3 69 28 191 16
6119 351 1 163 62 337 6
10286 320 1 60 22 128 1
5124 543 1 31 12 65 17
8976 302 1 121 37 188 18
11223 507 4 163 23 545 5
659 504 1 63 20 522 7
8573 511 2 101 36 69 18
4893 449 3 87 26 47 4
7064 109 1 36 31 624 6
11945 320 3 71 19 96 3
1037 476 1 54 26 53 2
8353 60 2 235 52 128 2
2371 399 2 125 45 219 19
1315 381 6 245 12 722 17
2937 328 1 65 22 105 7
9381 95 3 244 42 76 6
4391 372 1 43 36 438 20
7122 369 1 87 32 682 20
10962 469 1 27 47 158 6
1838 342 2 61 25 559 7
2357 187 1 73 14 725 5
6942 305 2 27 27 200 1
10539 149 2 79 27 64 4
2976 257 2 39 27 91 3
2163 88 1 24 16 241 2
5395 386 1 16 33 164 4
7863 82 4 122 25 551 17
7418 207 6 210 8 507 16
6053 206 2 48 15 227 4
1554 26 1 132 38 232 6
826 305 3 55 12 69 16
11975 140 1 33 21 453 4
11850 81 2 38 25 452 6
5433 60 1 18 16 307 5
3263 493 1 32 23 500 2
8224 181 1 32 67 310 5
2981 128 2 51 36 180 20
6226 455 1 103 23 201 20
1324 389 1 66 39 178 4
7827 229 1 23 67 130 2
5631 414 1 67 19 60 3
7064 136 1 26 11 51 4
419 330 1 51 23 81 7
10289 196 2 107 17 397 7
5695 13 1 54 11 107 5
7737 344 4 210 44 232 15
5277 436 2 65 27 274 5
10544 406 1 55 24 500 3
10475 184 1 71 30 120 20
10009 136 2 162 33 103 3
4907 204 1 63 59 155 2
3757 428 1 155 54 190 7
6794 119 3 199 72 509 4
4020 506 2 113 13 519 20
4864 460 1 60 27 90 15
1073 419 1 36 48 333 17
1425 49 2 156 49 214 3
848 320 6 339 18 83 2
1891 501 2 51 21 51 1
5400 90 2 72 21 83 3
11607 465 4 256 59 617 7
4953 470 1 39 27 669 20
3763 396 3 126 60 119 2
7704 120 5 160 13 157 6
8815 537 1 68 28 177 18
2754 56 1 15 9 46 6
4416 301 1 94 35 165 6
10069 511 3 76 13 220 16
9835 118 2 52 23 78 17
8016 332 3 206 40 315 3
1807 66 1 16 23 222 5
7822 519 2 130 33 77 4
6878 163 5 62 11 68 1
3766 521 3 160 24 525 4
8820 133 4 91 15 94 5
10409 396 4 74 41 110 15
7470 430 2 93 68 423 1
811 512 1 27 59 408 18
7157 508 1 52 11 239 4
9641 550 3 67 27 255 4
10254 104 1 76 15 559 4
2636 225 2 58 12 87 3
1108 142 7 136 21 53 3
8082 445 1 75 71 229 20
7740 273 1 69 47 225 4
10763 212 1 40 54 476 6
7168 258 1 122 43 75 2
3960 533 1 44 23 131 3
7172 368 1 48 27 678 20
7093 183 2 104 34 69 1
11991 118 3 43 21 319 18
11963 94 1 20 24 156 7
9111 413 1 125 22 391 6
7634 328 3 72 24 233 5
9965 157 3 52 7 74 7
5673 452 1 38 53 135 2
4132 451 1 62 18 260 1
2358 349 1 19 26 385 3
6676 156 1 12 14 239 19
6165 298 1 35 15 226 16
7397 280 1 100 24 109 5
6682 437 1 31 19 319 6
10659 273 2 88 43 112 20
648 504 1 17 55 170 7
2525 313 4 161 67 107 3
11630 390 1 73 21 474 20
600 73 1 30 8 371 3
737 398 2 107 41 302 5
4703 400 4 154 20 479 16
11863 281 1 85 23 439 2
2457 126 3 159 11 60 1
3677 517 5 113 18 64 3
3246 44 4 150 41 294 6
11396 392 3 64 17 20 6
7314 481 2 98 23 81 6
7319 307 5 216 11 261 20
8184 84 1 37 34 53 18
7123 23 1 129 46 276 20
7918 469 1 118 43 535 1
63 394 2 196 27 323 3
5727 160 4 88 15 52 15
3070 219 2 81 23 216 5
3674 301 3 53 30 91 3
7549 184 2 352 75 202 18
853 249 7 184 14 162 19
1349 416 3 66 16 109 19
6918 112 4 81 38 157 6
2345 93 3 257 36 45 18
9586 282 3 182 37 192 17
4115 226 2 117 23 195 5
3519 14 1 22 39 169 7
6822 374 3 87 17 407 16
2010 320 2 43 34 255 4
2905 513 5 47 12 123 16
6774 487 1 20 35 215 5
3195 377 1 24 45 60 4
681 122 1 14 25 47 1
10656 294 2 138 13 230 2
2249 518 2 132 70 230 16
2685 158 5 244 50 368 6
11440 37 5 144 12 549 5
3316 347 1 30 29 342 16
9762 229 1 20 8 73 1
9657 141 1 29 16 89 7
563 104 3 129 28 83 17
6227 462 1 20 33 344 7
3922 545 1 34 20 35 4
2781 219 2 80 20 33 17
10878 71 1 24 9 166 3
3734 311 1 77 53 135 6
9777 548 1 37 55 437 5
9053 331 1 67 78 328 7
10603 24 2 68 28 187 19
4615 257 2 123 13 260 7
10083 101 2 232 24 37 7
1531 169 2 249 23 539 2
11630 133 1 21 21 160 5
102 380 6 181 10 697 3
8276 265 4 122 25 146 5
8407 397 1 23 45 331 15
3089 413 1 101 6 455 5
4640 324 1 135 28 344 5
10917 36 2 102 11 150 18
10024 154 2 29 21 64 17
410 496 2 132 69 286 1
4657 389 1 49 37 485 1
2160 409 2 88 67 218 7
623 492 1 38 57 285 6
11522 485 1 95 23 50 7
2746 327 4 252 13 354 20
5285 169 2 48 16 576 1
2881 110 1 67 63 94 4
11569 147 4 400 21 148 3
7790 214 1 88 68 71 1
6144 344 2 35 27 171 4
11799 59 1 129 52 114 1
448 438 1 64 24 205 2
4043 217 2 36 87 425 2
2670 411 1 56 19 89 15
1328 522 2 87 33 340 7
2064 125 1 52 54 545 15
83 478 2 72 30 391 7
7869 416 2 161 22 155 17
11018 58 1 16 46 123 6
4013 337 1 21 61 395 7
5832 377 1 23 47 592 1
6970 316 1 73 9 73 1
11903 234 2 177 36 72 7
21 241 5 372 33 55 3
10713 524 4 213 49 127 4
114 412 1 27 24 346 4
8137 37 2 44 34 178 7
6080 368 6 95 22 107 5
7677 70 2 59 80 431 3
5782 505 2 58 10 233 1
5513 547 1 23 56 126 3
11267 471 3 106 29 660 3
3990 330 1 164 57 100 5
247 387 2 32 9 319 1
1990 440 1 48 35 549 2
6444 35 1 35 36 156 15
5107 30 3 187 33 238 16
8330 511 2 50 23 75 18
6607 38 4 207 26 83 6
404 445 2 94 20 372 16
5525 293 1 29 20 385 15
11841 281 3 63 23 643 1
139 293 1 91 20 92 2
5930 214 1 62 36 272 16
11059 130 1 110 15 36 19
2687 212 1 71 77 110 7
9232 253 4 107 27 63 1
194 465 2 125 50 312 4
5296 168 1 200 24 174 6
747 359 2 326 60 201 2
7606 400 1 105 10 574 20
8406 379 1 27 10 118 3
4862 289 2 61 16 397 17
10599 12 3 135 31 53 17
2983 451 1 53 17 350 2
6087 524 1 294 16 319 6
5780 45 2 46 12 166 5
11786 138 2 58 24 85 6
3386 187 4 121 29 503 6
7461 74 1 20 80 317 15
11897 485 1 34 17 216 6
444 433 1 19 13 344 15
4360 529 2 18 23 358 18
6021 14 1 14 17 405 5
375 480 1 163 65 68 4
4491 523 3 351 26 297 18
8898 377 3 92 84 228 16
1386 508 3 70 18 95 7
1038 302 1 87 28 65 6
4870 487 1 22 43 285 4
3783 405 2 32 25 418 4
10381 251 2 101 27 90 1
1516 326 4 223 27 158 20
10402 269 1 33 14 246 5
9299 462 1 19 33 404 2
8434 176 1 43 21 309 6
6778 339 1 39 14 134 4
8766 165 2 77 24 113 1
8037 298 1 18 73 197 19
7627 405 1 29 11 424 2
7401 294 1 67 57 246 20
6869 178 4 73 16 277 16
6668 231 1 179 10 181 6
2736 38 2 23 82 462 6
4087 258 3 97 12 405 2
10840 86 1 111 41 265 1
9714 182 2 285 7 348 3
3849 300 1 68 72 135 7
8089 161 1 114 43 162 3
9629 444 6 154 13 155 7
9489 491 4 122 14 88 4
2741 447 2 27 20 78 2
7499 428 1 80 12 316 5
11925 160 3 70 6 139 5
5272 209 4 290 14 228 18
10264 86 4 93 15 227 4
2055 347 2 35 38 127 15
9948 500 3 39 7 532 6
350 274 1 40 33 420 5
10128 320 1 36 6 269 3
11904 367 1 18 28 422 1
4098 274 1 48 29 233 7
10070 21 2 128 25 211 1
10279 230 1 18 31 386 3
6108 355 1 188 34 149 4
41 55 1 118 28 518 2
9766 379 1 27 16 596 19
10746 120 3 176 18 284 7
5470 121 3 232 28 69 1
4407 56 1 31 19 327 5
7379 502 2 36 19 144 16
4018 329 1 26 32 140 20
4554 161 1 41 25 638 19
3592 105 2 74 10 56 3
7081 25 1 34 22 228 1
6218 49 6 207 33 28 17
2932 507 1 310 15 265 19
3179 340 1 12 28 228 20
5046 478 4 260 35 47 3
1179 305 1 41 44 284 20
11054 125 2 79 59 256 2
1251 199 5 281 50 154 6
4877 251 1 16 27 476 3
4171 223 1 152 43 211 16
2278 335 7 116 22 53 20
3934 390 1 24 55 195 6
3317 158 2 37 14 62 5
444 39 1 313 14 525 3
10342 34 2 74 46 79 15
10514 345 2 56 29 247 7
9005 262 3 69 24 104 1
1570 129 3 194 8 464 7
11974 538 1 343 24 510 15
1708 154 1 34 21 197 4
10145 272 3 96 34 108 7
7934 481 2 31 27 384 2
8949 543 1 22 14 441 1
4745 267 1 352 59 210 5
