57 1418
8 64 52 544
3 40 120 112
1 16 12 80
5 80 48 880
1 24 32 240
4 48 48 832
6 40 108 944
1 16 52 32
2 40 36 736
8 32 68 384
7 32 48 752
6 40 72 848
1 24 28 512
8 24 72 496
3 24 116 160
5 40 124 352
4 40 88 304
5 80 88 128
8 40 108 640
3 24 8 272
6 40 92 560
5 40 52 112
2 40 64 48
8 32 52 672
2 64 32 176
4 16 68 224
3 40 24 528
6 24 120 432
8 40 76 864
7 64 88 320
3 32 60 448
4 40 72 480
4 32 72 96
3 32 92 960
3 24 40 304
2 48 64 464
8 32 128 640
5 40 96 816
5 32 128 448
4 40 52 656
7 64 52 848
8 32 116 256
7 48 100 880
7 32 24 896
1 32 68 176
2 48 76 1024
3 80 100 448
6 40 104 256
6 80 128 864
5 80 64 368
7 24 52 544
3 32 52 352
1 40 56 464
2 16 8 272
5 64 112 976
5 48 84 560
4 80 116 256
4543 521 1 73 40 162 15
460 381 1 223 119 323 4
4727 704 2 20 38 98 18
10642 81 2 67 14 106 9
15376 521 1 21 52 148 20
3785 110 3 238 48 125 17
4489 409 3 125 28 291 4
10865 663 1 58 17 527 18
10787 124 2 58 63 19 9
10886 274 2 132 60 720 15
10928 485 1 18 31 155 20
10136 535 4 135 57 154 9
10590 176 3 203 29 174 20
10830 221 1 22 36 287 7
919 282 1 107 44 138 11
3386 351 1 10 14 396 6
10192 128 1 11 19 147 5
10852 49 2 118 23 41 6
10004 586 1 32 35 522 18
9348 249 2 37 18 234 10
15553 662 4 144 86 930 17
3395 714 3 280 36 214 3
15757 675 1 80 44 74 14
10558 708 6 175 44 415 15
0 305 1 141 85 311 10
3404 186 3 75 59 254 20
4447 632 1 21 24 218 20
4982 186 2 157 79 216 7
4477 306 1 12 14 23 15
9222 187 3 105 38 790 4
9208 453 1 28 19 248 2
4094 121 1 91 34 435 7
4867 209 3 78 68 88 1
16968 202 1 32 46 591 13
3102 742 1 112 30 581 10
15623 491 2 86 42 462 2
3895 37 2 73 70 397 5
16656 237 1 22 32 203 1
0 265 2 85 43 64 14
350 730 1 137 16 281 19
16340 496 3 126 24 837 1
72 157 5 141 113 628 10
3061 103 1 33 22 306 8
653 237 1 13 48 126 19
10504 711 1 225 65 403 8
0 213 1 40 38 121 10
15067 544 1 192 86 478 16
16746 277 2 147 47 255 18
324 461 1 56 115 215 5
0 308 1 79 95 345 3
4566 165 2 97 44 111 12
16293 50 3 69 27 365 15
4970 645 4 199 71 317 7
0 748 1 19 10 141 16
15639 528 3 169 88 472 9
9772 320 2 66 21 127 3
4352 120 2 110 24 506 15
166 130 1 21 53 342 10
15706 38 1 13 30 124 18
3930 300 4 231 48 612 10
3491 131 1 31 40 285 15
0 321 1 59 26 349 12
611 489 1 38 19 22 13
0 738 2 107 36 172 4
15919 623 1 53 35 726 20
0 372 2 119 47 621 20
0 162 5 322 42 194 13
677 709 3 122 29 467 8
10242 445 1 35 40 202 9
0 476 1 71 48 203 19
0 294 1 69 72 276 9
135 623 1 19 75 138 17
3059 276 1 12 8 69 3
16475 64 2 68 25 431 16
9668 665 1 38 100 284 15
0 304 5 132 101 417 1
9851 372 1 302 116 407 19
0 400 2 94 22 380 11
490 608 5 116 50 534 6
15034 430 1 64 71 268 16
15788 84 1 39 57 286 7
9500 641 1 172 30 466 12
4225 615 1 14 45 24 16
10560 319 3 92 64 65 7
3617 739 4 83 64 409 3
0 153 1 46 55 309 20
10582 204 1 25 57 583 12
15700 431 1 12 43 161 17
10250 520 5 150 47 446 10
15921 189 2 142 38 196 3
3056 479 3 127 35 334 17
9937 570 1 22 8 359 14
765 582 3 210 31 186 17
9172 490 3 256 65 454 4
10029 344 1 219 43 295 11
9495 610 1 64 17 398 18
9150 513 5 279 37 934 1
10421 306 5 160 50 476 8
684 652 3 178 60 421 8
15770 620 2 52 48 135 3
0 88 1 47 15 86 9
9250 622 1 81 19 241 3
692 98 1 17 39 257 1
0 666 2 329 18 267 11
4314 734 2 102 44 23 5
0 663 1 19 33 92 8
3219 534 1 38 25 433 7
10569 346 2 172 42 692 16
16295 457 1 45 41 858 6
16688 340 1 12 7 35 7
15671 469 1 15 3 229 10
23 38 4 150 28 179 7
16630 109 1 81 81 160 4
16745 570 1 92 19 277 19
10892 415 1 12 48 108 4
576 573 3 89 64 404 12
15860 49 4 172 61 463 15
3706 60 2 189 28 136 17
4572 579 1 29 19 188 8
3359 519 3 238 70 433 16
4357 616 2 252 40 318 5
710 591 1 14 18 82 20
4627 257 2 40 5 194 5
983 539 4 92 33 262 15
16686 585 5 138 45 177 6
9906 25 1 65 30 543 5
15502 69 1 19 15 94 5
9393 688 6 161 52 480 7
4431 522 1 14 48 281 18
3296 564 2 69 36 69 6
10667 471 3 108 26 274 3
16728 582 1 23 19 617 5
9396 715 1 13 2 139 7
988 102 3 142 65 157 6
111 604 6 240 46 345 2
3434 269 2 213 32 474 9
4211 619 3 53 24 70 12
175 225 3 156 24 745 16
583 709 1 13 31 105 2
763 351 3 85 104 53 15
3029 564 6 130 57 192 9
9025 89 3 121 26 300 5
15404 255 1 38 35 265 1
3854 674 1 42 47 468 9
10898 100 1 15 54 102 7
9675 91 1 129 72 170 18
10865 56 1 36 47 615 10
15681 317 1 69 92 56 16
16697 270 4 353 62 547 20
16124 562 4 98 14 795 15
15366 459 2 61 76 208 18
932 741 2 39 90 372 19
9825 442 3 117 59 916 10
10875 390 3 95 30 270 13
16180 631 5 195 34 148 14
16958 47 2 41 27 78 12
10578 526 2 52 43 385 17
15341 28 2 97 90 96 17
15108 414 1 12 4 193 18
763 172 2 68 29 408 4
16847 254 4 203 36 269 10
4190 592 1 60 33 24 15
16630 59 3 174 67 402 9
0 379 1 38 34 55 8
3695 160 1 13 4 150 3
16248 238 1 46 82 84 20
0 354 1 18 44 239 15
10634 726 1 284 27 625 17
3157 348 3 63 66 165 7
9010 615 1 44 35 269 8
0 339 2 215 64 183 13
15209 264 2 111 9 129 3
0 190 3 185 15 268 11
10143 103 1 11 27 86 5
0 534 1 19 17 266 11
15879 366 1 19 14 152 4
15292 730 6 457 83 576 5
10424 151 2 107 21 432 1
3074 389 1 53 30 642 8
4821 20 3 137 39 343 17
493 367 1 38 21 102 16
10515 539 3 172 59 486 9
10350 675 1 52 24 494 2
3906 685 4 106 14 807 18
563 479 5 146 32 803 3
768 629 2 155 11 819 13
15461 97 3 108 17 369 1
10921 492 1 37 18 145 7
0 507 3 127 74 472 16
4070 678 1 175 13 451 14
15303 240 1 34 5 236 3
3642 465 1 126 85 816 9
3836 125 2 146 37 229 2
0 197 2 121 29 334 20
3939 303 1 20 47 252 11
9475 34 1 47 25 189 15
10049 418 2 152 10 475 19
4542 575 3 94 10 429 1
4483 189 1 42 43 38 1
0 737 5 218 41 170 9
15375 150 6 269 22 549 11
0 300 1 145 49 162 2
0 486 3 93 69 65 2
0 53 7 414 12 553 8
4274 271 1 31 103 25 12
79 461 1 40 31 327 20
4869 498 2 36 9 98 8
15236 141 4 164 23 379 16
3794 392 7 214 30 547 9
15735 34 2 57 15 223 6
16852 593 3 221 98 355 5
16426 269 2 125 31 328 20
9265 740 3 84 67 852 14
15733 738 1 22 5 91 17
15167 96 3 68 64 294 18
10803 450 1 10 4 36 6
16887 315 1 7 5 183 18
0 425 2 84 71 545 16
700 389 1 13 14 262 12
4988 153 1 96 85 569 14
10231 666 3 107 11 78 4
495 687 1 55 59 42 3
442 554 1 131 33 740 5
16800 206 1 37 67 72 18
0 637 1 98 27 561 19
15183 217 1 187 74 113 11
4857 273 3 94 30 329 12
37 421 1 109 107 492 11
0 660 1 68 57 353 12
16227 319 1 32 74 137 16
4588 315 2 88 34 319 10
3840 631 1 135 52 493 1
9657 194 2 79 17 729 5
321 184 1 33 90 826 16
4492 414 3 268 23 80 9
3124 424 5 118 51 232 2
3759 497 2 77 38 436 9
4559 353 2 160 58 268 19
10840 411 2 108 33 158 18
4490 697 1 116 92 335 12
9848 557 2 141 33 331 8
880 128 1 136 20 544 5
10025 570 2 43 84 494 13
9553 361 4 119 62 177 10
3526 534 1 67 85 199 19
3439 716 3 140 15 300 17
3914 679 3 96 57 23 18
15062 229 2 168 111 86 17
4186 568 1 24 31 223 7
10927 618 6 264 66 856 7
232 576 3 149 50 328 1
0 642 1 90 48 62 11
9036 200 2 51 72 71 7
16814 560 1 29 59 334 3
338 340 2 91 21 150 19
0 182 1 47 47 559 2
15188 547 5 101 51 459 14
9019 321 1 43 33 210 16
0 553 3 125 26 237 10
3358 278 3 111 51 30 17
9867 436 4 70 71 440 5
513 89 1 62 29 516 14
9503 331 2 67 25 37 3
16326 630 2 67 75 91 5
15467 164 3 158 40 126 20
0 609 2 200 34 512 15
15531 210 1 28 11 82 17
11 482 2 78 63 249 18
10609 212 1 18 49 141 2
3487 612 2 85 32 209 6
15095 383 1 28 48 121 16
3428 326 7 409 30 481 10
581 310 2 113 21 115 12
3812 238 1 97 32 86 17
798 288 2 49 65 195 9
15323 298 1 62 68 81 19
826 347 2 62 40 22 2
846 739 1 34 42 22 5
145 34 2 230 73 451 1
9923 580 2 80 88 378 5
4737 328 6 194 61 328 8
16192 457 1 21 71 799 19
0 484 5 122 14 554 2
16777 20 1 92 42 237 5
3653 248 4 171 103 651 9
398 184 1 38 95 466 19
0 359 1 43 38 268 12
9394 348 1 177 19 357 10
10597 233 2 45 24 151 5
538 205 1 31 19 29 15
10462 167 3 158 53 507 15
4559 746 1 22 47 598 8
15104 597 2 169 19 340 11
9243 450 2 65 110 104 16
10114 214 6 53 77 238 20
4935 299 4 142 18 402 19
3494 620 3 104 39 98 9
16302 611 2 26 19 98 16
4070 355 2 55 81 571 5
148 138 2 78 85 292 18
16283 632 1 20 28 167 15
16307 108 1 37 56 111 19
815 304 1 55 15 124 1
3072 135 2 192 123 442 2
10522 38 1 27 33 81 19
15725 587 4 278 32 135 19
9844 661 1 13 38 86 2
16476 254 1 36 15 150 4
10719 627 1 37 29 233 10
16095 618 2 137 14 380 20
15227 314 1 12 6 54 6
10920 439 3 147 37 509 10
16567 611 1 336 35 87 1
10521 618 1 12 19 49 1
0 434 3 106 61 109 15
4296 433 2 79 50 140 3
0 641 1 19 13 120 11
3903 166 1 280 39 844 18
3693 667 6 284 36 224 5
569 212 1 46 48 34 11
493 683 1 50 21 122 15
3038 684 2 108 50 507 2
4266 459 2 142 19 485 3
9875 677 2 45 63 344 8
0 704 7 135 24 206 18
15057 711 1 23 4 130 2
4755 727 1 40 35 230 19
4712 258 2 200 84 120 18
3737 691 1 90 36 252 3
16878 38 2 35 21 192 16
15390 693 1 18 29 137 19
15420 25 1 86 128 400 18
16112 678 3 102 54 239 16
927 440 7 166 47 219 14
4418 673 1 49 27 73 1
10666 692 3 130 44 497 3
314 457 5 181 44 287 15
9871 126 1 81 22 212 11
3071 490 5 174 16 627 19
16555 61 1 87 44 199 10
9442 185 2 153 65 532 6
4351 540 1 17 16 419 7
10416 41 1 9 41 22 15
0 258 1 50 94 175 9
16485 480 2 65 43 337 10
0 353 1 201 79 146 12
15477 507 1 47 25 338 1
10677 583 4 150 82 164 1
0 720 1 11 25 18 1
4341 279 2 28 72 104 3
9392 62 1 145 45 155 1
10680 157 1 181 42 336 11
16147 512 1 50 60 119 18
0 533 1 80 113 101 5
9123 749 5 75 29 227 19
9489 268 1 19 56 110 16
3611 364 1 38 48 792 1
16836 285 2 126 74 225 18
442 278 1 88 37 51 13
0 609 6 187 72 712 4
3122 109 1 121 72 213 4
4060 713 2 118 61 658 2
3391 79 1 95 62 566 3
16071 443 4 70 57 797 4
739 447 1 27 36 137 20
9277 374 1 186 64 646 7
9624 418 4 384 58 741 12
980 115 1 29 19 117 14
635 670 2 19 7 93 5
0 511 3 85 21 507 2
10008 675 1 10 119 203 4
0 667 4 158 93 395 5
16411 226 2 106 30 364 15
9839 364 1 202 34 157 2
0 420 2 40 65 523 7
4013 501 1 38 55 116 18
15971 474 1 68 48 183 3
4492 205 1 13 25 26 4
350 102 2 48 31 128 9
9388 525 1 25 2 271 10
173 549 1 173 26 356 13
9055 745 2 86 40 311 18
4911 193 3 97 11 711 7
9897 296 2 46 36 145 12
4698 382 2 139 42 537 18
4581 466 1 8 10 58 8
3245 277 2 145 70 631 17
9253 287 5 86 90 165 7
16108 336 1 23 107 80 18
3079 446 1 48 69 156 14
9232 345 1 45 69 297 17
9620 680 5 191 48 179 17
3900 722 1 44 48 146 15
16641 672 1 25 36 320 5
9377 706 1 22 21 129 17
429 61 3 333 25 404 5
16366 460 2 59 54 500 19
16860 304 1 32 63 326 8
16645 641 3 138 17 468 2
10006 652 2 83 12 515 11
16198 456 1 127 44 28 16
0 200 2 182 59 114 13
3107 250 1 49 17 234 2
3089 210 1 8 7 54 11
9793 140 1 21 97 100 10
10950 45 2 160 76 628 3
9617 296 3 85 70 291 10
15183 465 1 27 36 204 10
16579 358 3 207 30 266 17
16741 186 1 34 41 48 12
0 311 6 93 25 174 6
0 266 1 148 13 457 9
10137 634 3 131 30 289 9
3424 718 3 39 20 306 4
10332 258 5 140 64 271 9
3351 602 4 157 11 566 17
4106 684 4 189 60 565 10
15721 198 1 181 65 571 13
4132 239 1 65 26 237 5
0 654 5 133 24 352 7
834 38 1 55 25 192 9
15757 628 6 185 23 464 14
15766 448 8 182 92 362 2
16076 257 1 35 32 277 9
3564 738 2 80 76 228 15
9349 555 1 375 34 47 8
0 275 3 234 73 385 9
0 654 1 119 39 443 16
0 495 1 37 18 35 6
9661 581 3 71 56 382 9
9719 560 4 154 29 476 3
803 586 1 16 45 48 8
15044 357 3 80 72 83 6
749 329 5 313 74 47 17
4192 254 1 278 55 192 17
3482 118 5 113 61 556 8
9649 416 1 32 72 33 6
3701 749 1 9 12 54 13
4055 163 2 79 41 33 9
4400 712 3 104 17 287 6
0 184 5 133 87 806 20
84 691 1 52 25 150 16
16766 567 1 55 35 306 20
10212 474 1 79 40 33 17
4969 60 1 11 27 15 20
3053 749 1 105 12 173 19
9410 145 1 14 8 288 19
3747 410 2 38 20 91 10
15536 600 1 38 95 167 17
0 744 4 105 92 424 1
10221 224 5 93 39 82 5
3676 224 2 163 32 232 7
9715 569 2 178 67 335 8
10699 38 2 201 62 322 5
0 473 2 74 60 364 19
3269 230 2 185 61 363 15
15105 152 1 15 8 46 19
16092 218 1 30 31 70 1
16328 417 4 172 17 317 4
9450 500 1 16 30 9 14
0 361 1 195 51 105 15
3196 328 2 203 76 958 9
16772 51 4 132 40 272 6
0 613 3 55 24 212 5
9065 143 1 58 48 442 16
10018 62 1 18 6 192 18
10773 415 1 20 25 362 10
0 90 1 30 41 300 6
264 82 5 121 64 150 16
10480 337 2 86 33 803 1
4313 241 1 15 27 24 7
9432 724 3 155 45 273 12
16546 688 1 26 61 120 19
15633 166 3 111 75 158 18
10000 436 1 24 66 107 17
4782 344 1 63 15 487 5
726 262 3 77 49 38 18
10493 130 1 49 61 345 8
4994 559 7 150 35 113 8
9853 336 1 10 12 21 8
3623 345 1 25 31 170 13
0 166 6 179 51 362 6
896 227 4 164 86 217 8
9246 452 1 104 81 79 3
776 246 2 48 6 154 5
9765 457 2 96 43 257 7
516 170 1 45 26 174 15
0 612 2 78 24 104 16
0 566 1 33 12 466 4
10991 400 1 127 52 368 6
16716 177 1 13 31 22 5
4510 373 1 46 24 559 11
16392 679 1 13 12 29 4
4550 565 2 45 64 25 4
15801 165 2 93 15 234 13
16020 104 2 60 28 27 2
3013 395 1 251 46 583 9
15288 270 1 12 83 473 6
3770 595 5 113 39 105 20
492 424 2 326 25 766 12
4364 568 4 64 109 151 16
15296 701 1 22 17 55 2
0 263 1 10 8 39 6
4264 288 1 14 50 21 4
10286 172 2 133 21 412 20
989 741 1 14 8 54 18
10421 322 1 10 44 153 10
16211 27 2 294 30 344 6
562 276 1 25 17 78 11
16378 304 1 14 28 155 6
15122 123 2 133 64 774 18
10819 497 1 6 48 23 9
3683 435 5 116 69 354 2
16619 371 2 86 17 251 4
10432 392 1 19 47 74 6
15305 565 3 145 51 166 6
70 618 1 11 12 469 10
4011 168 1 21 99 58 19
16426 101 2 96 29 62 19
16071 23 1 33 15 283 18
16330 476 3 28 26 226 18
10307 91 3 206 60 195 1
16305 511 3 115 67 201 8
3283 54 4 163 25 376 12
3516 92 2 40 46 338 11
3295 285 6 121 83 240 17
0 488 1 44 26 171 1
4819 716 4 186 57 260 16
9985 97 2 53 50 439 18
15257 749 1 16 46 46 20
4364 586 3 45 58 296 9
0 720 1 29 72 79 17
9745 486 1 165 45 91 9
16098 335 4 173 67 446 14
0 220 1 16 53 131 7
3358 738 4 87 115 302 12
253 562 1 104 45 258 3
10927 257 2 70 42 78 10
10951 216 2 143 64 149 7
15591 20 2 97 56 429 19
4161 90 2 105 64 159 9
335 507 3 66 24 109 14
288 369 3 129 62 407 15
9301 432 5 257 17 425 4
224 327 3 69 61 232 12
16545 193 1 54 36 375 16
3394 218 2 48 20 258 8
0 363 1 40 25 73 17
856 31 4 360 36 49 3
9184 120 3 71 15 59 14
0 321 1 14 14 22 10
16868 124 1 32 8 144 10
15331 118 1 109 28 788 12
1000 687 1 23 24 176 14
16501 446 3 115 49 151 2
83 605 1 27 26 332 5
3460 664 3 86 21 485 4
9050 274 1 34 45 264 7
10835 659 1 15 7 46 18
16400 486 4 218 23 320 13
10898 374 3 182 53 274 12
3020 111 3 26 13 286 13
15759 717 1 78 105 74 1
15732 168 1 42 47 55 17
706 78 1 284 28 808 10
515 196 4 119 93 585 4
3575 63 6 159 32 531 17
9692 395 1 16 41 22 4
560 530 1 215 17 856 19
0 666 1 35 51 93 16
10834 701 1 17 22 256 18
766 455 3 66 23 240 2
15656 252 4 89 48 158 9
4763 391 1 27 63 65 7
4239 22 2 52 65 403 17
0 216 4 95 56 173 14
4157 740 2 224 31 307 18
287 97 1 86 42 853 20
16174 520 1 82 20 327 19
3526 605 2 126 51 337 7
4075 697 1 17 7 174 3
0 576 2 52 18 225 12
10802 532 4 236 18 480 4
15121 629 1 27 83 69 12
16526 540 5 93 17 625 19
10352 136 2 78 33 516 12
760 646 2 74 25 419 7
617 398 1 191 48 517 7
15136 276 1 81 31 816 11
601 70 3 270 45 176 11
333 305 1 151 41 442 8
15460 737 5 96 64 167 12
10132 568 3 71 47 77 4
3049 117 2 47 42 364 11
9702 692 2 38 47 200 17
15693 414 2 127 74 52 12
0 272 1 22 75 779 10
16161 118 1 119 41 346 16
9121 728 1 33 20 635 15
313 393 2 99 14 90 4
3745 293 4 230 41 113 3
10263 364 6 152 90 451 19
16107 517 2 115 30 583 1
4763 455 6 82 9 459 14
3324 306 1 14 28 170 6
10922 722 6 214 53 460 1
35 58 1 20 8 196 14
4905 160 3 117 42 329 1
4998 520 2 148 44 199 6
4201 204 6 304 20 278 14
9122 417 1 19 14 184 3
9139 182 3 153 32 405 18
10112 503 2 52 62 650 20
0 609 2 80 28 636 9
101 231 1 34 44 240 14
4958 634 1 108 73 90 2
10690 615 2 396 59 186 1
0 157 4 162 32 210 9
591 451 3 139 29 266 1
10032 715 1 63 7 360 3
16857 222 1 67 16 139 1
15132 594 2 168 30 615 18
15170 603 1 15 27 26 20
10008 347 4 304 37 202 9
16035 507 1 193 43 540 5
16568 73 4 44 84 288 10
9909 272 2 38 6 155 20
15239 246 2 72 57 406 12
10620 525 5 72 46 369 9
16919 128 1 8 8 57 8
0 144 2 52 24 368 12
10444 737 1 23 5 182 13
4299 101 2 250 25 166 12
9944 676 1 34 93 234 8
392 150 2 41 13 322 3
4102 564 8 142 34 331 2
237 236 1 40 44 295 12
3168 503 1 43 23 377 8
9083 603 2 67 38 776 16
997 82 5 187 61 472 15
0 123 2 36 62 253 16
16595 664 2 276 22 510 14
3518 69 1 40 38 571 19
978 580 1 18 22 275 1
3814 367 6 186 13 876 7
15761 399 3 91 13 323 19
9234 322 1 124 46 227 15
4128 439 3 143 23 299 18
9736 411 1 161 18 811 2
15965 264 1 22 33 105 8
0 254 1 103 16 63 5
0 36 5 116 48 549 3
16580 332 1 144 84 75 6
3653 271 2 156 67 192 10
4647 590 3 78 39 199 6
0 404 3 103 41 694 10
9078 604 2 65 12 173 15
9936 426 2 35 33 105 18
16764 183 3 90 21 730 19
16386 572 4 127 74 316 10
15771 292 1 20 36 171 15
10497 22 2 48 7 277 19
10529 431 1 36 14 23 2
130 481 1 23 38 156 10
543 296 1 48 33 201 9
0 313 5 363 23 295 18
4301 222 2 73 38 301 8
10864 622 1 29 46 266 3
3574 50 5 102 16 424 5
3113 665 5 128 28 184 19
10740 726 3 114 44 295 18
4394 115 1 23 24 194 15
10177 168 2 120 79 250 14
3569 505 1 85 36 316 10
262 651 1 26 32 212 20
10036 275 1 71 31 546 11
4452 182 1 18 43 256 20
0 704 1 11 22 237 7
3003 439 2 81 26 539 15
4441 125 2 93 82 352 4
15455 605 3 92 41 296 3
558 39 1 100 53 51 4
334 679 3 136 18 319 14
9999 144 2 158 34 248 9
10181 379 1 79 37 215 8
10297 78 1 82 28 78 11
10723 458 3 235 45 804 18
918 431 1 15 5 76 9
0 383 1 234 78 583 7
261 98 1 74 45 146 5
4259 569 3 37 55 61 12
0 334 6 362 30 179 4
3117 443 1 98 60 299 20
16323 236 5 301 98 497 1
16353 742 3 110 56 308 20
15211 643 2 126 93 512 11
0 58 2 123 33 554 16
4084 343 1 40 33 392 14
16533 288 2 186 40 214 9
15916 48 1 159 83 203 4
15591 699 3 218 51 194 4
16908 360 3 168 30 389 6
4237 273 4 116 15 622 16
15119 196 6 97 104 120 16
3022 544 1 12 19 151 3
16314 200 1 30 28 229 13
289 332 1 16 12 268 5
16997 176 5 193 28 768 2
16362 290 2 27 14 385 13
10034 410 2 80 18 640 2
3375 199 8 207 36 297 19
896 716 1 63 98 211 9
4882 107 2 37 49 181 5
16177 172 2 179 24 252 2
15127 539 1 22 36 294 3
884 185 2 40 51 130 3
909 296 3 79 72 75 19
15553 154 4 91 35 263 13
16252 410 1 20 29 508 1
0 199 1 21 5 241 17
9051 343 3 61 28 83 5
16426 328 1 14 45 22 10
9131 158 1 60 84 154 19
3691 547 1 78 62 68 16
3337 553 1 251 26 425 6
0 248 2 56 33 230 6
10523 77 1 15 18 134 4
9693 165 4 71 43 148 19
3515 25 3 235 44 171 8
9764 159 2 83 61 137 12
3615 613 1 61 28 98 17
16201 132 1 42 79 436 11
10815 80 1 16 52 291 17
16426 57 5 198 56 184 19
958 233 1 177 17 605 3
0 633 4 195 44 52 5
0 185 2 17 19 333 20
155 145 1 18 17 348 7
16790 238 2 127 44 468 2
3258 456 2 48 47 178 6
10571 128 2 138 38 302 20
947 622 4 190 28 393 9
0 371 1 28 63 109 16
527 401 1 9 25 120 3
16382 733 3 162 90 544 14
16496 277 1 32 41 378 12
94 93 1 12 23 278 4
9409 315 1 12 33 124 18
9456 283 1 64 7 471 11
4269 485 1 72 19 610 3
720 58 1 65 64 53 2
0 114 4 226 48 407 17
10562 463 5 159 87 451 2
16500 245 4 93 28 59 9
4331 696 1 189 69 232 18
0 425 1 19 49 724 1
4155 568 1 26 56 201 7
9701 285 2 86 48 617 19
0 164 1 28 38 487 16
16189 559 1 27 55 440 6
9200 78 1 52 35 245 15
3794 746 1 133 24 54 2
144 544 1 101 105 64 1
10874 733 3 60 75 42 18
16735 95 1 18 26 141 15
10843 529 1 58 48 473 9
9218 592 1 32 13 866 11
0 692 3 70 19 357 6
4978 633 2 75 65 437 8
3269 749 1 32 78 79 11
0 303 2 68 23 396 8
4102 204 4 248 43 74 1
0 481 3 94 85 461 7
3381 21 3 95 79 718 20
9969 358 1 49 44 331 17
16452 384 1 13 9 50 2
885 456 2 52 50 258 20
9626 461 1 39 85 542 19
4429 551 1 14 10 57 10
15408 298 1 34 27 226 9
10588 256 2 127 80 260 5
851 184 1 22 4 207 4
0 610 1 10 50 13 12
0 469 1 17 13 180 10
369 475 2 72 92 86 19
4241 301 3 503 19 310 20
9107 152 1 69 42 596 20
208 360 1 20 32 281 11
0 305 1 50 46 244 1
9839 583 1 24 28 105 6
10643 233 1 14 9 29 10
3127 240 6 210 39 478 6
15387 415 3 53 45 398 9
9265 386 1 25 14 29 1
10060 533 2 145 65 300 16
15322 410 1 55 47 347 12
0 397 1 13 21 22 19
220 645 4 289 40 186 8
4292 548 5 135 26 74 11
16649 311 1 183 72 219 6
10545 480 1 28 27 332 18
10403 57 2 91 20 344 12
16811 418 2 60 24 492 18
4318 472 1 215 28 230 3
10173 614 1 40 14 331 12
863 278 4 78 48 269 8
855 154 1 14 27 77 9
3429 20 2 197 95 482 1
16699 482 1 39 27 260 13
15377 608 1 37 66 821 7
4246 179 3 139 80 976 15
4998 598 5 172 64 255 5
9999 749 1 61 44 826 18
10762 716 1 46 126 364 13
10500 596 3 265 79 417 3
15128 659 3 116 26 513 14
358 396 2 90 11 572 12
4375 575 1 18 12 115 20
3751 537 1 54 38 52 11
16783 700 2 54 58 243 7
3354 359 2 30 84 77 5
15253 578 2 37 42 26 11
0 105 1 14 9 40 8
3516 435 1 129 78 599 11
9246 694 1 308 48 822 6
3319 179 1 18 30 144 9
9113 247 2 37 19 159 18
0 672 1 135 95 498 13
15156 443 1 22 44 117 6
4443 364 1 60 97 111 17
16850 139 1 126 25 129 14
10932 77 4 141 92 416 15
0 304 5 353 28 289 1
166 361 1 67 38 203 5
4198 492 2 138 90 551 10
15396 717 1 20 19 145 17
0 623 1 36 32 290 13
4459 688 1 26 32 210 12
16401 291 1 24 48 70 19
16958 197 1 44 20 202 2
10319 357 1 10 17 160 18
0 639 5 177 44 74 8
9671 677 1 61 89 295 15
16595 567 1 39 53 213 16
4786 395 1 202 41 279 18
3688 402 1 87 31 171 18
4224 377 2 38 44 85 15
4211 271 2 209 89 442 14
9895 401 5 215 43 328 8
10963 642 1 239 53 496 13
0 130 1 152 92 417 7
10545 226 2 52 17 520 15
16724 283 1 64 16 454 14
3210 540 1 54 6 118 7
16195 590 1 145 27 438 9
3855 590 5 114 74 405 12
3327 372 1 247 46 878 1
3789 229 4 99 35 726 15
10941 375 2 119 69 313 8
0 92 4 119 29 218 14
262 276 4 184 24 561 3
16663 509 1 17 20 390 18
9763 37 1 100 21 57 3
0 479 1 21 38 164 20
9508 106 1 28 36 348 7
3687 519 1 17 35 148 18
15876 23 1 87 8 112 4
15051 510 3 132 71 283 8
960 70 2 80 79 220 7
296 245 2 133 47 315 9
993 370 1 48 44 258 6
10996 358 3 176 48 192 5
15727 290 4 155 47 304 2
9064 679 1 13 7 29 13
0 455 1 17 8 274 5
0 730 1 27 3 131 3
9913 42 4 130 22 412 18
3076 457 2 73 23 418 7
4911 547 3 120 13 373 17
9942 80 2 47 48 489 19
849 114 2 101 36 101 2
16704 36 3 72 59 510 18
0 171 1 119 24 57 2
3358 325 1 34 73 195 20
16538 198 1 48 25 250 19
16670 355 2 108 76 286 5
0 79 1 149 98 179 6
3571 383 1 7 8 64 5
863 39 1 54 50 603 1
0 427 2 116 35 268 19
4295 196 1 27 37 311 19
4596 36 1 72 77 92 16
128 180 1 53 34 407 12
551 556 3 142 35 358 9
15975 127 1 14 3 58 6
16188 547 3 180 33 123 1
16411 145 1 45 48 317 14
381 543 2 215 59 250 8
15292 136 1 80 16 179 8
16063 230 1 57 16 769 14
0 545 1 8 25 18 9
3908 412 2 95 81 621 9
9774 644 2 38 11 320 2
9559 455 1 22 15 90 10
4583 612 2 94 41 158 18
9519 373 2 119 60 232 18
15388 178 2 89 35 378 17
4444 600 3 89 42 388 9
0 319 1 66 27 107 10
16862 294 2 36 23 46 7
10955 128 2 46 20 470 5
15934 98 1 53 38 165 18
16920 72 2 53 61 21 9
868 81 2 89 66 215 12
114 588 1 155 103 145 1
16198 569 2 52 50 216 6
3345 376 2 30 42 127 4
0 403 6 324 33 212 15
0 247 1 61 49 621 20
15241 113 3 67 49 242 6
10678 214 6 119 74 268 16
3332 254 2 61 28 364 18
0 504 1 18 27 172 14
15643 734 2 106 101 209 7
3361 674 2 48 8 152 4
10091 594 3 94 57 292 18
895 611 1 20 18 111 17
0 255 1 26 3 92 9
16913 514 3 47 38 103 2
982 737 3 200 73 414 7
725 283 1 72 57 87 7
0 129 2 129 41 55 12
4176 246 2 72 80 378 8
4815 459 1 14 4 190 11
9450 622 1 108 36 324 18
16390 206 4 169 54 251 2
10037 477 3 41 43 288 19
4530 477 2 83 26 152 17
16503 559 1 65 31 860 14
3600 644 1 66 38 175 17
16914 598 1 26 70 117 4
964 94 5 190 49 488 17
623 743 1 71 36 460 18
9446 307 1 9 8 164 13
4551 306 1 63 69 555 19
823 250 6 89 30 249 15
40 261 1 15 31 171 14
15375 156 4 155 66 642 10
9321 244 1 295 69 68 18
783 551 1 273 35 779 5
9747 336 3 76 26 65 13
9830 412 1 40 32 268 1
3286 476 1 57 38 259 5
4249 400 6 184 63 522 20
3093 226 1 27 43 38 4
16738 553 1 97 10 277 5
10937 597 4 144 74 672 14
4452 152 1 66 69 551 19
10263 542 3 39 52 640 14
16654 700 2 79 50 205 12
10592 274 3 153 121 261 11
9049 181 6 385 80 341 19
154 259 1 75 37 89 8
0 721 1 23 30 248 1
0 592 4 149 55 275 6
0 563 2 91 82 158 20
15188 87 1 64 42 386 5
15793 460 1 34 32 314 18
10697 556 1 122 29 408 15
16620 436 5 340 44 221 3
15996 726 1 57 47 274 9
10260 167 2 62 31 762 18
9437 310 3 161 69 245 6
4305 407 1 19 15 317 6
15032 121 3 109 94 429 7
15963 513 4 270 63 285 5
15783 593 5 217 13 206 9
15099 166 4 82 43 188 9
9396 684 4 66 22 261 3
4854 728 1 50 45 333 15
15487 577 1 6 3 59 20
0 660 1 16 19 225 10
4442 331 5 217 110 187 17
3316 637 3 122 95 329 16
4508 182 2 25 9 96 18
228 421 5 231 82 126 14
4339 308 2 158 87 90 19
3235 287 1 98 44 79 5
16567 385 1 18 9 485 11
77 410 1 271 39 196 9
0 438 2 136 57 619 19
15104 370 1 32 22 117 20
10930 472 1 31 22 181 4
10392 680 1 20 23 127 13
16197 401 8 160 65 569 18
15914 63 5 291 37 472 5
15744 692 2 80 91 250 5
10034 219 1 150 45 114 3
965 253 1 17 52 998 9
9303 684 2 84 10 109 14
0 314 2 114 56 213 8
9299 375 1 25 14 39 20
4995 148 3 102 62 488 8
16523 314 3 83 55 441 9
4965 120 1 45 65 438 17
3687 353 1 106 58 122 5
16371 25 2 116 23 312 2
489 358 2 39 22 197 4
457 304 3 125 52 254 12
4910 735 3 56 85 454 16
9972 333 2 71 38 345 9
10530 288 3 135 66 204 16
16952 702 2 60 58 412 14
9836 355 4 111 49 296 7
30 418 1 14 73 155 3
10415 690 1 27 42 334 9
10885 236 1 90 32 420 6
4217 271 1 74 76 500 11
15165 275 1 9 4 166 3
16240 535 3 70 66 94 7
441 140 1 150 59 324 10
3247 468 1 28 42 262 5
9793 527 2 53 30 124 10
10405 41 3 29 26 131 18
3688 420 1 304 28 190 13
16719 520 2 98 28 136 6
3890 296 3 204 114 187 2
3216 683 1 18 23 293 16
10280 161 2 202 81 447 10
9843 269 1 83 40 355 7
163 704 1 36 47 110 12
10610 218 1 36 43 76 18
4846 695 2 94 34 510 18
3433 391 2 332 67 493 8
10974 663 1 17 19 231 19
15331 286 7 137 78 354 4
4569 745 1 187 33 389 17
295 61 1 16 21 270 9
0 489 4 62 87 190 4
3326 390 1 20 18 98 10
0 60 1 28 23 345 18
10493 475 2 164 43 82 20
15263 301 1 9 41 9 14
576 342 2 75 27 605 19
3611 680 1 16 8 54 12
15210 675 1 64 82 484 7
10429 304 1 15 48 235 12
578 642 1 51 8 170 11
4336 428 1 31 37 163 12
3246 424 2 126 58 58 6
3599 337 3 54 65 122 6
938 544 1 17 19 99 8
10832 499 2 39 111 72 2
15720 483 1 84 29 77 13
15358 574 2 125 90 165 2
9436 532 1 23 52 264 20
9017 636 2 47 85 107 6
16242 130 2 297 30 181 10
10070 84 4 248 17 628 12
9529 125 2 58 118 32 17
0 662 1 14 33 78 10
10521 158 1 64 34 433 13
0 158 1 31 35 18 11
4386 73 1 30 21 387 9
3465 28 1 214 27 636 14
10044 42 2 50 25 355 6
10178 735 2 155 47 276 6
4119 57 2 157 75 690 4
4254 23 2 23 55 134 17
0 622 1 15 8 65 9
15894 644 1 38 29 718 14
9370 650 1 20 69 46 2
3511 461 2 159 53 220 3
4017 28 1 134 79 806 17
0 186 1 18 43 122 16
99 662 2 22 2 175 10
9776 102 2 78 34 542 3
360 95 4 59 72 189 12
15381 666 4 141 20 55 7
15543 190 2 310 35 702 2
0 316 3 97 62 238 1
16110 671 2 45 22 52 4
9769 337 1 37 25 31 17
15270 564 1 57 23 454 16
9751 725 1 22 59 936 10
862 300 2 45 12 108 16
9850 272 4 151 47 493 3
10799 579 2 93 36 427 18
895 480 1 15 19 296 6
0 188 5 276 24 84 20
16470 559 3 54 14 108 8
3544 232 2 171 47 388 3
4267 186 1 64 17 139 15
0 199 3 395 50 145 18
15389 676 1 55 47 214 14
3498 743 1 17 77 59 12
3975 626 3 106 60 330 13
9328 240 1 34 33 224 9
10054 280 1 14 7 96 14
3590 641 1 41 34 11 3
0 182 1 66 72 401 19
4274 208 3 180 56 254 20
0 294 2 82 75 262 7
3656 181 1 32 17 188 15
16083 58 2 188 15 197 2
9064 226 6 204 50 280 2
3649 116 3 199 87 392 5
10649 647 1 44 103 146 3
15874 93 1 21 18 52 7
16395 669 2 313 64 67 3
0 646 5 133 53 547 11
15428 538 1 82 52 332 6
16421 67 1 23 3 134 20
4733 730 3 162 43 330 6
9694 96 2 41 90 88 1
9744 34 1 57 7 464 6
10015 61 3 96 56 178 14
3426 431 1 15 7 234 15
15216 319 1 26 32 354 3
485 629 3 76 11 533 17
9217 53 1 20 40 37 17
9188 333 4 258 44 198 5
10065 187 1 246 49 163 15
4364 218 3 71 34 400 6
3134 425 4 211 53 391 10
4057 127 4 278 78 211 1
16051 573 5 122 106 924 13
0 370 1 52 25 214 6
9302 268 4 116 26 246 10
16955 732 1 33 56 146 17
4896 354 1 53 70 214 3
10920 286 1 64 48 805 4
9071 366 1 87 15 585 16
3677 234 1 62 116 109 19
0 723 1 11 13 18 13
3421 723 1 36 69 97 1
884 256 7 112 26 203 15
342 718 1 28 33 687 1
866 79 1 34 29 219 19
15203 643 3 214 42 111 14
15068 519 2 70 31 277 17
15515 149 3 69 52 62 15
3702 165 1 116 65 283 11
15453 232 1 16 110 43 9
4441 403 1 68 24 187 2
15448 709 6 115 72 252 8
15955 749 1 38 32 777 19
355 239 1 36 39 732 20
0 719 2 58 71 194 1
9464 143 2 27 44 304 13
16765 477 1 142 20 174 6
3727 483 3 88 37 392 16
369 473 2 61 35 143 3
0 120 2 142 34 232 5
10131 443 1 13 8 48 18
3572 281 2 96 56 262 2
0 423 1 84 55 123 7
4487 535 2 68 25 366 10
0 557 1 154 55 248 19
4943 707 1 63 71 800 20
9917 298 1 15 22 383 9
0 575 2 42 14 387 12
9397 77 1 8 23 19 7
10408 464 2 27 8 222 14
218 58 1 20 21 233 12
15887 420 2 71 30 69 17
15106 484 2 85 36 399 11
15191 97 1 167 50 498 11
4160 414 1 108 62 223 7
16930 101 3 64 14 201 11
139 65 1 28 33 258 13
906 443 3 340 12 561 19
4323 556 1 29 105 201 19
0 293 1 28 44 124 11
658 241 6 283 28 523 12
3612 712 4 184 74 591 15
10304 618 1 32 43 226 12
15722 471 1 50 21 490 17
15983 118 2 319 17 746 20
16610 725 1 72 61 331 9
101 308 2 58 109 53 20
3991 550 1 38 16 284 7
9463 180 2 190 46 767 19
61 569 1 20 108 228 18
15141 52 1 70 54 405 10
16035 351 1 63 72 61 7
15868 456 1 36 39 361 11
16930 439 3 72 33 264 7
15073 286 1 39 43 218 20
0 410 1 39 56 49 18
4776 488 1 21 6 141 18
9179 738 2 47 15 570 8
0 201 4 214 78 227 14
88 748 2 43 15 342 11
10965 460 1 9 22 250 15
9520 415 3 31 20 163 19
3531 296 4 96 122 147 3
9243 254 1 56 23 209 20
41 581 1 10 6 73 13
9279 360 2 92 30 250 15
16690 342 1 31 53 79 7
871 261 2 93 37 498 7
0 650 1 58 57 280 13
3474 353 2 108 17 116 18
16551 268 1 21 19 153 15
3712 546 3 65 58 52 18
16956 491 1 51 46 299 14
0 480 1 22 24 132 17
4860 154 3 183 39 231 15
0 35 1 15 27 31 10
0 484 1 9 5 62 1
10899 441 1 29 18 309 2
16760 477 1 23 76 83 13
10991 155 2 95 35 372 3
10669 159 1 21 18 353 8
4721 474 1 165 87 60 14
0 167 1 34 50 573 19
3045 297 1 15 38 353 1
4334 723 1 177 39 563 16
15373 502 1 67 49 224 3
0 313 1 19 39 511 20
3409 712 1 16 4 106 13
16733 179 5 144 12 209 11
486 271 1 63 17 136 3
0 732 2 141 52 169 3
0 551 1 140 34 520 14
3420 702 3 252 44 612 15
724 327 2 47 38 209 3
63 170 1 15 88 190 16
15643 315 7 211 18 431 12
15146 25 4 202 84 656 2
10061 713 3 158 63 651 18
15205 564 2 195 13 501 7
10758 169 1 55 37 13 13
16319 697 3 58 76 299 20
3367 623 5 135 47 322 14
16542 480 1 105 77 198 5
9606 418 2 61 19 456 17
10605 740 1 45 91 253 16
0 107 4 61 33 178 9
15562 688 3 48 6 145 14
0 295 3 50 38 212 6
9906 208 1 54 75 364 13
0 245 1 144 41 124 8
4691 552 6 212 23 161 13
10046 676 3 97 54 301 15
3640 156 3 224 84 42 14
10265 107 3 111 47 706 1
0 610 2 67 64 120 18
15995 628 2 139 23 461 11
3785 120 1 38 21 220 1
4113 236 1 18 50 175 17
9164 599 1 100 21 73 6
3072 508 4 226 66 312 19
3319 99 3 129 31 429 15
10042 267 1 22 19 349 14
734 696 1 273 75 76 19
16502 84 1 26 57 223 9
10741 48 1 35 24 146 13
10365 630 3 38 33 45 4
4920 554 2 139 85 102 10
4631 203 1 22 83 171 7
4581 152 2 67 35 202 11
3816 459 4 213 55 120 9
10919 573 2 100 83 94 1
3803 592 1 57 20 157 6
10158 745 1 143 70 253 5
497 376 2 98 85 652 10
507 475 1 93 70 324 2
4504 177 1 59 45 77 6
16255 480 1 37 99 90 10
15162 685 1 87 57 32 11
0 185 2 70 38 976 14
10509 530 2 83 23 687 15
10247 240 1 78 33 711 10
9974 683 1 107 19 336 1
15517 302 4 119 86 304 3
15410 713 2 17 4 62 4
9530 605 1 8 6 29 16
15971 738 5 302 40 657 18
4941 254 1 13 3 64 6
15338 319 1 11 6 35 11
10616 82 4 80 25 356 15
0 258 1 25 39 42 16
980 338 1 113 52 43 20
0 548 3 34 53 136 3
15515 261 1 35 57 191 4
16634 249 3 58 3 63 5
3123 625 3 100 88 257 20
10025 620 1 15 26 129 4
9404 22 1 50 38 355 4
10395 424 3 90 31 783 6
0 596 1 140 25 299 2
3708 314 1 35 18 107 20
4920 60 1 39 13 318 10
16518 267 1 56 26 88 18
231 49 1 28 18 351 15
10998 724 2 73 28 273 13
848 356 3 252 70 761 7
0 320 1 40 108 227 14
10637 268 1 19 23 157 6
628 73 3 178 62 316 2
15244 715 2 94 33 415 2
0 98 4 248 95 648 10
3843 357 1 78 33 69 4
10165 272 5 166 92 141 20
3015 508 7 227 52 188 16
10079 440 1 101 15 88 3
10300 309 1 17 22 67 16
9591 115 2 38 44 699 5
9513 658 1 33 11 40 14
10600 471 1 35 40 333 3
4605 352 1 9 10 41 4
15534 163 4 98 75 268 17
3317 416 1 128 44 230 13
371 318 1 12 8 56 6
4250 706 5 353 26 485 7
16738 211 3 452 32 427 8
16997 244 1 65 21 311 6
11 131 1 17 25 102 16
16831 580 2 80 18 355 6
10071 638 1 53 29 393 2
954 564 4 99 28 338 20
3226 350 5 98 35 173 1
16659 189 2 80 30 112 10
3405 40 2 12 5 94 19
3898 91 1 130 58 351 13
15122 716 1 37 6 199 7
3105 704 2 207 37 172 20
436 551 6 63 17 487 19
15115 659 1 159 29 344 6
15922 680 1 21 5 199 19
16582 126 2 50 38 46 6
15540 604 4 191 52 622 10
15786 195 2 90 80 65 20
4670 229 3 279 28 224 10
3882 636 3 102 126 455 14
3309 676 4 155 82 90 14
15989 412 1 17 41 665 3
3472 327 5 96 72 531 2
15572 326 1 9 7 26 14
15946 101 1 11 26 352 4
15872 362 1 15 6 96 7
4301 318 3 53 43 256 15
10804 295 2 95 15 377 5
0 737 1 70 25 50 14
3030 502 1 58 26 616 14
79 346 1 36 52 657 10
0 339 1 41 12 478 10
9747 328 1 19 54 34 13
204 32 1 27 29 97 16
16854 356 7 194 76 198 4
3966 345 5 107 48 303 12
4242 580 1 28 32 304 6
3746 606 1 66 19 412 17
15112 30 1 16 34 147 16
16724 278 2 37 65 718 5
15357 664 1 21 37 406 2
10283 250 5 112 36 279 13
10299 380 2 69 26 152 17
16805 121 4 105 59 367 9
10262 699 1 61 78 211 20
0 733 5 64 56 396 13
0 622 1 23 11 235 15
3728 392 1 22 57 130 2
15154 286 1 22 81 732 7
15311 609 1 77 53 748 3
9446 182 1 33 19 464 1
4182 595 5 102 11 410 14
15166 34 1 26 16 133 11
0 223 3 145 57 395 17
15005 356 5 77 13 836 18
10517 729 1 12 12 29 10
15296 270 2 187 59 330 5
0 179 4 87 38 858 7
0 343 3 254 93 151 7
9373 509 3 309 59 201 15
16182 316 4 76 32 35 14
9416 341 3 185 84 519 18
3524 210 1 39 40 627 19
16770 23 3 184 57 63 5
0 172 1 20 26 95 18
16901 62 1 48 12 84 8
4608 55 1 21 24 314 18
16886 526 2 156 53 546 18
15843 615 1 57 20 174 4
4477 228 3 69 120 163 9
0 219 2 144 84 120 3
10898 62 5 60 56 442 1
0 732 4 100 57 205 16
0 466 1 86 70 309 20
15422 440 1 37 110 86 11
4884 560 1 17 36 83 10
15763 583 1 195 36 286 15
3859 395 1 58 29 907 2
743 235 2 101 34 137 9
9347 133 1 13 19 77 6
16685 599 1 21 6 69 19
16024 88 3 204 107 622 20
16535 458 3 91 35 532 13
9284 284 6 173 33 834 12
15325 656 1 41 31 594 8
4705 428 1 12 26 18 6
10395 44 4 72 51 114 6
260 462 1 22 19 333 14
3871 319 1 52 77 307 17
9531 326 1 33 41 549 19
9289 405 1 19 19 191 6
16462 233 3 95 128 494 2
3052 729 2 46 16 160 2
0 473 4 78 45 216 3
16401 78 4 232 64 221 8
16902 30 1 30 27 99 5
3119 552 4 76 32 250 5
3241 467 4 125 41 268 6
16642 161 3 73 12 623 4
10782 546 2 123 68 218 17
3865 595 1 20 27 166 16
