28 461
6 64 52 384
8 80 92 208
5 32 128 1024
2 48 120 272
7 32 48 352
6 32 64 752
2 32 72 832
4 80 68 464
3 40 44 560
4 24 108 800
4 48 48 768
6 80 44 672
7 80 32 416
4 64 96 800
4 40 88 880
2 48 96 160
2 48 80 544
8 24 100 960
8 32 84 96
2 64 32 240
8 80 28 736
4 48 88 176
2 32 80 1024
5 80 124 240
4 40 112 624
2 64 116 128
7 80 104 112
6 24 52 544
11613 134 1 23 15 113 6
1349 475 2 53 88 246 16
2445 98 3 130 16 83 2
997 294 1 74 28 198 4
6351 49 1 39 27 61 15
1557 239 2 24 38 568 20
5392 227 5 379 15 260 7
3853 483 2 74 22 145 4
11561 341 5 329 22 58 16
5437 10 1 20 39 375 20
871 261 1 41 25 126 6
6601 141 1 52 49 589 7
410 217 2 179 36 120 2
2674 174 2 74 26 123 3
10467 22 4 70 18 316 20
11311 539 1 35 64 120 19
6239 452 4 92 24 495 15
11175 481 1 21 80 501 7
4251 294 1 50 30 341 15
2284 209 1 27 76 36 6
10219 180 2 20 30 251 6
11289 328 1 29 52 451 2
1990 149 1 39 28 205 7
5551 55 1 25 52 622 6
5305 76 1 92 26 348 2
5132 20 1 74 16 529 7
7189 37 3 91 53 125 6
7810 362 1 43 31 104 7
4078 339 1 44 27 64 20
2620 489 1 34 28 230 6
10054 340 1 82 42 50 5
11767 512 1 33 29 209 1
3624 6 2 78 16 458 3
302 226 3 187 27 188 16
8969 389 1 42 62 109 7
834 273 1 56 23 79 1
10431 356 3 224 46 160 4
2678 52 1 67 18 384 18
9990 491 3 128 22 467 5
8099 77 1 20 35 347 18
10506 369 1 161 40 97 2
9924 180 1 225 14 432 17
263 407 1 19 21 97 4
8939 316 2 54 25 156 19
3178 483 1 92 13 181 4
6625 213 1 15 26 320 15
10625 415 1 86 66 686 5
9507 128 1 19 32 268 3
5892 214 1 61 19 291 3
10971 424 4 109 49 418 18
27 419 2 52 10 254 6
6856 238 2 334 7 289 15
6041 472 1 54 17 113 5
7847 231 1 30 42 78 3
7319 516 1 18 26 111 4
10449 344 1 11 54 266 7
8082 330 1 36 36 228 1
7507 36 1 46 36 126 1
5574 162 2 29 28 420 2
9175 146 1 21 31 511 3
1696 222 1 14 22 398 20
11926 445 3 58 25 525 17
9820 437 6 345 12 328 1
3673 445 2 96 25 141 17
7861 214 2 38 22 670 4
5271 170 3 192 34 116 17
210 273 3 200 42 148 1
1279 417 1 23 23 88 15
7031 334 1 16 33 358 15
9634 505 1 22 21 358 1
9217 103 1 201 18 205 19
10546 474 2 115 23 193 7
9037 219 1 21 32 123 2
8708 485 1 53 18 176 7
4111 502 1 15 61 199 18
583 269 2 33 21 243 19
11870 117 3 88 59 170 5
5746 189 1 44 21 83 4
11980 241 1 67 64 107 2
11293 344 1 56 31 613 3
987 494 2 95 21 148 17
5700 418 4 354 41 106 4
5361 18 3 118 25 121 3
460 204 1 44 15 294 2
2608 27 1 16 17 499 7
4504 163 2 135 19 72 5
1781 205 5 61 27 211 6
114 272 1 21 17 263 19
9950 539 2 67 10 129 19
7059 48 2 26 52 386 6
8521 288 2 51 43 383 3
8356 366 1 39 38 102 7
6723 365 2 110 18 441 3
2643 530 1 81 41 75 4
10476 170 2 186 54 27 7
3633 356 1 43 33 210 15
1758 77 1 23 36 439 5
11211 124 2 132 20 254 6
10719 58 1 40 61 396 7
8746 155 2 125 15 206 18
2388 343 7 287 36 97 6
8893 63 2 52 23 304 18
2072 21 1 40 79 53 7
10774 20 1 30 33 458 4
1886 144 3 138 41 118 2
11187 44 4 121 34 155 6
430 100 4 66 52 245 7
8414 13 1 27 18 226 3
3968 19 3 478 29 118 2
5726 466 2 62 31 382 4
7402 521 1 26 26 205 7
6064 65 2 98 36 23 18
5873 484 1 232 14 117 19
7421 381 3 133 42 105 16
2705 457 1 81 34 370 6
213 144 3 76 20 162 3
1402 422 1 14 17 229 15
2051 542 1 12 40 203 2
11835 515 3 56 21 457 1
8622 362 1 23 36 154 20
1260 493 1 28 31 350 2
5617 474 1 17 50 66 2
11573 284 1 52 17 271 1
7038 454 7 85 22 219 7
1829 244 2 31 57 569 3
4815 77 1 56 20 77 2
11611 208 1 49 45 532 20
6221 449 1 95 32 189 6
5858 387 1 102 26 44 5
913 166 1 27 12 408 19
8370 405 1 20 18 237 5
11800 405 4 254 29 97 5
11118 363 1 31 64 295 3
4915 109 1 68 53 426 1
840 427 2 132 32 143 1
11043 257 2 97 59 62 16
8293 221 1 75 18 323 3
6902 536 2 37 27 54 4
2251 376 3 101 41 441 4
3564 519 2 52 67 116 7
4863 160 1 105 23 426 19
7987 105 2 51 28 88 7
9024 338 2 116 12 215 6
11647 303 1 22 27 318 3
8310 536 1 36 22 506 7
371 94 2 62 32 111 4
451 170 1 35 25 33 2
4779 495 2 39 50 125 2
11059 301 2 50 46 170 6
9829 17 2 64 14 194 7
7987 310 2 96 59 65 6
11776 184 1 239 15 291 2
8645 439 4 182 34 226 3
165 146 1 99 16 258 18
8810 198 1 41 31 313 18
10352 204 2 68 38 91 4
9496 372 1 36 61 106 1
1508 348 1 100 67 29 5
9703 237 3 46 52 425 1
1584 68 1 49 16 175 5
8392 107 2 49 25 168 1
1599 304 8 347 16 238 5
364 7 2 118 43 94 5
10040 426 1 39 18 304 5
10970 126 1 21 12 278 1
244 515 2 54 33 180 3
6431 528 3 56 16 146 18
7001 241 1 34 20 467 2
5522 71 3 82 78 375 2
11243 41 1 200 16 123 4
3528 119 6 116 36 285 19
11852 231 1 36 41 310 3
2088 138 5 291 22 357 7
658 476 2 42 31 46 3
803 524 1 21 19 405 2
4952 112 1 70 77 220 3
6882 19 1 29 28 240 3
2361 205 2 94 72 38 2
6964 484 1 123 38 453 3
639 160 1 15 30 635 5
5685 78 4 271 55 88 7
11592 110 1 9 54 480 5
3590 175 2 40 32 486 18
7910 284 1 55 22 157 1
5406 540 1 16 13 286 2
9523 443 1 247 9 345 1
11887 116 3 59 32 542 18
351 286 2 158 17 436 7
6910 530 1 36 19 267 5
4783 398 1 17 11 164 5
11984 254 3 88 67 314 18
9994 279 1 30 27 374 7
8962 262 1 54 67 43 2
5538 31 1 335 57 99 1
2242 50 2 192 23 75 16
3421 130 2 26 49 207 5
6608 412 6 147 30 521 6
6282 260 2 99 39 30 1
8091 178 3 37 67 322 15
853 55 1 44 49 33 4
10308 150 1 41 53 82 1
5727 226 2 18 22 419 7
7787 279 1 33 26 130 19
11765 74 1 66 21 110 7
11438 84 1 119 15 102 20
3022 240 2 72 20 102 2
10157 368 1 80 13 168 7
4179 505 1 24 46 324 5
10241 170 3 117 29 118 19
11846 240 1 48 15 142 1
534 63 2 35 50 48 4
7709 290 1 19 17 374 15
7872 356 4 172 40 182 19
6898 479 1 31 70 80 6
9735 83 1 136 54 128 17
2168 513 1 21 57 40 4
6095 112 2 98 50 59 2
11980 328 1 18 16 257 3
1014 259 1 44 64 195 6
6666 367 2 49 17 216 5
2355 70 1 14 62 176 16
4577 23 1 16 46 451 16
3553 60 5 153 57 34 1
627 265 4 147 27 61 19
1834 186 1 77 24 74 2
5774 538 2 46 7 66 7
4199 95 2 70 11 101 7
2552 453 3 157 85 107 6
7147 480 2 77 52 141 6
11565 428 2 150 16 492 19
4681 35 2 106 61 60 17
9700 54 4 59 31 113 6
2805 50 2 85 37 274 20
5343 477 1 15 53 657 1
6754 479 1 59 56 710 7
823 96 1 28 51 367 3
9006 420 3 68 33 252 6
6310 464 2 201 33 91 1
8598 20 2 80 67 96 5
7027 126 1 13 57 27 3
11973 462 1 69 20 270 16
4930 430 2 105 48 346 3
3455 137 2 141 53 63 4
10229 366 1 50 19 200 3
4680 451 1 19 20 199 2
9901 126 3 330 11 474 7
3860 448 2 25 19 546 7
7429 532 2 66 59 601 5
761 173 1 87 29 420 6
4414 23 1 20 53 67 5
312 498 1 17 45 427 5
6360 436 3 137 78 111 2
826 331 1 187 25 558 5
11864 294 1 102 21 282 5
540 7 1 15 37 417 1
3145 110 1 20 23 535 15
10852 349 1 70 25 89 7
2343 418 2 94 12 182 6
8117 204 3 49 29 374 16
5279 478 3 57 16 136 2
1311 326 1 100 8 465 6
1346 471 1 21 37 366 16
9273 197 1 28 44 208 1
1266 534 1 291 57 136 6
1676 513 2 46 38 34 2
11166 502 3 324 72 25 7
8163 473 1 39 12 197 7
692 522 1 56 38 501 1
533 311 1 72 37 452 6
2654 149 2 29 73 164 2
1241 135 1 21 22 521 5
1181 153 1 47 28 243 15
8672 415 2 38 17 152 5
5661 276 1 60 60 129 18
4652 220 1 47 65 53 4
10701 527 2 35 36 284 19
2842 89 3 63 30 284 3
1218 157 1 189 16 116 6
305 311 2 53 13 82 18
3456 457 2 272 13 91 20
11996 309 2 193 36 259 7
2579 73 1 247 46 136 2
6597 79 2 33 57 395 7
2514 259 3 173 7 230 5
9423 176 1 66 16 138 1
5546 124 1 38 48 21 3
2002 101 1 38 48 242 3
3731 519 1 16 52 438 3
1182 300 2 90 23 52 19
9838 11 2 91 36 265 15
11818 56 2 33 22 763 2
10727 427 1 28 21 117 7
8818 354 3 44 34 634 3
6431 202 1 73 28 84 19
7526 312 4 121 20 311 5
7449 433 1 63 31 193 17
2757 97 3 242 12 231 15
2303 54 1 12 29 617 1
7450 340 6 61 34 345 5
10378 197 2 124 10 337 15
106 57 1 23 30 376 4
2504 389 3 45 12 317 18
5320 453 2 50 39 201 15
9365 388 1 125 38 150 5
2899 111 1 60 89 695 5
1973 231 1 55 19 353 1
1317 66 2 58 56 163 6
10893 245 1 469 25 109 1
330 161 4 241 24 46 3
9758 538 3 164 21 244 3
7329 358 1 29 74 136 16
9751 478 3 58 48 484 3
3551 499 3 117 71 688 7
5837 296 4 150 44 132 18
9982 29 1 163 64 69 1
3052 135 5 291 28 368 18
2336 373 1 29 24 58 4
530 399 2 24 31 378 5
7118 129 2 47 22 166 7
2388 324 1 40 43 35 1
8745 271 1 125 20 216 6
6604 549 5 244 59 67 17
1345 446 2 149 27 322 5
4779 370 1 111 22 43 4
5372 200 4 152 43 30 2
7492 75 5 191 35 211 4
1497 412 3 115 32 129 16
11422 78 6 305 25 100 1
1889 283 4 53 31 84 3
9945 65 1 45 29 77 6
117 267 1 32 15 403 5
384 126 1 23 29 202 7
6992 481 2 233 47 51 20
5496 233 6 164 30 30 17
7494 346 3 121 13 400 7
5686 19 1 37 61 111 5
11646 213 1 23 19 573 6
1392 362 1 45 22 60 2
329 363 1 31 27 401 20
2073 415 3 90 20 121 1
768 150 4 334 9 545 6
5302 332 1 91 68 618 4
8091 534 1 40 30 398 4
2569 549 1 31 27 93 5
5976 172 1 37 31 261 1
166 436 6 74 12 407 2
8480 275 3 319 12 306 5
3364 465 2 43 19 39 4
11992 526 1 60 33 537 7
5262 367 2 41 36 662 6
7556 96 2 46 25 435 4
6163 279 2 47 75 446 5
4458 329 3 61 27 342 2
8369 109 2 83 71 212 18
4374 295 1 112 48 62 6
6633 48 2 43 13 175 5
971 339 4 89 12 175 5
8771 542 1 34 19 154 3
1566 125 4 443 27 70 1
4757 22 4 96 36 278 20
5583 296 3 43 50 299 7
4874 159 3 83 35 592 1
264 115 1 41 80 59 3
736 263 1 18 28 260 5
7985 495 2 42 53 385 7
10723 225 1 31 62 309 1
3184 395 4 261 11 196 20
10652 87 3 252 10 449 17
3218 118 1 49 20 133 20
9143 529 3 149 44 74 1
11264 131 1 101 38 453 17
10830 297 2 501 12 257 6
1105 203 2 117 52 258 6
10077 12 5 89 25 74 20
7542 407 1 81 49 113 16
7042 287 4 101 13 238 5
1519 415 1 62 44 105 5
7234 312 1 134 49 149 4
2429 311 1 70 48 186 1
8989 190 1 86 34 41 7
7026 466 1 27 66 133 6
179 16 2 323 18 340 1
5563 323 5 396 12 390 1
7852 323 3 233 11 409 1
5063 346 1 68 17 199 1
4173 473 2 117 36 116 3
8506 413 1 27 22 359 5
11799 90 2 52 28 233 4
5248 363 1 95 82 83 5
2767 31 1 62 28 162 1
2902 44 1 26 49 176 1
670 334 4 102 33 174 6
2286 42 3 167 17 141 5
8700 57 2 198 54 67 6
1123 139 1 15 38 505 4
908 227 1 58 12 161 2
9857 201 2 48 10 161 1
4393 6 2 70 81 56 1
584 154 3 84 61 482 2
2543 146 2 90 18 102 7
4077 195 4 149 39 43 2
5512 141 2 23 44 334 6
3511 408 2 62 47 116 6
902 337 2 64 34 385 4
787 533 7 83 68 376 17
2286 261 4 48 23 145 5
11899 124 2 109 9 209 3
776 160 6 284 54 133 5
5714 77 1 32 16 267 1
1377 294 4 65 17 229 6
11852 454 3 101 24 203 4
2452 34 3 171 23 123 2
3939 174 5 473 20 298 2
1654 472 2 66 45 337 19
3756 40 1 84 27 248 1
9761 283 2 76 34 58 4
4106 274 3 58 86 303 7
1991 308 1 72 78 92 20
1581 183 1 123 23 187 20
4159 272 1 41 48 65 6
1559 63 1 57 28 359 3
1174 428 2 77 43 151 15
4703 422 1 53 42 530 1
1457 400 4 48 27 78 20
8275 496 1 236 63 105 2
2375 57 2 30 26 174 4
794 296 1 15 46 616 5
10499 337 4 301 12 252 7
6791 547 3 77 23 410 1
8235 455 1 48 16 500 5
6376 291 1 16 20 343 6
3164 455 2 26 47 496 5
402 250 3 99 59 454 2
2891 324 1 15 26 214 15
6822 490 1 38 40 261 15
7496 41 4 95 36 418 7
8542 195 1 25 48 236 18
10111 411 1 85 33 156 1
1077 117 1 34 41 211 3
10927 350 6 213 48 54 1
6604 37 1 35 49 132 6
10590 195 6 396 16 226 3
4717 326 4 90 33 29 5
5083 20 3 36 51 407 6
1824 257 1 13 27 161 17
5179 33 1 104 67 446 6
742 83 4 222 9 316 19
5853 325 1 54 31 642 2
8423 445 1 24 41 50 4
10989 437 1 42 32 265 4
9147 223 1 22 30 425 6
1957 378 1 33 45 266 6
10509 86 5 186 45 40 4
2914 473 2 60 13 188 5
9574 527 1 18 39 275 5
8170 420 1 18 18 372 1
765 117 2 392 12 196 3
369 297 1 14 28 465 4
8372 299 3 469 7 97 6
4185 427 2 79 30 181 15
2272 29 1 28 18 65 2
