38 722
7 80 64 208
2 48 32 736
2 32 72 1024
7 48 28 192
3 64 100 160
5 80 80 944
3 40 88 480
7 40 108 976
3 64 108 384
7 32 60 336
6 64 24 768
5 48 68 592
3 24 92 672
4 32 84 528
6 48 76 448
5 32 60 144
2 80 68 384
4 80 72 192
3 24 112 720
8 32 76 480
8 48 64 144
3 40 52 928
5 24 124 784
4 48 76 480
2 32 60 1008
4 40 72 368
7 32 100 1008
4 32 72 672
2 64 36 960
6 24 36 912
2 24 100 800
3 80 80 384
4 40 28 480
3 32 84 144
5 48 124 496
6 48 112 736
5 40 48 736
2 48 44 544
10292 141 1 50 14 388 15
5711 317 1 37 10 46 15
6911 295 1 38 21 111 4
636 240 3 80 51 247 3
351 445 1 38 9 203 6
1961 174 1 20 25 430 19
398 215 1 21 52 411 4
8400 201 1 77 27 112 16
1022 84 1 48 25 71 1
8730 459 2 53 15 146 3
6955 279 1 41 47 383 20
10688 244 1 225 15 40 6
2853 170 1 32 15 134 2
7803 25 2 81 18 404 16
1290 222 4 94 17 160 7
11710 8 1 43 20 226 2
7963 28 1 15 37 223 6
10388 519 1 113 19 241 20
8436 331 1 34 20 387 3
10892 500 1 38 48 110 7
9587 366 1 132 21 256 7
8629 488 6 149 34 225 16
6665 384 2 94 66 214 15
424 50 1 18 58 565 5
5217 261 2 122 25 183 2
1460 269 1 68 25 249 16
1597 40 1 17 22 393 3
5678 35 3 54 9 141 16
11400 239 1 59 23 111 5
6426 480 4 72 39 228 16
3724 196 2 72 37 238 15
5864 214 1 11 35 362 6
4385 133 2 44 22 294 1
10935 303 1 28 28 324 4
2516 297 1 14 25 107 17
9743 216 1 20 18 251 1
11262 67 1 26 29 259 4
3131 112 1 10 23 569 19
11297 302 1 90 10 101 7
577 260 2 52 38 443 3
1751 52 1 201 17 59 20
6708 235 1 53 12 476 5
5813 299 2 81 44 185 2
1572 197 1 22 27 547 15
10817 84 1 43 15 471 2
11484 475 1 24 29 300 2
4113 385 1 33 26 316 4
11956 96 1 37 27 450 1
11675 81 3 56 23 469 17
9542 240 2 20 41 313 20
3743 78 2 132 40 179 1
851 74 2 188 29 394 20
7049 290 1 29 21 181 6
10246 51 2 79 11 463 4
6513 88 1 41 18 186 3
3857 360 1 81 31 314 2
1031 177 1 14 36 63 1
10012 388 1 77 46 364 1
7262 396 1 27 61 113 15
10765 207 1 36 28 74 5
11918 45 1 24 19 107 1
911 241 1 19 19 66 15
6944 140 1 12 39 217 5
3848 340 2 36 66 333 1
1011 466 1 40 53 287 6
9110 158 1 52 40 202 1
983 522 1 46 8 75 17
6409 300 1 81 67 736 1
291 149 2 26 22 528 6
3486 479 1 95 29 418 5
2930 267 1 63 15 174 5
1655 391 2 54 12 344 6
6497 498 3 129 25 90 17
9682 196 3 78 15 81 6
9436 87 1 39 31 141 16
9933 375 1 28 25 230 2
11471 295 1 71 20 82 19
7477 502 1 55 51 118 16
3458 83 1 34 17 237 3
5600 281 1 25 13 226 16
183 49 1 79 51 533 3
8281 485 5 254 26 150 2
3892 450 1 221 28 133 5
6740 391 3 59 28 125 7
1375 520 1 25 21 218 4
1248 53 2 43 69 430 1
4271 41 2 67 16 243 3
5815 383 2 26 33 424 3
4640 297 1 114 56 501 19
5070 480 1 32 13 339 4
6086 488 1 15 28 519 7
10714 330 6 95 36 117 3
7089 236 1 24 23 644 4
2767 62 2 68 23 535 2
7904 549 1 34 45 355 7
11824 500 1 107 22 82 7
3766 549 2 68 15 493 17
930 207 1 21 26 310 4
10604 361 1 102 29 173 16
10745 362 1 79 22 248 7
2746 331 2 132 80 154 2
7092 347 1 27 21 446 18
4506 368 1 78 8 113 1
3942 423 1 64 26 87 6
10425 446 2 41 41 754 2
8917 210 1 41 10 605 5
8969 126 1 14 24 176 1
5245 410 1 13 35 53 1
5795 413 2 47 50 88 6
2559 201 4 129 35 325 18
10821 141 1 54 72 109 1
2252 93 1 65 27 102 6
3370 172 1 57 12 629 3
10523 460 1 188 9 249 7
4358 239 3 46 23 219 6
363 313 1 17 27 54 1
7191 402 1 27 13 457 5
9761 535 1 9 29 184 2
2477 218 1 71 14 149 17
1914 366 1 53 18 107 5
11941 473 2 451 24 134 6
2198 429 2 21 11 400 5
5783 248 1 38 19 354 2
8866 176 2 44 21 589 4
4664 106 2 35 26 481 3
11892 98 3 151 38 291 20
11510 186 1 22 49 485 1
9458 160 3 100 27 490 2
5989 251 3 135 31 157 3
642 195 1 43 32 31 7
280 306 1 50 15 683 5
6609 66 2 179 26 95 19
4903 150 4 138 17 213 15
5427 335 2 74 22 119 3
11010 373 4 53 18 68 5
4904 165 3 142 43 353 6
1620 511 1 19 75 402 1
6412 276 1 39 49 63 5
9118 390 1 103 15 93 3
3290 31 1 25 33 74 1
606 532 1 157 16 273 6
8147 396 2 76 53 88 5
822 222 2 53 25 577 5
6442 488 2 120 18 88 19
221 241 1 34 12 173 16
5266 191 1 97 7 359 3
709 514 1 39 27 352 2
5372 172 3 99 38 403 15
9330 499 2 103 22 286 19
10387 83 3 52 23 247 20
6739 342 2 97 23 262 6
2196 143 1 62 44 149 18
3967 547 1 23 43 135 7
3836 461 2 97 32 34 1
9567 417 1 36 56 419 16
5318 482 1 20 59 41 6
9561 187 3 66 12 229 15
11105 395 1 36 8 48 3
4868 327 1 30 23 403 18
8544 102 5 270 37 105 7
10882 230 2 86 43 438 6
1146 148 1 42 33 241 7
5627 544 1 72 57 353 3
9820 447 1 27 8 461 17
1569 76 1 50 26 653 2
1490 95 1 45 17 560 5
5423 529 2 37 75 258 4
3180 131 3 46 37 48 5
11220 76 1 67 35 228 4
4305 107 1 23 30 321 2
6332 138 4 170 16 207 2
6824 532 3 155 26 403 2
4421 55 2 97 14 179 7
11314 309 2 38 47 135 5
6716 228 2 70 33 222 7
3670 358 2 64 45 188 3
521 495 1 283 10 94 4
2580 77 7 191 51 304 2
1793 305 4 86 48 162 1
550 244 1 71 57 612 5
5444 420 1 54 27 644 3
1517 66 2 142 15 98 3
1819 476 1 34 44 487 19
9619 107 2 97 20 83 20
11398 466 1 30 63 267 15
4537 431 1 86 39 587 20
7286 523 3 140 56 235 2
7304 506 3 56 67 505 4
373 448 2 54 6 137 16
4944 319 2 54 26 84 7
2971 193 1 26 24 79 2
10692 539 2 57 18 249 5
8723 9 1 23 25 257 5
7317 152 4 41 16 202 2
3017 16 7 139 22 84 3
8246 350 1 79 30 444 5
5757 60 1 44 34 159 17
6877 328 3 75 49 127 15
4936 121 1 10 43 367 3
5964 329 3 58 47 166 4
9154 317 1 52 28 69 17
1844 473 1 35 35 443 3
6182 418 2 42 8 322 5
5753 178 2 98 31 432 3
9618 147 4 95 25 93 4
6432 374 1 47 61 144 17
5070 118 2 104 50 732 5
10259 53 3 86 34 538 2
1581 498 2 20 8 190 6
2460 216 2 52 42 211 4
11959 112 2 115 85 249 16
721 279 1 42 15 436 2
124 167 4 147 40 82 2
9221 92 1 32 30 40 16
4572 274 1 100 44 259 7
10132 403 1 36 13 137 1
2871 385 1 197 52 269 1
5639 244 3 63 22 150 5
6921 320 1 125 37 255 1
3939 36 2 140 32 54 5
1656 309 1 92 41 566 7
2739 466 3 45 26 380 4
11297 202 1 37 38 100 1
1529 515 2 33 70 464 7
11443 17 1 94 20 193 1
788 336 1 31 27 169 5
11266 519 1 18 12 596 17
5826 405 2 115 17 388 2
10851 422 2 68 47 57 1
4796 490 3 62 32 85 2
5310 529 2 140 52 328 3
1762 279 3 80 33 77 1
2538 87 2 85 16 344 7
1801 109 2 55 23 87 1
3934 493 2 24 31 261 5
7793 444 1 22 37 360 20
3210 310 2 104 19 173 3
6363 307 1 48 26 699 6
11103 364 2 48 39 258 3
4463 447 2 96 32 227 7
7821 397 2 134 11 225 19
10920 253 1 38 18 135 4
11753 263 1 25 13 273 16
814 312 3 72 39 304 7
6396 221 2 135 40 407 4
6601 117 2 41 42 140 16
8477 120 2 36 73 585 15
6266 109 1 36 29 285 19
11670 389 4 174 37 337 20
1358 472 1 98 48 326 19
2869 41 4 76 33 83 2
1220 232 3 42 53 107 17
6828 400 2 136 23 263 4
10604 85 1 19 53 261 15
2812 282 2 48 18 184 16
9650 127 1 102 53 57 17
1662 170 2 46 29 271 5
10763 526 1 12 51 117 5
4236 295 2 76 62 60 7
3103 322 1 32 17 82 16
9461 342 3 52 30 360 4
11249 433 2 43 9 499 5
3740 20 2 72 12 218 19
8615 430 2 35 66 290 6
8763 283 1 29 33 117 19
1108 431 1 26 35 59 6
7281 30 2 94 15 97 7
8998 502 2 49 20 96 16
9998 51 1 54 21 37 3
2710 244 1 57 25 567 1
8271 68 1 154 44 156 20
6506 126 1 22 14 209 5
1244 329 3 60 48 660 17
6632 122 3 38 40 420 15
7553 312 1 79 25 129 7
10321 168 2 95 16 91 7
4787 399 2 62 54 148 20
3574 302 1 59 16 351 2
11604 308 1 74 31 73 6
4184 357 1 30 41 93 7
269 341 1 21 36 734 1
5305 259 3 173 43 274 18
2094 138 1 129 22 273 2
5530 542 1 51 65 116 20
8656 262 1 84 27 202 1
10501 229 1 67 64 637 6
1256 506 4 151 75 388 19
5448 335 1 80 24 127 4
9260 268 1 20 32 81 16
1327 511 1 34 13 396 5
5195 405 1 173 22 102 2
1498 475 1 46 32 96 20
9830 5 2 42 39 128 3
8835 492 1 42 39 283 6
6011 323 1 53 16 184 6
3364 413 1 29 34 296 6
1886 122 2 31 24 287 15
6804 519 1 212 49 252 6
1614 89 1 24 14 224 4
9072 76 2 163 39 98 4
3484 224 2 82 67 284 1
5221 206 4 42 80 466 1
10155 227 1 39 24 207 5
422 130 1 90 51 290 4
9104 87 1 40 42 148 17
4300 492 2 28 69 547 15
3136 332 1 9 51 515 3
1439 230 1 18 27 85 7
11470 547 1 151 51 175 1
8508 523 1 80 11 234 20
492 437 4 193 33 97 19
3102 78 2 95 58 370 2
6790 363 1 42 39 508 3
3667 141 2 24 44 51 6
6964 497 2 72 38 175 6
5147 352 1 21 29 93 1
7489 254 1 25 8 107 5
10517 416 2 47 38 431 2
1837 535 1 21 85 494 7
10856 278 2 60 17 465 1
2582 80 6 235 5 345 6
11451 206 1 14 35 637 5
5814 474 4 229 34 54 15
11305 162 1 99 23 347 3
7252 370 2 83 41 88 19
7616 179 3 79 22 178 6
11944 295 1 34 36 313 18
662 412 1 136 46 231 2
2372 504 1 16 58 301 17
4925 472 3 92 62 124 17
10113 254 2 51 46 285 7
6369 49 2 19 51 456 19
6428 263 2 79 28 210 2
3801 62 2 166 21 486 4
7185 63 3 142 32 124 5
6789 476 2 83 15 214 2
901 9 1 9 43 243 5
11025 237 1 30 17 199 7
3784 494 1 57 37 121 5
7668 461 1 45 42 247 7
11438 203 1 51 34 137 4
7504 74 1 54 9 571 6
11775 423 1 17 51 435 4
368 205 2 27 36 161 16
3103 124 1 42 27 666 4
3350 101 1 89 43 244 15
2047 69 1 37 42 209 15
6371 146 1 19 52 648 19
7248 120 2 45 22 100 15
8788 508 1 19 35 39 17
4687 509 3 97 46 216 16
636 149 4 103 76 141 1
444 204 1 29 14 198 17
10761 105 3 58 74 499 5
10444 506 1 38 21 351 2
1236 550 4 243 33 280 3
3664 299 3 164 44 103 5
781 318 7 473 37 138 6
7015 138 2 259 27 103 19
10612 59 1 80 13 576 2
2092 409 3 147 48 300 3
4872 546 1 35 25 205 6
2568 161 5 105 46 422 2
1155 483 2 33 53 62 4
6615 367 1 187 22 99 4
2478 193 1 52 29 193 1
3915 461 1 25 45 111 15
10142 214 1 23 27 116 3
10671 110 1 78 36 100 3
4226 252 1 82 12 184 3
5193 494 1 119 23 108 4
4720 390 1 74 64 441 2
5080 59 2 129 48 114 16
10275 133 1 26 31 671 7
11853 380 1 19 58 239 2
7740 266 1 155 73 226 15
564 427 1 44 24 194 18
3449 518 1 37 19 287 2
9045 84 1 49 60 256 2
5482 310 2 64 15 248 5
1902 387 2 34 29 230 7
1166 417 4 83 20 103 6
7669 324 1 40 16 371 3
6102 436 3 118 7 85 4
7584 256 1 17 24 534 1
8932 265 1 25 40 463 4
10946 33 3 69 34 149 4
7648 80 3 91 70 437 1
1047 110 2 79 55 323 1
454 94 2 186 48 245 6
5482 144 2 40 17 72 18
2463 516 2 200 14 177 3
10879 141 2 68 37 168 3
8067 128 2 45 57 313 1
11690 65 5 147 35 197 4
4905 466 2 31 22 90 5
3675 476 5 207 35 438 2
4880 85 1 38 35 228 17
2291 112 1 32 23 93 5
11475 157 2 63 20 285 2
1255 358 1 41 11 133 16
789 232 5 184 19 68 15
1255 512 1 128 68 176 7
11620 265 1 32 43 175 18
9799 147 1 32 12 536 7
6775 104 1 23 43 83 19
2263 215 2 101 17 524 18
7689 371 2 37 22 127 3
9641 201 4 145 40 145 4
8099 122 1 128 49 362 2
5786 364 1 34 19 220 7
10744 225 3 110 27 432 19
6396 351 6 105 32 753 6
10669 331 1 97 17 490 7
6388 253 2 28 24 508 16
3971 167 1 170 41 576 7
7043 474 1 66 30 52 1
4529 414 1 18 29 492 18
5641 271 2 51 42 210 6
11510 80 1 16 39 245 20
8149 542 2 64 49 307 4
2384 47 2 94 19 141 5
7213 60 4 119 18 176 15
9803 36 1 65 46 119 15
2004 397 2 61 30 93 2
1163 40 1 15 44 326 3
5634 414 1 50 35 271 5
1797 77 1 26 42 685 15
5388 526 3 55 31 210 16
10020 303 2 62 28 205 6
5145 307 2 94 12 612 19
7255 455 2 103 69 242 4
5082 37 2 64 28 94 17
10309 424 1 27 33 180 6
4763 153 2 36 16 357 16
9849 171 1 66 40 360 5
6166 68 2 119 12 122 7
7906 261 2 95 60 333 17
6103 325 1 28 52 95 4
6683 549 1 64 24 237 7
3750 279 1 24 48 43 16
5858 181 4 153 70 178 1
3771 428 2 91 21 225 6
3012 356 1 81 33 211 18
6889 260 1 26 42 380 2
8626 94 1 19 14 63 3
2274 512 3 190 28 188 15
11246 528 3 171 36 190 2
6915 514 1 14 41 402 5
9976 323 1 66 37 356 1
4386 226 1 87 42 82 6
11079 225 2 282 6 506 3
10585 247 1 142 40 272 6
8568 280 1 35 48 116 3
10405 279 1 49 69 308 7
11653 492 2 98 30 261 3
2165 488 1 70 85 334 3
2287 73 3 242 37 478 18
8910 59 1 80 28 55 18
2035 293 2 54 12 139 18
3799 215 2 104 28 124 20
1419 182 1 95 22 78 5
10174 7 1 28 70 666 17
1689 122 2 39 55 508 20
7169 388 3 97 44 226 15
3147 90 1 84 18 122 1
4654 231 1 36 54 57 16
6383 472 2 94 38 253 15
6460 487 3 102 33 100 18
3177 185 2 41 7 73 17
2210 204 1 30 10 366 6
216 310 2 163 48 462 1
7198 227 1 42 21 192 6
6410 120 1 10 58 375 1
380 8 1 59 64 65 1
7384 203 1 68 27 674 4
10301 336 1 26 27 159 1
5036 84 1 53 33 473 1
4908 88 3 128 17 176 4
2681 218 1 35 21 53 5
5721 44 1 204 35 163 2
5435 437 2 27 39 426 5
699 521 2 86 14 107 3
2716 306 1 78 28 290 6
5317 290 1 59 31 314 19
7657 494 1 30 29 159 5
1286 233 1 48 31 202 17
10187 537 3 176 33 139 5
7675 528 2 37 34 694 6
4808 522 5 81 23 284 7
10605 195 2 101 53 550 4
10059 185 1 85 15 132 7
2289 423 2 60 33 168 6
11395 366 1 15 45 564 2
3678 19 1 54 42 330 6
2768 283 1 11 20 636 2
10233 359 1 31 22 365 2
6823 461 1 68 27 141 2
8996 447 1 14 33 245 5
1998 517 1 37 54 516 5
430 347 2 77 26 93 7
5394 507 1 29 32 323 4
5468 136 2 161 45 120 5
10743 242 2 118 7 285 5
9241 163 1 15 21 459 15
8440 493 1 62 36 289 3
8280 130 1 33 20 266 15
10322 132 1 17 22 267 1
5155 274 3 183 14 140 3
10114 457 1 35 62 129 7
394 305 1 34 17 599 4
9522 452 1 169 46 134 3
5976 43 1 74 13 396 3
11755 189 1 23 24 94 1
1500 395 3 156 35 123 2
8993 442 1 33 42 67 6
4785 194 2 108 59 277 4
10066 524 3 96 40 321 4
10335 305 1 30 14 60 3
9693 55 3 162 45 207 18
5899 201 1 18 21 386 4
7930 178 3 54 16 380 7
11663 504 4 51 14 378 17
7880 216 1 129 14 502 4
1206 271 1 40 61 268 4
3925 78 2 61 23 156 6
3435 513 1 45 21 99 6
9434 511 1 36 26 166 2
6428 351 1 38 61 218 3
5614 418 2 59 50 226 7
8103 368 1 48 53 77 1
5860 457 1 22 34 549 2
6508 215 8 287 29 80 18
4919 400 1 108 23 384 4
10201 326 1 41 17 293 5
1048 260 2 28 23 207 3
1746 463 2 46 22 119 19
9793 192 2 59 14 242 7
6950 264 1 15 28 271 15
8222 198 1 105 50 255 5
9554 6 1 27 15 489 17
7102 133 3 98 40 264 17
2587 202 1 24 34 500 1
3377 270 2 39 31 565 6
1071 493 2 78 21 532 5
9170 395 2 57 82 216 5
604 521 2 110 18 103 6
4585 373 1 34 40 314 3
471 450 1 19 15 197 17
4162 353 1 17 49 240 3
5229 486 4 82 35 355 4
596 79 2 58 25 334 6
9733 179 4 162 47 201 18
280 329 1 26 9 303 17
5756 490 2 405 13 156 4
3241 429 1 15 41 319 3
2626 81 1 69 60 92 20
8610 312 1 93 12 525 20
3696 525 4 242 41 74 7
6904 166 1 31 35 318 5
4737 51 1 17 17 201 3
2963 420 1 43 13 359 1
4929 366 3 135 24 315 2
5857 81 1 51 47 183 2
8252 271 1 56 47 168 4
58 78 1 17 17 216 18
2591 471 3 91 42 559 7
797 424 1 324 21 669 20
10876 386 2 31 41 100 2
1735 535 1 37 39 199 1
3527 352 2 95 8 287 2
936 29 1 53 16 88 3
8858 358 1 89 21 194 19
9872 488 1 18 42 446 7
7417 401 1 95 30 319 5
8855 264 1 103 17 295 17
1159 326 1 41 26 179 7
1079 91 1 39 19 222 1
5796 469 2 41 64 386 20
2354 402 1 57 20 160 2
840 447 4 215 46 552 4
443 260 2 35 41 211 6
3925 172 1 28 18 109 6
1583 43 2 292 36 592 5
8372 211 1 86 27 327 4
44 339 1 68 21 226 6
4875 424 2 89 46 163 2
7924 269 2 48 22 63 6
5078 375 1 36 18 351 1
8569 114 3 182 47 183 5
4589 161 3 75 21 291 7
7492 514 3 81 32 603 1
7213 166 2 268 28 542 15
3094 96 1 25 25 142 2
3753 101 6 216 17 114 16
11921 345 1 82 14 185 4
1708 346 1 17 77 530 2
751 37 1 52 53 200 17
9079 260 4 156 28 63 1
8492 508 2 44 12 311 3
8785 367 1 78 56 61 2
747 363 1 25 62 280 1
9318 379 1 23 34 170 16
10838 159 2 66 48 36 20
3957 95 1 26 34 277 4
8763 488 2 44 33 459 3
7724 362 1 31 19 180 4
10930 429 1 28 18 746 1
3047 255 1 23 19 602 1
3157 11 2 36 17 282 6
5959 479 1 20 50 106 20
2433 199 1 40 40 191 18
3841 317 6 185 24 251 6
8220 365 1 47 14 432 6
1686 309 2 35 45 234 17
5899 27 6 197 34 45 1
5712 304 1 31 29 76 3
827 479 3 95 14 503 5
7694 58 1 199 54 118 15
426 430 3 32 8 319 19
857 146 2 206 21 54 7
10095 228 1 20 29 107 1
10530 337 1 15 33 253 2
7661 7 1 14 64 416 1
7792 309 2 58 38 319 16
4739 524 1 117 31 183 7
9025 495 1 37 19 132 2
11462 352 1 25 17 483 2
7935 203 1 48 50 354 4
9097 182 1 15 54 137 5
1325 336 1 22 41 568 4
3265 324 1 48 57 47 7
5640 431 3 42 70 328 5
298 114 1 40 15 122 1
1666 504 2 44 19 450 7
566 450 1 35 54 434 4
744 391 1 31 23 686 16
7079 54 1 56 25 48 4
7605 73 1 38 45 211 3
2498 423 6 149 15 72 20
5093 163 2 81 15 200 3
10138 305 1 41 70 38 2
4420 289 1 25 33 73 1
9332 271 1 58 37 202 5
10152 316 4 92 46 453 3
6508 344 1 100 41 253 6
8878 97 3 66 31 311 5
5502 523 1 99 47 136 15
8582 543 1 26 40 211 4
11611 131 1 49 21 247 7
955 181 2 85 47 42 7
3682 69 2 81 17 93 19
2921 256 1 86 25 217 6
47 262 2 67 18 233 6
3875 521 1 44 54 219 3
3309 427 2 44 72 430 2
10058 248 2 198 9 64 20
7918 523 2 29 49 372 7
2117 54 1 43 76 329 3
9075 469 3 54 18 349 1
1039 267 2 87 23 236 16
4087 328 1 114 39 90 16
6205 323 3 82 21 282 7
5507 538 1 284 19 41 20
2575 73 3 263 18 652 15
6103 341 1 88 44 378 6
8667 140 1 21 18 154 3
8679 528 2 131 55 689 5
10278 250 1 40 30 111 6
9556 126 4 144 37 390 7
2965 346 1 84 32 88 1
10337 139 1 36 22 448 3
11262 404 2 43 37 295 6
1601 141 1 24 23 147 2
3821 476 5 79 25 456 7
2814 476 2 50 22 214 2
5956 73 2 119 49 530 5
1729 518 5 136 32 600 19
7284 218 1 41 38 294 5
6261 166 1 26 57 194 6
5386 273 1 22 18 472 1
8705 403 1 18 41 56 4
10519 527 2 30 58 552 5
11188 116 1 21 24 465 2
9466 475 1 129 46 184 6
5560 365 3 195 42 30 3
9555 512 1 68 25 596 1
6718 201 1 48 43 165 3
9864 258 3 147 33 443 6
3424 518 1 26 34 452 19
3051 172 2 40 23 397 6
8218 438 1 63 19 83 4
6440 367 2 49 50 453 6
6897 136 2 33 16 213 5
6663 478 2 123 42 282 4
8412 198 4 139 14 279 4
1573 490 2 97 32 179 3
3192 441 3 158 26 145 4
7870 472 1 11 46 197 16
7384 50 1 42 23 644 6
773 496 2 72 25 709 7
5856 550 1 48 37 70 6
7202 47 2 95 14 440 6
5354 209 2 89 45 297 3
10021 216 1 22 39 253 2
3134 439 2 109 39 739 7
11200 283 1 130 11 155 16
957 253 1 119 51 48 2
2114 455 1 137 19 89 1
543 483 3 46 28 447 7
9029 499 3 129 7 498 6
10350 45 1 43 31 259 15
1621 104 1 50 19 485 2
7051 38 1 72 38 252 3
5649 161 1 265 21 97 18
11796 313 1 20 60 206 5
1450 116 2 121 22 100 17
2636 148 3 75 31 267 1
2568 363 1 89 20 493 7
7849 540 1 20 50 555 3
9779 212 3 182 31 282 5
11711 142 1 106 46 335 19
