68 1726
3 32 44 336
3 16 60 512
2 24 48 384
5 32 28 48
3 24 56 112
4 16 48 48
5 32 56 32
1 40 48 224
3 40 40 416
5 24 28 256
2 48 48 64
5 32 8 192
2 40 68 208
2 48 12 128
1 40 56 208
4 48 20 256
3 16 40 496
3 24 36 144
2 48 72 80
4 48 52 448
2 16 40 240
1 48 48 192
1 24 56 496
5 48 8 432
5 40 36 48
5 32 32 256
1 32 8 304
1 16 28 240
2 16 8 288
5 40 44 64
4 40 72 160
5 48 8 336
2 16 40 480
2 16 48 112
5 24 12 480
1 48 64 64
4 32 20 208
4 40 12 448
3 32 40 336
4 24 68 208
1 32 20 192
4 48 20 304
2 16 16 496
4 24 72 352
4 48 68 448
4 48 48 192
2 24 32 112
1 16 12 208
3 48 48 80
1 48 56 288
4 48 12 272
1 24 68 96
3 24 28 208
2 24 68 496
2 48 52 368
1 16 28 304
2 24 72 272
1 40 60 400
2 48 20 512
1 16 64 224
2 16 72 368
1 48 60 144
5 48 8 64
5 16 60 64
1 40 48 448
3 16 40 416
5 24 20 304
5 16 20 208
2301 631 1 36 50 54 6
3720 127 1 39 30 169 16
1771 431 5 99 23 153 8
3040 835 2 70 46 31 3
2440 776 2 59 22 26 10
1281 771 1 36 47 173 15
4341 363 3 72 34 127 19
1400 518 1 18 46 79 6
1463 665 1 45 56 171 9
4839 719 1 59 16 153 4
1920 686 2 27 26 93 18
3460 226 2 24 30 277 19
2911 118 1 127 29 66 1
477 832 2 32 18 256 9
1755 976 1 17 28 102 15
4613 151 3 88 10 169 14
3229 725 1 45 32 158 8
803 447 1 32 5 140 20
2048 427 1 33 31 169 14
2697 448 1 15 22 199 3
4614 984 2 37 22 191 9
655 95 1 48 46 205 7
32 157 1 46 38 53 2
3763 295 1 41 28 150 1
3708 794 2 40 43 36 19
577 644 2 32 23 141 7
1696 312 1 45 53 41 18
3890 376 1 15 48 233 16
2045 806 3 37 43 23 8
3625 434 3 38 17 155 2
4041 446 1 27 9 363 15
2281 728 1 22 23 357 18
3265 693 1 23 46 217 8
151 396 2 27 32 164 7
4815 554 1 16 10 159 7
3051 970 4 122 17 34 7
118 539 1 22 11 116 3
4797 762 2 78 4 62 15
4855 756 1 22 17 90 4
691 633 4 133 38 140 4
2202 493 1 13 31 248 13
3620 896 2 43 26 132 7
1399 494 1 14 23 295 18
499 952 2 32 11 190 20
3338 604 1 29 48 64 7
4732 203 1 32 28 151 17
685 900 3 45 32 26 11
1511 341 1 16 15 292 3
4394 491 1 32 28 226 6
2829 359 2 32 6 179 7
2032 237 2 39 33 314 19
2287 360 3 51 30 84 5
3455 310 1 34 17 139 12
4358 416 1 15 21 177 15
1054 507 1 21 29 53 2
3346 263 2 48 43 49 7
3381 980 2 27 20 230 14
1031 438 1 16 6 248 11
3557 753 1 34 48 207 1
1716 110 1 38 49 140 9
3098 284 2 34 13 265 3
4807 484 4 57 12 154 12
2253 563 1 36 55 126 17
3725 131 1 19 23 157 9
4769 156 1 57 25 193 9
2495 741 1 18 67 95 8
4499 98 1 48 40 33 8
4331 401 1 41 27 167 7
790 697 1 28 7 209 8
3034 221 1 43 53 195 11
3397 706 2 53 19 404 13
537 896 3 65 24 209 13
2075 918 2 80 29 25 14
50 241 1 82 14 122 4
2883 220 1 33 23 88 10
464 412 1 34 48 79 6
4352 882 3 71 26 300 3
996 105 2 28 33 202 9
1753 409 1 14 29 510 10
3489 838 1 48 6 133 17
2498 618 4 217 6 227 2
3988 249 1 46 55 184 6
2370 729 1 24 34 309 1
138 384 1 36 72 50 20
1280 237 1 48 25 103 9
2171 124 1 35 30 189 13
1152 684 5 98 10 159 19
2481 178 1 47 51 106 15
2493 899 2 59 16 207 4
121 655 1 21 26 69 4
4487 494 1 56 11 189 13
3961 826 1 16 63 199 14
4831 317 1 23 13 185 11
1984 275 1 18 47 242 15
84 349 4 49 13 108 4
3855 674 1 34 33 36 13
2909 432 1 13 8 241 17
4713 429 1 53 65 143 16
615 328 3 165 10 168 1
1332 799 1 40 24 356 16
4633 885 1 13 14 182 10
779 892 1 12 36 234 9
4361 995 1 45 8 302 3
4841 283 1 37 56 120 5
4729 564 2 43 46 196 13
2824 791 1 42 50 57 7
2718 134 1 27 41 32 10
865 527 1 16 14 168 2
750 215 1 68 8 394 18
4634 300 1 44 36 99 8
172 496 1 34 52 138 8
3427 341 2 35 21 103 7
4563 804 2 47 30 241 5
2111 891 2 119 7 270 18
1343 389 1 37 51 234 20
2128 926 1 22 10 170 6
3551 127 1 38 50 157 7
4102 220 1 22 36 447 13
1 668 5 60 37 46 4
2426 574 1 23 39 71 4
4909 432 1 44 15 87 11
3171 927 3 89 11 171 1
3578 760 1 37 53 44 16
265 212 2 86 16 23 20
1056 834 5 83 19 209 15
301 187 3 101 6 139 4
3385 967 1 13 25 389 3
116 203 1 12 38 265 13
786 750 1 33 28 201 12
1156 840 1 68 6 66 19
4678 431 3 57 51 244 12
1275 855 1 30 19 150 7
4840 564 1 47 31 129 19
4011 824 1 25 6 149 14
725 114 2 48 32 121 9
2141 481 2 49 12 182 14
1851 206 1 29 9 473 7
3747 321 3 39 49 31 6
1473 599 1 12 9 134 6
2019 882 1 23 54 177 14
4053 302 1 33 29 90 13
306 782 1 11 36 209 10
2111 254 2 30 15 483 18
4762 179 1 19 30 323 2
4987 439 1 28 19 186 17
4879 522 2 27 32 232 8
2543 1000 1 20 39 171 3
3144 732 2 29 31 110 13
3863 294 1 14 25 65 6
3580 196 1 14 25 144 7
2430 634 2 25 37 131 6
3246 292 2 42 47 194 15
636 203 2 71 14 130 17
1818 653 1 15 27 97 10
901 155 1 24 13 147 15
4910 575 1 29 8 178 6
524 287 2 32 21 277 8
1142 392 2 72 58 173 18
449 851 1 34 32 185 16
4553 660 1 38 29 91 17
3482 523 1 41 42 51 20
1474 380 1 13 16 147 2
738 588 1 13 6 130 15
246 367 1 39 53 174 14
2654 110 1 64 12 127 9
159 894 5 55 14 156 14
4844 960 2 46 12 168 11
1766 347 4 125 19 208 12
4963 440 1 13 53 133 15
1698 855 1 16 9 110 2
4818 954 1 15 44 130 11
1366 876 2 21 6 159 13
1872 343 2 46 24 397 3
4558 356 1 27 38 68 13
2764 946 1 40 47 171 10
14 490 1 33 31 163 15
2841 677 2 29 38 73 14
4123 902 4 189 17 269 3
3019 528 3 37 36 324 13
43 366 1 14 16 149 12
2774 557 1 42 30 287 13
4513 271 1 13 36 236 5
2259 903 4 55 45 44 19
3728 639 2 34 33 241 13
4807 755 1 40 35 253 11
2502 816 1 15 40 230 2
627 737 1 22 13 141 18
98 413 2 29 37 317 17
46 220 1 18 72 240 4
2878 194 4 180 7 238 16
4260 854 1 13 20 114 14
330 572 4 205 6 349 11
674 820 1 31 27 102 19
3035 699 1 26 10 286 10
4206 704 1 37 55 50 15
2043 457 1 22 41 204 20
2187 469 3 67 14 170 7
3437 80 2 44 29 81 11
555 595 1 49 8 121 3
1207 278 2 42 21 91 2
4790 865 1 40 60 38 9
2697 592 1 28 34 493 18
4025 662 1 24 6 154 15
130 205 1 13 11 436 8
975 245 1 88 11 108 2
4904 466 1 42 29 225 17
1144 778 3 109 42 86 6
4202 889 2 45 32 304 9
2569 760 1 38 38 152 7
1802 411 1 24 28 51 20
2595 356 1 20 26 52 6
4342 211 1 21 33 68 16
1749 569 1 32 7 204 14
616 386 3 60 25 185 19
4501 668 1 36 54 223 10
415 956 1 76 4 169 13
3289 772 1 32 57 302 1
2127 604 1 37 43 181 5
112 936 1 14 21 152 7
2098 484 1 35 62 31 18
2322 976 3 101 11 199 1
3172 595 2 84 10 159 20
1414 374 1 24 43 70 3
4437 168 3 79 10 442 6
340 791 1 47 8 465 13
3827 754 1 53 58 109 10
4265 670 1 148 5 168 1
1549 971 1 22 27 186 18
3101 567 1 43 40 210 18
279 753 1 15 10 99 9
4105 458 1 24 16 126 6
3761 466 1 32 39 35 6
2562 963 1 36 44 96 14
780 179 3 58 23 161 6
4828 311 1 46 47 31 20
4093 854 1 12 12 195 14
4631 948 1 47 5 190 14
966 151 1 30 5 160 7
2278 922 2 64 25 167 4
573 197 1 39 42 159 6
3743 338 4 129 12 236 5
3962 794 1 33 43 50 12
538 731 1 19 36 301 17
2986 754 3 65 17 118 9
1764 409 3 153 26 47 10
4674 811 1 44 49 111 7
1 928 5 103 25 214 3
2313 632 3 99 6 96 5
2542 866 1 11 8 137 11
971 650 1 41 36 192 18
790 92 2 23 40 214 8
2868 825 1 18 42 192 3
1850 82 1 45 37 160 4
44 938 2 21 32 356 18
457 931 2 88 19 142 6
3216 899 1 14 28 151 1
899 574 1 47 51 170 14
2868 295 2 25 32 210 17
815 491 1 35 41 212 18
2786 815 3 85 16 201 12
2229 237 1 32 6 186 7
2288 520 1 15 7 171 7
4020 542 1 36 53 185 2
1082 862 1 41 35 103 10
3949 493 2 52 31 99 13
1911 929 1 12 20 171 12
3439 527 1 46 14 118 8
3022 314 2 28 17 173 9
4842 373 2 60 16 127 7
2521 542 1 47 35 38 7
2455 734 1 34 39 126 3
3966 394 1 48 35 47 12
2405 504 1 38 55 249 10
499 957 1 15 14 256 8
1627 200 2 38 32 309 9
1919 714 1 69 43 97 1
1249 188 3 110 7 286 9
1290 892 1 33 29 63 14
4461 113 1 48 26 111 20
1066 330 1 21 14 121 18
4562 213 1 39 31 128 2
2509 579 1 20 38 49 11
1202 767 1 22 8 239 17
242 227 1 17 18 106 19
3581 694 3 46 30 44 4
3208 125 2 44 27 219 3
3555 821 1 12 20 275 13
621 104 1 47 35 136 4
2673 593 2 46 42 211 1
3830 329 1 15 12 452 16
3087 321 1 23 10 132 15
3746 994 1 42 30 121 9
4799 437 2 32 32 367 14
1440 908 5 121 5 192 16
2077 800 2 35 35 244 5
3075 418 5 79 18 186 14
2131 283 1 23 55 89 8
2536 404 1 51 18 191 7
3032 122 3 189 8 228 14
3524 93 2 25 33 196 16
1922 97 1 32 25 178 11
526 434 1 16 11 182 20
951 495 2 83 10 198 8
1763 459 2 36 38 229 7
3046 177 1 28 20 158 18
554 602 3 44 54 47 1
1345 560 1 37 56 141 4
3691 956 1 31 6 191 12
171 285 3 101 7 267 1
4218 468 4 145 15 127 20
2485 348 1 15 34 429 16
3140 889 2 24 28 109 5
4926 640 4 112 16 34 11
3362 356 1 14 18 156 14
4311 986 1 35 36 50 16
1413 783 2 144 43 124 14
1252 299 2 64 44 227 15
56 782 1 27 17 113 12
1650 668 1 26 17 94 4
4874 979 1 32 12 450 6
2883 500 4 62 34 48 18
2338 656 2 97 22 246 1
4146 610 2 87 31 80 4
4135 558 3 123 47 79 5
3366 253 1 33 43 34 7
255 687 1 35 36 179 10
1052 746 2 72 25 122 18
4758 159 1 21 29 226 20
3789 848 4 43 48 25 14
942 792 1 47 30 128 12
1782 586 1 47 15 160 15
2020 257 1 35 7 90 3
33 211 1 28 11 97 9
2096 999 2 74 8 125 14
2112 347 1 37 46 142 4
2700 570 1 18 43 299 18
1173 200 1 71 19 36 7
625 513 1 33 32 192 16
3762 281 1 45 46 33 1
402 935 1 34 42 120 3
3931 955 3 61 19 120 17
1881 319 2 26 8 207 7
3272 527 1 23 39 332 18
857 401 1 40 30 34 10
3921 671 2 23 41 47 14
2904 980 1 27 43 132 1
4541 317 3 105 25 44 5
734 480 4 61 19 206 4
1420 548 1 33 46 88 17
4272 336 1 14 28 208 2
2784 596 1 40 42 62 8
1524 396 1 37 26 99 8
3395 925 1 40 44 79 6
3160 392 1 14 31 241 14
4280 927 1 93 6 59 13
3878 568 3 46 11 191 16
4317 279 1 12 24 130 16
924 634 1 35 29 218 13
993 784 2 32 13 412 8
2603 727 1 11 9 140 11
140 181 2 41 19 82 9
880 401 3 60 22 201 9
390 184 1 11 12 120 10
1191 717 1 11 23 178 2
3073 775 1 21 16 126 19
1796 760 1 29 5 189 16
2105 375 1 19 30 73 17
4358 254 3 50 26 31 16
2723 721 3 45 33 221 19
2669 597 5 128 22 44 6
3277 286 2 31 32 291 2
1468 567 4 105 24 48 8
2485 605 1 25 31 277 1
3336 504 1 16 5 238 3
3686 570 2 48 21 75 2
1232 892 1 74 35 132 5
2115 858 1 12 7 223 11
391 357 4 85 22 232 20
1695 769 1 39 40 207 5
12 219 1 26 6 249 11
110 162 1 16 11 373 13
3984 778 2 97 20 325 7
1388 678 2 86 39 33 15
2529 216 1 13 57 186 13
4300 342 5 156 5 143 1
1685 882 1 43 44 143 7
1066 376 1 18 41 249 14
112 776 1 46 35 266 19
4192 972 1 46 40 331 2
4130 621 1 22 29 144 9
607 813 2 29 46 65 17
3955 609 1 43 10 494 14
1202 567 2 25 8 261 7
3774 584 2 23 4 186 10
2444 962 1 30 7 286 13
1914 807 1 34 51 150 15
1801 208 1 32 17 100 13
2028 957 1 32 6 203 20
2768 486 1 20 31 336 3
2884 955 1 24 28 77 4
330 760 1 43 46 38 9
3216 816 1 22 39 73 5
1215 459 4 63 33 54 2
3548 222 1 25 20 192 8
1823 792 3 51 27 40 11
839 363 1 34 56 164 17
490 622 1 30 37 306 11
4204 439 1 36 42 215 17
2250 377 2 67 40 48 19
107 111 2 54 25 201 20
641 751 1 36 64 420 10
1297 893 1 22 28 77 12
1461 630 2 32 38 41 18
2023 423 1 27 31 248 7
69 181 1 43 37 70 19
4105 673 1 33 50 35 9
1215 743 4 102 12 124 2
4359 821 1 24 56 62 20
1812 257 1 45 10 149 18
154 853 1 24 7 160 19
1169 111 1 39 22 98 20
2411 179 2 72 18 47 12
1643 730 2 56 19 204 9
2633 663 1 12 23 75 4
356 676 1 40 37 57 3
1776 693 1 11 15 488 1
236 600 1 46 17 74 20
2987 451 1 64 20 165 12
3567 734 2 123 11 191 12
4519 262 1 14 8 397 15
1445 213 1 39 50 66 14
937 790 3 92 18 154 12
1045 664 1 39 41 134 5
3133 621 5 57 37 36 2
3544 554 1 35 50 220 3
238 861 1 40 39 180 4
409 292 2 43 59 32 18
3459 637 5 110 8 140 8
2457 989 1 45 42 113 9
1616 915 1 33 46 73 16
2974 504 1 14 8 190 17
595 226 2 42 16 73 6
3537 345 1 32 40 189 4
1944 84 1 27 41 139 10
252 409 3 116 53 24 12
2340 965 2 28 40 425 6
4379 431 1 43 8 77 20
821 86 2 28 27 316 5
3255 187 1 114 65 338 18
4869 524 1 44 35 60 19
3825 223 1 12 44 89 6
2981 556 4 54 32 59 8
3365 883 2 136 7 60 9
4146 530 1 40 53 199 13
47 576 1 48 8 104 10
2442 661 4 111 8 90 19
1477 155 2 128 6 334 12
1845 617 1 48 36 65 2
3448 551 1 24 29 91 7
4406 106 1 35 40 211 15
4841 920 1 27 47 126 10
2128 118 1 41 48 40 16
1328 705 1 21 24 134 5
3453 551 1 30 38 208 18
3022 229 4 93 12 204 1
936 433 4 79 25 227 11
3675 694 1 40 49 308 8
534 217 2 44 37 34 8
149 230 1 32 36 177 6
409 751 1 27 20 163 2
3626 794 3 35 38 362 14
703 234 1 33 50 40 4
2025 837 1 20 24 138 1
441 988 1 38 45 252 5
196 145 1 43 24 58 12
1820 882 3 122 12 166 16
13 869 1 37 45 93 17
4069 165 4 43 14 184 9
4083 948 2 66 27 185 19
1195 763 1 39 52 95 3
3365 782 3 118 7 369 4
888 380 1 45 42 187 10
2870 570 5 128 40 30 3
552 995 1 38 59 46 19
833 425 1 33 35 165 16
4672 218 1 37 14 165 10
659 317 1 42 52 138 16
3298 684 1 34 28 32 16
4172 660 1 116 26 219 6
1318 946 2 41 25 129 1
2574 591 3 91 18 35 19
3972 295 2 23 12 376 1
2809 809 4 137 24 38 20
4637 324 1 26 5 247 17
2078 519 2 30 46 36 20
1252 534 2 25 12 120 20
1431 773 1 16 8 333 3
4818 776 1 14 10 98 1
111 276 2 34 37 33 3
852 815 1 15 6 247 13
4662 980 1 17 22 82 9
1992 194 2 49 20 26 2
0 913 1 19 32 68 11
2786 333 2 87 8 94 20
829 811 1 16 26 210 19
3220 422 1 16 20 144 5
4969 942 2 41 30 176 14
4575 163 1 23 47 62 14
2736 723 1 50 15 153 13
3473 464 4 88 19 243 16
1643 118 1 30 20 187 10
4743 793 2 54 14 205 1
1485 657 1 70 24 47 9
1718 866 1 42 54 223 7
1815 245 2 57 35 220 3
1641 566 1 75 7 113 9
3071 133 1 45 54 164 4
1039 579 1 22 42 68 19
1013 420 1 16 13 161 15
1159 202 1 34 56 266 4
1998 948 1 16 56 205 7
728 987 2 35 54 57 7
2981 500 1 45 46 30 11
4597 338 1 34 22 34 6
1450 860 1 32 28 335 11
4244 85 1 23 16 228 9
2704 652 2 32 21 109 6
4785 532 1 22 34 110 2
1762 827 5 116 7 433 6
1833 437 4 124 20 36 17
2834 336 1 40 36 56 19
2826 480 1 41 19 133 2
1716 437 1 32 23 32 11
4724 832 1 27 7 156 15
4911 203 1 34 53 155 4
913 284 1 14 15 244 14
50 919 1 15 40 332 19
4514 485 1 42 16 178 20
2811 989 1 12 50 166 3
4463 573 1 65 54 231 6
2736 950 1 60 5 158 10
1134 905 1 31 7 145 3
1961 219 4 94 7 305 17
554 228 1 13 13 237 17
1441 416 2 32 48 369 6
1490 174 1 39 56 197 15
2754 567 1 45 32 348 1
4960 742 2 49 36 93 8
1963 675 1 16 38 324 1
1915 880 1 39 26 381 20
2780 802 1 32 42 88 19
4471 678 1 43 36 59 13
1511 769 1 36 35 157 15
2030 727 1 35 50 131 6
3400 999 1 16 20 204 8
4352 293 1 15 11 125 18
4740 594 2 85 31 62 9
728 474 2 99 10 262 2
4322 463 2 35 26 93 7
3782 579 1 11 27 281 16
3830 752 1 81 42 34 5
1810 336 1 94 16 218 12
2997 817 1 34 27 131 13
3887 634 1 22 38 479 2
1440 842 4 89 15 199 8
1909 392 1 11 8 191 17
2576 330 3 43 36 55 11
4663 762 1 12 27 131 17
2704 745 1 12 12 182 4
4214 783 4 137 21 131 11
4308 273 2 27 36 300 15
3762 965 1 61 25 33 4
3540 386 4 83 19 274 1
82 218 1 36 35 391 19
1518 184 1 13 21 150 17
4990 570 1 26 20 139 18
3091 143 2 47 38 323 6
847 494 2 22 10 199 10
2792 760 2 41 31 103 8
771 91 5 81 27 188 7
3733 719 1 28 28 195 18
1145 444 1 21 66 79 20
2483 462 1 16 8 175 8
3170 970 1 18 49 75 10
4856 86 1 47 38 44 7
2316 907 3 117 16 36 9
2564 880 1 13 19 198 16
72 810 2 63 18 260 17
3863 710 2 22 25 356 13
1854 895 1 13 18 240 1
4657 547 1 40 42 136 11
3188 678 3 43 40 32 13
3753 532 2 58 22 39 6
2038 603 1 11 8 166 10
1785 678 1 42 32 137 3
407 934 1 31 48 167 8
906 483 1 27 11 295 16
522 269 1 25 38 381 9
2392 82 1 24 20 81 16
4872 763 2 22 8 267 12
3016 448 2 27 20 276 3
4231 923 1 45 17 160 18
2872 182 2 70 15 278 19
150 540 1 28 43 221 10
4142 614 1 14 18 165 18
1469 475 1 48 30 39 2
3758 738 1 25 8 146 7
445 942 1 37 27 218 17
1874 285 1 41 28 171 10
1212 181 1 12 22 121 5
2098 189 1 30 40 145 19
1657 686 1 12 29 359 11
364 364 1 38 29 322 4
3169 539 1 44 40 115 8
4383 252 1 13 17 219 6
1513 961 2 92 58 162 16
1681 819 4 154 9 264 7
3816 785 1 20 18 94 8
503 432 1 16 27 284 8
2771 786 1 19 28 71 19
4667 304 1 28 7 210 6
2781 314 1 37 30 44 3
2516 291 3 86 39 165 13
1137 711 1 15 22 247 16
4658 249 1 13 25 202 1
4198 458 1 58 17 26 15
3895 820 2 80 12 235 17
1530 911 3 92 20 203 8
2943 469 1 27 48 171 2
3431 524 1 35 29 207 8
1874 820 1 14 40 110 2
2426 93 1 12 25 116 13
395 739 1 16 7 164 4
1818 557 1 16 31 65 13
1753 923 1 15 25 217 3
1420 134 1 26 23 54 17
2081 468 1 46 31 134 5
3295 607 1 88 15 270 3
1152 320 2 26 25 101 11
708 669 2 62 15 155 14
3215 298 3 45 13 177 17
4028 786 3 54 15 164 2
1038 576 1 15 28 82 14
1250 818 1 13 5 197 11
2436 941 1 33 22 166 11
791 107 4 126 17 29 4
3229 821 2 22 32 190 19
666 205 1 21 29 349 8
1899 584 1 39 37 54 19
1957 324 1 16 23 218 9
3700 987 1 15 54 138 18
3120 484 1 27 28 266 15
2672 365 2 56 20 38 6
3797 515 1 13 47 103 17
460 730 1 15 26 260 1
4811 723 1 31 7 154 13
1331 818 1 30 6 143 4
3830 454 2 21 15 468 16
3543 299 3 124 5 93 7
1855 851 1 40 29 267 11
882 602 1 40 43 70 15
1190 496 1 22 43 52 2
2832 513 4 131 11 169 11
2457 784 1 21 39 64 5
674 294 1 34 25 187 16
2216 718 3 143 46 310 3
1136 827 2 24 6 204 13
2878 184 1 33 40 136 16
3970 255 2 62 15 217 18
4740 601 1 20 19 99 18
1972 297 1 25 15 205 14
4520 431 1 33 36 258 15
3452 739 1 41 51 48 6
2522 726 1 12 9 184 4
3262 161 1 48 7 143 9
32 816 2 35 20 180 3
2417 297 1 47 37 120 15
2419 777 1 43 30 227 16
1064 971 2 39 19 83 15
467 762 1 32 38 246 6
1741 951 1 32 14 368 14
660 720 1 12 10 107 4
2444 560 1 14 20 172 16
1417 332 1 35 41 121 1
2539 266 1 15 8 121 11
3999 593 1 33 43 62 7
4972 889 2 109 5 33 14
3887 382 1 29 34 137 17
4065 548 2 27 8 185 6
2846 260 1 12 38 216 4
3445 698 5 64 30 49 9
111 181 1 15 36 439 18
431 544 1 39 36 488 11
3034 264 1 13 11 484 17
3909 993 1 22 32 445 15
1663 850 1 88 6 299 4
4907 293 1 38 33 266 8
1153 670 1 15 13 369 18
3251 988 1 36 54 121 15
719 802 1 44 30 229 8
2768 770 1 16 7 194 13
954 350 1 50 18 178 1
3053 100 2 33 39 100 16
9 359 3 144 7 318 13
392 466 1 45 57 52 12
4117 672 1 34 42 260 9
2217 214 2 83 22 177 12
1304 416 3 53 14 156 19
1411 147 1 20 25 283 7
2700 746 3 54 31 80 20
3476 982 1 22 49 100 7
745 333 1 45 45 273 15
1473 321 3 38 23 398 18
2523 607 1 21 55 100 9
4594 573 1 24 34 111 15
3508 89 1 47 58 33 14
2797 354 1 30 16 121 7
1920 871 2 48 25 183 16
4597 209 2 24 16 161 4
3634 216 1 23 23 109 18
561 265 1 82 62 39 7
3236 846 1 85 31 45 15
2215 805 1 36 41 166 20
310 97 1 40 48 48 3
286 374 1 28 26 266 15
4647 252 1 43 49 186 17
4071 862 1 21 40 234 4
2168 150 2 55 36 289 2
3760 704 3 86 18 105 6
1836 210 1 15 32 98 2
3979 653 4 163 8 57 16
890 98 2 85 37 43 8
1790 218 1 37 25 34 8
4323 107 1 39 27 139 8
1924 963 1 91 19 236 11
3276 200 1 15 25 226 9
3575 699 2 36 32 327 6
1845 218 1 39 18 81 14
779 738 1 14 15 336 3
2378 272 4 115 12 325 13
4197 80 2 69 37 37 19
1832 573 4 46 42 28 3
4009 973 2 61 26 177 10
4185 324 1 41 40 117 12
4882 951 3 81 40 245 16
99 835 1 41 55 182 7
2065 830 1 42 34 75 19
1225 566 2 32 27 227 20
4011 312 1 23 16 263 13
859 738 1 12 36 103 13
2462 257 1 11 7 262 20
2678 485 4 64 16 125 2
56 655 3 108 33 401 18
2862 825 1 23 54 250 20
3933 973 1 36 27 176 5
1946 806 3 47 57 55 3
488 211 1 50 5 165 9
3482 874 1 26 37 158 5
3870 700 1 31 17 103 9
170 892 1 45 45 35 5
2360 374 3 47 44 33 5
748 669 2 52 27 124 3
504 178 1 43 42 163 13
7 967 3 53 31 70 4
2793 205 1 40 29 126 8
3359 675 4 90 23 223 1
1539 924 2 34 40 481 17
2537 406 1 12 26 372 16
1931 705 1 49 6 111 3
4379 343 1 23 7 270 12
1052 755 1 34 64 40 5
393 464 1 42 37 161 5
3978 954 2 81 10 115 20
4273 956 1 18 63 72 8
4683 393 1 40 48 56 9
4727 664 1 48 36 63 1
3823 183 1 21 24 141 8
3081 657 2 24 11 366 19
1613 913 1 11 53 140 17
237 693 2 72 46 186 16
3240 882 1 14 24 186 10
2340 803 3 56 49 47 19
2479 780 1 25 12 132 16
3334 217 1 38 43 146 1
3954 175 1 43 44 157 7
3106 914 1 111 4 145 14
867 933 1 32 38 82 1
2564 521 1 14 17 255 6
621 220 1 16 38 336 18
1769 459 1 24 6 150 17
906 591 1 73 9 96 5
2578 934 1 12 35 167 18
4197 128 1 17 66 95 4
1321 760 1 38 10 95 20
1853 778 1 16 6 152 18
2961 307 2 23 6 276 11
264 95 1 89 32 53 11
4523 457 2 66 25 252 8
1102 317 1 34 25 64 14
4789 375 2 56 20 150 10
725 89 1 11 48 427 15
2498 751 1 36 24 164 13
699 598 2 72 14 97 20
3864 408 3 37 49 48 16
2490 362 3 85 14 189 20
149 983 2 56 20 39 1
95 931 1 16 32 79 14
1271 539 1 15 39 156 7
2052 715 3 48 49 52 10
2618 366 2 139 40 146 1
1266 164 1 19 15 116 9
2882 395 2 24 25 298 14
1147 461 2 137 4 338 11
2702 87 2 57 5 188 17
2356 323 1 32 42 136 6
3873 675 1 72 14 135 8
512 269 4 46 42 43 16
2739 488 1 41 51 90 13
2008 533 1 19 28 139 20
4295 441 2 28 10 246 15
399 473 1 14 24 179 12
4059 430 3 56 11 173 10
397 98 1 42 39 135 18
2376 654 1 53 31 128 11
1138 416 1 48 12 71 19
56 601 3 113 43 38 9
2087 279 1 20 28 91 12
899 386 1 36 44 136 19
383 424 1 14 20 348 9
218 428 2 29 35 78 18
237 326 1 43 41 108 14
2287 756 1 39 40 133 7
2652 229 2 81 24 40 18
2973 306 1 24 33 248 20
2193 481 1 12 36 271 15
1798 646 1 44 33 43 2
2816 372 1 24 50 98 5
1085 372 1 65 12 104 17
3857 978 2 33 20 223 13
75 421 1 32 14 100 11
4299 612 3 56 16 138 9
1285 719 1 45 11 78 1
4926 266 5 74 56 49 15
2283 891 2 34 36 113 3
2461 660 2 66 5 160 5
3688 323 2 38 29 113 15
2756 425 3 58 54 107 15
4831 623 1 16 21 284 15
4147 97 3 64 19 188 10
194 563 1 31 8 218 8
936 552 1 35 55 123 10
4225 311 1 14 39 118 10
4384 766 1 43 19 119 19
2079 761 1 16 47 331 8
2332 413 1 23 6 193 4
4974 433 3 117 10 131 12
4133 920 1 13 46 199 9
1609 502 1 61 8 101 8
791 119 1 26 14 140 13
561 774 2 45 27 366 6
1555 590 2 61 16 36 4
3862 827 1 14 39 118 17
1335 584 1 33 39 160 12
1578 714 1 12 6 252 20
309 900 1 16 61 210 17
2153 898 2 25 7 200 5
508 935 3 59 10 139 7
2646 735 1 18 51 55 8
1764 473 2 41 29 35 11
1674 649 1 26 10 100 15
129 450 4 67 21 200 19
1204 989 1 16 10 276 3
2115 912 1 23 45 106 11
258 919 1 13 20 187 11
1937 569 1 13 11 163 1
4836 220 1 23 17 167 14
487 817 1 33 46 414 4
4912 225 1 13 22 232 3
129 289 1 19 50 55 17
2314 302 1 29 8 161 4
4404 517 2 86 6 195 8
3274 789 4 73 50 62 8
1798 100 2 37 18 99 2
4958 586 2 132 7 236 11
4957 398 2 81 21 33 8
2856 489 1 42 58 51 10
2514 376 1 24 7 227 8
2890 956 1 16 20 203 13
1263 194 1 52 19 133 4
3079 449 1 22 8 195 8
185 535 3 65 56 81 16
4003 427 1 94 9 281 8
1840 937 1 33 34 31 18
2681 186 1 36 51 352 18
950 679 1 32 45 125 15
2141 242 1 13 20 207 14
4609 871 2 27 30 56 9
4866 967 1 34 49 131 5
3933 337 2 45 20 152 11
1095 670 1 11 10 330 5
4290 758 1 22 6 159 11
1532 592 1 13 16 272 17
3672 500 1 34 48 177 4
2455 849 1 30 30 237 9
516 266 1 29 5 197 13
449 407 5 142 8 169 10
4904 896 1 14 19 201 12
4296 93 2 31 28 305 19
3157 330 1 12 18 174 7
3019 622 1 12 36 478 3
3858 594 1 18 44 45 19
2648 221 1 45 31 201 17
3502 300 1 86 10 127 14
176 456 1 25 39 103 7
2466 892 1 36 36 82 8
3891 391 1 46 23 42 13
52 692 3 74 18 108 12
4208 959 1 38 34 54 6
1581 858 1 22 71 255 2
3842 884 1 43 26 55 15
3888 940 4 207 8 409 17
3454 389 4 94 19 225 20
1526 594 1 15 29 277 15
2990 749 1 34 34 155 4
1344 983 1 20 30 66 18
2825 450 1 36 28 139 19
3129 143 2 47 45 169 10
4339 766 2 38 15 139 19
2776 917 1 18 24 117 14
536 462 1 19 24 267 2
2965 831 1 35 54 60 9
1411 547 2 26 22 363 3
3523 89 3 62 43 39 16
3616 994 1 21 28 109 19
115 663 2 43 24 58 10
3133 218 2 45 35 47 6
3878 963 1 36 37 288 15
1289 559 1 23 59 53 11
165 662 3 41 33 294 19
3279 532 1 21 22 188 20
15 155 2 53 8 187 20
1910 742 3 146 31 36 19
2906 870 3 92 17 137 14
3877 514 1 16 33 55 4
898 624 2 25 41 86 13
4748 823 1 29 12 189 20
708 444 1 44 35 48 16
2792 884 1 24 32 83 1
4573 925 2 60 11 120 20
3908 832 1 17 35 219 6
3321 195 1 19 33 283 11
15 159 3 45 57 60 14
2450 383 1 46 20 379 6
3041 299 3 39 30 24 2
261 515 1 46 51 131 12
969 484 1 35 49 98 16
4735 406 1 14 22 195 8
1045 331 1 34 22 168 3
571 136 1 19 46 58 6
3487 528 1 16 33 114 1
1843 112 1 38 39 70 18
3727 574 2 101 34 42 18
3452 554 2 40 8 236 8
3130 277 1 16 37 159 5
3089 122 2 34 25 171 11
1369 653 2 82 32 172 1
1269 460 1 15 32 155 1
4716 347 1 35 72 166 15
968 522 1 39 40 64 14
341 187 2 101 6 360 12
472 730 1 13 10 124 18
1690 663 1 11 10 98 9
2037 87 4 90 5 146 6
1742 86 1 11 32 325 1
3209 986 1 45 28 37 9
2073 760 2 71 25 160 19
4872 469 1 11 15 284 16
2259 303 2 30 34 390 13
3068 884 2 42 32 179 15
1128 593 5 145 8 151 5
100 585 1 26 5 189 7
4075 229 4 49 52 56 11
2327 846 2 38 58 33 12
2942 461 1 15 19 288 13
4415 366 3 120 69 118 9
772 364 1 63 32 36 3
2706 966 2 48 7 144 16
4093 854 1 21 6 163 9
1089 319 3 133 6 219 10
1121 177 2 44 18 212 2
4343 705 1 12 24 217 1
2211 663 1 18 31 56 5
2013 491 1 45 39 62 15
1479 684 1 32 53 77 14
1303 918 3 43 28 28 19
2008 687 1 38 32 96 19
4261 296 1 41 42 77 5
4394 929 5 146 24 41 5
4886 375 2 43 27 99 20
3274 202 2 50 5 99 1
2804 886 1 36 30 56 17
2227 95 1 13 24 232 14
4598 86 1 27 4 238 20
128 756 1 16 18 285 10
3134 178 1 35 44 156 15
755 345 2 72 9 80 16
2073 399 1 31 11 357 19
3446 671 1 40 37 47 16
1194 613 5 80 16 222 9
1759 730 2 52 16 233 15
322 968 2 69 23 110 15
4598 880 2 69 21 177 3
297 740 3 56 16 155 2
4019 699 1 33 54 64 17
3717 394 2 52 12 276 6
2757 409 1 21 26 273 11
4769 890 1 36 41 178 13
1133 521 1 35 12 74 4
3593 462 1 15 60 195 3
2748 173 2 65 11 73 11
4499 504 2 83 11 142 14
2476 987 1 28 27 267 10
3386 694 1 51 12 153 15
2158 393 1 14 11 402 6
446 476 1 39 27 294 7
1067 710 4 49 14 113 19
1388 546 1 21 55 328 12
1363 683 1 16 40 61 19
102 156 1 75 34 39 14
2981 507 1 18 40 360 9
4602 293 1 32 8 145 16
4730 811 1 33 35 134 17
1151 644 1 20 65 322 11
1230 233 1 23 42 45 12
170 763 3 96 16 44 15
3580 939 2 70 11 506 1
841 987 1 39 56 243 14
4479 904 1 20 52 88 5
35 430 1 16 7 204 16
1841 910 1 15 34 348 7
2881 430 2 40 39 169 10
1136 671 1 11 7 238 17
3269 804 4 142 7 181 12
4091 550 2 54 23 114 5
438 209 1 45 36 194 6
242 255 2 96 6 127 18
156 108 1 28 48 202 8
1102 678 1 13 16 487 5
3139 315 2 32 21 285 18
1272 82 1 12 8 97 12
3603 842 2 36 16 208 18
2363 385 1 37 31 130 1
4014 983 1 28 32 151 20
380 491 2 37 28 390 14
3822 119 1 47 27 43 14
3789 519 3 57 19 195 17
806 769 3 48 20 81 3
4892 912 1 19 21 97 9
4497 612 1 15 14 113 17
354 428 1 32 14 465 1
845 734 1 13 23 164 17
771 733 2 29 45 33 5
301 265 1 47 34 73 7
384 531 1 23 6 232 19
3865 421 1 96 46 76 2
397 669 3 191 19 27 1
3034 788 1 13 9 364 13
2492 664 2 52 17 189 7
4758 114 1 48 41 122 10
1302 174 2 23 4 243 8
1708 495 4 106 16 37 15
4670 144 2 39 20 170 6
1688 87 1 67 46 78 9
3946 974 2 53 17 304 8
3639 527 1 12 27 417 8
46 652 2 29 7 262 18
3348 604 2 71 34 111 16
4224 629 1 65 62 181 10
3232 701 1 17 43 219 9
1420 176 1 41 59 144 14
2078 662 4 64 68 182 19
1009 627 1 34 24 100 4
3735 357 1 15 60 160 20
4641 366 1 25 37 326 20
1446 193 1 13 39 180 16
2947 314 1 27 34 360 9
3193 231 2 36 37 238 4
1022 767 2 30 27 145 5
4704 713 1 50 7 168 15
882 166 1 13 30 174 8
1603 714 1 27 32 223 14
1090 489 1 15 14 407 3
3660 630 3 60 56 108 5
2496 790 1 53 14 124 4
1332 528 1 15 6 184 14
280 224 2 81 8 209 5
2689 191 3 51 28 57 15
3714 468 1 22 20 151 3
1419 717 2 23 39 278 5
557 235 1 25 8 146 7
4150 199 1 21 38 103 8
2626 123 1 32 28 175 1
230 841 2 84 46 62 14
156 174 1 46 60 31 17
3299 188 2 26 38 173 15
1640 129 2 103 42 108 19
1733 727 1 35 25 135 6
972 755 1 79 35 224 2
3195 352 1 16 20 468 3
2767 814 2 27 22 224 3
2072 866 1 16 8 224 3
1137 177 5 197 6 32 13
979 425 3 53 22 167 16
3328 140 1 35 43 106 3
1281 207 2 44 25 62 5
897 109 1 13 27 321 14
3639 624 1 26 13 101 3
2127 422 2 27 26 352 12
4651 979 2 64 17 230 1
3026 847 5 140 14 28 16
629 679 1 34 43 138 7
1793 339 1 37 59 181 4
3356 470 1 41 39 155 1
2654 140 1 50 18 128 20
2762 269 1 22 7 262 11
3980 547 3 52 24 187 2
4226 203 1 23 6 282 4
3433 929 1 23 5 265 14
4708 353 1 13 39 169 16
848 783 1 31 35 62 3
31 636 1 11 9 183 19
4586 957 1 13 23 167 13
520 212 1 13 16 147 7
4371 995 2 134 50 343 20
3269 806 1 11 21 446 20
4089 573 2 25 22 142 4
1784 797 1 48 26 206 15
4200 820 1 38 31 140 19
1213 315 1 40 34 80 19
1191 929 2 91 47 39 16
3088 203 2 42 44 260 7
503 572 2 120 16 38 15
1853 477 1 12 19 246 17
1320 287 2 80 45 42 2
4745 643 2 48 8 189 1
2626 627 1 27 40 185 15
2182 630 1 47 54 63 12
4870 509 3 55 26 26 17
2204 450 1 40 47 188 6
164 285 1 46 45 128 9
524 911 1 38 32 40 14
2390 812 4 46 24 37 13
651 798 1 13 19 120 20
1244 961 1 14 23 411 18
2544 890 1 16 5 235 11
1160 515 1 32 64 191 14
4897 747 1 35 42 91 3
2021 348 4 62 16 204 20
2506 421 1 21 52 241 13
4651 138 1 34 50 105 15
3969 513 1 66 11 144 5
1436 492 2 54 20 114 15
1828 252 1 25 33 90 7
1001 438 1 23 19 92 18
4606 228 1 15 36 407 20
967 247 2 48 22 158 15
504 969 3 65 15 167 4
4193 882 1 46 8 90 8
125 908 2 45 19 81 17
3774 90 1 35 50 111 7
943 326 4 68 53 185 7
4010 255 1 45 19 483 16
873 629 1 15 19 297 8
208 239 1 16 9 110 6
3401 209 2 25 39 224 20
3191 224 4 145 48 265 20
2628 979 1 23 46 53 15
446 408 2 78 19 30 15
3175 600 5 131 17 35 18
982 524 4 134 7 279 8
1160 137 1 34 49 135 6
271 528 4 122 19 30 14
2423 881 2 70 23 22 5
3513 499 4 138 7 304 20
779 381 1 28 35 294 10
122 608 1 28 6 197 5
4813 155 1 14 20 212 11
2896 978 3 70 44 308 8
16 981 1 37 32 153 14
3797 193 1 49 8 146 17
2391 502 1 24 28 320 17
993 424 1 44 29 135 1
4922 228 3 95 26 331 4
4962 812 2 139 27 47 5
498 982 1 15 15 210 1
211 198 2 54 10 217 1
4146 478 1 22 62 78 2
1204 698 1 38 51 260 16
4766 820 1 33 25 70 15
2703 759 2 27 32 252 20
1623 374 1 28 29 137 9
4994 162 2 38 18 144 2
4748 792 1 46 45 42 4
1528 428 1 12 46 141 15
1652 108 1 43 48 46 20
3004 215 1 33 47 163 11
4807 372 2 54 27 138 17
2710 629 1 13 27 137 16
251 820 4 76 66 314 20
4112 546 1 12 34 200 17
4352 385 1 32 7 221 20
3024 972 1 39 28 182 2
4660 855 1 24 36 46 12
4214 495 2 66 27 217 19
4372 356 1 23 19 112 6
1118 124 1 12 22 141 12
1518 348 1 15 35 91 9
4325 102 1 12 5 158 8
978 999 1 39 21 95 8
3222 621 1 11 40 281 12
3406 968 1 22 61 93 13
2563 458 1 33 26 117 1
205 244 1 46 35 185 13
595 295 1 24 5 244 17
1463 348 1 12 9 173 14
4869 876 1 15 10 120 9
1235 532 2 73 36 48 13
4875 692 1 16 24 191 10
2206 400 2 41 21 106 20
1633 896 1 44 28 23 5
3100 828 1 20 23 143 4
2488 255 1 14 22 98 15
3589 476 4 130 6 428 19
2311 661 1 12 8 282 17
4666 162 1 33 12 84 1
3930 198 2 33 31 295 11
2828 665 1 46 31 58 7
2551 151 4 45 49 32 17
1852 852 1 32 38 103 14
1393 976 1 71 7 122 16
1931 469 2 94 14 192 3
1046 363 2 85 20 139 17
3953 325 3 48 18 161 6
1718 546 1 34 31 103 2
498 846 2 26 28 298 13
1872 668 1 28 8 233 6
773 706 1 43 51 130 7
1972 925 2 66 42 33 5
3707 657 2 29 25 72 19
4077 619 1 48 17 91 13
3768 232 1 22 38 94 8
1411 505 1 22 64 46 6
1262 404 1 11 5 249 9
2478 631 4 141 16 42 7
4273 895 1 37 50 162 4
4721 929 2 93 28 78 12
228 621 1 43 50 43 18
625 657 1 34 57 56 16
4795 516 1 24 7 221 20
3485 447 1 32 53 157 16
3421 437 1 28 28 109 10
2685 554 1 14 34 340 9
3387 109 1 60 39 191 17
2048 92 1 17 27 87 18
2083 425 1 21 44 222 3
4535 580 1 22 6 224 13
2197 725 1 16 40 286 13
4057 418 1 22 48 69 17
515 401 1 31 14 266 11
266 148 2 68 6 172 14
3380 572 1 40 35 173 19
2607 204 2 38 37 112 10
3789 382 1 24 6 206 18
705 923 2 87 30 48 17
4474 640 2 22 16 440 7
454 433 1 33 37 185 17
4911 180 2 66 11 105 13
4357 907 1 12 15 216 9
4323 261 1 18 36 129 15
1589 339 1 38 48 93 17
4534 589 1 43 8 124 9
1932 925 1 35 29 409 4
2653 776 1 11 13 412 16
1374 834 1 42 30 330 19
3387 230 1 73 12 101 3
1289 292 1 39 42 148 13
1722 831 1 47 36 71 16
3968 1000 2 65 36 37 14
3756 441 2 38 44 510 3
3972 190 2 32 35 225 20
3496 924 1 31 6 227 16
2384 619 2 62 8 185 18
979 189 1 14 19 253 11
546 646 1 29 35 180 4
1020 811 2 33 26 85 6
4518 522 1 11 20 259 15
520 756 1 38 45 157 15
3113 901 2 26 36 110 6
1800 171 1 19 46 68 5
2102 839 2 48 19 199 15
2388 717 3 82 35 289 18
2051 227 1 27 8 250 20
3587 191 1 41 26 280 8
362 714 1 40 55 91 6
3989 912 1 12 12 153 14
3815 146 1 46 26 226 18
4841 567 1 45 61 33 4
1664 816 2 60 28 131 7
1854 946 2 36 27 194 10
3668 235 2 62 12 139 2
4199 619 1 17 13 138 20
4412 883 2 45 42 343 17
2766 123 1 35 35 146 18
1395 867 1 43 36 136 3
2422 684 1 13 8 268 20
434 293 1 12 28 368 10
1887 149 1 13 25 166 4
152 389 1 14 18 152 4
1455 195 2 32 12 118 12
705 459 2 36 25 165 8
1391 222 1 43 19 232 7
4368 523 1 87 35 99 3
1764 903 2 125 8 282 20
4641 329 1 14 58 493 13
1941 291 1 22 41 62 9
1287 322 1 32 27 165 5
1191 342 1 25 35 97 15
2232 909 3 61 13 253 17
3550 745 2 37 19 116 3
2741 137 2 45 19 198 1
582 416 2 64 12 98 17
1913 846 1 23 7 190 15
1177 934 1 16 28 116 14
3837 357 1 36 19 96 15
2203 251 4 140 24 396 2
957 308 1 24 5 296 15
1292 628 2 74 9 114 1
244 546 1 16 32 165 2
3204 932 2 115 11 327 9
2261 221 1 18 28 99 12
3880 515 3 70 31 77 20
281 625 3 108 7 152 14
1664 428 2 80 26 54 18
4713 862 1 25 57 360 19
4303 294 4 88 7 155 2
4584 892 1 87 6 60 6
4656 523 1 32 36 178 10
4977 203 3 114 4 144 10
3963 110 1 27 7 178 13
2396 873 1 26 14 265 20
2389 369 2 87 49 28 3
4917 917 1 23 19 53 20
316 949 1 22 8 241 19
4829 916 1 80 10 267 7
0 1000 1 39 37 228 9
4147 725 1 46 53 110 13
3299 490 2 44 41 273 18
4537 188 1 22 33 64 5
3316 987 3 67 20 258 15
1131 776 1 30 38 296 2
657 146 1 33 39 50 10
696 364 1 42 36 73 6
1551 426 1 39 9 70 10
3139 864 3 57 34 30 7
2477 792 1 16 27 165 13
901 758 2 121 44 382 15
3625 604 1 79 7 229 18
921 348 1 15 10 138 18
3698 411 3 50 16 145 9
2284 613 2 45 35 260 16
3103 343 1 34 39 221 4
689 643 1 22 31 27 17
92 349 1 16 65 60 7
1575 82 1 41 33 68 5
274 684 2 45 23 39 2
3440 955 3 44 19 187 12
2787 203 1 12 17 178 4
1051 272 1 27 8 154 9
1767 462 1 31 7 275 4
1342 553 2 42 25 206 16
1108 572 3 71 29 69 2
628 942 3 66 42 97 9
3323 325 1 13 20 335 17
170 131 1 33 30 112 1
4267 932 1 16 14 128 17
750 648 1 32 51 155 1
4855 191 1 13 8 280 20
78 926 2 143 6 139 12
1868 282 3 62 20 119 7
4687 286 1 61 13 163 18
2465 459 2 24 35 363 11
2377 249 1 14 22 176 18
2830 437 1 24 21 158 13
4525 696 1 14 28 63 19
3467 759 1 37 41 174 5
56 135 1 11 24 435 13
1009 173 2 62 20 130 3
2059 235 2 46 32 66 17
4639 360 1 29 17 125 2
3378 200 1 15 17 260 11
4922 782 1 25 10 130 2
1227 476 3 139 12 148 14
520 662 1 15 21 219 6
4750 785 1 17 25 154 4
2119 958 4 58 44 29 10
4015 641 1 17 22 81 17
677 613 1 12 11 131 13
3703 697 1 27 14 191 2
3834 396 2 81 48 41 14
994 213 1 35 6 241 9
2553 133 1 27 20 181 17
2723 973 1 26 27 313 20
1842 660 1 38 39 127 19
3569 943 2 31 40 303 3
4676 974 1 23 28 94 6
585 671 1 82 23 49 3
1295 645 2 41 34 179 1
3362 999 1 13 26 193 6
1474 362 1 25 4 149 15
2803 425 1 21 32 65 11
2102 363 1 33 62 37 9
507 722 1 34 47 135 17
153 306 1 16 15 328 19
84 860 1 38 47 105 9
1139 651 3 62 46 61 11
2445 452 2 65 25 201 11
2365 728 1 40 27 153 10
491 147 4 104 18 240 4
212 969 1 42 48 209 4
4685 820 3 55 12 123 3
4101 158 2 28 24 258 9
3399 563 1 38 16 60 11
696 537 1 12 38 150 6
1775 951 1 37 27 66 4
1157 205 1 14 31 311 4
3682 239 1 13 58 212 19
3366 700 1 29 10 379 6
4443 268 1 43 22 43 19
4109 623 2 23 24 178 8
3071 498 1 33 67 137 16
1361 586 1 16 34 200 5
3983 707 2 24 8 217 14
2251 875 1 88 50 368 1
78 245 2 61 23 31 11
1394 783 1 39 46 134 13
1650 324 1 12 24 303 6
3207 738 1 31 19 122 4
4350 580 2 22 26 268 10
3727 689 1 14 12 352 5
415 275 1 33 48 283 18
3399 384 2 38 24 85 15
1595 851 1 91 19 159 1
1186 737 1 69 35 39 17
3677 89 2 31 41 59 12
12 355 1 45 29 143 13
3592 730 1 99 6 166 20
2802 990 1 30 6 146 2
2426 555 1 72 30 85 8
1065 521 1 47 27 70 13
1136 133 1 31 27 208 9
773 767 1 16 24 64 10
2224 922 2 49 14 184 4
2854 989 1 15 16 282 12
4856 646 1 24 41 45 15
1279 544 1 33 36 63 3
520 639 1 12 40 254 3
3434 535 3 97 6 124 19
2858 799 1 12 12 191 18
2117 571 4 88 13 131 13
441 654 1 32 47 238 13
2851 973 1 20 17 126 9
2112 154 1 58 50 58 9
1216 984 1 43 25 134 16
4295 659 1 39 29 142 14
2428 102 1 32 6 77 18
971 452 2 135 37 103 16
2059 542 2 84 7 70 14
4146 809 2 93 22 40 6
127 119 1 53 65 157 1
2171 469 1 26 7 169 8
3581 753 1 15 10 143 14
2740 605 2 55 5 139 12
1218 910 1 40 29 164 1
2780 479 3 46 23 23 20
3978 603 2 60 36 39 14
3450 857 1 54 6 142 9
3041 143 2 47 26 99 13
1297 761 4 63 59 55 7
3988 121 1 18 43 111 6
618 425 1 21 54 69 16
2919 707 4 90 47 137 6
4939 163 3 60 19 99 1
1073 779 2 24 27 416 11
1247 847 3 122 24 34 1
3385 262 2 70 28 168 18
2013 240 2 64 31 97 9
3826 822 2 27 20 432 4
3894 348 1 39 48 139 19
4327 268 2 46 19 360 7
3538 489 3 56 30 103 12
1783 210 1 23 44 92 4
1140 926 1 30 35 128 11
4511 699 2 39 42 318 3
4118 577 1 22 59 51 7
699 1000 3 99 10 140 5
2247 888 5 158 6 155 18
537 449 2 48 30 53 20
405 628 2 34 28 191 2
1572 815 1 16 42 366 10
32 858 1 29 7 198 19
2682 458 1 26 20 158 9
4473 691 4 44 44 57 11
4620 594 1 16 16 224 20
3809 358 1 14 24 377 5
30 461 4 90 14 26 2
4356 830 1 24 58 221 15
728 498 1 14 7 140 16
4138 781 1 24 45 70 5
4916 910 1 40 35 159 16
3262 936 2 27 28 310 19
2010 726 4 90 12 115 11
983 628 1 14 22 230 12
2712 663 2 63 6 153 2
588 415 1 42 31 213 10
1898 418 2 68 37 105 8
3789 534 1 11 18 139 10
180 235 1 33 31 199 13
1482 278 1 11 22 297 9
1399 787 1 14 4 167 18
2633 586 2 45 12 160 3
1777 529 1 33 9 69 18
408 517 1 12 58 116 11
1240 940 1 29 26 109 8
597 894 1 23 54 53 12
4082 656 2 45 18 44 11
2798 280 1 57 19 165 19
2292 574 1 19 25 149 8
2678 509 2 83 46 33 6
4165 348 1 36 46 162 10
4758 652 1 39 43 46 9
523 615 3 63 21 157 8
2429 801 1 32 10 118 9
2998 197 1 38 39 199 2
4885 587 4 192 6 185 10
1196 388 1 36 54 50 17
1271 151 1 20 61 270 12
2398 520 1 30 15 102 18
4526 151 1 47 36 46 11
3977 99 2 136 16 35 10
1403 873 1 14 22 188 15
1585 701 2 58 60 143 20
1764 477 1 21 28 186 1
2972 899 1 37 29 113 14
949 81 1 12 30 60 11
2582 197 1 15 34 137 6
2394 515 1 29 31 190 1
2069 641 1 19 49 64 20
1770 956 1 48 50 201 5
2264 364 1 16 21 208 1
1409 959 4 109 8 334 13
1395 138 1 14 7 195 7
4121 160 2 124 46 292 5
1464 817 1 42 42 73 20
2072 642 1 32 54 142 12
3609 948 1 22 35 166 14
2761 747 1 43 42 83 1
3495 200 4 189 24 132 10
4818 252 1 37 7 81 14
3006 253 1 56 20 134 11
122 598 1 30 12 127 2
4278 85 2 111 46 294 20
915 841 1 12 9 175 14
806 406 2 41 48 317 20
1986 702 1 41 21 106 7
273 590 5 153 27 46 5
1146 455 1 36 24 185 12
3289 721 2 23 7 278 9
2822 691 1 17 35 67 3
1174 118 1 23 4 171 18
284 459 1 30 38 421 5
3111 395 1 42 40 41 16
701 482 1 37 29 352 14
390 680 1 40 55 100 12
4818 276 1 31 18 174 13
644 685 1 14 50 119 17
4777 950 1 24 36 88 2
4671 856 1 13 36 332 15
4624 521 1 11 26 191 9
1513 518 1 13 10 206 3
1085 755 2 21 38 306 17
4001 86 3 91 20 353 6
339 141 4 46 49 30 17
2730 991 1 43 37 36 20
1977 122 1 20 25 97 12
2930 648 1 11 37 314 5
3677 410 1 13 20 338 19
604 221 4 116 8 108 10
1209 949 1 29 11 365 5
4898 271 3 94 39 22 4
591 844 1 25 30 354 14
3307 557 4 82 14 173 11
4017 168 1 19 37 283 8
1275 757 1 66 28 26 7
3636 233 1 14 17 261 5
4496 101 1 41 29 208 15
872 153 3 57 44 106 8
3497 389 2 33 35 142 2
1955 738 1 22 15 117 4
1333 212 1 40 43 213 6
2684 987 1 30 23 284 4
1498 884 1 17 46 80 12
2502 240 1 27 29 186 7
1490 572 2 24 27 24 11
2577 972 1 44 27 115 18
872 852 1 25 31 371 2
3274 164 1 29 28 124 1
646 217 1 14 24 143 4
2868 364 3 33 29 39 8
1457 535 2 74 10 141 4
197 993 3 63 26 254 17
640 143 2 87 6 138 10
403 207 3 47 27 308 2
1504 207 1 26 5 208 17
1512 371 1 46 34 32 19
3006 804 1 12 16 175 19
3062 830 2 80 10 188 1
14 521 2 25 6 223 17
981 731 3 99 8 186 10
1223 844 2 74 18 154 13
4356 372 1 32 49 180 5
1178 256 1 47 35 188 5
4493 232 1 31 37 343 6
2076 756 1 23 33 47 5
1228 461 1 47 17 508 8
3363 791 1 11 64 142 14
1984 652 1 29 14 121 16
2148 469 2 85 12 125 16
3351 881 2 22 7 269 5
2369 683 2 59 24 121 12
4375 985 1 38 35 288 16
3684 844 2 32 33 52 5
3465 270 1 81 16 197 14
3655 153 1 30 19 130 11
878 94 1 37 37 123 18
3474 641 5 227 6 303 16
1024 405 4 61 40 36 3
3296 912 3 70 19 43 8
4988 319 1 69 25 165 9
1834 122 1 22 34 252 5
2546 714 1 16 22 295 11
4621 568 1 14 36 114 14
4612 701 1 39 59 103 8
185 116 1 18 22 95 10
1940 534 2 25 5 196 10
2692 111 1 25 6 158 16
1022 778 1 21 36 89 1
3303 638 1 71 8 247 3
471 845 2 31 21 392 20
864 150 1 11 35 180 18
2175 580 3 61 25 104 4
1855 437 3 45 27 33 17
1563 581 4 73 20 196 4
4872 284 1 44 30 287 15
4788 953 1 37 12 124 12
3555 363 1 105 53 16 17
2972 139 1 13 10 492 10
2528 550 1 43 34 170 3
1418 489 1 47 9 104 1
870 533 2 58 18 99 11
1104 994 1 26 16 181 3
4049 506 2 29 11 195 11
1780 420 2 27 25 233 18
4092 211 2 24 6 133 10
2808 89 1 15 11 126 15
4441 392 1 27 23 245 15
4459 813 1 11 38 237 15
4543 457 1 15 25 204 1
864 408 1 48 33 91 5
3901 869 1 14 28 218 19
4317 502 1 96 10 175 12
1126 381 1 14 16 166 3
1473 806 1 39 39 126 1
4497 141 2 73 15 40 20
4829 101 1 25 28 452 16
4620 422 1 49 11 97 3
664 289 1 32 48 213 4
1551 112 1 39 38 119 19
3455 809 3 49 17 118 11
1509 300 2 42 20 119 4
2784 531 1 51 48 32 11
4020 115 2 31 45 54 6
4129 84 1 24 17 89 8
2760 287 1 12 10 165 13
1386 703 1 12 40 296 17
1506 648 4 158 41 281 3
801 816 1 39 10 63 19
1466 792 1 17 54 86 16
1900 911 1 15 26 115 15
3922 819 1 46 26 61 17
2227 814 1 23 48 91 4
1254 90 3 90 16 290 7
308 571 1 48 38 275 13
176 695 1 46 21 193 6
2502 501 1 32 23 170 9
2770 956 2 31 31 441 3
4288 441 3 50 54 137 19
2306 377 1 13 22 354 10
4295 249 1 36 45 98 3
2361 853 1 12 23 235 9
3307 733 1 16 51 224 16
1272 944 1 20 50 74 16
28 682 2 41 31 225 4
3256 287 1 44 66 43 14
3126 956 1 23 4 174 16
4274 784 2 28 30 237 16
1464 862 1 34 39 241 19
3141 881 1 45 41 141 2
4248 709 1 32 5 251 17
4755 864 1 61 34 116 10
548 450 1 51 6 91 4
4919 237 1 14 40 202 10
445 450 1 14 11 179 6
2995 143 1 32 7 157 1
4439 377 2 33 24 37 6
1875 796 1 44 44 233 6
3139 384 1 47 13 274 10
