83 3822
4 40 12 192
3 32 60 288
5 16 24 48
1 32 16 128
1 40 68 208
5 40 68 256
2 32 16 448
1 24 24 512
2 48 52 176
3 16 12 128
5 24 48 320
1 16 8 192
4 24 24 144
1 16 52 416
2 48 32 400
1 24 24 160
2 24 32 80
2 40 28 320
4 48 8 336
3 48 48 400
3 48 32 240
5 48 36 48
1 48 24 48
1 48 40 64
3 40 36 128
5 24 8 352
5 16 48 304
5 48 32 144
5 16 60 208
1 24 32 64
3 40 40 256
5 48 72 48
4 24 60 128
5 16 68 320
1 48 68 240
4 32 60 112
5 48 64 144
4 16 72 336
1 40 32 496
1 32 8 352
1 32 16 496
5 32 40 224
4 16 56 128
1 32 24 192
4 48 32 512
5 32 24 80
3 40 24 144
4 48 64 432
3 16 12 368
4 32 8 448
5 48 52 176
5 32 68 80
5 32 40 496
3 24 24 464
4 32 28 144
5 48 64 288
2 48 60 272
3 24 36 240
4 48 20 272
5 48 44 416
2 32 60 240
4 16 44 416
5 24 52 496
1 48 20 432
4 32 44 160
3 40 16 48
1 40 24 48
4 48 64 240
2 40 56 48
3 48 72 112
4 40 40 96
5 16 16 128
5 32 12 128
4 40 64 496
5 16 28 96
1 24 56 464
3 24 44 32
3 16 48 144
5 24 20 368
5 24 8 96
4 24 52 176
5 48 64 416
4 24 28 304
1240 803 2 77 16 121 7
3213 939 1 46 13 417 20
4782 509 4 52 9 100 1
1961 894 1 28 23 24 3
1020 929 1 16 23 396 13
619 374 1 22 12 181 6
1965 495 2 105 31 38 11
3959 595 1 36 42 81 19
370 579 1 118 42 483 20
4521 417 3 40 10 92 3
496 844 1 23 4 275 20
1273 827 1 23 16 125 7
4163 324 1 36 13 48 5
2155 239 1 24 16 353 9
3614 760 1 32 31 43 20
2175 150 1 40 28 334 3
1923 185 2 111 7 161 6
1279 461 1 13 7 187 10
4126 87 1 18 19 273 13
557 93 1 71 26 242 2
2733 625 2 76 17 239 15
1918 976 3 126 5 420 7
2038 547 1 27 49 124 11
1749 723 1 22 31 51 12
353 542 3 36 20 71 12
1995 658 3 45 13 85 7
1033 642 1 26 5 162 10
3496 993 1 24 20 432 12
2686 950 1 22 33 381 1
301 977 1 19 15 304 9
4417 724 1 20 22 63 6
3295 474 4 95 5 211 14
3477 687 1 24 15 274 18
218 730 1 43 56 163 17
2034 208 1 30 16 417 12
2459 189 1 44 27 37 1
843 93 1 28 10 432 8
4174 569 4 87 8 162 3
4743 979 1 32 20 30 8
521 425 1 22 15 169 13
2578 525 1 32 12 42 17
4305 113 3 97 14 73 11
3484 326 1 78 57 78 12
2424 802 1 47 40 57 3
2136 159 1 25 21 132 10
4325 188 1 76 38 42 6
1332 464 1 34 24 340 9
2621 417 2 54 52 44 12
1579 838 2 22 21 38 13
2131 646 1 68 9 29 13
2052 861 1 31 15 125 18
4307 489 1 45 31 46 14
883 533 2 42 49 115 7
3321 970 3 55 26 170 11
4934 203 4 51 8 92 14
2670 146 1 19 25 41 17
4058 537 1 30 9 295 10
3270 698 1 60 16 443 5
1819 166 3 95 22 131 3
3476 243 4 56 52 127 13
2055 716 1 31 19 48 6
4278 151 1 46 16 93 15
1997 336 1 16 7 125 11
832 660 2 66 28 276 1
600 747 2 56 31 240 2
3702 946 1 61 24 110 7
4683 605 2 36 41 138 5
4567 747 1 43 20 24 19
1418 293 2 45 18 111 19
2338 262 1 22 7 171 2
2759 752 2 62 13 130 13
151 234 1 38 12 23 11
367 532 1 64 10 104 7
3646 743 1 23 21 239 16
3671 618 1 17 22 55 14
2818 917 2 80 49 111 10
600 479 4 120 42 487 15
4251 294 1 17 18 353 16
976 689 4 172 49 317 2
4793 542 3 114 8 75 4
1353 95 1 22 11 136 13
2084 748 1 27 12 477 14
3633 237 1 36 15 206 19
2399 518 1 40 12 77 19
4169 189 4 73 5 221 7
2891 417 3 87 12 23 19
4146 159 1 12 7 73 1
3924 133 2 65 43 82 6
3040 941 5 66 64 251 4
279 476 3 35 34 125 19
3108 667 1 95 30 183 2
1511 348 2 130 57 332 18
1725 530 2 54 41 80 6
1206 569 1 38 18 34 17
4019 108 1 23 20 152 6
99 470 1 29 11 342 17
1646 972 1 89 5 279 16
8 841 1 15 8 179 19
535 823 2 32 22 48 19
1439 763 1 94 35 192 12
2137 250 1 22 7 314 1
1556 541 1 61 54 111 11
3230 969 2 47 9 232 3
4827 594 1 25 15 144 17
4336 195 3 64 33 135 16
1387 522 2 73 27 238 1
1932 852 1 32 52 149 9
2855 530 1 35 26 305 20
1689 785 1 45 18 242 2
2503 870 1 32 16 32 11
4154 897 2 26 48 127 20
949 455 4 155 12 172 6
134 122 2 38 10 219 18
3299 147 1 12 37 313 20
2651 724 1 29 10 307 12
233 787 1 47 20 36 2
4666 580 1 34 13 36 4
1460 717 1 14 42 358 1
4778 207 5 72 12 107 11
2296 832 1 92 27 228 3
3819 446 1 14 27 301 10
4971 343 1 14 36 114 11
3498 666 1 35 22 23 18
1043 308 2 49 6 318 10
2959 274 1 22 18 46 12
1980 613 3 46 16 71 18
1456 985 1 44 20 36 14
2451 836 2 44 4 161 8
4883 144 2 215 64 102 15
68 680 5 58 12 104 8
2840 927 1 16 8 113 13
3626 690 2 48 23 133 1
1390 993 2 34 15 42 14
4716 254 2 33 32 45 2
1758 794 1 12 33 144 17
1024 208 2 30 33 89 6
2368 118 1 85 56 131 15
764 172 1 44 26 61 2
748 655 5 136 15 71 8
2696 346 1 11 46 282 12
3423 337 5 90 49 398 9
3705 532 3 48 9 111 7
2103 230 1 40 24 32 1
4778 607 3 188 61 410 7
3053 701 2 37 25 37 5
3799 162 1 30 24 281 8
4706 480 1 27 23 37 14
4092 596 1 12 32 206 18
3733 674 1 69 22 194 10
2565 637 2 32 27 20 10
727 575 1 25 39 111 14
4303 980 1 54 14 93 20
1831 557 1 65 21 283 13
376 282 2 68 12 387 9
1821 615 1 26 29 190 17
316 585 1 14 8 192 5
1134 789 2 78 18 80 19
4412 776 2 89 29 208 3
265 735 1 48 21 131 11
865 987 1 17 11 277 14
4197 83 1 64 21 308 10
484 744 2 50 24 56 7
1547 672 1 24 18 50 11
2829 483 1 59 23 95 6
4803 959 2 39 16 243 17
2831 730 1 19 29 51 3
1685 832 1 32 27 182 11
2404 352 5 64 13 29 7
404 381 1 39 20 38 8
2718 856 4 57 18 38 13
2189 297 2 54 9 35 3
2321 403 2 23 21 52 17
1049 538 2 59 9 409 7
3793 799 1 42 37 49 4
4937 132 3 63 54 120 14
987 463 1 11 42 259 5
1673 394 1 31 6 283 20
1729 476 3 36 65 290 12
1347 379 1 22 23 38 6
598 206 1 56 9 46 11
1431 377 1 41 23 37 12
3616 542 1 25 8 315 9
661 843 1 24 16 237 6
2728 449 4 107 26 96 7
1689 891 1 59 55 26 5
4676 349 1 24 12 480 6
1305 840 1 46 21 109 10
4179 977 1 53 10 69 8
2587 742 1 30 57 111 5
1631 565 1 43 36 218 2
1586 983 1 40 12 253 19
3947 728 1 77 29 326 1
3623 947 1 14 8 284 18
594 314 2 44 19 38 4
2069 115 1 37 35 77 9
1332 754 1 88 21 75 6
2725 177 5 197 60 22 8
4293 478 3 64 53 99 20
2082 563 2 51 21 210 16
1828 808 1 40 48 100 7
56 648 1 32 12 31 14
4017 718 3 111 16 131 8
3235 312 1 40 67 181 3
1373 442 1 31 12 121 9
4408 697 2 61 16 247 6
941 867 1 39 23 296 15
1324 611 3 128 37 129 17
4126 201 4 85 18 72 10
235 418 1 35 19 72 19
3277 405 1 24 15 399 20
965 563 1 23 8 62 3
411 390 1 88 45 154 7
1672 179 3 43 13 70 10
1267 641 1 22 23 104 3
4121 980 1 30 22 136 12
1017 876 2 91 8 23 8
1652 228 1 30 22 129 9
3894 595 1 22 20 115 6
3221 904 4 237 49 135 4
4840 327 1 32 56 22 2
3273 731 1 22 6 269 17
3331 798 2 32 46 105 4
2500 638 3 80 27 223 14
2510 473 1 46 38 120 19
4233 606 1 96 35 81 15
4893 434 4 62 21 25 7
2400 283 1 26 21 137 1
129 948 1 31 8 278 9
3528 194 1 37 51 114 15
4878 874 1 47 15 88 20
1918 837 2 44 15 274 3
2784 599 3 150 28 80 2
2949 960 1 35 18 477 14
1127 300 1 22 13 61 5
3711 774 2 27 21 55 6
4536 882 1 38 51 36 2
2002 600 1 35 52 104 20
2251 680 1 53 18 204 15
195 720 1 29 11 414 11
3643 435 1 23 24 415 13
85 149 2 80 17 111 13
216 396 4 94 39 74 20
627 876 1 34 19 36 1
138 456 1 45 45 126 10
2184 242 3 123 25 434 6
3330 583 1 34 11 411 12
1747 821 1 45 14 42 11
223 247 1 36 39 213 13
2452 859 1 57 6 205 16
3734 606 4 62 37 247 3
707 530 1 30 20 81 11
293 576 2 72 63 243 18
3640 100 1 12 45 119 4
2124 696 5 124 9 67 2
84 511 1 28 26 44 6
768 340 1 61 17 66 9
272 427 1 95 29 78 16
2839 712 5 223 36 24 18
2897 715 1 21 26 54 19
133 231 2 92 21 89 4
599 127 1 20 26 34 8
3100 590 1 24 19 148 11
925 551 1 33 40 134 2
3032 280 3 137 62 232 17
2899 107 5 92 6 263 17
4252 734 5 189 65 149 7
2479 251 1 21 14 156 11
2127 143 1 42 5 213 3
4022 438 1 34 32 52 7
1993 995 1 11 8 129 7
2081 353 1 40 64 198 9
3010 956 3 54 26 63 20
4240 191 1 68 24 166 18
3790 449 1 58 46 44 14
4068 536 3 66 8 95 18
3576 362 1 18 21 119 9
4154 824 3 76 8 88 8
4465 102 1 37 22 295 2
542 856 1 21 22 334 1
3589 100 1 25 10 117 12
4130 994 2 39 7 62 3
4176 554 1 40 16 23 20
2534 182 2 45 6 243 14
1670 685 1 31 23 476 4
2139 840 2 58 8 172 2
1266 935 1 24 13 456 17
3222 550 1 83 28 174 10
3684 913 2 58 23 131 5
4574 216 1 22 13 253 15
448 325 1 15 42 300 10
1718 192 1 65 23 98 13
1244 552 1 32 16 32 3
4883 132 2 33 31 66 18
546 352 4 63 24 56 3
1001 987 1 41 16 403 2
1791 344 3 67 29 32 18
409 393 1 20 29 48 4
4515 228 1 59 18 72 20
4213 390 3 61 16 86 10
4688 549 2 129 63 30 9
2764 907 1 29 46 145 13
3438 323 2 46 28 183 16
2294 719 1 28 5 222 6
4473 627 1 48 26 30 12
1475 343 1 22 7 229 3
1423 912 1 38 18 43 5
533 924 3 41 12 87 7
3120 797 1 30 6 318 1
2084 483 1 23 6 315 19
2592 596 3 65 36 17 2
2157 947 1 14 12 303 16
99 945 1 33 20 42 1
922 885 1 32 5 345 5
482 792 2 86 39 153 15
4617 783 1 93 8 83 6
3740 609 1 38 31 488 5
3416 580 3 91 16 303 15
1758 556 1 24 27 32 20
3326 585 4 48 55 112 10
4302 375 1 28 9 23 7
3866 462 1 20 18 270 20
2980 446 2 46 30 71 8
938 843 1 36 45 121 4
951 732 1 24 18 129 5
2418 686 4 91 21 187 10
3059 323 2 47 17 71 2
3225 207 2 69 28 251 8
4904 677 1 19 18 40 17
4719 773 2 96 14 69 20
2501 532 1 33 49 150 1
4196 241 1 26 14 312 1
1004 779 1 29 9 434 13
3017 650 1 63 31 288 10
4608 639 1 37 48 22 1
4366 332 1 25 12 100 18
4248 822 2 38 15 178 15
4824 569 1 37 52 125 6
64 992 3 139 46 76 6
3762 876 2 88 32 155 7
4385 267 1 31 11 123 19
301 973 2 38 7 121 1
1779 536 3 33 15 22 6
2847 945 1 50 14 240 14
3682 834 3 62 42 83 19
1220 319 3 40 7 301 4
3202 417 3 90 6 258 11
2339 231 1 20 24 340 17
4140 806 1 37 17 117 18
278 598 2 47 21 74 1
1399 774 1 23 53 83 16
743 190 2 44 25 15 7
1272 968 1 22 13 137 11
1248 979 3 47 22 60 18
1134 863 1 16 22 345 20
2609 560 2 99 8 141 10
1158 838 1 33 24 138 17
3882 135 1 32 11 115 14
2163 92 1 70 24 131 14
4140 738 2 96 37 295 17
1215 632 1 30 20 239 5
2333 577 4 110 8 122 14
569 827 1 22 18 34 6
148 740 1 23 11 76 1
1603 818 1 21 19 30 16
2389 347 1 11 8 156 20
519 1000 1 20 18 383 14
629 124 3 39 23 36 20
2001 246 1 23 14 377 18
4228 315 1 14 47 139 4
4506 598 1 16 17 253 12
2416 896 5 111 4 75 16
4811 252 1 44 11 244 19
3619 329 1 17 32 285 11
3423 993 4 51 34 275 14
2518 809 1 41 55 64 3
2875 555 3 49 6 54 11
4770 709 2 22 12 83 13
4988 204 4 145 33 234 19
1657 385 1 12 7 224 20
211 205 1 30 32 31 14
157 510 1 28 13 29 16
2150 484 2 36 29 28 5
2192 438 4 148 15 188 2
4780 456 1 24 9 96 16
3713 916 2 55 15 282 20
1866 450 5 66 13 29 9
2713 608 1 51 14 83 1
1893 379 3 177 57 191 8
1950 340 3 163 61 413 7
666 206 1 38 12 36 7
1116 719 4 96 8 53 16
2332 843 1 44 21 37 17
4992 433 1 23 36 221 4
4429 690 2 140 33 267 7
1262 901 2 44 24 75 14
912 701 1 22 10 479 4
809 983 1 20 23 433 8
1666 692 2 32 7 242 12
901 747 1 12 47 226 18
3942 462 2 83 9 70 1
4271 81 1 33 62 127 8
961 334 1 11 11 58 9
738 361 1 18 27 54 10
820 87 5 55 27 140 2
2587 640 1 48 19 57 11
1215 660 1 40 32 280 20
138 986 1 35 17 33 9
918 867 1 44 12 108 11
2228 539 1 46 9 64 7
4992 673 5 144 10 85 19
1084 701 1 37 20 121 3
3199 352 1 96 65 26 9
1558 369 1 45 17 408 5
2792 136 1 11 6 164 13
2565 529 1 26 10 206 13
3501 767 2 79 57 317 19
3868 407 1 28 47 119 15
18 256 1 23 10 93 14
2656 691 4 48 56 100 2
1837 536 1 38 19 88 15
3289 999 1 12 31 381 20
526 915 3 50 56 98 14
4315 846 1 17 23 29 18
4096 280 3 46 13 43 8
3350 395 1 45 16 34 18
2601 126 1 24 7 233 18
3466 561 2 33 10 97 13
2767 953 1 41 17 31 5
1699 276 3 47 12 59 13
4495 610 1 46 21 413 7
298 243 1 35 13 30 14
354 213 1 38 23 193 16
284 218 1 47 16 289 6
998 819 3 63 50 87 11
2255 353 2 68 16 137 16
2988 570 4 77 15 97 2
280 218 1 104 5 85 20
674 424 2 27 22 47 4
4171 540 1 17 19 118 9
1640 849 4 148 7 108 15
3900 688 2 97 59 25 18
2478 623 1 23 13 343 8
1282 284 1 28 32 40 19
3067 148 2 64 31 341 6
1046 111 2 64 21 41 2
611 906 3 83 11 105 11
521 584 3 46 23 67 20
3826 167 1 23 20 106 2
802 544 1 22 14 321 20
3182 438 1 41 38 54 9
4800 330 1 23 32 64 18
3840 195 1 15 5 91 11
3735 204 2 67 23 19 18
3706 401 1 37 52 197 10
4880 589 1 36 15 111 1
1067 327 3 34 11 322 6
4632 162 1 25 10 444 12
3420 714 2 115 12 162 15
3820 257 1 45 11 35 12
466 788 4 50 18 48 5
4567 898 1 31 13 118 16
890 875 1 47 31 71 9
4734 628 4 79 14 128 16
1280 383 2 48 14 285 9
4052 299 1 24 8 217 17
1259 387 1 24 18 443 1
1057 861 1 22 16 378 12
2856 127 1 22 9 125 4
1873 516 1 43 29 51 16
4923 495 1 66 23 301 13
3022 230 1 12 5 146 2
3075 708 1 222 26 307 20
1708 840 2 43 6 63 15
245 669 1 29 15 29 17
1039 469 2 114 6 95 20
1566 799 2 72 7 78 18
2182 235 1 32 6 334 15
1041 502 4 141 21 335 3
2025 794 1 39 42 168 16
4193 439 4 86 12 100 4
3765 183 1 42 34 33 7
2459 99 3 135 16 57 4
1767 395 1 28 14 113 3
4803 623 2 75 28 294 9
904 190 2 55 18 141 15
984 741 1 40 29 53 3
361 505 1 38 42 38 1
1507 617 1 32 4 261 11
3107 395 1 22 8 89 16
3457 640 3 137 4 321 16
3498 360 2 109 8 202 16
4049 177 1 73 15 30 14
2712 727 1 17 16 280 5
455 200 2 38 19 215 9
393 490 1 16 5 94 7
3212 672 1 45 15 37 3
4933 221 1 39 18 24 10
3444 444 1 17 15 54 8
2405 881 1 81 26 93 4
834 101 1 32 22 163 15
1848 857 3 57 17 175 17
2244 445 1 31 5 188 20
1867 542 3 70 5 59 13
2773 123 1 24 52 295 2
1130 898 1 44 31 91 4
1974 745 1 48 21 233 5
835 244 1 70 9 30 13
2971 239 2 35 14 117 13
2179 483 3 65 14 224 7
2550 293 1 39 16 46 14
2955 516 2 144 25 26 16
2271 302 2 121 15 103 11
4906 374 2 35 22 67 16
578 410 1 73 23 111 2
976 254 1 21 29 48 1
988 772 1 23 7 301 13
2192 667 2 59 14 71 10
810 86 1 37 5 180 7
3717 204 1 99 28 214 11
3232 479 1 46 9 437 12
4392 542 4 94 5 51 11
606 743 3 57 29 30 12
2591 375 1 12 12 261 17
566 595 1 20 15 357 6
2559 894 4 120 5 93 15
1679 587 1 23 20 191 16
2676 814 1 24 37 262 3
4041 689 3 82 6 320 13
4151 722 1 11 26 397 9
127 631 2 108 7 93 7
547 216 2 30 7 198 11
1173 833 2 63 39 71 7
3239 602 1 62 28 86 14
1874 434 3 42 54 85 5
1912 757 1 51 18 47 10
1169 724 1 84 21 297 13
1905 500 1 66 27 35 11
1143 947 1 35 22 404 7
2270 230 3 89 17 61 19
1997 483 1 27 26 150 3
1046 952 1 16 31 285 3
2893 385 1 39 18 324 8
4302 426 2 49 29 17 1
3494 189 4 59 10 72 8
3240 704 5 149 34 202 14
2947 804 1 46 24 52 19
1027 570 2 67 60 326 6
1923 260 2 44 12 373 20
4849 655 1 38 22 44 13
3916 638 2 106 10 40 4
2067 378 1 16 8 110 20
4602 668 1 23 41 60 7
2545 771 1 21 34 155 19
1076 777 2 68 12 204 20
2555 301 1 48 31 23 3
3086 128 1 24 22 42 9
2127 648 5 236 28 139 20
4664 936 1 34 24 467 13
3929 819 5 166 58 306 9
4728 575 1 12 11 291 11
2089 191 1 24 32 226 19
3164 352 1 32 15 199 10
4377 128 1 40 22 177 4
2720 799 1 36 14 25 11
3733 825 2 66 46 169 14
2560 910 1 27 18 298 20
1940 270 1 32 50 111 15
3142 323 1 22 14 355 4
4858 429 1 44 19 73 14
2855 653 3 77 6 75 5
1586 469 1 17 12 146 20
1261 309 1 86 38 110 12
606 349 1 23 21 232 20
2402 259 1 38 24 30 6
4534 352 2 135 57 125 6
1555 634 1 13 9 80 19
1103 269 1 27 11 96 9
2863 355 1 27 20 294 1
2881 337 1 32 18 151 4
3903 196 1 36 18 100 11
4976 382 1 57 31 31 11
2671 453 3 53 16 213 3
2379 484 2 27 6 215 4
4514 381 2 68 8 37 5
3958 548 1 12 46 317 1
2306 515 1 46 28 175 12
266 896 1 27 11 103 15
2287 775 4 92 20 148 17
3024 163 5 152 6 64 18
3360 366 1 33 19 258 2
1346 163 1 30 12 98 17
1344 881 1 55 23 90 11
1402 154 1 28 19 136 14
2108 606 1 35 16 27 13
114 821 1 24 16 289 1
3516 716 2 44 16 102 12
3079 304 2 47 32 99 14
658 117 3 54 8 46 13
648 439 1 87 35 204 8
2952 125 1 39 25 147 3
1747 327 1 36 27 25 5
1393 800 1 13 10 109 20
1509 591 1 32 18 211 1
4279 96 2 43 32 138 12
1753 556 1 16 4 108 12
2228 559 1 19 23 43 15
1950 813 1 48 33 115 3
4720 104 2 75 43 237 15
1415 851 2 55 36 91 7
2324 657 1 42 47 89 13
2219 977 3 48 12 316 7
2153 347 1 33 22 207 4
2397 480 2 93 24 111 5
2993 243 1 34 40 154 20
3894 389 1 26 22 170 7
4176 731 1 63 32 121 3
564 734 1 12 5 129 16
3289 684 1 42 17 110 3
3072 945 1 31 17 183 11
3624 267 2 103 8 140 19
3859 947 3 62 21 27 9
4682 964 1 19 16 81 14
713 649 4 88 30 68 8
657 932 3 38 47 239 10
3598 457 1 47 18 426 18
4887 372 1 13 25 248 6
1532 374 2 32 13 45 3
2034 746 2 65 31 31 11
2944 949 3 87 5 225 4
4656 227 1 38 21 22 10
1767 597 1 47 22 39 15
3069 801 3 69 36 94 3
872 565 3 33 26 61 5
1857 532 1 25 14 80 13
3671 592 1 26 6 336 7
4361 177 1 18 20 408 11
1211 805 3 62 13 88 6
3182 704 2 54 23 101 8
4453 454 1 43 39 52 12
2048 575 1 33 28 78 5
1312 369 1 33 28 407 14
1236 91 1 34 64 101 4
138 701 1 16 24 387 9
116 881 1 34 6 306 18
4218 766 2 157 10 126 18
4661 786 1 48 20 357 16
32 453 4 190 62 311 3
699 594 1 41 28 166 5
1942 532 1 74 40 463 7
1054 389 1 21 17 122 18
130 446 1 31 15 171 19
371 544 3 47 16 106 14
1390 328 2 101 34 38 12
290 437 2 64 17 59 6
2127 435 1 38 11 198 10
4165 787 1 28 11 27 18
381 790 1 127 36 329 1
2317 589 1 38 23 95 5
623 155 1 62 36 24 3
3325 778 2 46 13 125 20
4420 354 1 47 20 106 17
2067 242 1 38 34 194 9
1493 872 2 43 7 121 19
1454 725 2 39 9 292 13
18 722 1 40 24 142 7
920 341 1 27 35 83 9
1892 285 3 56 11 69 11
766 265 1 18 15 444 17
685 173 1 22 24 91 6
2869 616 1 40 22 436 13
2924 340 1 40 19 32 9
1662 969 4 95 6 62 16
2454 973 1 20 23 123 12
4144 710 4 110 11 166 2
3913 749 1 17 17 261 1
3813 666 2 114 33 108 19
1884 334 1 26 41 272 5
3321 168 2 36 8 297 6
2290 130 1 28 35 78 14
4658 713 1 27 19 249 11
1308 828 1 19 24 158 9
681 521 2 90 23 105 11
1487 262 1 15 35 372 11
968 658 3 59 14 119 13
2570 600 1 32 36 64 18
4784 894 3 117 16 105 15
3805 832 2 77 48 233 3
603 396 1 17 31 58 2
3771 861 1 33 24 458 10
2812 955 3 70 20 71 14
884 264 1 44 6 69 1
4413 528 2 27 6 170 6
3894 666 1 15 12 253 1
38 318 1 35 49 223 18
173 569 3 66 14 221 20
1320 632 1 14 5 133 9
3297 886 1 26 13 429 20
746 868 1 68 26 132 2
612 630 2 36 19 130 6
899 417 1 22 16 108 14
197 694 2 70 23 69 18
2841 133 1 18 34 339 13
1433 884 2 72 12 84 11
1018 198 1 35 5 196 1
694 276 1 65 44 301 12
520 968 2 58 9 105 4
1858 577 5 64 27 267 15
4672 144 1 23 15 423 5
1741 582 2 69 48 37 8
2417 681 2 56 35 127 20
4034 428 1 21 19 366 15
1029 153 4 82 44 161 3
2859 302 1 31 24 82 9
3948 582 2 62 12 73 8
3425 498 5 71 9 117 18
454 806 2 63 21 143 6
4177 211 1 15 42 109 15
3576 791 2 80 19 223 16
2843 867 2 39 46 78 4
4788 476 1 39 36 197 8
1182 210 3 95 37 60 1
429 213 4 191 40 300 16
3981 698 3 99 58 111 16
3240 985 2 95 14 201 10
2312 314 1 22 9 304 3
193 512 4 74 24 25 18
4685 182 1 36 21 70 19
1624 613 2 66 18 237 18
1401 985 1 41 49 130 13
2700 893 1 36 24 57 15
4776 795 1 33 36 105 10
3305 468 1 126 7 129 1
4660 706 4 140 16 193 6
3285 797 1 60 31 247 2
1257 269 1 32 14 218 5
4100 215 4 140 10 103 1
442 235 2 88 28 230 7
1424 753 1 37 41 17 17
879 990 1 42 21 135 2
544 315 1 36 29 473 20
3712 732 1 12 8 155 8
4075 606 2 96 26 39 4
3139 164 1 30 17 32 9
4173 82 3 109 11 42 8
4157 476 1 20 24 464 6
3908 252 1 53 10 121 3
2084 546 2 79 11 26 1
1934 768 2 32 11 272 15
2646 271 2 30 27 378 2
2925 340 1 12 11 251 7
433 976 1 17 23 367 7
2637 217 2 237 32 90 5
3112 380 2 44 19 45 6
1899 849 2 29 17 59 5
4019 647 3 92 5 90 12
1432 508 3 73 17 350 17
3835 257 1 32 14 455 3
4758 106 3 64 47 106 20
3392 179 2 44 15 213 20
3863 157 4 97 44 342 18
392 964 4 43 11 98 11
1924 991 3 126 6 125 19
3266 449 5 217 61 122 2
2978 257 1 27 5 222 13
440 227 1 32 7 179 11
4529 544 1 22 23 49 2
4065 389 3 53 15 309 8
4971 643 1 26 8 181 10
4418 159 1 34 29 449 18
4489 127 1 32 49 198 15
3617 323 4 109 20 61 18
771 219 1 36 63 108 16
4474 418 1 35 20 313 13
3238 724 1 22 16 297 4
451 104 3 103 23 51 17
3093 538 1 43 37 49 6
4999 352 1 38 39 39 14
1884 390 1 83 37 164 7
2378 991 1 22 8 353 1
4838 419 1 30 20 107 19
1923 120 1 70 41 171 14
2373 735 1 29 5 221 3
3848 293 1 32 31 133 6
947 540 1 22 9 244 9
3602 795 1 32 14 67 10
4755 631 4 75 29 237 6
4800 689 2 96 55 22 9
4807 496 2 55 41 47 13
2956 830 4 71 28 50 19
2589 360 1 16 29 51 19
699 793 1 38 25 53 13
2808 337 2 44 19 84 14
952 448 2 37 17 173 12
978 805 1 18 15 88 6
4708 635 5 100 7 60 16
3447 863 1 18 20 66 10
3121 401 4 67 17 25 17
1539 749 4 46 23 357 1
252 586 1 31 22 32 11
2627 731 3 45 29 196 5
1797 498 1 13 37 312 16
4584 216 2 59 59 171 3
388 871 1 55 15 81 12
1003 134 4 93 10 94 9
1752 143 2 77 16 26 13
93 227 1 17 19 158 2
1901 477 1 15 34 316 14
328 622 1 85 50 140 16
1619 386 2 70 48 182 18
281 242 2 52 20 73 16
3018 995 2 81 32 216 9
2939 166 1 38 20 357 15
2253 786 2 46 9 412 4
3546 952 1 34 13 31 20
4790 481 3 47 12 96 1
4006 101 1 22 18 397 11
438 772 4 161 57 83 11
268 157 2 62 7 93 10
1708 913 1 22 11 349 4
4512 615 3 104 44 37 19
2839 311 1 75 7 90 17
1106 636 1 24 11 333 11
1750 200 3 60 6 56 10
4109 646 1 34 29 32 1
3085 215 1 12 6 147 4
2944 628 3 94 11 129 2
4431 415 2 59 31 327 9
2708 423 1 23 12 147 9
187 714 1 24 15 457 7
2426 545 1 37 28 359 4
4795 356 1 47 16 73 5
2197 730 1 86 7 53 13
2517 995 2 37 27 37 13
3199 966 4 45 14 29 6
4234 126 1 41 35 43 4
4572 836 1 30 11 61 11
306 504 3 39 16 72 5
4516 260 2 142 45 42 3
1925 265 1 34 36 44 12
3011 829 4 79 28 158 7
1508 964 4 85 7 69 15
3313 310 2 38 24 219 13
3953 404 1 45 22 36 6
2239 129 1 37 38 51 17
1393 608 1 47 29 59 1
994 756 1 49 22 116 10
3727 257 1 56 11 111 15
1658 200 2 117 30 358 5
1327 541 1 46 12 196 16
2238 579 1 36 48 97 19
3963 279 1 82 11 121 13
3432 843 1 63 11 69 14
4910 358 1 22 24 77 7
874 724 3 92 36 67 13
3834 275 2 36 7 255 12
3796 811 1 48 38 67 3
3166 587 2 93 58 240 14
737 445 1 16 7 238 1
2059 914 3 64 7 89 7
2929 792 1 48 17 24 15
925 517 3 75 7 298 17
584 331 1 12 45 238 5
1387 788 1 11 8 127 14
4710 837 1 34 37 54 18
134 901 5 71 22 34 8
2527 859 4 124 8 73 17
3878 520 1 23 25 51 7
1123 106 1 30 8 115 8
3823 890 2 47 9 282 2
2437 159 1 41 7 345 12
3522 793 1 32 13 23 20
2979 166 1 47 18 48 4
1862 575 1 24 44 27 20
4871 746 2 51 23 268 17
2595 173 1 19 21 442 12
3604 954 1 28 21 43 5
297 195 2 29 10 211 20
4845 743 1 24 19 101 2
2090 87 1 18 23 499 4
709 654 1 32 10 306 11
3856 395 2 82 6 266 8
1555 745 1 37 13 321 17
3932 353 2 107 45 147 1
2790 861 1 29 10 421 15
4132 928 2 65 26 28 11
238 284 1 11 43 313 12
3853 367 2 75 8 218 16
4579 862 3 119 36 229 1
2114 853 4 95 7 219 19
3320 884 1 60 11 95 8
3784 188 3 56 40 96 3
3003 354 1 29 15 167 18
4773 947 2 62 30 236 5
4199 284 1 24 27 67 13
1919 904 1 32 15 40 6
3783 333 1 15 7 89 10
1532 613 1 30 19 148 11
3968 103 1 36 65 114 3
2422 880 2 46 34 102 2
907 796 1 21 25 58 10
2366 552 1 30 16 70 5
2127 607 1 43 36 111 3
4937 339 1 34 17 73 17
4897 898 1 28 20 34 12
1503 587 2 131 39 348 20
3039 263 1 40 26 484 10
2644 789 1 28 23 32 20
191 738 1 40 24 33 15
3341 92 4 81 27 288 4
2566 859 1 27 26 273 15
809 455 2 23 16 61 20
2406 345 1 74 19 113 15
4445 205 4 117 7 249 19
3094 517 3 45 43 382 18
304 997 4 51 21 39 8
829 862 4 59 20 64 9
1665 422 1 87 36 152 18
3490 96 2 59 26 48 1
847 297 1 22 15 234 14
2354 124 1 39 42 92 19
821 408 2 44 20 108 9
2942 487 1 57 8 170 13
1523 97 4 215 49 45 13
4503 849 1 58 17 74 1
373 117 3 111 6 178 8
1571 285 2 84 6 249 14
4883 893 2 70 12 83 11
3445 114 1 61 27 112 19
3463 726 3 121 14 69 6
1748 569 1 37 18 390 19
4521 926 1 30 10 166 9
4457 919 1 35 12 38 13
2512 618 1 41 15 30 7
4088 884 2 50 21 28 2
2244 732 3 187 20 159 8
585 702 2 60 7 220 2
1715 556 2 89 36 129 4
997 681 4 123 12 169 1
3659 945 1 37 18 44 8
1065 187 4 48 22 84 14
2495 784 4 178 35 159 7
2930 135 1 39 19 335 16
1356 899 1 39 23 425 7
3191 178 1 29 22 23 11
541 919 1 37 19 135 2
2269 839 4 118 35 65 15
2758 337 1 34 46 47 17
50 81 3 66 56 265 20
465 947 1 40 28 231 1
2620 526 1 25 13 430 7
4346 369 4 46 39 83 4
2419 919 1 13 7 119 18
2526 266 2 59 15 82 13
1735 724 1 52 28 388 12
496 658 4 47 11 120 16
402 357 1 69 15 194 14
955 221 1 13 38 390 8
4776 731 1 27 10 41 2
1687 451 1 23 48 114 15
2158 964 1 30 11 341 11
2838 225 1 45 6 254 8
4530 396 1 22 18 133 9
3485 960 4 94 6 49 4
3806 295 1 46 23 61 8
2137 836 1 11 24 81 3
225 742 4 118 19 111 7
2203 908 1 11 45 127 18
1023 381 4 122 16 62 14
3068 200 2 61 34 87 2
2944 165 3 146 39 84 13
3540 415 1 26 6 252 10
2230 847 3 70 9 66 15
2373 817 3 86 43 85 19
4188 615 4 150 60 255 16
3682 651 1 36 39 137 11
67 686 1 32 11 381 14
3060 624 3 96 28 169 20
3115 831 1 29 12 94 3
4378 154 2 43 22 252 20
1233 578 1 89 34 169 1
1285 260 1 44 26 131 18
799 341 5 92 5 341 20
4688 323 1 15 30 379 20
941 323 3 32 26 85 16
1270 514 1 34 18 42 3
1798 748 1 20 23 173 17
4377 249 1 31 10 367 10
4797 843 2 63 41 67 11
4614 328 1 33 19 191 12
1848 671 2 25 49 105 5
565 844 1 25 22 179 5
907 272 1 23 5 160 19
181 746 1 15 31 263 12
1408 339 1 31 41 76 13
1303 371 1 33 30 73 16
1857 577 1 32 58 153 12
4873 126 1 21 21 238 19
1771 293 1 34 22 39 9
4023 906 3 81 12 29 14
652 851 2 72 40 39 19
3455 594 1 35 16 28 3
2259 113 1 24 14 395 5
2916 887 1 77 21 79 5
977 294 2 80 15 72 14
1216 724 1 24 20 37 18
3959 989 1 45 25 56 9
2680 235 1 13 27 114 12
2241 192 1 32 38 31 12
295 760 1 36 23 31 12
4664 923 4 50 12 99 5
3540 708 4 65 30 277 12
2633 141 2 34 11 271 15
2116 801 1 29 18 30 5
259 90 1 25 8 304 16
1562 301 3 71 14 102 9
2921 573 2 56 13 100 4
2239 240 1 26 4 238 8
4831 225 1 30 14 24 10
4505 270 1 24 26 50 8
675 285 2 54 48 147 17
2263 721 1 13 25 300 18
3306 342 2 48 21 245 10
69 744 1 37 54 38 2
4915 655 1 132 30 324 15
172 527 1 32 25 205 18
2587 638 1 34 15 313 11
1397 866 1 29 9 77 16
3037 994 3 83 8 379 14
3745 697 1 41 32 225 11
3682 571 1 22 21 96 18
2854 445 1 63 12 354 9
2737 468 1 26 16 61 14
583 413 3 43 31 191 3
1881 484 1 16 41 129 1
3499 538 2 69 12 77 18
4321 155 1 48 27 41 6
2342 514 1 35 28 295 8
1175 404 1 93 28 173 8
2746 731 2 33 15 384 4
4991 359 1 20 29 184 12
466 709 4 118 10 186 18
4211 309 2 45 7 110 13
804 82 1 39 20 292 18
4767 435 1 68 15 67 12
1109 567 3 47 50 151 15
4628 979 1 16 49 362 5
2094 785 1 48 26 75 8
1689 419 1 40 13 412 5
3427 793 1 32 20 183 13
77 770 1 48 14 27 14
625 362 4 50 23 42 6
4334 117 2 57 40 79 2
3897 201 3 71 21 214 20
76 316 1 35 40 26 3
1175 251 1 39 18 250 11
4138 553 3 81 14 252 20
4275 949 2 39 8 113 7
3242 370 1 36 13 237 7
1877 176 1 13 40 71 6
3032 88 3 91 20 98 18
1656 435 1 38 23 118 20
4999 293 1 37 29 406 5
2415 179 1 22 20 36 13
26 930 2 65 37 169 15
3411 689 1 23 22 57 2
792 760 1 32 14 46 13
1510 311 1 108 18 43 7
4939 526 1 31 26 94 6
2629 636 1 30 22 41 11
1185 342 1 47 51 61 14
303 965 1 46 13 205 2
1282 233 1 17 26 168 8
412 950 1 59 23 151 2
2765 906 4 215 61 234 9
2196 303 1 34 67 208 14
4260 861 1 24 22 33 3
2185 567 1 38 37 120 11
2819 649 1 25 6 330 7
1818 138 1 36 26 271 16
3699 622 1 32 25 295 2
2805 434 1 16 12 74 12
2643 99 2 66 47 74 15
2982 133 5 159 14 50 18
1440 501 1 12 28 118 1
1084 835 1 64 39 127 10
378 822 4 90 4 56 17
2781 503 1 17 22 103 5
1163 672 3 71 7 82 14
2639 651 1 18 20 451 20
2625 745 2 99 7 161 15
3160 514 1 45 27 50 7
59 742 2 63 22 383 1
4113 916 3 96 53 97 19
4263 268 1 35 7 94 4
2515 1000 2 90 20 97 4
1331 329 2 90 23 123 13
1472 284 1 39 23 39 20
94 131 1 27 28 28 6
906 135 4 44 41 99 5
3970 208 1 14 6 162 13
3853 184 1 27 39 116 14
2377 984 1 33 58 104 16
9 895 2 46 34 94 18
2659 920 3 71 14 71 14
462 950 1 21 33 190 5
2375 329 1 54 25 212 15
1582 372 5 113 32 64 20
2645 398 3 232 55 203 19
1432 661 1 14 8 103 4
3525 430 3 82 5 251 20
4839 723 1 45 21 217 17
2359 340 4 101 21 53 4
2153 241 2 41 20 197 7
1764 884 2 122 46 226 3
1217 228 1 32 9 251 19
1119 962 1 37 14 428 12
1484 854 1 12 8 133 1
384 741 1 39 18 85 1
4649 381 1 44 15 52 9
2037 617 1 35 15 304 10
1973 859 3 56 46 123 4
3995 808 1 12 35 102 6
936 599 1 14 11 269 19
2263 324 2 39 21 171 10
1773 519 1 31 12 164 11
303 273 1 23 14 91 2
790 535 3 33 60 309 3
3974 128 1 30 9 245 5
1970 248 1 44 17 239 6
3927 750 3 61 44 356 20
4516 561 1 18 19 379 12
1422 447 2 102 13 30 1
3635 648 2 72 13 163 4
1008 746 1 26 34 76 18
3326 257 2 56 60 62 6
3545 505 1 44 14 277 10
3159 830 2 49 24 393 17
4039 929 2 39 24 43 2
502 238 1 23 15 67 5
3301 269 2 85 8 419 15
3108 318 3 36 11 93 4
1493 694 1 46 23 59 16
3904 697 2 43 23 66 4
478 651 2 29 18 86 2
4244 712 2 47 36 208 1
4770 803 3 33 27 62 9
3798 278 1 32 27 45 8
810 405 2 48 14 25 15
2474 254 1 69 28 117 2
4662 484 1 28 18 171 17
2316 889 3 84 22 92 12
2568 880 1 14 52 379 19
4780 916 3 43 10 114 19
2643 558 3 80 4 378 18
1085 407 5 199 42 131 12
3454 772 2 70 25 138 17
3622 722 3 55 22 92 2
2607 229 1 13 6 129 11
1322 590 2 76 27 316 7
807 116 4 44 38 212 5
713 801 4 138 45 254 2
3900 390 1 66 29 163 3
2321 963 1 24 12 139 16
56 136 1 30 13 191 19
340 860 4 137 11 120 5
4774 210 1 22 10 75 17
4176 983 2 56 22 124 3
1708 799 1 30 31 171 15
2031 188 1 13 39 238 17
3582 561 1 22 23 77 10
2943 818 3 63 27 52 6
3800 557 3 110 11 151 14
770 97 4 110 10 115 12
4553 455 1 35 16 35 19
3736 233 1 36 18 344 14
2741 151 4 187 25 33 4
448 621 1 48 14 340 16
2707 95 1 13 50 375 15
3127 577 3 66 12 75 20
545 365 2 34 19 64 1
516 415 1 20 20 86 9
2472 180 3 96 22 43 9
1378 657 4 93 15 42 15
1052 960 1 20 17 60 8
4245 528 1 62 27 87 2
3238 862 2 55 13 120 7
2575 915 2 69 36 210 6
1147 297 1 31 15 119 14
2094 355 1 15 7 348 19
339 829 2 38 7 66 15
1182 988 3 52 5 259 15
3128 851 1 36 17 248 16
3390 642 2 26 10 112 5
4097 198 3 37 51 110 20
748 649 1 30 4 203 9
2862 494 1 30 16 44 7
2978 954 1 24 18 110 9
3825 709 3 83 16 130 5
2368 988 2 27 13 125 3
4501 972 1 25 46 189 9
4996 469 1 22 26 18 12
1633 694 1 40 32 317 18
1706 569 1 37 59 150 20
3652 165 4 161 51 150 2
1946 962 3 36 13 23 6
2373 366 1 24 10 65 2
2713 813 1 27 13 473 7
2018 696 1 41 30 395 5
1113 421 3 98 26 87 5
560 145 1 28 10 121 19
1657 130 1 39 46 30 12
4227 628 1 27 14 88 17
4702 641 3 52 19 150 16
1919 190 1 32 31 466 2
2498 291 2 43 21 51 18
1236 974 3 80 8 85 10
1575 818 1 47 28 123 6
919 468 1 16 36 83 16
3566 986 3 54 24 93 4
2338 695 1 24 7 210 16
2242 755 1 22 7 177 3
4891 591 2 46 16 424 10
4081 107 2 51 15 315 3
1359 645 2 73 20 61 14
3996 264 1 46 21 30 10
4100 313 4 77 8 63 2
876 536 3 138 9 186 4
262 930 1 47 13 420 1
4145 994 4 54 13 96 3
3227 257 1 22 14 307 19
753 216 1 29 15 107 1
4477 704 1 63 29 130 20
1515 199 1 24 15 125 19
4990 833 2 71 15 75 19
3818 189 5 234 27 128 19
2203 378 1 28 14 115 8
338 744 1 30 28 43 18
2356 940 4 92 24 128 6
1144 726 1 39 55 34 8
1730 946 1 40 24 57 14
838 167 1 30 10 370 4
2560 732 1 68 6 172 7
1577 869 1 40 36 62 17
465 977 1 97 22 73 10
1903 149 1 74 38 216 5
2642 81 2 66 44 26 6
4596 836 5 79 8 110 4
3813 972 1 46 18 309 4
270 250 1 77 20 66 2
834 680 1 31 24 39 20
834 474 1 29 15 113 4
474 278 1 57 18 241 13
2057 365 1 32 14 460 17
503 913 3 85 5 44 20
4136 412 1 32 7 66 17
2554 480 2 32 29 118 20
3610 598 1 14 6 162 7
3234 493 1 32 6 346 19
1268 751 2 47 26 92 8
3604 144 2 32 12 81 2
1976 873 1 54 40 26 15
3021 689 1 61 38 170 14
1281 153 3 125 23 70 19
194 919 1 69 15 127 3
869 757 2 48 33 113 7
1007 107 1 12 5 128 19
1057 144 1 17 21 464 11
4474 878 3 78 19 267 5
4724 356 2 57 28 201 7
4523 116 2 32 48 98 6
481 846 2 26 26 390 12
2601 880 1 26 20 91 15
2974 852 1 27 12 482 17
4020 135 1 44 21 30 2
3178 837 4 71 15 42 10
1887 502 1 68 21 106 12
4455 433 1 27 18 265 2
1168 732 1 30 30 41 2
668 538 1 18 26 75 15
883 862 1 12 46 225 5
4803 280 3 73 50 85 16
4558 875 1 32 15 42 1
249 928 1 20 13 233 10
2485 763 3 103 14 67 20
762 692 2 45 39 18 2
4231 96 1 33 44 42 13
2500 392 1 40 18 176 7
338 786 1 37 20 59 4
3543 467 3 66 9 83 19
1460 174 1 31 11 286 7
4363 729 2 71 7 65 14
4820 739 2 41 46 160 16
4449 982 1 11 26 398 8
4890 490 1 74 25 172 17
3059 941 1 27 18 192 10
4524 822 4 70 11 131 15
241 896 1 30 6 256 10
2153 152 1 34 24 26 15
2956 301 1 20 20 236 18
1978 343 2 81 15 160 1
2571 615 4 75 11 66 5
522 189 1 16 27 414 1
2359 357 1 28 20 102 4
407 560 1 15 6 152 4
1957 805 1 12 7 351 11
1031 351 4 44 28 392 7
684 643 3 106 32 197 7
3936 128 4 73 27 66 18
3269 455 2 112 64 390 10
1930 871 2 46 6 64 2
2196 433 1 22 17 250 1
3501 105 3 46 16 37 11
2475 139 1 31 32 164 1
2541 897 1 39 49 99 16
4812 748 1 66 62 174 19
2187 546 1 24 20 94 15
181 415 1 36 49 195 17
2202 235 1 22 14 251 15
4135 524 1 94 20 146 12
605 467 2 37 21 147 10
335 904 2 33 21 321 10
248 575 1 38 56 35 4
975 687 1 82 15 232 11
2522 356 4 126 7 317 5
3063 133 2 51 20 346 4
4764 832 1 19 30 45 17
1968 578 2 31 18 63 7
1347 268 1 33 32 38 10
1173 892 4 91 23 65 13
3774 546 1 23 13 111 4
4948 656 1 27 10 111 4
4153 134 1 34 24 28 6
41 552 2 69 7 187 15
4495 207 3 39 22 108 6
583 993 1 28 59 132 2
1959 354 3 112 24 52 15
4325 415 1 24 15 315 20
4584 657 1 38 16 230 8
3239 537 1 21 21 75 19
1768 778 1 51 23 66 16
3960 180 1 94 50 156 16
2558 895 1 28 44 186 20
141 361 1 32 16 282 4
2882 195 1 75 40 307 19
1511 495 1 65 21 118 12
413 822 2 75 29 189 12
4549 725 1 30 18 152 16
2551 118 3 108 27 75 8
2285 338 3 79 20 92 1
4598 826 2 75 28 118 20
3231 660 1 37 28 62 4
4578 691 1 116 15 249 14
4344 551 1 30 22 45 4
1903 466 5 118 8 233 17
1538 408 2 51 7 250 20
4182 427 1 76 12 169 2
3637 166 1 27 37 139 1
497 993 3 120 7 279 1
4072 184 2 79 33 199 4
3707 942 3 48 9 74 4
134 783 2 37 39 21 14
171 882 1 40 68 106 5
905 281 3 47 14 90 2
3164 225 2 60 46 70 17
2585 317 3 37 10 77 7
1503 496 2 27 40 274 14
440 342 1 23 8 331 18
2756 829 1 44 36 433 17
25 447 1 31 37 37 10
1226 628 1 19 18 336 1
972 756 4 53 30 126 18
48 438 1 39 21 62 1
3647 769 1 121 25 87 1
2375 722 1 35 21 118 6
2138 334 2 59 7 422 19
485 936 4 73 13 83 20
3446 774 1 22 32 56 13
4220 366 3 54 30 288 20
2183 825 3 56 17 98 13
4894 977 1 53 50 33 8
2241 904 3 180 6 235 17
750 713 1 45 14 46 10
352 416 1 62 16 215 11
2311 912 3 94 5 56 6
74 215 1 64 53 44 15
4159 527 2 35 24 93 2
1057 517 2 56 20 86 15
1038 484 2 70 36 203 5
2324 751 1 29 62 107 3
281 383 1 38 7 83 9
1269 411 1 47 23 70 6
2687 997 3 133 46 26 9
1347 523 1 69 32 45 2
3118 212 1 63 20 84 14
2895 682 1 46 14 258 3
714 382 1 23 9 385 17
1450 582 3 86 36 110 17
1755 572 2 160 59 352 12
4533 580 2 74 20 83 2
2494 582 1 35 18 23 15
1748 320 1 27 17 185 11
4079 190 1 20 32 49 4
2527 837 1 45 23 34 8
4369 785 3 41 48 100 17
3477 749 1 80 54 38 11
1543 308 1 20 12 144 20
2012 959 5 56 18 29 8
4601 405 1 20 11 136 15
2581 186 1 30 16 268 17
4977 769 2 34 30 207 1
1179 470 1 36 48 103 13
1235 708 1 31 23 144 11
2710 221 1 27 27 222 10
1598 144 1 46 20 453 15
825 355 5 74 10 69 18
1017 217 1 26 18 86 9
2212 536 4 80 15 251 11
295 587 1 35 22 26 4
423 957 2 48 44 149 10
1889 943 1 33 7 48 12
1406 878 1 17 27 30 8
1490 618 1 15 4 93 14
3829 471 1 37 45 25 12
2900 888 2 99 30 95 13
1188 855 1 48 17 35 12
1652 460 1 69 16 68 13
1050 545 1 22 15 495 19
4740 172 1 47 32 122 9
3103 328 1 33 13 239 4
949 646 3 38 17 54 10
2788 780 1 41 58 212 13
2492 201 2 72 19 63 17
2795 233 3 57 15 257 18
3584 555 3 50 39 182 19
2178 241 1 30 13 149 17
2936 84 1 15 8 100 19
2564 920 1 46 15 241 5
2290 910 2 60 37 189 19
1389 769 2 53 43 216 20
2176 248 2 71 56 27 15
4918 714 1 47 21 29 6
502 144 1 37 17 121 5
2003 588 4 55 18 88 13
1924 834 4 63 7 265 4
1438 978 3 49 10 60 4
3609 871 1 48 6 223 7
1558 855 2 34 40 19 15
2264 692 4 141 42 291 14
3527 676 2 35 22 67 4
58 94 2 64 39 39 4
781 735 1 54 53 47 7
1732 958 4 103 8 277 14
2663 612 1 56 12 101 14
446 266 3 145 57 441 3
4460 961 2 27 10 101 16
2660 600 1 38 24 56 13
3578 348 2 70 14 89 19
2831 495 1 53 28 264 11
2289 258 1 29 10 255 10
4658 963 1 32 10 273 9
2306 880 2 85 6 92 5
1217 114 2 95 10 129 3
4950 729 1 22 23 280 2
3349 147 1 47 24 31 15
181 430 1 31 20 85 16
752 890 1 17 12 285 2
3583 97 1 34 32 27 15
969 685 2 36 32 207 9
4410 549 1 38 28 118 20
1573 947 1 24 10 213 10
3902 272 1 11 6 95 1
2954 581 5 110 7 53 15
792 249 3 51 18 108 20
4860 787 3 84 8 76 1
2996 868 3 36 14 28 17
678 662 3 92 11 73 6
545 998 1 40 17 125 4
3933 527 1 28 11 98 2
4128 760 2 53 8 171 8
4913 206 1 41 17 32 17
928 327 2 50 22 115 12
1649 979 2 28 23 47 14
1833 454 1 72 31 25 3
2787 275 1 22 22 510 3
740 544 1 28 11 382 19
4020 303 1 28 14 282 18
785 634 1 48 16 40 7
3901 862 3 149 32 258 13
1287 793 1 24 13 144 13
2261 636 1 46 12 42 12
3289 91 1 55 35 238 5
1892 232 4 117 7 64 6
1539 488 1 22 14 342 2
3831 799 1 24 26 319 3
1375 198 1 15 36 362 1
1236 214 3 144 7 196 5
3989 856 2 77 21 95 17
4423 133 1 25 12 394 4
2289 801 1 25 16 330 12
4663 208 1 27 24 90 5
1475 758 2 47 6 83 6
566 128 1 24 18 201 19
1752 783 1 13 9 241 1
3894 832 1 35 52 119 20
4036 503 1 79 18 114 9
3368 285 1 22 23 80 7
2706 592 1 40 16 48 12
3743 925 1 30 11 86 13
4872 711 1 23 18 45 4
4357 348 5 120 8 82 20
2024 621 1 34 36 225 10
3735 626 1 24 5 275 11
2054 832 2 30 23 53 18
3880 379 1 36 37 52 17
901 638 1 39 28 37 7
3922 272 1 23 8 297 17
3683 884 1 29 25 276 10
2116 934 3 69 44 138 6
2839 919 1 22 13 252 1
2618 252 3 70 16 108 7
4855 175 1 23 14 275 8
4029 213 1 27 11 386 14
4577 473 1 20 23 345 9
1189 608 2 40 18 44 4
2065 157 1 28 9 240 12
3965 212 1 28 11 274 2
2077 761 1 16 12 122 7
4479 706 1 24 14 507 18
4539 281 1 23 10 76 14
937 459 3 85 50 75 16
2499 721 1 35 20 145 6
3439 922 1 35 17 109 19
984 279 1 39 18 209 13
224 809 1 71 20 305 1
3970 763 2 70 23 310 10
3900 985 2 118 16 61 5
3365 558 1 28 31 265 14
1527 187 2 93 9 112 5
3461 574 2 28 9 127 8
1584 893 4 56 16 73 4
4582 929 1 31 19 229 8
4820 535 1 40 15 31 13
4628 245 2 29 9 112 13
497 332 3 92 17 113 13
1665 922 1 31 54 28 10
3192 317 3 75 7 419 16
638 708 3 46 37 227 17
3567 323 5 114 5 202 4
947 515 1 19 21 80 2
2083 980 1 68 6 72 10
1503 470 2 71 23 102 8
991 647 2 117 15 111 2
3770 772 2 61 29 121 18
682 869 4 53 22 47 17
2098 119 2 56 29 68 1
2828 631 1 13 27 351 10
3 168 1 19 26 45 7
4855 916 4 142 50 250 7
2816 171 1 46 11 174 6
2004 833 4 71 11 236 1
2892 370 1 72 20 261 13
4983 121 1 35 24 30 15
223 89 2 132 36 212 12
4543 767 1 30 24 134 3
197 438 3 61 14 54 8
2960 152 1 30 30 43 18
1872 934 5 80 27 47 8
3424 134 1 25 12 78 8
101 698 1 17 16 346 19
2632 256 2 81 21 139 3
475 718 2 27 17 25 19
3369 406 1 39 19 404 20
2054 535 1 16 9 205 2
3727 357 3 66 33 210 16
183 550 1 13 44 341 4
1695 522 3 108 19 76 15
3926 798 4 74 36 181 17
1942 382 3 54 26 32 13
3621 753 1 12 6 169 2
4637 369 1 48 28 59 5
4388 796 1 64 7 219 2
4687 213 1 18 14 489 5
1898 734 1 27 22 271 10
73 375 1 60 12 125 1
3183 165 3 58 41 15 6
4309 303 1 32 63 117 13
4476 294 4 57 31 83 4
4368 232 1 46 11 411 15
37 258 1 24 17 92 7
4556 863 1 32 49 38 13
1650 532 1 34 18 220 8
378 922 1 39 16 387 7
3885 145 2 61 16 73 13
1586 814 1 83 20 75 5
4936 597 1 26 8 73 16
160 167 1 21 18 455 11
3031 214 1 54 11 126 20
1225 229 2 44 32 82 7
1337 748 2 35 31 93 2
3763 328 1 38 28 311 6
2146 814 1 34 34 65 11
1521 623 1 18 13 147 14
481 305 2 64 18 230 20
4294 531 4 66 48 188 15
474 476 2 63 9 336 13
1985 128 3 122 13 51 3
1802 350 1 31 13 39 1
3544 274 1 36 19 218 4
2226 950 1 23 12 339 5
2460 654 1 118 33 37 16
2187 203 4 146 41 109 7
2168 443 1 76 18 80 16
1498 431 1 40 17 41 7
413 177 3 117 12 166 11
2571 288 1 25 4 287 4
1980 250 3 143 31 80 20
3788 135 2 44 9 94 11
4272 917 2 36 11 64 11
4209 446 1 32 9 119 10
837 836 2 62 8 135 2
749 693 1 23 25 189 14
1232 215 2 54 37 27 3
1687 111 1 21 29 33 11
2392 732 2 40 6 82 11
3387 422 1 39 22 391 3
3771 109 1 34 19 344 19
2269 902 1 32 22 140 11
3063 736 1 23 8 211 10
1808 860 1 30 8 161 9
1749 606 1 32 16 317 6
554 237 1 11 7 159 14
4689 875 3 51 19 42 12
1962 175 1 25 6 203 8
3397 663 1 39 26 89 14
3835 734 2 60 27 157 7
3640 311 2 62 14 44 17
2267 992 3 64 12 66 9
357 349 3 63 31 31 12
412 539 1 14 6 98 8
2541 450 2 40 31 179 10
552 320 5 117 6 81 5
2330 573 2 46 44 94 10
1139 706 1 21 32 273 8
4332 509 1 23 21 146 3
1219 447 1 15 7 185 2
2378 493 2 68 52 155 2
3108 197 2 53 19 72 18
2013 986 1 13 27 275 19
4737 207 1 34 14 93 3
690 192 3 126 55 59 14
3769 480 2 30 26 81 11
491 566 1 15 40 316 20
469 406 1 76 42 176 20
4116 424 3 39 12 351 13
4043 619 1 20 15 463 8
111 568 1 52 48 71 9
137 302 1 21 22 122 12
921 165 1 60 14 138 12
715 334 3 88 13 137 7
4931 233 1 35 51 159 12
2665 468 1 32 11 28 11
3734 806 3 120 12 112 20
1911 597 1 33 12 38 16
3531 215 1 16 8 178 16
3341 933 1 40 17 277 10
272 769 2 22 26 280 19
1688 949 2 105 7 108 3
1595 462 1 11 28 308 13
2079 355 1 64 12 424 13
1682 322 1 68 38 162 6
406 443 2 64 4 278 3
2145 121 4 92 8 254 6
636 845 1 20 21 393 13
4057 108 1 14 24 228 16
199 393 1 20 12 151 7
700 413 1 47 40 19 11
3657 230 1 32 17 36 6
3597 219 2 85 18 83 15
1991 710 3 87 9 93 4
494 359 1 31 8 225 11
2914 978 2 31 9 121 3
4575 707 3 88 19 66 11
4367 968 1 28 16 258 16
1777 643 5 146 22 67 1
3241 939 2 79 12 29 6
432 579 1 29 24 44 3
4465 911 2 95 58 359 16
4498 637 1 23 26 28 12
2873 848 1 17 14 317 14
1233 86 1 39 7 196 16
2175 741 3 82 21 272 11
166 332 3 86 19 109 13
2941 478 1 17 29 59 6
1183 244 1 15 45 381 20
961 557 2 71 30 244 8
2823 489 1 37 12 348 19
3943 538 1 39 27 38 13
2671 772 1 15 8 168 12
4307 917 1 42 13 25 2
3046 616 1 11 33 112 16
2851 256 1 33 14 30 2
4997 937 1 33 20 61 13
3011 418 1 54 18 167 19
4668 903 1 37 12 38 16
4405 399 1 36 18 33 20
1789 437 2 36 28 123 17
1368 402 2 87 20 67 19
229 283 1 16 10 268 5
2468 284 1 45 13 304 2
1670 809 1 15 9 182 8
2844 662 4 81 16 77 1
1272 498 1 32 29 57 20
2029 430 1 37 47 24 1
4735 332 1 35 13 294 15
2881 90 1 45 13 372 9
516 491 4 72 6 82 13
2677 372 2 56 14 401 1
291 222 1 20 28 50 6
2068 218 4 51 13 75 15
2689 355 2 60 60 281 14
1423 654 5 152 6 118 20
4827 564 1 18 20 384 14
4743 688 2 62 23 232 19
2164 839 1 40 68 197 3
742 933 3 51 13 44 9
1702 915 1 229 50 25 9
3375 735 1 33 36 202 3
675 339 1 15 8 188 12
4222 363 1 64 37 36 9
3476 574 1 27 43 176 16
4805 760 1 55 12 397 11
1047 197 2 33 16 113 5
396 308 2 54 30 24 5
781 582 1 64 19 134 1
4605 484 1 88 34 233 7
3853 758 1 48 20 394 8
3855 218 1 43 32 225 4
475 553 1 73 19 125 1
4997 577 1 29 14 93 8
3274 306 2 33 36 112 11
1072 620 3 33 10 88 17
3116 592 1 71 13 31 15
912 458 4 80 43 297 5
2261 455 2 31 6 103 19
2198 228 3 96 12 110 17
1510 322 1 46 27 85 10
616 572 3 83 14 105 17
4120 123 1 34 18 350 13
4325 201 1 38 19 341 9
484 648 3 82 10 48 5
3959 600 4 83 8 71 12
366 246 1 40 32 239 15
4060 660 2 36 17 104 13
1453 834 1 47 18 31 19
4031 629 4 51 18 68 18
3458 232 3 170 29 334 15
2660 802 1 32 8 331 4
3099 985 3 42 24 84 20
3820 632 2 54 35 198 7
1201 661 1 20 23 60 12
384 994 2 32 10 98 11
2342 180 2 24 7 113 19
4064 647 4 99 36 444 18
538 850 1 40 24 157 12
4729 461 2 68 40 173 17
2071 222 3 62 35 120 16
761 999 1 65 26 117 12
706 335 1 45 31 40 4
1006 539 1 23 51 132 11
1686 881 2 57 13 29 4
287 739 5 95 51 398 10
3343 843 1 30 37 177 11
2470 321 1 22 12 290 1
2070 220 1 16 8 183 2
4297 651 2 33 36 29 12
4157 126 2 72 14 111 5
4885 692 1 32 16 166 12
4562 492 1 22 23 161 13
4961 505 2 34 38 136 14
2523 443 4 125 15 115 7
4588 902 5 82 7 62 15
4820 896 1 27 13 323 5
893 390 1 42 28 259 4
2523 175 1 15 29 69 19
2234 642 2 38 8 244 12
85 693 4 53 25 53 19
2341 183 1 28 35 194 4
2669 529 2 76 28 140 2
3718 115 2 40 15 393 16
182 757 1 25 18 124 10
1576 505 4 148 6 165 4
3825 84 2 70 35 127 10
2543 954 5 196 40 185 10
4260 98 1 15 26 238 15
940 578 1 24 16 121 13
4948 618 1 14 40 366 5
335 775 2 64 15 350 15
1138 950 1 23 14 75 7
3523 193 1 47 27 159 3
2695 286 1 53 9 401 2
2108 813 5 145 17 54 2
4047 879 4 43 11 88 1
974 700 2 71 29 174 2
3933 519 2 30 14 50 7
4574 579 1 53 40 181 8
2471 516 3 119 23 142 12
2681 176 1 27 19 34 20
2811 86 2 63 4 427 9
2839 137 4 195 32 142 11
614 685 3 60 14 241 2
2300 155 1 46 40 202 3
2313 623 1 17 20 266 13
1259 350 5 120 19 49 2
2370 988 1 36 30 23 1
4315 696 1 16 43 74 4
678 763 2 63 22 42 15
1000 207 1 26 7 219 12
2746 266 3 62 15 84 12
4135 974 4 67 8 70 6
3427 532 1 21 9 361 5
1648 430 1 19 15 289 17
4648 928 1 76 12 106 3
4755 145 2 27 8 168 9
4448 827 1 38 14 29 14
2297 261 1 34 23 408 17
4050 320 2 48 14 402 6
4151 772 1 40 14 362 3
60 232 1 23 23 184 7
3529 184 1 25 15 444 3
4778 795 1 24 31 79 15
3044 850 3 39 9 106 13
4708 836 1 27 31 86 20
3696 131 1 12 27 130 17
515 363 2 27 16 92 8
3511 593 1 35 23 45 12
2087 644 1 22 10 86 6
711 559 1 44 31 131 11
2141 486 1 68 16 29 20
4107 773 1 28 14 92 19
1484 218 1 41 39 31 1
2467 813 1 75 42 108 6
4224 823 1 124 5 293 9
3007 212 1 17 20 60 8
4952 415 2 44 22 44 12
2755 97 1 22 8 100 1
1220 431 1 35 15 28 12
2331 386 2 70 47 45 16
423 782 3 81 23 185 20
493 726 1 79 12 96 6
240 621 1 24 30 44 4
1350 206 3 99 10 46 18
3512 691 1 38 21 55 6
2127 353 1 102 26 89 8
3036 240 1 40 12 236 7
189 914 1 13 12 345 2
1756 887 1 11 46 117 2
2290 753 2 93 12 108 9
4609 514 1 110 8 192 19
3474 329 1 21 19 183 7
2260 937 1 16 31 50 16
3577 501 2 33 32 236 13
1410 424 2 69 9 173 3
1782 477 1 19 21 87 5
3103 938 1 23 16 63 11
1235 408 2 68 32 94 16
2968 316 1 21 20 50 19
2232 323 3 41 21 32 3
4227 768 1 21 13 468 5
1936 442 1 29 9 475 13
2983 900 1 20 17 297 19
2572 150 1 40 14 37 4
2589 769 2 39 32 18 17
4074 728 1 68 27 344 1
362 585 2 44 6 257 4
3780 514 1 14 6 290 9
2224 402 3 66 5 304 1
3060 370 1 38 16 37 13
2310 763 1 17 31 22 5
2248 128 1 44 8 376 18
3646 262 1 12 8 114 11
581 772 1 50 27 174 15
1434 542 1 23 26 51 13
3098 339 1 113 16 129 10
2816 762 1 18 29 48 10
697 336 1 29 50 178 6
4225 787 1 12 6 118 11
1023 88 1 41 48 85 6
4678 581 1 25 8 317 13
4108 132 1 118 5 249 1
1541 584 1 30 64 190 10
1112 121 2 34 24 219 14
2657 105 1 57 46 23 1
1085 586 1 15 38 394 7
3420 937 1 34 30 436 20
2361 164 1 12 11 282 15
2551 773 1 12 25 364 13
4226 647 1 21 31 45 9
4416 221 1 86 31 105 16
3733 224 1 15 4 93 17
3718 634 1 41 18 26 8
3785 378 1 40 16 25 19
2650 110 2 31 26 113 2
2796 441 1 45 15 216 11
3786 278 1 26 12 271 3
3907 173 1 25 10 320 10
2480 867 1 28 15 102 19
1718 263 3 176 64 130 16
3210 868 1 46 14 143 19
1947 555 1 32 19 73 19
3427 227 1 64 15 144 7
3584 827 3 189 10 220 7
3787 143 1 51 14 256 13
2771 808 1 34 47 102 5
4238 384 1 64 11 143 3
2706 472 2 93 60 56 2
4148 481 1 32 6 251 6
1085 154 1 23 12 224 13
1872 388 1 24 16 415 18
2959 290 1 47 17 234 1
1560 766 1 15 25 230 19
4621 626 1 31 16 93 11
3116 180 2 82 26 97 8
1590 453 1 39 36 74 6
2803 674 1 67 15 281 2
4976 815 1 22 8 461 15
1788 459 1 24 30 51 6
4002 559 3 172 7 204 7
4642 217 2 112 15 117 1
478 257 4 76 12 79 7
4346 911 1 14 34 279 5
4748 159 1 24 17 133 16
4497 187 4 119 67 77 10
3140 142 4 115 17 56 3
4999 734 1 33 22 121 17
805 378 1 32 30 48 2
111 412 1 23 28 37 9
2434 847 1 28 14 94 13
1127 945 1 38 24 442 11
796 155 1 23 18 268 10
1720 656 2 60 38 37 14
903 660 1 32 22 472 7
2462 865 1 40 22 24 14
941 255 3 71 4 300 6
2719 418 1 44 41 289 18
2 179 1 70 40 256 8
1080 782 3 57 6 164 15
3147 85 1 48 12 400 4
4817 584 1 39 22 73 18
115 968 1 35 18 44 18
4613 956 1 38 24 40 18
3654 966 1 31 14 46 4
4203 751 2 81 25 127 11
3196 990 1 32 24 238 17
3116 962 1 30 19 150 10
1746 203 3 62 6 87 3
4827 112 1 13 46 268 13
3533 376 1 22 32 34 7
2691 135 1 28 39 111 12
209 973 3 117 10 148 18
4481 762 5 65 47 134 18
3323 526 1 77 11 107 2
377 440 1 37 14 41 5
272 584 2 67 29 227 4
2149 368 4 100 19 58 2
467 240 1 24 14 322 10
4798 185 4 47 15 35 15
1934 235 2 26 10 74 13
1008 313 1 38 61 153 11
2110 667 1 33 49 207 13
594 944 5 59 13 42 11
3244 343 1 141 61 293 10
179 455 1 27 18 26 10
132 539 1 18 24 214 2
4226 705 1 35 27 473 4
928 374 1 18 30 24 15
1086 118 1 43 45 120 13
2855 86 1 79 40 252 17
2776 124 1 76 33 89 8
4382 517 3 79 14 81 11
4338 573 1 31 9 338 3
810 806 3 75 41 321 9
3653 474 1 41 27 53 6
1656 408 1 44 44 139 2
774 147 3 111 10 186 1
4225 80 5 124 10 128 2
2659 854 2 38 25 141 9
1453 415 1 31 23 41 12
3313 170 3 125 7 125 12
228 876 3 93 17 108 18
615 561 2 37 43 330 4
4299 817 2 48 34 28 10
1483 443 1 26 5 258 5
718 778 1 15 6 93 19
2708 726 3 86 27 84 15
2202 296 1 39 13 36 17
3960 672 1 26 13 155 12
4929 474 1 23 18 102 16
4355 540 1 36 14 210 16
3552 289 2 36 30 135 5
3405 787 1 23 22 142 9
1086 822 1 19 14 122 11
2529 243 2 62 26 40 18
3775 571 1 14 11 116 11
3742 587 1 26 16 112 16
4971 926 4 65 11 111 3
1564 236 1 44 24 182 9
3310 741 1 64 56 25 19
3765 406 1 21 27 19 2
1709 513 3 68 30 115 7
2305 625 1 42 21 34 11
1998 835 2 79 42 248 10
2358 282 1 12 8 145 19
605 616 4 59 14 59 13
948 286 2 67 8 229 16
3132 915 1 23 11 80 6
4258 803 1 19 23 454 13
2270 287 1 11 24 312 18
4185 512 1 26 34 128 9
293 952 1 19 24 429 19
1260 202 4 128 11 133 20
250 241 1 39 7 219 20
601 153 3 75 22 120 10
1311 538 1 12 43 367 5
3693 142 3 69 19 110 3
1613 548 1 28 14 368 20
1537 556 3 41 16 63 3
4966 899 1 66 8 165 9
2778 544 1 38 12 40 10
4030 882 1 81 21 59 5
663 935 2 65 34 20 9
4111 647 1 37 15 33 13
247 430 5 226 69 43 4
387 775 3 55 31 155 3
2899 342 1 28 16 315 7
214 995 1 22 17 39 17
4997 419 3 58 58 328 14
3979 485 5 113 21 267 17
2672 143 1 29 18 287 20
3664 88 2 31 22 341 14
1915 885 5 107 5 64 19
144 782 1 26 19 168 17
3483 467 1 11 10 200 12
267 380 1 30 36 124 15
1956 615 1 24 11 148 11
4201 971 1 21 6 218 10
2710 419 1 22 29 52 11
1331 155 2 79 45 113 1
350 152 3 54 33 199 8
423 104 1 32 32 154 12
4149 829 1 25 8 278 18
243 255 1 31 6 213 19
4068 728 3 51 31 152 10
1862 364 1 15 22 114 17
3815 344 2 79 13 107 5
3101 576 2 57 10 437 11
914 978 2 48 18 109 8
1052 100 1 27 11 326 18
4820 354 3 79 11 165 9
4843 785 2 47 18 219 8
546 689 1 11 25 328 15
3024 885 1 32 37 48 7
1726 426 2 36 4 86 13
2478 90 2 33 22 25 19
1054 552 2 32 20 39 12
11 341 5 199 40 211 12
4072 155 4 57 45 126 7
2164 895 4 53 20 23 15
2788 173 1 11 12 73 2
618 752 5 66 11 67 6
1123 721 1 14 5 101 7
2758 737 1 19 21 44 10
4076 896 1 29 21 41 13
354 909 4 87 27 297 5
117 784 2 40 30 56 7
4646 495 1 40 19 382 14
2095 616 1 14 30 78 4
4493 961 1 14 40 337 9
1952 133 2 43 6 82 4
4442 503 1 20 21 76 2
2285 935 1 41 16 91 7
3705 269 1 60 54 28 16
4876 284 4 87 21 58 18
1481 812 2 69 30 365 9
2720 850 1 76 51 22 11
2849 481 1 31 20 45 2
2500 906 1 27 25 91 8
4440 642 1 42 26 196 3
3622 139 2 64 16 265 8
4988 988 1 25 13 259 3
4684 693 1 23 18 402 1
811 729 1 15 41 355 12
166 779 1 16 51 191 8
564 298 1 11 8 182 11
4905 615 1 14 47 367 5
980 501 3 84 19 144 1
3124 708 1 32 7 272 7
3997 938 1 44 14 33 19
4997 608 4 109 9 114 16
4978 202 1 84 4 247 11
4995 110 1 35 29 406 8
531 898 1 14 26 134 12
890 937 2 33 4 89 4
1597 744 2 58 16 127 15
3 330 1 31 26 284 3
3436 536 3 35 47 144 17
474 240 2 25 23 24 3
2616 190 1 23 9 117 14
355 522 1 27 8 282 6
3301 625 2 54 21 198 12
2799 871 1 22 10 100 2
1019 665 2 91 11 92 11
1622 618 1 31 10 112 4
4895 132 1 167 64 229 10
782 87 1 137 62 244 4
3470 951 3 115 10 96 12
1464 687 1 60 46 447 18
1154 761 2 81 20 93 9
1565 171 1 11 37 116 15
4874 455 2 64 16 234 11
2101 988 4 114 45 179 5
412 853 1 78 34 123 17
67 326 2 71 24 176 7
272 157 1 36 19 27 15
2802 300 1 33 47 145 12
2300 113 1 22 39 60 18
212 103 1 33 32 238 18
804 618 1 20 13 314 5
1438 415 1 22 22 312 1
2862 307 1 12 8 98 13
4187 637 3 106 17 153 15
1123 452 1 43 32 58 7
1918 585 1 59 35 223 3
4787 949 1 23 6 224 4
3936 397 1 16 8 166 7
1113 134 3 92 29 440 8
3844 122 2 56 24 30 13
4963 117 3 129 25 116 9
2235 171 2 69 41 26 3
1925 407 3 109 50 128 6
566 431 2 23 12 124 2
3170 726 1 34 26 33 2
3719 238 1 63 15 284 8
4996 180 2 71 17 208 15
3920 258 1 34 30 273 6
55 876 1 32 43 178 9
3166 257 2 56 14 82 9
2263 520 2 116 5 175 16
83 847 1 17 16 127 9
2075 593 2 109 28 84 20
3970 784 1 42 20 22 18
4545 385 2 78 28 272 7
201 471 1 32 15 28 12
744 292 4 205 48 378 5
2755 1000 5 83 6 291 10
4860 231 1 13 8 120 2
3827 661 1 12 48 275 19
1524 957 3 50 33 31 3
115 335 2 49 21 353 19
1295 620 1 32 17 40 12
2919 122 3 70 33 276 4
4480 880 1 33 17 36 7
789 314 1 17 17 83 11
3719 490 2 59 50 126 1
3778 559 4 113 25 137 17
3787 877 4 123 6 216 15
3361 827 1 79 25 169 15
4566 574 1 27 21 170 11
1211 608 3 141 54 384 19
2261 264 1 32 11 278 7
4111 599 2 32 39 152 18
2040 938 1 27 31 263 1
3324 871 3 64 8 72 14
4794 818 3 35 32 92 13
3198 556 1 37 48 36 12
2880 500 1 55 33 115 17
3343 969 1 29 17 45 3
532 643 5 151 6 79 1
611 538 1 120 7 109 18
4394 869 4 51 35 126 10
4714 380 1 45 64 59 12
1911 966 1 25 8 197 20
21 719 1 38 21 99 14
4493 310 1 34 24 30 8
1635 769 1 34 21 410 20
3135 674 1 31 12 370 20
2266 550 1 63 27 108 4
3565 321 2 39 9 270 15
3395 656 2 84 41 265 10
3406 633 1 36 36 117 4
4836 240 1 38 15 40 17
3726 671 1 30 26 259 4
498 940 5 111 8 344 15
2737 388 1 39 23 33 11
4847 740 1 26 29 114 12
2693 541 3 53 7 170 14
1674 479 1 19 24 15 20
1769 515 2 63 10 412 16
181 751 1 34 23 220 13
2689 587 2 84 10 142 15
4688 264 2 70 7 81 17
1340 365 1 43 18 38 5
1432 975 1 80 8 145 12
1328 736 1 25 15 186 19
324 629 1 30 66 102 7
1401 911 1 23 10 304 20
143 312 1 24 44 411 2
724 115 1 27 15 106 6
1275 813 1 25 12 99 3
2192 737 1 32 5 207 2
684 251 1 40 28 264 1
4369 493 1 33 22 24 8
4383 281 1 37 30 373 14
1593 350 1 21 19 44 6
849 685 1 39 32 171 11
1655 742 4 59 12 72 11
4517 120 2 61 33 73 19
2022 908 5 93 26 425 9
244 386 1 16 4 98 6
2177 388 1 41 52 58 9
545 357 2 43 16 381 15
952 376 2 67 21 180 17
1913 966 2 48 56 71 19
1758 884 4 127 18 48 13
3894 226 3 88 44 127 16
4401 118 4 99 24 272 2
1921 513 2 216 45 170 2
256 432 1 18 33 180 15
3626 142 1 43 23 50 12
3670 252 2 140 33 308 1
4258 346 1 33 17 131 19
2280 766 1 62 9 313 7
4972 380 1 11 40 337 19
2683 546 1 25 6 197 17
4437 995 1 22 5 224 10
1046 767 1 46 12 444 13
3548 738 1 31 39 46 2
2222 310 1 41 7 88 8
3542 87 1 43 23 26 20
1229 785 1 23 26 69 6
1017 349 1 13 6 103 19
3879 754 2 137 56 255 4
3890 776 1 19 19 350 8
3044 612 1 47 47 249 18
1408 113 1 40 26 249 12
4302 149 2 46 11 69 18
4202 657 1 65 27 183 18
171 999 1 29 8 123 7
2388 775 1 15 7 117 18
917 660 1 24 25 183 6
3469 301 2 26 51 87 10
2490 269 2 96 18 141 15
1376 739 2 80 13 47 8
3677 442 1 19 31 19 14
2242 637 1 55 49 230 3
4878 712 2 54 9 31 8
85 491 1 36 19 430 5
3904 331 1 25 18 185 1
3302 844 2 117 14 130 3
2484 84 1 48 22 29 2
96 742 3 87 20 69 17
4943 195 3 41 51 173 14
2853 657 2 24 56 112 10
3937 261 3 82 57 363 7
1107 164 1 64 18 64 10
1655 712 3 65 26 120 12
2758 982 1 43 30 22 6
1116 237 3 48 9 96 2
4517 596 1 29 15 244 12
2193 619 1 40 14 23 14
112 117 2 81 23 155 5
4251 846 3 68 18 87 10
2130 457 1 12 50 201 12
850 979 1 62 12 115 7
4168 615 1 42 11 40 15
3045 447 1 38 9 35 7
3237 677 4 183 38 389 8
3982 744 2 48 18 65 8
3811 409 1 72 27 342 6
2891 708 2 46 35 446 5
97 773 2 113 7 47 18
2047 648 1 39 20 279 17
3860 303 1 22 23 43 10
4646 557 1 47 33 46 14
2296 379 1 82 24 106 2
78 509 2 47 16 54 7
2092 513 1 24 30 60 5
4665 233 1 29 16 226 15
547 506 1 18 24 448 10
4094 138 2 71 27 167 2
2961 786 1 17 24 30 16
648 206 1 28 17 133 12
3772 452 1 28 15 148 5
4789 291 1 45 11 220 20
685 677 1 17 31 45 16
4879 854 1 33 16 192 15
866 956 1 80 62 100 10
1768 416 2 55 8 341 12
3975 979 1 39 68 105 6
4213 526 1 21 13 146 13
3452 490 3 82 10 102 1
1557 250 1 24 12 99 10
4791 266 1 22 23 43 7
3628 416 1 27 9 98 20
4412 337 3 61 15 115 14
429 449 4 47 51 102 1
4754 827 1 21 12 234 8
1526 798 1 38 13 421 6
1317 700 1 41 34 69 10
1970 336 2 58 26 151 4
4718 115 1 31 15 39 6
627 482 1 38 21 26 10
2324 782 1 32 9 409 2
1287 310 2 81 14 39 1
3631 521 1 23 12 357 2
2047 574 1 33 15 194 8
1466 605 1 14 5 155 20
497 980 4 61 41 383 16
3530 317 1 38 28 92 14
4184 724 1 29 45 117 19
1380 215 2 66 20 221 11
3621 960 2 62 43 56 7
4863 945 1 26 12 222 1
3508 383 1 24 22 171 1
4593 390 3 53 49 82 14
3926 302 1 75 28 377 5
3892 266 1 30 13 121 9
4725 363 1 13 45 357 4
3428 668 1 18 25 61 17
3478 872 1 69 18 79 20
4287 944 3 60 12 89 3
2643 378 4 105 7 168 19
3177 845 3 126 33 43 9
1759 711 1 19 23 147 11
568 595 3 115 12 180 19
4488 153 1 20 14 400 13
822 162 1 29 15 48 9
1946 607 1 30 14 294 16
2851 85 1 42 7 185 6
2419 783 3 151 11 89 10
1812 878 5 73 60 136 8
3406 441 5 67 16 81 18
2150 101 3 98 68 30 14
4505 195 1 31 58 131 13
2794 485 3 126 28 113 5
3975 661 1 24 40 15 20
824 955 1 32 4 317 1
4267 624 2 66 6 279 6
4686 615 1 13 50 199 19
4303 267 1 22 38 74 4
605 500 1 29 11 178 8
3130 446 2 56 9 345 10
259 411 2 24 9 93 14
4793 535 1 23 15 143 19
2997 485 3 104 13 101 10
4583 267 1 34 20 408 2
3931 535 1 18 23 106 8
3683 139 3 51 42 97 2
2044 949 3 51 16 93 5
3391 763 1 40 16 36 6
3804 489 5 141 44 202 19
3043 982 3 51 51 111 12
1907 88 1 15 6 362 14
4311 591 1 29 7 295 12
1996 711 2 39 19 262 20
1867 896 1 38 28 89 12
1762 991 2 77 30 170 1
1811 577 1 28 14 30 16
4070 528 3 114 16 208 15
137 280 1 24 12 430 2
3163 441 1 24 8 292 13
1484 128 1 23 14 287 1
4672 449 2 24 33 126 7
3551 765 1 42 32 54 13
1682 123 1 46 7 209 9
3891 920 1 24 26 38 1
1265 586 5 91 8 272 8
4770 929 2 60 14 255 3
1042 803 1 34 21 427 10
1419 200 1 23 43 72 3
2109 629 1 19 24 36 18
491 864 2 32 34 120 8
4968 361 1 23 5 330 4
2870 98 2 31 9 64 12
991 827 1 16 33 190 3
3649 933 1 34 29 447 4
450 700 1 48 13 204 12
1978 904 1 43 16 39 4
1412 960 2 39 12 64 5
273 675 4 81 6 193 9
1993 865 5 143 13 68 2
4059 305 1 24 11 77 6
3546 760 1 29 42 35 6
3506 96 1 16 9 112 13
107 604 3 57 31 23 15
4129 515 3 45 49 98 1
2897 996 1 23 11 105 2
2788 197 2 121 20 471 4
4460 779 1 24 15 469 12
644 634 1 33 40 35 13
4876 799 1 19 32 131 19
3882 518 1 28 15 66 5
3723 441 1 23 18 396 3
3761 590 1 13 26 89 9
2708 495 1 23 36 26 4
2956 631 2 32 6 240 11
364 433 3 86 14 137 3
3148 458 1 32 32 109 16
1684 439 2 82 10 25 15
1127 186 1 29 12 280 5
562 740 1 35 19 59 14
3732 904 1 18 33 235 11
4672 539 2 69 17 113 14
908 321 1 18 28 69 14
2388 279 1 40 20 34 8
4984 786 1 86 56 391 11
3695 927 1 31 17 125 7
3492 591 1 110 23 119 9
3713 907 2 39 44 25 12
1246 881 3 78 8 87 18
4577 987 3 142 6 201 8
4663 510 3 74 27 138 15
2259 395 2 72 49 88 1
3051 712 1 25 16 98 18
3714 933 1 17 13 108 11
1397 434 2 34 34 363 12
4559 346 1 11 4 148 12
4081 94 1 32 20 132 12
2275 664 2 32 18 175 6
748 695 1 53 31 126 3
4974 255 2 59 21 378 9
3149 671 1 52 23 282 3
2281 857 3 81 8 79 10
3343 354 1 30 32 251 19
632 450 1 27 14 183 20
131 228 1 22 54 78 17
504 653 1 26 27 119 16
4889 669 1 86 51 169 2
3048 737 3 63 26 231 8
3055 297 1 28 18 141 5
2799 324 1 16 29 417 9
3265 358 1 26 11 112 9
599 917 1 33 6 56 10
1559 779 2 93 47 194 13
777 589 1 22 19 36 10
840 260 3 52 33 114 5
3981 502 2 139 35 127 17
2955 591 3 126 22 136 3
3802 228 2 70 24 15 13
246 258 4 106 23 79 11
732 918 1 11 5 155 20
2063 581 3 68 17 292 11
40 168 2 77 16 286 14
4999 604 1 70 54 28 6
3433 394 5 225 34 322 7
3122 951 3 51 59 138 9
4456 724 4 105 25 134 4
2715 917 2 38 15 287 1
2376 356 1 23 13 424 11
203 188 1 40 37 48 13
4573 628 1 29 18 46 16
3839 582 2 113 13 47 2
1991 914 1 39 38 52 2
1107 964 1 17 30 41 6
3856 216 1 74 8 44 12
481 299 1 48 28 59 19
1799 808 1 17 21 352 13
2969 632 2 64 7 334 20
685 253 1 25 16 484 20
1186 941 1 30 15 248 12
1391 248 1 57 31 156 20
2952 951 1 38 35 135 2
4513 782 4 110 17 57 4
2317 310 3 115 10 47 8
1047 189 1 22 6 282 20
3458 486 1 38 16 366 15
3980 275 1 33 20 226 10
1641 88 2 51 12 321 18
856 524 2 78 9 32 19
64 651 1 20 17 497 7
3456 937 4 80 22 75 7
1346 691 1 60 25 287 15
310 286 1 33 12 196 5
52 642 1 64 17 68 13
2387 966 3 155 50 40 19
4282 591 1 35 20 317 2
3856 952 1 28 9 465 2
4207 630 1 15 8 113 13
3506 708 1 25 11 59 14
3309 501 3 98 16 25 19
2099 622 1 30 13 139 6
262 357 4 109 21 72 17
1991 749 1 40 16 293 9
4970 318 4 96 8 55 4
1647 956 1 36 11 31 10
1072 111 1 22 11 84 14
889 202 1 11 5 138 16
2356 546 1 43 14 91 2
3467 185 1 44 12 367 8
1923 529 1 25 14 408 19
341 892 2 73 26 220 8
4007 888 3 67 34 24 20
3137 396 3 95 5 230 15
207 401 1 34 18 96 2
1527 292 2 67 15 93 2
1735 912 1 15 40 355 13
4178 218 3 34 16 43 13
3400 998 1 28 19 104 7
742 828 3 61 18 75 13
3596 577 2 38 9 119 9
4207 835 3 44 12 90 2
3774 347 1 34 23 30 4
801 684 1 22 28 33 4
3698 117 1 87 32 123 2
2075 925 1 22 8 121 19
3547 660 1 38 33 36 2
3903 486 1 32 23 93 11
4631 453 2 34 8 91 17
3622 489 1 28 4 208 5
54 159 1 23 42 15 2
4770 269 5 147 12 77 16
4134 662 1 35 20 223 15
132 942 3 49 14 266 5
1115 916 2 56 17 227 3
4599 433 1 14 34 75 15
2259 624 2 22 8 366 15
4707 399 3 57 44 122 4
2318 714 5 125 24 63 6
1639 246 1 15 32 114 1
4819 621 1 22 23 141 10
466 958 1 45 21 46 7
554 506 3 32 23 24 10
2597 587 2 51 18 95 1
633 927 2 62 14 283 6
3039 853 4 159 32 246 10
3464 311 1 20 15 146 7
1182 328 2 73 54 98 11
2366 950 2 32 22 411 3
4564 256 4 122 50 55 16
4469 136 3 90 17 133 7
3806 637 2 43 7 249 1
2977 705 2 60 26 143 19
3489 915 1 34 29 134 13
4143 783 1 28 30 495 14
3489 82 1 28 5 307 18
2936 286 1 32 20 197 4
55 981 4 124 7 73 3
600 957 2 107 39 393 9
1797 509 2 32 56 103 6
3750 579 2 79 23 291 4
2354 818 1 31 16 93 17
2544 870 3 84 8 82 12
2367 326 1 24 15 332 13
1012 611 1 13 7 126 20
3007 480 1 80 8 274 10
2463 842 1 23 22 68 1
2095 699 1 45 15 78 20
3120 212 1 93 46 212 17
215 596 2 40 19 45 19
4016 759 1 13 7 136 13
4933 172 1 27 10 274 1
4880 771 1 116 19 94 20
2180 702 2 92 7 222 16
2524 948 1 11 34 364 18
2029 372 1 30 21 35 12
984 249 2 36 38 26 12
2970 100 2 97 8 118 7
1118 719 1 38 11 58 5
3348 167 2 90 50 94 20
369 225 3 89 9 157 19
1418 554 3 152 9 100 14
1810 826 1 45 18 28 18
4906 529 1 67 16 236 14
4155 119 1 35 13 41 16
263 413 1 33 16 420 9
3261 335 1 48 21 119 9
1929 860 3 125 21 114 1
1674 664 2 37 28 237 6
1340 781 1 28 14 285 12
2354 100 3 120 36 82 17
598 163 1 16 6 179 8
2527 883 1 75 29 145 16
2026 716 1 18 18 275 3
684 610 5 101 5 247 10
2264 203 1 56 37 149 6
709 356 2 41 39 20 12
4357 511 2 39 48 105 20
1431 687 1 27 19 29 8
728 445 1 14 43 407 3
1353 847 1 31 12 72 14
4206 682 3 38 34 96 9
2459 397 1 29 29 416 11
4264 880 1 28 13 34 16
3134 262 4 104 8 224 6
4299 630 1 36 54 31 19
652 412 1 69 22 86 13
4032 562 1 48 23 97 1
3973 552 1 39 16 454 8
3815 609 1 32 27 287 9
2511 930 1 23 36 82 19
4893 882 3 61 13 148 12
3912 766 2 45 8 101 7
4721 566 2 32 16 33 10
599 468 3 61 56 70 17
2437 969 2 80 19 291 8
2703 860 4 56 12 63 12
265 767 1 18 30 58 3
973 487 3 43 44 127 9
2773 407 1 29 4 256 17
4493 85 5 135 22 68 7
924 434 1 19 32 60 12
665 323 1 25 10 90 10
4242 917 1 28 9 240 15
4509 648 2 34 32 113 13
484 827 5 78 16 98 8
1542 974 4 64 8 81 10
3839 140 1 23 11 62 12
1809 484 1 36 14 23 5
3379 917 1 28 18 161 12
4156 893 1 35 20 295 16
877 673 1 35 14 264 16
3715 680 1 31 15 143 7
4143 700 1 29 15 41 11
220 89 3 45 10 123 3
2445 127 3 116 35 48 6
1421 136 1 16 32 100 14
4455 644 1 40 19 32 4
4780 682 3 64 16 109 2
228 135 2 74 7 80 5
3718 902 1 34 20 37 6
1354 796 1 32 14 463 13
453 565 2 55 28 141 20
3319 990 1 22 25 72 6
386 234 2 24 43 124 13
3307 339 3 50 16 86 12
1403 654 1 28 24 178 14
3426 731 1 46 24 26 12
1250 696 4 134 14 74 2
754 446 3 54 17 285 15
1120 199 1 119 12 132 4
3381 762 3 50 33 210 3
170 781 3 103 18 115 13
1707 360 5 60 17 30 18
2072 330 5 68 15 66 12
4896 288 2 52 18 86 14
2590 497 1 75 23 273 10
2025 902 2 39 29 98 14
4124 643 1 35 16 381 17
2658 837 1 12 37 228 15
733 430 1 63 20 315 11
919 154 1 87 8 83 1
2400 792 2 43 38 107 17
2142 654 3 37 13 32 12
1799 350 2 47 22 38 10
499 176 2 38 10 358 13
4742 133 2 95 37 157 4
4194 491 2 44 7 228 7
4089 534 2 56 39 235 9
1470 317 1 119 31 503 20
1435 405 2 56 13 73 3
2014 869 1 85 28 496 15
2610 132 1 34 25 246 20
3647 528 4 79 7 327 10
4149 472 4 63 13 89 13
910 307 1 33 19 32 8
2589 846 1 29 23 203 8
3578 571 1 80 9 177 19
2905 553 1 39 27 267 3
360 583 3 158 7 186 17
3741 214 4 58 16 60 16
2811 767 1 17 22 259 16
2700 551 2 34 9 78 5
286 754 4 70 15 146 2
1611 976 3 64 15 460 19
2368 144 4 126 11 65 19
3033 507 1 47 32 87 15
2025 916 2 37 26 164 5
869 869 3 92 27 121 5
2180 602 1 37 44 140 20
4562 476 2 46 5 294 12
4262 587 1 19 19 37 19
3501 537 2 57 15 313 16
286 550 1 27 8 95 7
3082 989 1 20 19 150 14
999 785 1 33 49 134 14
2767 829 1 32 10 207 20
272 223 1 12 7 137 15
3090 144 1 44 40 30 16
1996 857 1 24 28 61 12
94 787 3 104 34 98 6
3917 434 1 29 14 93 4
1549 923 1 22 19 187 17
4140 388 1 23 24 271 19
3698 443 1 29 27 42 12
4885 272 1 39 19 122 10
1927 780 1 23 25 57 7
746 855 1 21 18 440 8
622 641 1 36 22 134 13
1397 661 1 16 12 339 16
2594 912 2 42 21 142 17
4140 231 1 84 38 195 18
3134 918 1 22 40 100 7
1768 390 1 53 5 56 13
3774 270 4 106 18 102 9
1625 963 1 44 18 409 8
4748 940 1 43 15 333 5
4737 676 1 54 11 101 12
962 354 4 74 19 68 4
2384 176 1 23 43 390 11
3090 921 4 139 17 219 8
4859 335 1 20 15 56 8
1452 232 2 58 6 72 11
4070 867 1 32 27 213 12
4035 422 1 36 10 232 17
3328 571 3 169 36 111 17
549 214 3 97 11 95 1
2441 436 2 43 29 294 19
1050 490 3 35 25 86 18
555 486 2 95 14 74 5
4819 120 1 79 31 44 18
4919 383 1 23 8 229 12
4999 824 1 36 28 225 6
2739 201 1 57 23 296 1
3826 405 1 137 40 91 13
2428 785 4 186 25 97 4
1655 581 1 37 68 103 8
46 618 3 65 15 380 14
351 672 4 96 27 99 8
2130 745 1 36 15 284 3
1992 163 1 46 31 16 12
3977 320 2 41 25 111 9
2117 351 1 24 22 94 19
1010 121 3 135 22 241 19
1203 425 1 22 12 372 5
702 340 2 30 7 61 8
3403 611 1 13 33 291 13
2890 315 3 39 15 124 5
992 264 3 100 28 100 9
3447 301 2 73 9 69 2
817 718 1 29 23 146 4
789 774 1 37 31 85 18
2795 847 1 29 14 436 10
3878 592 1 15 7 151 2
3617 750 3 65 18 236 5
1455 453 3 69 17 95 8
3823 615 1 44 17 230 9
4827 194 4 82 22 277 5
4745 558 1 35 30 43 6
719 300 1 19 20 117 10
2017 561 1 37 17 48 9
1727 785 4 55 22 49 18
2658 503 3 114 21 96 7
2764 660 1 39 29 30 7
3492 683 2 34 7 90 7
2738 989 1 40 44 23 16
2274 841 1 75 13 67 1
3539 579 1 22 18 162 20
4374 598 1 14 12 119 7
4194 850 1 45 41 180 4
1474 925 1 11 7 175 13
4096 226 1 30 17 302 20
4155 616 5 63 24 57 12
608 117 4 151 15 52 16
3005 809 1 37 21 24 9
4926 839 3 47 22 32 14
3875 875 1 29 9 359 8
2382 117 1 86 32 138 11
4416 602 2 55 10 199 7
3613 248 1 36 33 149 2
340 893 1 21 11 101 7
4917 255 1 32 34 106 15
737 473 1 32 36 71 7
667 641 1 16 23 92 15
3263 792 1 110 11 114 13
3942 807 1 20 31 72 17
2520 432 1 45 19 51 7
4050 288 2 45 14 100 16
3936 948 1 29 15 97 15
2234 351 1 12 5 157 1
3508 605 2 39 32 113 18
4645 916 2 41 11 338 16
3447 867 1 33 52 154 18
1677 272 2 63 15 431 13
70 574 1 55 42 216 10
473 910 1 40 37 138 17
1860 932 1 15 12 75 14
1712 569 1 45 20 419 12
1614 692 1 45 46 172 19
2803 525 3 86 7 50 14
4628 301 1 39 25 118 6
2202 157 2 42 41 68 4
4001 261 3 63 5 76 6
1648 773 2 52 10 109 4
4062 153 3 62 5 46 7
1432 687 3 159 23 128 12
3673 812 1 24 22 467 4
904 758 1 77 36 110 4
609 694 4 142 7 117 18
1592 688 3 51 7 351 6
2384 759 1 30 9 276 5
2446 593 1 43 21 42 1
2976 394 1 19 17 33 1
4303 680 2 113 11 101 2
1940 309 1 61 12 296 9
3794 950 1 15 10 311 11
1901 891 2 77 45 33 15
4799 855 1 24 16 60 20
1971 921 4 145 6 91 17
4375 229 3 52 7 49 4
121 285 3 122 55 101 4
4382 914 1 23 23 433 1
2199 767 4 50 9 65 6
3846 886 1 38 23 45 9
3126 293 3 44 23 30 8
866 222 4 57 13 122 18
4964 238 1 17 15 63 5
3322 848 2 64 18 170 8
3384 855 1 27 18 427 13
4145 710 3 35 19 25 18
1334 394 1 26 15 115 11
4941 638 2 106 32 91 7
1347 722 1 30 9 415 20
876 812 1 22 9 330 9
1749 895 2 51 32 115 1
3007 454 1 24 11 397 12
2077 282 1 23 13 142 17
785 874 1 18 15 94 3
3707 829 4 49 39 112 10
1227 358 1 41 19 33 15
1590 619 1 34 20 233 14
130 349 2 62 17 257 12
1260 765 2 42 21 229 8
1676 943 3 54 19 166 7
3900 735 1 29 57 211 1
1849 457 1 18 29 59 11
2915 370 2 22 14 92 8
892 966 3 86 11 29 3
4823 849 1 21 29 51 15
27 231 2 39 39 77 10
829 771 1 46 18 67 4
1723 481 1 39 47 156 1
281 180 1 13 6 90 5
2786 724 1 25 9 86 14
2038 130 1 13 31 85 15
1618 378 1 22 12 103 4
4765 602 3 134 7 98 10
2583 964 1 11 11 308 13
1899 436 1 21 43 21 9
3131 424 5 238 42 221 6
2697 161 3 116 36 100 9
4573 148 2 96 41 158 16
4635 932 4 140 7 186 5
4439 363 1 36 15 31 3
3790 713 1 18 14 97 18
4247 273 1 39 19 24 5
4801 666 1 35 18 316 8
170 534 1 22 11 260 4
19 85 1 23 8 161 19
4548 377 1 32 27 397 12
1486 299 2 114 19 102 14
1765 490 3 129 11 124 17
4729 319 1 26 10 111 13
3561 886 1 56 5 325 18
3840 243 2 29 11 334 9
1993 746 1 16 7 121 13
2903 912 2 43 16 47 4
3579 862 2 62 14 337 13
3337 478 1 32 13 75 13
1031 532 1 32 19 71 14
4408 479 4 95 17 288 7
3682 507 2 44 26 222 7
2458 734 1 18 20 266 13
455 151 2 36 27 90 7
572 792 1 40 64 154 15
2238 578 1 83 41 266 1
2025 275 2 72 30 23 5
355 639 1 37 41 204 4
1674 696 1 20 34 18 1
1171 879 1 57 45 34 11
3022 577 1 39 20 460 19
4157 106 4 128 8 82 12
3507 263 1 39 15 40 1
1447 245 2 89 50 82 3
3631 109 5 73 8 119 11
505 918 1 27 10 478 4
549 613 1 57 18 73 1
3828 528 1 44 35 162 11
786 832 1 24 24 131 16
346 503 3 38 50 99 6
3782 586 1 28 37 155 9
1901 187 3 54 54 117 7
4413 219 4 80 8 55 13
2534 979 1 68 10 175 15
1886 510 2 22 8 91 14
3913 358 3 125 28 132 15
16 177 4 53 26 87 4
1532 692 1 23 4 346 4
1211 111 1 73 24 157 13
1606 897 1 32 9 228 20
691 492 1 41 24 27 15
4835 908 3 94 14 33 2
3461 127 1 32 5 62 13
130 744 3 86 41 125 13
4044 603 4 176 40 104 17
4964 950 2 40 22 49 16
4648 145 1 33 28 395 16
2561 165 3 113 13 27 15
4397 428 1 24 18 444 6
3203 545 2 40 36 204 18
2266 243 2 43 13 444 12
1397 266 1 53 14 134 6
3473 584 1 134 17 211 15
2731 618 1 29 12 383 13
4035 207 3 49 22 108 8
2563 211 2 38 32 111 11
444 655 5 115 50 373 3
2185 653 1 53 17 218 20
2142 601 4 113 7 270 14
2433 476 1 44 36 54 4
4806 379 2 68 14 202 7
4336 631 1 35 9 40 11
2033 983 1 34 22 222 8
634 469 1 23 9 88 8
2609 232 2 33 22 412 10
1033 476 3 41 32 88 15
3494 704 1 39 11 383 5
2282 185 1 34 21 97 10
4004 850 2 61 12 85 17
306 390 1 40 18 129 20
171 720 3 95 9 91 12
1203 594 1 47 34 120 12
1740 461 1 35 20 304 4
270 365 1 94 17 68 5
2363 609 1 43 17 278 5
1998 440 1 25 12 191 9
3761 494 1 49 26 88 13
3820 466 2 22 28 127 16
1476 990 1 38 28 71 9
3487 470 3 95 6 402 2
147 854 1 22 16 246 11
3498 299 1 33 34 117 8
450 592 2 26 55 105 20
1447 698 4 42 33 96 14
1793 882 5 175 34 27 6
2223 275 1 91 27 141 5
3177 521 1 48 20 139 14
4708 556 1 36 15 28 18
4794 901 1 32 64 159 4
747 918 1 31 23 88 15
530 690 1 27 17 112 9
2699 343 1 27 53 180 11
900 503 2 41 27 53 18
3014 751 1 23 18 157 2
2442 312 1 14 27 243 11
1922 259 4 64 8 94 7
340 957 1 33 49 112 20
4613 823 1 25 10 484 14
1202 106 1 29 7 298 13
3736 455 1 17 56 285 18
3394 912 1 39 37 31 6
4675 335 1 72 16 362 6
163 401 2 22 8 315 5
3741 496 1 13 11 118 6
2667 624 2 39 11 107 18
2815 798 1 28 14 137 16
3443 621 1 21 29 155 3
800 316 1 48 32 43 4
1847 389 1 73 46 47 12
3922 844 1 30 16 197 15
3921 766 2 43 12 93 15
908 525 2 74 26 190 20
1482 634 1 59 9 182 12
1548 893 4 56 11 47 13
3212 439 1 16 56 292 15
1328 112 1 17 23 52 1
230 379 3 46 20 93 10
1201 902 1 76 23 45 13
3682 696 1 56 16 236 18
3709 661 1 30 14 32 19
394 886 1 38 43 105 11
3479 217 1 32 22 83 13
1280 483 1 46 18 275 12
4444 778 3 72 20 265 17
2825 507 3 62 44 30 10
789 465 1 63 12 89 17
3917 461 2 84 16 84 5
3468 131 3 95 13 48 11
2398 433 1 25 26 72 16
4801 729 1 79 21 512 9
3330 202 1 34 29 496 3
3147 691 4 129 17 47 19
270 96 2 22 8 235 13
1814 247 1 17 17 225 20
4750 676 1 23 22 138 2
4327 429 4 132 6 184 16
2350 969 1 66 28 281 16
4659 463 1 36 56 192 13
2068 364 1 48 50 133 7
2207 244 2 33 28 104 8
39 748 1 19 29 24 15
3770 426 1 77 35 170 1
1424 769 1 35 28 48 18
2544 351 1 23 8 388 3
1033 587 1 24 7 203 8
474 927 5 79 8 106 4
4447 112 1 38 13 215 11
4660 369 5 100 4 70 8
192 176 2 71 24 193 18
2249 656 1 32 16 153 4
581 680 4 44 29 150 1
1724 482 1 55 27 30 8
2699 954 1 29 17 391 8
35 682 1 32 19 292 7
685 261 1 26 23 148 10
4502 476 1 35 7 235 15
1495 333 1 23 22 45 2
1602 629 1 24 9 114 7
4912 114 2 51 19 173 15
1118 506 2 58 46 201 8
1574 517 1 30 21 39 12
4419 714 4 162 22 336 20
2327 641 1 64 16 27 2
1485 476 1 36 28 443 7
1232 135 1 19 26 202 3
4688 186 3 36 50 79 6
1832 571 1 19 14 500 12
603 246 1 47 11 115 13
1228 587 1 14 8 118 12
612 561 1 13 7 103 8
4421 180 3 45 61 164 12
2127 362 3 35 20 23 7
4502 422 1 33 50 143 10
41 824 3 74 34 362 16
4586 395 1 15 5 113 14
1677 603 1 16 33 287 13
3475 308 1 39 37 117 12
3322 353 4 53 57 228 18
4527 974 1 36 19 117 20
2806 138 1 32 8 206 9
116 457 2 111 10 23 4
2942 960 2 74 17 144 14
4803 771 1 23 26 37 2
3949 753 2 57 51 71 2
344 521 1 64 14 246 3
4106 896 1 31 22 247 10
1715 119 1 59 44 168 10
305 661 1 16 5 122 13
461 127 1 42 14 25 18
3264 231 1 37 32 387 14
3946 189 1 25 10 407 11
2822 550 1 38 34 102 11
457 872 1 29 46 232 4
4118 213 1 39 17 24 7
3439 763 2 34 7 79 1
779 710 1 11 42 320 2
828 256 1 20 12 93 18
4387 792 1 34 19 288 11
4207 489 4 188 46 237 14
1437 146 1 21 12 303 19
4367 320 3 70 22 262 4
2753 380 1 22 12 116 6
1957 565 1 65 28 43 6
26 600 1 46 16 34 15
4290 752 1 14 6 157 16
3217 493 2 112 8 227 7
2133 131 2 95 32 110 18
1042 587 1 28 12 346 9
223 584 1 14 7 169 19
157 387 1 38 16 66 5
2840 407 2 60 28 84 7
856 426 1 12 5 92 19
4541 510 1 24 21 183 1
4772 332 3 173 40 173 18
3443 100 1 46 20 50 8
3053 757 2 57 6 266 2
1776 669 1 46 16 129 16
4312 519 1 40 17 37 17
1520 328 1 23 7 182 16
2669 427 1 24 29 210 8
1496 995 1 34 29 407 13
4479 549 4 87 15 144 1
4739 155 2 63 43 32 8
4780 451 2 75 8 434 3
2072 568 3 42 16 113 2
3082 803 1 11 42 204 3
2054 977 1 24 12 82 1
1244 205 4 128 10 107 16
4031 353 2 41 23 182 18
4559 767 1 13 52 336 13
4363 508 3 72 6 62 16
1561 91 1 14 9 86 16
4017 571 1 75 16 45 3
82 938 1 39 65 122 3
26 233 3 80 44 266 20
1361 307 2 43 5 73 10
2607 787 1 29 10 476 12
51 641 3 43 9 108 13
2959 811 1 46 58 192 13
4627 259 1 37 30 378 12
2124 126 1 27 6 190 12
4236 358 1 58 10 244 8
788 809 1 31 22 162 9
3306 180 1 34 18 46 13
3363 290 1 32 19 56 5
4543 693 3 82 20 111 10
2417 186 1 38 15 221 15
2939 899 3 112 64 201 10
3495 541 1 32 19 144 15
4528 209 1 32 22 40 6
2397 349 1 20 19 469 6
1602 183 1 39 12 36 18
4003 315 1 34 24 31 10
2883 682 1 28 6 308 17
3964 427 1 11 12 101 20
1141 104 1 63 22 180 8
1694 524 1 13 37 123 9
4309 853 1 15 9 351 13
3337 473 2 70 32 121 1
60 457 2 43 17 445 12
2114 983 4 95 5 76 12
4706 621 1 41 36 50 18
2992 976 1 16 5 116 5
1109 697 1 39 27 47 15
3029 760 1 22 20 387 4
4493 81 2 112 10 110 10
2147 975 2 32 36 127 1
7 714 1 20 15 42 11
2115 203 3 82 24 136 14
289 546 2 44 24 156 1
1022 187 2 64 17 309 6
2197 925 2 62 40 35 17
2511 189 1 16 50 303 14
222 494 1 18 16 117 4
3775 789 1 45 5 195 2
2202 158 1 37 21 26 5
3960 173 1 26 18 149 7
2670 780 1 43 16 414 8
1188 949 3 131 47 335 13
3675 556 1 22 28 205 2
2007 910 2 68 14 31 16
1573 849 1 33 33 45 1
3372 814 1 13 30 335 4
713 307 1 24 16 100 1
2958 232 4 64 33 106 2
4317 602 1 34 37 32 10
3329 982 1 44 52 221 4
2899 958 4 53 21 235 19
4568 966 1 66 19 480 8
153 593 2 56 9 36 16
2349 216 5 150 19 52 7
1170 830 2 23 16 77 10
4725 203 3 68 13 362 17
1703 445 1 54 35 120 12
235 725 1 47 14 37 1
1079 461 1 22 20 180 12
3298 274 1 22 25 53 19
1235 497 1 32 7 323 1
1049 521 1 22 19 237 11
4516 300 1 14 29 116 16
3461 347 3 71 34 119 2
3684 453 1 38 8 37 17
2554 895 1 28 5 306 12
245 782 1 31 19 184 13
1531 705 3 65 21 76 7
4253 439 2 41 7 254 6
4142 207 4 231 45 107 20
1895 635 1 32 16 47 5
1951 939 1 23 24 383 12
156 398 1 19 16 100 19
4905 626 1 22 20 93 20
2348 419 1 18 28 56 8
1601 512 1 41 24 46 18
4335 152 2 129 5 223 16
4463 482 1 24 26 41 14
3754 929 1 21 16 254 16
4947 964 1 70 25 88 19
442 741 1 40 19 23 9
4137 686 1 19 18 53 16
2722 85 2 87 8 170 15
832 203 1 13 8 188 8
907 914 1 32 38 100 4
909 980 1 26 12 63 3
660 557 3 109 55 419 10
2579 411 1 18 21 106 12
4726 835 1 72 6 287 13
4596 541 1 36 16 22 7
1399 319 1 17 23 351 13
1793 465 1 33 19 185 8
3308 778 2 44 53 180 7
2836 248 1 31 11 319 3
2853 578 1 46 24 34 9
3930 205 1 45 20 240 10
1410 198 1 21 24 270 8
4493 428 2 88 61 114 16
65 497 1 74 20 119 18
537 274 4 119 31 168 7
4257 176 4 71 19 45 3
3121 604 1 15 23 93 19
1668 887 1 16 7 174 18
4976 925 1 28 17 220 17
4764 736 1 27 43 185 2
3603 517 1 14 11 308 19
3991 387 1 15 8 107 13
1274 355 4 128 22 452 5
3773 574 1 23 21 137 5
2873 132 1 14 28 195 12
2960 455 1 94 57 422 16
617 238 1 58 33 86 6
3317 553 1 15 45 297 14
1495 970 1 25 14 448 5
1318 359 2 78 48 99 14
3823 605 3 65 16 97 12
260 159 2 44 28 130 20
1762 821 1 11 48 67 14
4436 819 1 16 6 140 3
47 964 1 28 17 35 16
3229 946 1 15 48 277 19
4247 460 3 52 63 158 14
2625 473 1 22 24 153 13
4035 501 3 100 23 140 2
3109 223 2 54 6 266 5
4955 246 3 88 24 59 3
1482 658 4 88 24 46 2
3028 159 1 37 25 142 6
416 486 1 31 14 425 12
3892 907 1 22 11 261 12
95 588 3 115 8 149 6
4980 214 1 27 9 93 5
3186 613 1 16 51 352 1
1307 429 1 14 28 203 6
3403 241 2 47 18 94 6
701 947 4 71 5 77 18
3242 677 1 112 8 45 17
4805 545 1 37 24 264 2
4761 789 1 22 46 116 20
2971 625 1 37 38 61 4
886 668 1 52 55 217 16
10 851 1 33 41 294 18
2843 637 1 29 17 226 4
2859 984 2 56 22 213 14
3366 900 2 58 12 407 14
1362 536 3 84 18 141 18
3289 926 1 13 8 336 10
1947 206 1 71 29 377 7
617 589 1 22 5 216 4
3252 547 1 38 18 98 14
2348 635 4 93 7 314 7
3355 473 4 88 6 126 18
3177 809 2 41 5 198 15
4715 969 1 23 19 361 6
2971 710 1 44 25 58 12
4567 727 1 30 5 317 11
2915 112 1 42 15 35 17
1597 664 1 24 42 298 3
657 479 1 46 45 101 19
2640 562 1 28 14 234 15
2844 699 3 118 19 98 9
3722 944 1 22 9 454 18
1495 479 1 22 13 118 13
2934 101 3 157 51 485 14
4806 711 1 24 12 366 15
3413 861 1 43 34 85 6
2167 287 1 29 8 460 13
3840 820 2 45 42 20 10
1959 697 1 94 16 248 13
2611 235 4 97 7 227 18
2929 566 1 18 26 207 17
3882 636 2 65 50 154 13
3279 751 3 61 31 83 3
1565 560 1 43 22 175 6
3055 425 1 31 6 224 1
1967 539 1 33 27 62 1
1736 320 3 100 36 128 8
95 530 1 200 46 176 9
3950 713 1 30 60 143 5
758 394 1 27 10 388 9
2459 603 2 64 22 56 1
1998 364 1 207 57 329 19
3916 728 1 30 52 188 10
3636 990 3 49 28 113 17
1110 856 1 13 6 130 15
3760 242 1 22 15 228 13
546 778 1 39 14 43 18
2075 706 2 28 12 280 11
766 488 2 54 4 292 18
4746 450 1 22 24 38 10
2191 910 1 20 30 44 7
2873 706 1 19 32 63 12
741 754 2 27 11 58 5
274 382 2 75 32 253 5
4237 880 1 25 5 206 11
4177 678 1 22 8 239 19
1930 413 2 78 54 40 2
4497 498 2 54 19 124 9
3905 766 1 26 6 225 13
3303 887 1 24 21 53 11
1172 302 1 38 39 145 16
786 562 2 41 8 225 20
2207 892 1 28 24 133 7
4088 731 2 82 34 344 14
2534 818 1 30 27 315 5
2141 168 1 15 40 244 12
2249 698 1 18 18 449 18
1942 288 3 91 23 138 8
4210 477 4 45 9 105 9
673 484 3 70 62 155 15
1410 840 2 53 26 119 20
3297 578 3 116 16 105 1
4576 186 2 64 53 51 10
2172 177 3 89 19 76 9
603 721 1 23 29 28 19
619 164 2 120 23 124 6
3212 953 1 37 36 68 18
1304 641 4 128 46 341 17
112 253 1 22 8 329 13
621 223 2 54 18 118 2
3881 915 1 47 39 29 16
4306 236 3 87 13 38 15
2237 481 1 29 22 249 13
3624 563 3 57 18 47 18
2879 215 1 27 19 395 13
4206 364 3 72 6 288 12
4652 138 3 143 12 123 14
1698 286 2 30 17 59 8
2765 783 1 26 8 209 20
1070 774 3 89 32 74 13
3578 364 1 77 36 275 10
4974 205 1 24 24 22 10
4984 349 3 70 20 93 4
3641 698 1 12 8 368 6
3455 240 3 81 20 53 10
830 589 1 27 17 146 20
4498 353 1 74 15 186 6
4897 444 1 28 9 128 7
2573 304 1 17 28 53 2
282 761 3 56 6 68 17
4314 125 1 29 9 281 7
4753 975 1 35 67 159 16
3139 523 1 19 39 24 17
1367 452 2 87 50 172 1
2269 255 1 18 32 191 20
67 616 2 39 18 256 4
1456 527 1 20 21 49 8
1319 261 2 72 21 129 12
55 710 3 112 40 31 5
279 979 1 32 54 107 9
3889 230 1 29 6 276 8
1664 878 3 77 43 91 9
1796 85 1 30 7 164 15
2820 699 3 84 8 25 2
1633 535 1 32 18 111 9
169 465 1 13 11 310 12
91 251 1 27 6 228 6
3479 633 2 48 39 138 7
3798 714 1 14 42 329 10
32 124 1 18 16 237 1
257 616 1 14 7 157 5
1732 318 1 31 56 204 3
2933 260 3 106 51 235 5
2298 670 4 153 42 160 16
98 553 1 72 25 97 16
677 846 3 86 25 121 8
3589 343 2 44 6 269 10
1351 876 1 15 6 176 10
3333 451 1 35 13 34 20
3864 372 1 21 30 59 10
2199 198 1 26 11 94 18
3418 843 1 39 22 55 12
3325 942 2 73 15 55 2
435 437 1 23 12 190 13
2089 535 3 80 26 280 17
3533 859 1 19 29 30 15
642 980 2 62 11 131 3
4338 394 3 81 17 132 1
3969 797 1 35 36 66 3
2413 972 3 47 8 127 14
33 898 2 30 9 85 20
3853 739 2 49 21 139 12
1470 762 2 40 22 44 20
3306 491 1 19 26 58 10
664 868 3 126 29 80 5
1729 827 1 33 17 40 6
614 936 2 55 24 221 14
11 332 1 14 8 59 12
4074 257 4 55 14 69 18
3747 973 3 110 62 222 8
895 776 1 58 51 40 12
4150 146 2 35 7 89 6
2227 830 1 48 12 443 13
1823 680 3 64 12 67 5
4823 895 1 23 22 403 17
2574 238 2 107 60 167 20
4093 228 1 41 12 208 11
4522 239 1 22 23 63 19
1451 365 1 16 49 390 10
4078 328 3 48 26 101 12
620 253 2 95 49 233 11
934 489 2 48 20 265 1
3811 250 1 22 29 131 5
750 279 2 75 33 102 15
3231 652 2 71 28 122 20
4510 946 1 13 8 157 11
3343 502 1 47 17 215 14
4554 211 1 32 41 200 17
2528 693 3 101 65 49 7
252 580 1 30 9 461 20
2901 254 4 127 10 67 9
4103 851 5 68 23 93 16
4762 631 1 43 19 360 14
2054 868 2 23 21 27 13
3459 407 2 47 37 67 10
3620 293 1 77 39 163 2
450 431 1 32 21 37 18
2670 988 1 39 12 121 18
4542 138 1 20 20 148 13
3531 618 4 211 16 75 15
3778 974 1 12 41 133 5
853 250 3 98 8 179 20
2224 935 1 69 12 307 5
100 849 4 97 15 74 18
4732 907 1 66 53 423 1
2699 441 1 71 39 54 16
2905 502 1 20 29 40 3
2347 732 1 36 18 256 14
1267 457 1 31 14 304 9
4317 919 4 95 20 107 14
598 380 5 62 28 255 10
1477 672 2 81 11 114 1
3963 517 1 27 9 431 7
1652 955 4 111 17 118 7
2266 968 1 20 20 48 15
2480 304 3 113 33 96 12
1733 242 1 25 16 39 6
1135 507 2 45 16 413 14
3520 352 1 64 10 313 12
644 686 3 50 20 279 20
2227 345 1 26 10 75 8
4157 850 2 85 26 200 20
807 894 2 107 10 87 7
2598 113 1 79 8 208 12
1287 519 3 135 30 165 14
4055 973 2 77 8 30 15
4393 134 2 81 41 172 20
2192 369 5 83 6 57 3
3217 425 3 40 11 72 4
4933 122 1 47 28 15 19
4360 779 2 115 11 155 8
3253 937 1 50 18 391 16
3326 488 1 73 8 274 3
1546 809 1 34 13 338 5
3713 150 3 88 11 191 5
2460 914 3 91 18 75 20
2340 793 1 20 27 44 1
2912 107 3 84 38 112 6
2705 990 1 23 4 244 18
1182 979 1 83 29 412 5
1688 841 1 28 40 29 13
4230 84 2 51 15 254 11
3550 520 5 68 19 42 20
3433 169 1 48 36 43 19
4393 521 1 24 33 260 8
4210 417 2 117 12 75 5
4593 939 1 44 26 47 15
3088 277 4 125 28 82 14
3360 419 1 41 14 318 19
1792 137 1 11 4 186 10
1195 306 3 119 43 58 18
680 267 1 39 23 457 11
2265 934 2 63 40 223 13
3381 715 2 69 27 236 2
1355 573 1 39 23 493 10
431 641 1 13 6 141 11
966 512 1 20 20 449 8
4982 421 2 52 8 74 20
4323 87 1 32 8 112 17
1912 212 1 25 10 466 1
2283 538 1 17 26 23 19
994 968 2 49 20 68 11
852 497 1 26 14 360 1
869 984 4 123 10 120 14
671 714 1 26 8 343 20
3262 242 2 40 27 219 18
2007 830 1 23 42 121 8
4779 764 1 26 10 81 13
3212 450 1 30 19 28 1
3872 134 1 14 35 333 8
1303 158 2 50 6 89 4
2652 861 1 26 18 150 4
3226 317 1 46 7 91 7
3697 915 3 85 22 79 10
2122 359 2 32 27 284 1
4082 670 1 28 48 123 15
3536 509 1 34 35 175 4
1943 946 1 21 32 35 19
4908 133 3 118 11 114 20
1270 263 1 67 48 174 8
1940 812 1 97 14 57 11
1519 911 1 31 28 313 11
3473 242 2 73 26 97 6
2793 884 2 89 52 103 16
2227 824 1 64 10 113 14
829 366 1 37 12 405 10
701 770 1 31 66 123 17
2638 604 2 48 16 457 6
2402 608 1 18 21 330 14
2566 374 1 82 24 89 3
3710 605 3 162 59 369 4
2484 854 2 24 34 72 17
663 416 1 23 7 319 9
4534 406 1 33 41 60 18
178 751 1 43 28 206 11
3499 527 1 39 26 192 15
1173 502 1 34 65 131 20
4276 982 2 82 8 350 13
2443 864 1 48 43 63 5
4300 301 1 24 12 90 11
3145 85 1 43 20 26 8
3147 845 1 14 7 120 8
2074 435 5 165 58 79 2
1330 749 4 202 61 46 1
2726 736 1 39 27 204 18
3063 540 3 111 21 101 18
2550 660 1 86 50 154 6
92 622 1 23 18 140 18
3108 671 1 27 4 333 12
1495 257 1 19 41 264 8
2184 804 1 118 9 32 3
4192 886 2 34 16 421 13
4470 588 1 26 12 123 8
1640 861 1 30 31 240 7
1510 504 1 56 24 51 5
1473 270 1 27 23 496 1
4362 162 1 47 22 48 20
4584 288 1 35 26 264 17
3780 563 3 54 23 42 8
3688 574 3 87 26 81 13
634 525 5 95 5 167 10
4158 700 1 26 15 348 9
472 855 3 43 26 101 12
1840 943 3 56 14 81 12
100 306 2 120 46 214 9
3236 546 1 21 21 73 3
3695 993 1 33 23 34 13
2711 357 1 27 5 316 12
4671 939 1 26 10 365 6
135 190 1 27 24 127 15
3869 304 1 40 16 122 17
1951 233 1 26 24 103 4
499 129 4 75 16 94 3
4303 208 3 39 24 400 14
2207 431 1 91 13 72 14
1104 724 1 38 28 51 14
762 425 1 17 25 80 1
4977 944 2 37 16 194 8
3238 968 1 75 36 151 8
3702 780 2 70 50 47 8
3635 328 1 34 5 165 13
61 601 1 39 22 41 9
338 81 4 55 16 115 20
851 490 2 113 16 79 6
57 132 1 63 22 86 8
1112 547 2 92 16 275 3
4997 867 1 41 23 46 17
1045 427 2 59 21 32 4
1606 553 1 44 47 446 6
1567 210 1 18 29 32 11
1299 804 2 32 8 218 18
3579 374 1 30 14 37 2
3658 976 2 36 11 112 3
2355 968 1 27 19 48 3
666 98 1 24 14 425 20
3649 840 1 41 23 36 13
3034 366 1 14 8 337 1
2107 832 1 15 40 231 1
1177 319 2 32 18 160 11
3019 169 2 66 6 261 15
89 158 3 47 16 66 5
2527 454 1 37 15 137 15
785 573 1 13 52 299 20
4205 132 1 35 33 189 5
2008 350 5 96 6 295 18
1039 434 4 90 35 276 11
559 358 2 103 26 87 1
4718 210 1 34 22 44 6
4032 374 1 29 44 170 19
330 179 1 72 22 80 5
2639 341 2 97 10 146 13
1130 907 1 16 10 102 11
670 403 1 39 18 425 8
2037 863 1 26 8 97 16
1984 114 2 42 45 196 19
126 979 1 19 22 454 3
2315 260 1 15 9 92 16
4536 510 3 43 13 114 20
798 467 1 20 32 56 11
2432 856 1 43 15 78 6
4410 632 1 40 27 65 20
4137 179 1 18 30 19 13
4594 520 1 28 13 440 14
4366 705 2 82 35 137 17
457 737 1 54 13 333 15
2243 802 1 35 38 38 4
4642 377 1 46 12 74 13
2908 187 1 31 32 199 11
1001 454 3 85 26 124 8
4873 762 4 65 15 117 13
2237 951 3 79 38 108 12
4272 986 3 61 14 263 9
3044 418 1 27 29 138 14
3330 605 1 18 24 330 12
1525 451 1 30 13 473 19
1777 979 2 86 20 81 3
1409 899 2 47 18 64 10
1482 343 2 103 22 130 16
3834 810 1 18 24 64 5
614 116 2 47 13 75 16
3545 537 1 27 14 93 15
3461 752 1 24 14 146 18
960 742 1 21 29 47 7
4698 195 1 33 29 319 10
3091 426 1 33 20 326 13
1979 135 3 40 6 197 19
3346 528 2 35 7 83 7
872 837 1 36 28 265 19
4707 417 1 35 37 40 13
1275 148 2 54 34 35 7
4744 199 1 12 7 111 17
283 188 1 24 18 47 4
4735 508 1 40 28 159 4
2138 660 1 96 23 140 5
2837 254 1 27 15 271 1
379 875 2 69 29 91 1
3550 906 1 52 9 121 9
377 558 2 76 57 408 19
1567 147 1 29 23 128 7
3583 685 3 59 28 231 6
1760 785 2 63 20 131 5
2414 900 2 40 24 114 18
1110 776 3 57 56 202 16
2292 94 1 33 25 160 7
2344 323 5 73 54 278 7
1574 82 1 31 34 191 16
257 963 1 42 22 27 11
1341 255 3 160 26 71 12
3562 888 1 11 7 98 17
2449 449 1 32 7 196 5
269 603 3 41 55 85 3
1484 745 1 59 40 24 5
2035 722 3 72 49 103 17
2665 116 1 32 23 37 3
1451 335 1 133 63 88 7
2181 469 2 49 10 285 16
1089 723 1 71 56 25 1
664 845 4 63 14 46 4
2317 733 1 47 34 44 10
4627 539 1 39 20 44 6
2080 579 4 118 15 88 16
1904 918 1 18 29 58 13
4630 300 1 24 43 29 13
4888 401 1 13 43 231 11
4093 838 1 18 30 32 2
4656 282 2 46 44 88 6
41 760 4 60 45 66 16
3676 803 1 17 19 287 4
4151 452 3 169 23 38 20
280 583 1 22 21 122 17
3348 782 1 22 26 36 3
3149 119 1 18 23 31 9
3727 785 2 50 21 83 1
2644 678 1 15 27 409 20
1665 618 1 36 23 28 18
4293 465 2 45 16 284 14
3523 356 1 22 11 319 3
2546 190 1 43 18 73 19
1071 421 2 47 27 61 18
2930 306 1 24 12 390 16
3466 419 1 29 17 174 7
1320 438 1 37 32 54 16
323 239 1 45 24 113 18
82 197 1 34 28 164 2
451 159 1 56 10 127 11
3358 532 3 87 5 88 15
4357 487 1 38 12 27 14
3119 567 3 90 15 124 11
4114 659 1 33 38 15 8
1580 769 1 28 6 206 17
438 963 4 119 32 216 8
1318 258 2 57 24 78 17
2620 465 1 31 42 48 16
1280 191 1 45 11 44 1
989 698 1 20 22 85 10
1082 710 1 39 28 50 9
3333 113 2 23 8 220 16
4330 833 2 38 14 125 18
1321 984 1 32 38 155 4
429 448 1 28 7 116 20
2933 226 1 19 18 352 17
1226 563 3 44 26 134 18
2917 826 1 21 23 24 16
2065 844 1 44 19 237 8
2089 169 1 62 54 81 17
281 611 3 176 31 345 11
3999 617 1 21 28 44 13
138 810 3 49 6 223 15
551 502 4 78 24 157 20
1181 824 1 32 16 487 5
2598 443 1 38 20 30 19
3211 829 1 52 13 138 1
935 530 2 155 49 114 18
1936 325 1 24 22 390 18
2208 785 1 35 17 443 11
4987 952 3 94 32 118 8
1221 439 2 95 7 52 18
2852 282 1 25 14 170 6
2690 562 3 92 62 37 20
951 546 1 59 21 47 18
405 572 3 87 8 58 6
4454 106 3 87 7 226 17
1639 549 2 73 26 261 11
2877 322 1 32 15 418 5
1828 236 1 49 19 315 12
4698 347 1 33 36 23 14
1008 415 2 32 15 318 1
1140 618 2 108 25 256 11
2233 938 2 47 15 43 15
568 203 4 71 53 136 16
973 935 1 29 17 38 12
1459 339 1 33 26 213 4
4776 389 1 34 54 147 8
3069 738 1 36 16 40 18
1532 324 4 64 34 188 20
1220 805 4 147 23 63 1
2864 435 2 95 31 374 20
1557 736 2 35 6 101 11
1421 780 1 11 37 284 8
1805 891 2 40 14 38 11
1658 128 4 64 16 86 3
2273 235 2 117 8 128 11
478 204 1 28 40 326 18
689 351 2 40 40 296 17
2055 985 1 33 29 70 4
2795 838 2 66 8 192 17
214 521 2 138 25 335 5
4298 667 1 34 23 142 20
3435 656 1 39 23 30 9
1690 571 5 78 11 116 9
4483 225 1 36 58 96 18
1713 432 1 15 8 110 14
4473 356 1 17 12 414 18
3582 747 2 100 11 111 20
3671 323 1 31 11 109 12
1944 294 1 29 17 123 2
2180 479 1 46 14 321 6
4657 202 2 92 27 318 10
4907 629 1 35 37 53 7
847 654 1 34 34 87 13
3798 139 3 195 37 251 20
354 979 1 48 50 139 11
4005 534 1 44 19 293 7
1903 299 1 11 46 357 19
2933 195 1 22 39 30 2
849 541 2 48 12 62 17
361 882 1 18 18 59 14
998 119 2 30 28 115 16
1813 257 1 43 16 385 13
1094 96 1 11 6 117 5
4970 416 3 91 27 133 15
2282 309 1 38 20 321 18
1843 469 2 117 7 244 7
2117 296 3 80 23 61 13
735 498 1 35 17 41 19
1906 134 2 76 11 31 18
4978 687 3 101 8 116 13
1734 433 1 37 14 24 7
1993 685 1 33 8 63 16
1695 588 1 27 15 93 2
2196 588 1 17 20 171 16
415 917 1 47 16 78 15
1912 86 4 159 9 180 11
3686 778 2 48 27 30 16
4512 375 1 17 16 41 15
4007 180 3 126 20 91 17
2384 94 3 44 12 256 11
101 331 2 67 44 410 11
4362 877 1 16 29 405 13
2229 184 2 54 18 42 11
3987 225 3 72 21 32 1
2690 811 2 29 10 128 9
2595 132 1 21 23 73 17
2529 550 2 91 54 103 4
1151 126 5 180 69 28 3
997 389 1 38 17 379 18
2399 257 3 64 16 109 17
4169 93 3 48 23 94 12
1614 332 3 84 8 409 4
3263 705 1 62 24 41 10
4621 888 1 41 23 31 1
838 998 1 42 16 262 12
297 870 2 64 24 257 10
1094 435 1 42 34 64 10
4028 792 1 72 23 168 19
1587 532 1 37 28 102 9
1201 473 4 74 24 25 6
4197 583 1 17 26 181 5
397 648 1 26 9 452 17
1939 297 1 38 7 80 1
3467 312 1 34 37 105 4
2853 917 5 72 16 118 11
3784 515 1 41 12 36 9
4753 790 1 35 36 118 14
3426 894 2 55 29 118 7
2156 528 2 66 28 138 13
2875 143 1 76 17 62 16
826 898 1 31 38 193 5
4263 235 3 65 8 62 13
2976 368 3 122 35 194 13
2032 117 1 74 20 90 13
4823 402 1 39 8 167 20
3080 247 1 13 12 170 4
3197 619 1 37 19 280 13
1138 195 4 135 6 191 2
3048 282 2 45 13 72 9
2990 670 4 54 12 31 2
