40 815
5 40 72 224
6 48 116 704
8 48 52 912
4 48 24 992
3 40 72 368
1 24 36 416
2 24 24 320
4 32 64 144
6 40 56 496
5 80 48 496
8 40 48 336
8 64 80 816
1 24 20 304
5 24 64 304
5 80 60 960
6 32 88 1008
6 80 80 608
4 32 36 720
7 48 92 784
5 80 112 160
7 80 92 96
8 80 60 976
2 16 8 160
4 64 128 848
4 24 12 256
3 40 120 976
5 80 48 624
6 32 112 400
1 32 44 384
3 64 84 512
6 32 124 656
4 48 96 880
3 24 36 160
3 48 56 32
7 64 56 976
7 80 72 752
4 80 64 320
4 24 28 640
1 48 12 448
3 64 36 464
5420 220 2 48 28 323 2
6540 607 3 77 19 318 16
2853 219 1 15 13 168 16
2119 408 3 256 60 109 4
1936 316 1 46 17 78 16
5908 571 1 263 76 481 9
0 428 2 250 21 237 11
9640 171 1 64 37 108 8
6583 51 1 59 29 81 10
0 549 1 15 3 80 11
132 629 1 19 16 365 12
0 589 1 24 12 157 2
5876 416 5 127 64 361 12
9882 212 2 167 64 581 14
228 344 4 559 47 32 20
2331 57 1 18 23 284 16
2754 541 2 156 38 535 11
0 677 2 126 15 604 13
9261 107 4 183 43 215 18
0 677 1 49 40 196 20
2669 402 1 137 25 644 11
0 516 2 118 98 399 20
2159 330 4 119 54 268 10
5448 354 4 325 40 329 3
9992 261 3 100 28 151 11
2152 549 2 98 45 282 14
9957 493 2 44 103 285 15
9428 558 5 394 48 85 14
9547 197 3 121 31 602 13
6425 327 2 186 17 884 5
2914 565 2 129 22 431 4
6334 330 4 294 26 429 7
9173 185 2 52 65 570 9
2388 165 2 282 39 583 6
415 409 2 176 44 390 14
2953 587 1 303 29 347 10
565 590 3 51 6 305 8
9473 290 1 64 28 254 19
520 157 1 305 57 402 19
5848 664 4 163 55 473 1
378 154 2 159 72 491 2
5607 395 3 158 46 495 1
208 640 4 230 32 289 8
9283 628 3 266 47 238 19
1910 363 2 68 45 246 17
0 654 2 89 74 524 7
10028 515 1 18 28 221 6
0 234 5 268 42 154 9
10018 521 2 23 7 49 7
403 454 1 188 26 275 11
9011 188 1 51 16 107 19
6251 634 3 289 37 337 4
5684 664 1 80 20 549 18
9942 406 4 81 26 114 20
139 166 1 278 21 881 4
0 211 1 36 24 169 18
6251 569 2 267 34 357 11
9624 382 1 28 56 334 8
82 685 1 33 22 211 15
9344 490 1 55 103 721 2
5452 410 2 81 54 342 20
6214 156 2 41 32 94 8
6445 688 1 45 10 271 8
10191 746 3 71 6 55 18
2127 45 3 221 31 586 7
6475 109 3 148 24 330 10
9703 499 1 21 11 212 20
0 660 3 111 36 125 20
1949 417 1 83 48 317 15
9679 349 3 95 85 460 2
9715 698 3 51 12 156 20
9906 442 1 20 8 197 12
0 352 1 19 25 151 7
388 78 2 81 60 806 8
0 555 2 128 34 447 6
6471 585 3 56 5 223 9
9318 630 1 47 19 106 3
2947 546 1 109 30 335 14
9592 35 1 219 24 179 8
5469 288 2 54 58 152 11
6539 364 1 40 8 232 18
0 120 2 76 36 29 15
9510 640 5 154 60 76 13
5957 417 1 351 34 225 9
2721 738 1 22 12 222 11
0 702 4 101 59 199 9
6193 231 5 555 61 95 4
482 411 3 126 29 569 9
2447 199 2 129 18 300 10
10199 213 1 120 25 159 10
9505 459 2 72 28 26 4
10184 734 1 30 12 955 16
9358 567 1 232 31 108 16
0 119 1 137 46 345 4
9484 595 4 169 32 427 2
10007 735 1 264 45 537 1
10198 210 2 188 28 378 10
6302 288 1 14 13 261 5
5920 386 1 58 3 135 7
2466 385 3 55 8 215 4
9663 134 3 109 33 689 11
0 287 2 107 33 202 1
9128 285 4 174 56 757 1
0 141 4 125 28 474 9
9871 532 2 87 87 352 11
0 44 1 72 19 273 18
2132 642 1 119 37 131 19
9874 557 2 123 70 253 9
0 337 1 21 41 247 3
10067 50 2 157 14 270 6
0 593 4 419 46 413 13
10190 515 2 397 71 60 4
9654 94 3 275 35 364 13
6218 339 2 44 16 206 20
2588 71 1 15 4 109 9
405 500 2 209 56 539 8
5966 132 3 76 51 120 10
5491 126 2 93 20 473 2
5524 345 4 156 106 42 15
6593 217 1 14 31 108 13
10062 230 2 156 33 156 16
251 192 5 333 49 233 6
5664 35 5 74 29 698 14
2193 446 1 22 21 151 6
9431 490 2 25 5 86 16
457 429 3 34 10 163 8
0 328 3 162 35 238 14
9152 481 1 27 5 265 16
0 474 1 22 32 265 17
5602 662 1 175 79 373 15
453 175 3 191 99 443 8
0 151 2 46 20 300 19
442 358 2 94 32 149 17
9350 377 1 116 29 294 8
6212 604 5 378 42 841 19
0 292 1 78 45 111 16
2586 502 1 21 33 304 17
6483 370 2 32 13 245 15
2169 620 2 141 61 282 8
585 258 1 139 34 187 18
9498 647 1 25 41 343 10
2907 456 1 172 29 271 5
2030 646 1 43 31 202 14
10084 280 1 134 48 277 20
9298 249 3 260 35 201 14
0 731 1 24 8 154 20
5888 585 1 21 20 307 3
0 383 4 144 63 565 1
2308 683 4 72 20 594 2
9737 433 1 84 31 216 1
9991 299 7 371 33 611 1
1901 570 1 156 48 314 4
9332 46 4 96 9 156 11
2351 404 1 19 21 225 4
9923 359 3 77 30 808 5
2918 547 1 96 40 388 11
9731 227 3 118 80 559 18
5406 514 2 81 74 303 19
381 742 4 160 36 467 14
10191 66 3 97 108 285 8
10078 327 1 78 54 195 11
5476 225 2 44 11 84 2
6600 138 3 176 15 527 20
9047 162 1 75 13 269 13
2814 151 2 81 15 222 14
549 203 1 19 19 208 6
447 368 2 46 30 483 12
9379 606 1 14 18 415 10
0 493 1 61 17 204 16
9825 128 1 145 34 752 3
481 177 2 215 84 676 6
9841 475 2 185 64 628 20
0 31 1 173 40 756 16
0 153 1 28 37 762 10
0 416 1 86 27 373 15
6076 155 3 74 48 245 5
286 332 2 36 68 384 6
2090 407 2 32 6 74 6
468 226 6 288 48 194 7
9979 638 3 88 32 29 14
9313 306 2 90 25 107 9
9473 486 3 66 47 114 10
9804 85 3 94 37 370 1
5808 657 1 26 6 107 20
2043 248 1 74 12 770 5
2600 441 1 41 9 103 10
6292 392 2 88 75 266 1
2758 685 1 36 30 412 7
365 178 7 211 54 450 10
1988 267 3 89 87 288 13
486 264 4 275 18 269 7
5773 330 1 16 14 258 19
1948 132 1 31 44 348 11
0 197 2 83 54 765 19
2628 343 2 61 69 565 17
9687 259 2 86 67 303 18
73 255 3 133 29 212 1
460 458 2 92 17 440 7
2561 645 1 28 49 128 16
2158 588 4 218 34 36 10
9831 667 1 90 39 279 18
2825 122 2 56 44 93 2
6195 145 1 56 42 166 8
2303 38 6 307 83 566 6
1817 193 2 51 20 74 7
6572 405 2 87 43 390 9
1930 48 1 43 20 634 11
9232 313 1 34 48 14 20
5664 292 5 333 44 90 19
6179 83 3 138 77 223 15
5528 421 1 12 6 152 12
6531 646 1 40 22 209 2
2922 104 1 19 7 239 17
2051 132 2 277 53 362 5
2257 361 1 102 36 454 2
0 60 2 80 88 527 1
0 248 3 101 53 397 15
9776 281 2 272 28 377 18
24 44 1 19 11 38 2
6394 585 2 155 36 101 8
0 198 5 526 38 392 18
105 252 2 95 39 191 20
2469 63 1 31 17 255 13
9467 196 5 385 77 74 5
0 468 4 93 46 285 16
6290 729 2 99 45 188 12
9656 199 1 34 6 140 1
9339 430 2 57 3 237 14
6546 222 2 106 33 756 19
6420 695 4 171 51 222 13
9420 338 2 130 47 45 5
10127 72 3 116 53 103 8
2385 30 3 77 46 412 2
2999 288 1 17 24 216 2
9582 519 1 46 14 16 6
0 424 5 115 21 68 1
2535 555 1 146 37 410 20
5466 640 1 124 37 315 9
9227 373 3 52 25 212 20
0 144 3 67 39 99 5
2156 181 5 292 38 209 14
489 312 2 106 14 452 20
0 584 1 34 25 319 11
6593 329 3 90 52 529 11
2216 723 1 30 15 17 9
2200 244 1 10 14 55 6
2414 719 1 44 18 403 19
6188 421 1 88 34 199 13
6084 256 4 418 31 379 7
6193 330 5 176 46 751 4
6467 64 4 220 69 306 1
9569 621 2 67 55 22 14
10171 702 1 18 17 266 20
2050 445 1 123 44 217 4
0 83 4 156 53 508 14
0 454 1 48 7 61 3
6041 325 1 13 22 274 8
6423 531 4 246 29 175 4
10007 222 2 133 29 201 2
2246 378 1 273 29 550 8
10153 630 3 233 70 86 5
6010 509 1 125 94 513 4
397 186 6 198 51 317 10
2472 282 3 135 64 513 18
6517 691 1 51 35 154 16
9116 136 1 393 52 518 8
6580 661 2 119 53 84 18
9599 404 2 163 18 317 9
9029 359 2 394 30 731 3
9605 354 6 181 116 353 14
5997 262 2 65 33 232 9
9344 280 3 51 71 322 7
0 67 1 22 11 186 19
2921 201 3 186 26 648 18
290 327 1 163 8 292 13
9895 412 3 253 41 556 17
6360 201 1 26 7 423 10
0 242 2 108 33 680 17
10172 205 1 36 45 135 14
10070 46 2 91 18 31 1
406 689 1 142 99 228 6
5895 577 1 159 23 259 18
1866 309 2 141 82 67 14
2359 739 1 248 27 266 13
9852 403 1 48 9 413 3
0 307 1 29 32 939 1
9635 623 3 195 30 592 17
0 161 2 56 17 681 4
2182 481 1 25 46 62 13
6049 515 1 191 29 253 17
10102 400 2 17 6 76 12
9575 115 1 20 6 149 17
2687 66 7 303 42 407 16
6215 331 6 116 21 238 9
380 71 6 470 26 171 18
5725 262 3 187 73 498 3
2240 654 5 266 29 425 9
6587 713 1 153 20 509 11
9417 154 1 38 11 416 13
2483 40 2 85 86 381 13
5637 208 1 17 6 295 20
6553 373 6 192 26 70 9
485 146 3 65 113 587 8
2753 690 3 54 66 177 4
1817 587 2 238 54 358 17
9083 447 2 119 83 137 15
0 82 1 20 26 79 4
1828 310 1 36 9 102 12
5752 123 5 115 52 128 19
6009 698 1 231 31 463 6
9205 213 3 79 19 203 4
6539 533 1 17 14 72 3
0 341 1 40 55 453 8
5838 337 1 26 7 384 6
9924 285 3 290 88 86 20
9042 746 1 40 69 310 14
2777 546 3 294 47 592 19
2726 310 1 31 39 301 9
1862 207 2 214 54 86 17
5512 319 2 75 64 153 9
2341 737 1 149 18 660 17
9557 354 4 77 63 206 3
2880 616 1 46 21 284 20
1850 166 7 279 31 106 3
6006 685 2 149 33 242 15
9545 477 1 33 37 139 1
0 272 1 99 32 15 11
2011 622 1 31 44 281 13
9736 41 1 62 67 609 13
9991 577 4 196 86 571 8
206 334 2 82 24 411 20
9078 474 1 46 7 113 1
1833 340 1 14 18 78 13
5701 523 1 14 18 239 13
9393 406 2 64 114 546 11
9765 596 3 137 50 315 8
9546 116 2 146 52 488 7
363 102 1 16 5 68 10
1900 577 2 71 28 301 16
9052 237 1 48 7 219 15
8 73 2 228 26 186 1
2879 141 1 93 117 653 13
249 306 1 30 14 558 4
9725 106 1 59 54 452 15
1812 256 2 223 49 840 3
9086 735 2 135 31 133 12
5677 620 1 22 31 591 20
10103 679 2 32 42 209 11
6327 504 1 140 13 280 13
2521 46 3 445 23 56 8
0 79 1 15 13 228 20
1981 611 2 106 17 193 14
2335 704 2 399 49 601 10
1898 20 1 33 7 345 14
10123 336 6 294 40 569 4
6015 670 1 161 127 216 6
6431 144 1 19 20 768 8
9571 312 1 20 15 87 6
2066 434 3 270 29 379 6
6365 257 1 437 25 362 11
428 384 3 131 45 661 11
10177 705 1 237 32 111 15
0 314 3 64 46 20 6
6304 381 3 178 79 389 10
549 530 2 243 92 725 15
6180 304 3 363 46 310 6
5757 157 1 26 10 159 13
9780 491 2 97 44 289 16
0 229 2 41 22 155 10
2067 268 1 397 34 513 11
0 145 2 31 7 94 8
9728 89 1 28 30 154 1
9601 311 2 308 20 47 5
0 121 3 161 88 56 4
2680 405 1 14 3 52 19
0 283 1 34 51 459 19
6355 77 1 20 25 79 15
2238 91 1 44 7 427 7
2796 252 1 208 33 835 13
2083 385 1 392 30 303 11
238 696 3 130 27 216 12
2542 350 1 149 43 384 3
5809 645 1 76 12 281 1
10105 279 1 164 69 544 10
2086 209 2 60 21 478 8
0 390 2 37 15 132 5
5837 724 3 96 41 266 16
0 181 1 48 45 231 17
10184 377 1 42 22 122 17
10075 382 3 58 9 150 2
2909 258 3 91 18 197 19
9385 478 1 71 24 77 14
5679 362 1 43 27 31 12
2231 237 3 181 45 365 2
9696 655 1 97 41 317 12
246 73 2 127 34 622 1
1979 244 4 199 53 781 16
9719 633 1 45 26 28 13
6546 294 1 282 30 621 17
9519 587 3 57 18 103 16
0 477 3 65 44 99 8
5510 492 2 128 63 324 17
6273 611 1 104 17 182 15
2174 728 1 10 7 83 9
0 480 1 41 21 74 18
6250 442 1 11 19 207 6
0 641 1 19 6 151 13
417 260 2 36 23 183 9
9667 670 1 265 60 450 5
0 716 1 33 5 311 20
5855 21 2 41 27 449 12
150 505 1 20 16 254 18
5741 389 1 19 10 297 12
9634 237 2 26 4 42 5
9867 137 1 35 12 475 9
9943 510 2 52 25 472 7
10088 442 1 122 68 139 2
5762 601 1 94 41 167 15
9240 453 1 32 57 204 3
2088 499 1 15 8 301 10
2120 192 2 158 63 387 12
2178 396 1 20 18 266 19
568 383 1 90 21 332 18
9084 546 1 72 22 720 10
0 122 1 20 41 186 19
5961 614 1 24 8 224 11
6272 466 1 21 22 284 8
2206 563 1 61 14 343 8
5464 339 1 7 4 48 7
9606 336 1 26 9 214 6
25 647 1 52 37 66 3
5834 594 1 33 112 360 15
0 153 1 125 55 17 4
0 228 6 202 65 73 1
6049 343 2 102 28 197 7
401 610 1 20 87 645 12
9217 331 1 13 43 212 3
0 174 3 44 4 149 1
2850 72 3 139 26 494 13
5605 671 1 79 30 318 8
6194 524 1 98 64 50 9
5627 195 2 147 52 119 5
9397 367 1 24 22 95 4
6131 138 3 82 44 237 9
10001 177 1 28 24 205 12
9254 650 5 163 65 58 2
383 517 1 42 80 439 19
0 218 3 201 91 441 20
0 590 1 50 9 391 5
5821 543 1 24 56 632 3
0 260 2 259 28 99 12
0 490 1 24 15 174 8
0 346 1 16 22 249 8
5581 694 1 185 108 338 14
9971 170 2 117 25 105 1
9094 653 6 394 40 606 19
6404 183 1 27 73 344 11
9708 255 1 39 10 254 1
5735 624 1 12 30 201 10
9287 74 1 27 19 172 9
9529 571 4 233 29 310 16
109 317 5 352 43 785 19
2019 225 2 82 24 502 11
200 110 1 21 63 717 9
1926 250 1 115 33 236 13
10083 698 1 35 58 676 20
2130 665 1 23 34 91 6
552 484 2 59 15 424 8
5429 190 2 279 48 186 10
9935 460 1 10 16 210 20
9373 586 3 169 44 352 3
0 24 3 258 75 307 15
2270 104 1 26 10 263 6
9277 337 2 99 37 100 5
5918 436 1 26 4 102 18
2601 333 2 156 43 239 10
9514 225 2 184 28 175 16
5600 133 4 197 50 58 18
6265 137 1 80 25 451 6
2328 80 2 35 7 65 14
6256 579 4 210 26 537 12
9238 144 1 26 22 220 16
9296 531 1 6 5 96 6
0 704 3 367 41 371 7
223 429 1 14 5 75 9
2835 70 1 42 24 396 19
10196 23 6 146 65 449 18
5429 31 1 35 36 11 7
5565 324 3 245 41 355 13
9489 597 1 32 56 899 14
27 324 2 402 71 268 9
5565 23 1 59 71 761 2
0 544 1 15 9 197 15
6448 229 1 50 75 584 7
5851 159 1 71 54 532 10
256 630 1 94 52 937 3
0 398 1 55 52 30 6
1998 550 2 112 45 32 7
6412 589 1 35 8 171 19
0 46 3 176 22 96 18
2323 463 5 120 45 174 7
5631 435 1 129 42 158 3
2740 115 1 153 55 201 7
0 119 4 269 44 72 1
2416 294 6 424 45 490 5
9894 249 1 53 23 98 17
317 506 2 85 17 373 15
2763 508 1 17 25 113 8
2661 25 3 313 60 67 1
416 523 5 364 35 634 14
0 521 3 185 20 593 16
1811 362 2 218 54 532 20
6381 168 2 82 96 493 15
9472 93 5 387 42 515 15
9093 374 8 414 65 577 7
9835 137 1 299 43 109 8
9389 615 3 128 20 715 16
9359 288 3 51 18 451 5
5974 62 3 174 27 374 12
5682 29 1 70 42 450 5
5837 187 1 39 71 166 15
320 517 4 88 62 65 16
0 642 5 308 65 118 15
5810 525 1 176 60 280 4
2200 239 2 222 31 274 14
5402 640 5 67 62 416 11
9200 509 5 84 36 194 11
2400 228 2 37 14 133 1
1885 536 1 20 16 85 16
9514 648 1 26 116 650 9
6437 187 3 75 54 94 17
2643 486 2 15 6 43 20
2188 299 5 125 43 401 20
9696 86 4 297 46 285 19
410 203 3 60 24 453 9
2697 53 1 22 32 95 15
565 242 2 72 11 42 11
9928 552 1 12 19 256 15
5775 379 2 37 16 310 3
2492 702 2 38 16 207 1
116 493 5 465 48 82 1
2891 185 1 14 4 125 17
233 510 1 59 87 727 3
2441 98 1 20 40 81 8
10119 721 2 108 61 621 2
1872 230 5 311 23 373 8
335 333 1 35 8 287 10
9117 67 1 36 57 554 16
0 719 1 15 17 99 14
9812 217 2 237 20 368 6
9982 153 1 106 31 550 20
2409 327 2 125 31 145 10
9831 719 4 240 64 112 17
6595 442 1 93 43 228 4
9562 598 1 137 69 141 18
2386 235 1 85 44 734 16
9465 592 5 270 17 117 14
1948 632 1 16 12 149 17
9699 597 3 206 32 83 12
10025 716 2 92 35 366 15
2020 270 1 73 27 348 5
2556 49 2 209 15 261 17
1955 654 3 129 68 462 13
310 130 2 243 68 515 11
2946 646 3 146 18 249 13
0 240 1 86 24 227 18
9154 447 1 31 44 213 17
0 651 1 34 54 772 4
0 571 3 58 81 389 12
2992 451 1 46 8 385 16
257 536 2 45 26 138 5
10156 355 3 80 38 173 10
9094 323 1 45 20 143 4
6589 293 3 396 75 71 10
2804 138 1 33 32 537 7
272 77 1 15 11 279 19
9606 256 1 21 14 305 6
0 426 1 25 22 291 8
2555 446 2 55 29 119 13
2892 337 1 86 24 200 19
5412 166 6 131 49 307 16
5992 246 2 29 97 238 5
1916 635 2 34 42 16 5
0 244 1 27 7 319 1
5563 673 3 132 46 550 19
9136 516 1 40 8 381 17
156 127 7 411 78 588 12
9366 119 1 28 33 281 20
5760 403 1 32 27 219 17
9380 288 1 367 35 487 12
9110 591 4 281 70 432 18
0 610 1 18 19 192 5
5732 595 4 74 6 123 3
1856 730 1 29 4 223 20
2029 397 6 175 27 250 13
0 634 1 427 50 502 1
9564 295 4 76 4 187 2
5807 135 2 87 31 269 1
2741 453 1 48 51 379 20
0 185 2 110 88 293 20
5878 20 3 123 75 200 1
5429 364 4 103 30 94 5
2878 618 1 30 47 206 3
2696 613 1 113 25 174 4
2293 254 1 118 34 353 8
9349 303 1 90 71 208 1
2410 317 1 72 21 115 2
2006 174 4 283 35 229 4
557 459 1 71 57 336 12
2311 718 2 263 19 458 10
6194 628 1 61 50 59 7
2652 489 1 33 25 504 14
5798 65 3 60 42 164 7
588 441 1 154 25 329 5
2188 549 3 66 11 122 3
9901 67 1 16 9 248 13
358 434 1 11 13 173 8
9053 523 1 84 47 641 4
0 512 1 14 22 91 6
9440 512 3 198 45 367 20
381 205 1 38 26 52 12
2916 614 2 70 50 211 12
9569 469 2 47 18 630 3
348 278 1 18 26 109 5
2205 454 1 29 24 223 3
9647 662 4 153 28 113 6
6133 632 2 561 29 686 8
6517 130 1 16 5 123 18
9219 358 1 122 36 203 10
0 160 2 26 5 115 1
2005 400 3 81 115 440 15
5861 359 3 220 42 603 3
1976 644 1 16 21 217 20
2830 184 6 267 29 825 1
0 98 2 93 51 446 9
5606 494 1 17 4 169 3
5681 75 1 115 72 153 11
9315 667 1 22 25 280 11
5598 31 1 46 23 509 19
5803 331 1 121 19 365 20
9452 428 1 41 8 182 17
9098 403 1 46 57 166 3
0 705 1 125 42 500 1
10159 452 3 67 23 114 7
143 412 2 42 46 897 17
2380 21 2 39 41 140 1
6144 576 2 121 106 298 14
2743 679 3 155 40 205 1
2586 503 1 13 10 143 16
2633 443 4 204 25 604 13
10140 223 3 120 83 638 16
6005 24 2 114 9 744 11
0 94 3 93 67 478 15
5824 106 1 239 33 256 14
1929 249 1 79 20 17 14
2498 250 2 47 18 370 2
0 634 3 110 6 748 15
6129 64 1 20 20 118 17
9868 347 1 87 119 463 2
10107 673 5 290 28 642 14
5867 228 1 43 33 213 12
0 172 1 129 57 108 19
0 636 2 141 84 476 16
0 506 1 17 5 71 1
0 573 2 73 65 472 3
9852 395 1 30 51 233 3
419 524 1 22 52 113 11
2583 235 1 16 28 256 9
5659 303 3 81 11 529 20
0 490 1 32 3 241 20
6511 534 1 13 5 89 20
9171 223 3 126 25 284 14
9207 187 3 135 38 183 2
382 484 1 50 18 256 12
5634 284 2 90 32 263 20
1873 432 3 227 73 130 12
10027 496 1 17 26 176 7
0 273 1 175 68 230 13
6467 22 1 21 20 330 9
2965 200 1 43 7 443 8
2210 649 5 77 31 627 6
6303 237 1 243 34 105 14
426 735 1 45 34 672 16
5924 744 2 35 37 100 1
9668 610 1 61 78 121 13
5917 230 2 52 39 628 3
276 262 6 214 19 756 17
0 198 4 89 105 281 10
2505 267 1 36 58 540 3
10067 414 1 72 39 366 20
9296 283 1 330 39 101 6
362 61 1 26 31 322 6
2346 385 1 48 19 69 2
2476 86 3 309 25 206 5
2189 263 1 33 6 145 13
9473 26 2 20 5 112 8
5852 39 1 20 29 152 6
0 477 4 149 54 305 10
0 640 1 190 33 314 4
2197 488 3 198 47 545 17
6538 392 2 98 57 300 8
0 668 1 91 66 527 15
44 113 1 50 9 213 17
5781 189 1 48 25 45 18
9027 689 1 22 43 133 16
9971 26 5 166 13 226 15
451 340 3 134 55 331 15
5978 282 1 21 5 437 2
0 241 6 148 32 408 8
2195 211 1 20 13 303 20
2108 677 1 23 8 176 11
9689 532 2 333 30 536 16
588 543 1 35 8 147 19
5471 21 2 72 7 414 17
9596 263 1 21 6 170 1
2151 410 1 23 17 162 6
6585 414 4 288 52 599 17
9972 88 1 11 19 220 15
2970 437 2 44 31 136 16
392 577 1 35 57 401 18
9230 420 4 218 36 674 16
5560 232 3 319 39 622 20
9290 378 2 167 32 336 19
5455 376 2 114 42 216 14
2240 135 2 74 19 193 20
179 138 2 18 7 177 14
5466 134 1 19 10 74 14
2125 204 1 19 11 177 1
6023 590 5 392 71 55 20
95 189 1 71 43 402 7
2157 524 1 61 49 75 9
9592 707 1 30 39 218 20
0 676 1 18 14 225 16
5775 670 3 175 29 203 15
9537 737 7 437 54 592 17
0 266 1 95 42 197 18
2841 688 1 33 29 392 15
0 514 1 19 10 433 20
235 659 2 52 56 325 11
9513 561 5 297 56 392 6
2374 490 4 143 24 151 18
9824 467 3 212 66 744 16
10082 178 1 40 71 235 12
6430 440 1 29 43 179 11
2527 426 2 93 32 160 11
0 595 3 86 30 257 15
2530 118 5 371 50 503 17
2424 709 1 18 9 272 1
570 236 1 238 28 174 13
5785 532 2 149 61 90 8
9088 449 2 384 24 438 4
2061 460 1 82 46 240 5
249 675 3 149 61 474 15
46 602 2 73 63 41 15
2431 67 1 386 71 663 13
2934 672 3 29 25 359 8
241 533 1 153 23 419 19
9320 546 5 347 68 466 4
9142 438 2 46 40 7 20
1840 516 2 118 27 11 17
0 315 1 27 56 191 16
9110 660 1 17 19 125 6
6325 490 1 160 54 429 11
0 246 1 25 12 291 7
6458 171 4 131 103 172 19
325 544 6 118 109 510 19
9517 141 2 52 60 245 6
5702 386 2 50 27 395 11
68 25 1 65 50 56 3
0 635 1 36 116 875 1
2879 132 1 72 35 111 10
327 53 7 203 14 219 6
2113 258 1 62 51 327 20
163 722 4 89 27 394 11
9997 740 3 160 80 481 14
0 261 2 50 36 612 12
5737 705 3 51 32 113 5
9652 593 2 29 9 59 2
9899 137 1 135 36 82 2
522 60 1 41 59 380 7
6107 498 1 154 69 240 11
6440 303 1 114 33 274 5
2753 140 1 42 25 306 8
5679 78 2 93 48 103 13
9495 513 1 33 34 226 8
6091 60 2 74 35 180 11
9227 222 4 83 75 619 3
2770 81 2 60 22 93 12
5977 95 1 35 13 208 4
2752 704 3 63 28 129 16
0 382 1 72 20 941 19
9520 579 1 224 28 349 16
2765 192 3 108 37 866 15
2547 175 1 21 22 212 15
6224 656 5 151 46 475 1
1837 654 2 195 61 396 14
6483 254 1 292 42 338 5
0 742 2 68 24 239 8
5419 381 3 84 57 247 19
9555 351 4 198 98 452 12
9783 320 1 33 5 211 17
9274 172 1 256 26 241 13
1826 620 4 163 87 593 12
5985 629 1 24 6 63 19
145 641 6 448 16 443 8
0 415 2 33 25 84 18
9692 416 3 32 14 147 15
2890 625 3 131 33 340 5
9559 332 1 113 18 249 11
10000 233 4 324 28 425 4
5472 655 4 185 33 343 9
2273 687 2 38 120 224 12
2557 352 4 268 31 164 15
2466 244 1 26 36 90 11
2960 519 3 241 31 184 14
