33 688
8 48 64 560
6 32 108 496
2 40 112 256
6 80 48 288
4 24 116 96
5 32 96 128
3 40 52 272
6 32 124 784
7 40 68 704
6 48 96 160
8 64 84 304
3 40 40 304
4 48 96 608
4 64 36 464
6 80 100 400
2 48 124 112
7 32 52 624
3 64 108 976
4 24 28 752
8 64 108 976
3 24 56 608
3 32 28 448
2 80 60 608
6 32 84 880
4 32 128 768
3 80 72 656
5 64 96 992
8 48 64 416
6 48 128 112
3 48 100 128
8 32 36 928
6 80 116 336
3 80 60 528
11809 581 1 15 22 239 2
7740 233 2 48 51 201 19
4438 415 1 45 67 167 16
4720 408 1 15 27 114 10
2153 242 1 18 32 259 20
4879 92 1 80 13 440 6
9888 208 2 134 53 425 3
7287 471 1 49 34 63 13
10256 260 1 54 45 248 9
4409 561 1 73 41 344 13
11049 503 1 21 21 161 7
6749 459 1 36 19 138 17
8021 130 8 295 39 333 1
3 138 1 134 19 115 6
2836 287 3 156 66 167 11
10574 452 2 88 58 74 6
760 219 3 110 15 144 13
2320 148 1 86 15 233 13
9629 307 2 67 65 79 12
3466 429 1 34 81 46 12
10360 128 2 110 38 406 15
11868 628 1 29 48 70 16
2818 149 3 73 26 135 9
7971 417 3 171 43 105 20
10123 561 6 147 22 190 5
4471 230 1 62 38 79 1
6461 419 1 164 55 404 14
4766 393 2 40 20 231 8
6976 386 1 23 12 105 13
1198 360 3 137 40 368 20
1654 406 1 95 14 255 17
7484 416 2 60 16 405 9
9239 488 3 191 58 336 20
9590 288 1 61 35 188 8
1230 545 2 55 89 73 11
3722 245 1 25 52 76 15
8471 580 2 126 61 140 2
6443 406 4 66 39 462 6
11450 370 2 172 26 225 20
6878 15 1 44 48 178 11
8056 507 1 22 26 391 11
8632 10 2 45 26 142 14
5097 40 1 90 43 236 6
7662 571 3 77 18 384 10
7417 471 2 29 77 399 20
2033 406 1 31 72 24 11
5562 589 1 41 15 171 5
7376 453 1 21 32 120 8
10731 584 4 145 20 94 2
4232 291 1 111 24 167 3
2177 75 1 47 67 394 5
9418 490 1 90 56 53 19
9018 424 3 45 41 93 13
3083 244 1 91 35 306 8
4166 461 4 98 33 190 8
1269 353 1 12 59 447 20
11132 454 2 52 25 45 1
4170 631 1 29 68 126 16
2066 270 7 374 29 208 19
10540 579 3 119 54 526 15
4761 369 2 128 31 456 2
3103 164 2 54 32 258 18
8285 324 2 82 36 162 8
2693 469 4 101 22 448 20
2636 500 2 63 18 297 16
5374 442 1 30 18 322 4
687 52 3 131 64 77 4
897 281 1 286 21 205 13
10857 247 2 169 34 594 11
2014 583 3 104 73 282 6
3992 223 2 111 14 137 2
7768 367 1 42 66 518 12
1689 601 1 40 35 411 4
4807 549 1 101 25 130 12
3324 531 1 215 18 200 4
7444 351 1 22 28 255 15
5257 438 1 71 39 319 13
925 444 1 40 29 450 11
6418 422 3 69 12 135 8
586 185 1 62 40 86 5
10520 214 1 101 68 207 3
7232 532 1 150 56 215 4
9287 229 1 37 25 608 17
4751 535 3 169 42 400 17
3175 481 2 21 30 329 15
5523 249 1 32 19 276 10
9278 65 1 82 23 287 2
7512 34 1 22 52 54 9
4967 78 3 57 59 481 18
2026 456 1 330 54 244 18
5604 440 3 322 43 84 1
11761 347 2 71 32 205 10
10611 203 1 30 27 428 7
5224 328 5 104 43 223 14
1862 75 5 66 26 38 3
4769 528 2 55 51 79 4
5301 300 1 99 28 449 1
4314 604 2 104 32 34 10
3834 630 3 59 14 196 14
3784 201 1 19 11 447 14
6162 416 3 36 55 302 17
6645 219 1 114 38 321 10
10197 452 2 64 46 405 17
10922 346 1 39 17 442 14
1404 14 3 93 51 513 19
9819 54 1 127 24 201 20
1661 338 1 33 63 372 13
8602 259 2 73 65 534 14
7830 533 7 267 66 609 9
6477 584 1 64 20 400 11
4557 459 4 143 42 426 7
1223 33 4 380 73 666 8
3085 411 7 165 30 458 7
3565 143 1 11 39 21 2
8275 333 4 58 15 291 4
7320 211 1 35 72 43 15
6895 246 1 32 37 212 10
8234 553 2 69 16 416 13
3222 106 1 115 11 259 13
8963 289 1 41 48 84 13
5018 360 3 107 22 240 20
8258 28 5 67 34 189 8
1536 104 3 52 46 142 10
9268 192 1 58 18 158 18
5855 395 1 146 45 92 20
5810 355 4 170 35 132 19
5566 425 2 202 34 144 12
5214 92 3 58 28 62 17
5615 88 3 73 32 200 19
1211 574 3 89 67 456 19
9925 589 1 28 45 322 4
3436 629 2 65 64 124 14
8339 300 2 87 40 353 20
5026 372 1 68 36 134 7
1090 229 1 199 40 240 7
6704 419 2 43 24 368 2
7303 521 1 77 19 197 1
11326 515 2 107 61 570 16
8917 39 2 124 21 177 7
5045 260 4 80 33 292 13
9916 102 2 59 48 92 1
3771 114 1 16 47 442 6
8560 24 2 94 58 165 16
2245 130 1 33 33 72 7
10905 529 2 360 48 76 4
1303 355 5 130 39 36 16
8007 122 2 96 31 124 18
1173 78 1 40 31 197 9
9429 568 1 33 31 248 3
11732 164 1 65 22 176 5
1341 640 1 28 9 487 6
4733 158 2 62 49 67 20
9138 343 5 195 43 439 7
5065 644 1 57 23 86 17
1503 432 1 27 35 300 11
8010 178 3 239 52 212 1
3902 175 2 104 68 591 3
1617 255 1 17 65 586 1
7875 365 2 149 38 39 6
2682 527 2 65 48 322 16
1006 59 3 160 23 238 15
808 31 1 37 12 203 14
7154 47 1 21 26 62 6
7290 14 1 23 40 166 4
11018 542 6 90 82 192 10
8409 27 2 146 65 298 13
9490 442 1 37 16 349 2
10772 459 5 126 48 642 3
7778 302 3 89 42 257 20
8292 297 1 58 23 405 11
4965 490 1 49 32 446 12
6949 505 2 52 40 401 2
6027 552 1 97 26 146 7
11334 32 1 86 40 156 8
695 355 1 113 40 180 7
3161 393 2 37 44 60 7
11389 649 1 42 25 203 2
8633 373 2 43 40 253 3
7453 367 2 43 21 111 14
9227 304 4 259 76 71 9
11958 518 1 27 30 82 3
7496 328 1 23 47 558 17
9785 401 2 55 40 316 19
3731 624 3 84 13 452 18
4442 475 1 41 47 347 18
9039 332 1 18 21 271 4
3781 202 7 139 25 217 11
8425 590 2 203 19 196 5
3499 594 1 23 12 154 3
1562 444 1 172 46 114 18
220 511 1 33 17 129 9
6761 362 1 27 27 72 7
3847 113 1 104 28 340 2
8569 113 3 191 31 186 2
984 322 1 17 19 118 14
4945 423 1 66 52 473 19
6568 230 1 28 39 35 11
10671 533 3 90 71 28 3
3566 233 2 44 28 133 14
5651 505 5 71 24 438 7
4232 179 6 182 22 335 11
4897 499 3 112 55 187 4
11034 469 2 49 55 154 9
3417 535 1 165 76 256 14
3448 395 6 256 35 297 16
339 480 3 135 34 39 9
8482 146 1 136 43 300 4
9168 221 1 54 86 440 6
3749 73 1 57 27 169 20
10069 529 2 68 42 514 4
11918 50 2 30 53 39 17
2461 183 2 68 55 124 15
11345 225 2 118 25 56 5
362 58 2 80 67 55 12
6402 152 1 36 74 41 9
4572 99 1 110 45 484 7
11113 590 1 257 51 64 10
11287 81 1 22 15 158 7
5540 372 1 160 23 163 14
7971 422 4 140 25 207 8
8177 315 5 121 52 72 16
6119 649 5 251 43 449 20
3527 261 1 80 73 23 14
5891 393 2 122 68 637 6
9141 283 1 50 69 104 5
10777 23 1 66 60 700 2
11852 479 1 16 71 145 1
8547 396 1 21 65 172 17
5817 566 4 88 32 315 10
5795 534 1 28 62 31 13
4866 649 1 50 11 301 18
10041 334 4 292 36 155 12
7670 650 4 90 26 413 3
6316 339 4 109 71 255 17
1579 48 4 112 19 420 19
11243 216 1 17 34 252 18
1131 531 2 124 23 114 6
2932 604 2 71 59 76 12
11496 104 1 111 34 99 6
8182 270 1 338 81 239 6
120 300 1 36 30 173 9
6691 269 2 94 11 219 7
6539 612 1 17 63 67 15
6621 48 1 25 25 261 9
2259 55 1 17 10 449 3
7528 524 2 86 41 189 15
9003 349 1 73 56 43 7
4871 438 2 101 62 217 4
10594 450 2 101 26 73 1
967 40 2 31 18 181 12
4772 590 1 37 73 274 18
6563 127 2 54 53 313 12
2304 438 1 48 14 490 18
5497 361 1 100 21 326 12
2306 517 2 75 40 83 20
8038 153 1 62 48 324 17
5239 597 1 55 20 97 1
10919 343 1 31 24 300 6
3072 556 4 160 34 281 10
9593 574 4 148 33 254 11
10052 430 1 133 21 122 4
6657 420 4 120 36 715 1
11263 298 1 214 30 62 7
1100 22 1 34 30 742 4
10006 302 2 63 53 324 4
9317 553 1 64 18 201 20
1855 78 1 78 35 303 5
8161 615 1 9 18 310 10
6336 638 1 115 42 352 18
3745 491 2 48 28 551 13
3672 209 1 58 38 387 20
3759 73 1 55 38 487 4
5723 619 1 109 58 63 10
8593 639 1 39 53 147 9
9037 551 1 46 29 280 13
4730 531 5 81 25 270 3
5301 146 1 59 65 42 13
6302 598 2 76 49 88 20
2695 54 1 18 33 447 10
11852 561 4 176 22 221 16
8621 494 1 21 24 208 19
10410 378 2 70 33 397 5
9974 182 3 95 31 196 1
9405 199 1 89 28 676 9
3169 153 2 136 18 374 6
9749 45 1 128 24 84 10
8085 447 2 99 25 145 17
8749 599 1 86 34 495 9
2625 115 2 67 38 323 2
3915 605 1 116 71 332 18
306 627 3 80 32 70 6
8454 58 2 72 50 141 4
9336 488 1 13 26 60 15
368 369 2 110 63 732 13
1483 107 1 29 80 39 2
5330 80 1 13 26 291 7
74 649 1 147 22 144 4
10519 495 4 256 63 108 2
7608 538 2 80 43 100 11
1466 382 1 37 11 254 10
11315 178 1 53 22 326 16
1013 589 4 103 62 172 8
2554 133 1 36 16 233 13
1335 527 1 14 15 150 13
4557 200 1 25 81 78 2
6758 77 2 107 29 221 10
9408 557 2 49 17 342 18
11720 100 2 80 51 108 10
1885 533 2 49 22 165 13
44 635 2 52 21 94 1
7794 70 3 58 13 248 12
1085 484 1 13 19 258 9
2266 51 1 320 67 200 14
4264 245 2 41 28 384 12
2617 560 5 100 11 142 13
3730 132 4 162 42 100 8
4321 137 1 67 49 546 8
8316 601 2 133 50 107 13
3176 306 3 142 20 121 13
5514 91 1 37 15 95 3
11547 249 1 62 18 343 12
5391 46 2 100 60 28 19
9411 139 2 69 12 107 1
3734 152 3 114 50 48 3
2293 335 1 47 11 314 6
6755 17 3 48 26 402 4
11549 224 1 31 28 92 6
2316 444 2 50 12 673 4
2934 557 4 124 64 79 7
3636 474 1 147 15 558 16
3932 352 1 33 66 321 17
3580 602 1 31 60 67 17
9259 475 1 45 37 93 14
5750 271 3 64 10 261 11
803 338 2 26 18 151 18
8340 130 2 175 27 162 2
3333 66 6 236 40 251 1
5086 419 2 129 39 235 15
1002 319 1 149 32 310 3
7914 441 1 92 30 52 3
859 638 2 155 21 232 15
7654 282 1 19 77 70 4
3754 89 3 138 41 456 4
8501 439 1 18 41 83 6
6562 166 1 12 63 39 7
11256 156 3 80 36 223 17
5503 373 4 226 63 423 2
9383 109 2 80 15 152 4
4726 113 1 62 24 177 4
8064 462 1 78 67 157 13
6200 92 6 196 42 170 4
3117 380 2 34 41 70 13
1357 642 1 50 8 178 5
9282 140 3 105 22 333 5
9138 569 3 93 18 295 8
9019 35 1 20 87 54 14
10799 167 1 33 10 124 14
7102 614 3 160 51 50 2
7210 102 4 98 46 407 20
189 354 1 81 83 180 8
8521 159 1 77 29 470 2
10491 359 2 80 48 234 5
1034 548 4 147 30 61 14
9105 592 2 37 43 236 9
8199 240 2 37 69 23 11
5784 300 3 95 34 89 16
1884 200 1 50 28 113 7
7237 391 2 77 52 561 8
4744 289 2 70 21 62 17
6979 489 3 119 45 347 15
9380 203 2 117 42 296 20
82 642 1 70 16 336 1
2112 523 4 114 26 492 13
9520 377 2 79 23 159 1
2944 270 2 56 83 309 18
3838 499 1 85 26 152 2
301 208 4 72 54 584 20
9607 566 1 62 29 181 20
5614 424 3 182 19 129 11
7816 26 1 119 19 87 9
4359 566 3 203 23 308 19
8182 650 1 20 24 135 1
2259 29 2 33 36 395 5
6459 306 1 107 31 173 12
9711 281 2 107 59 310 20
11499 206 1 59 19 180 19
2530 144 2 39 36 455 2
4933 402 4 201 44 241 14
10550 210 1 36 13 388 15
7047 402 2 270 15 83 5
9396 553 2 37 81 71 3
572 498 1 101 33 42 18
3953 321 4 153 44 150 3
4733 17 1 19 41 52 18
375 499 1 24 30 149 9
2391 153 2 37 9 128 12
480 113 1 162 24 446 9
5629 466 1 43 8 328 9
9996 53 2 244 29 197 15
530 382 1 53 54 410 11
10740 317 2 120 19 153 7
8886 542 4 149 37 291 17
2651 547 2 67 15 140 3
3537 316 2 154 34 75 4
2259 219 1 77 16 221 12
3635 162 2 196 26 202 20
11119 345 1 54 36 205 12
2136 183 4 103 40 71 15
9965 307 1 55 24 357 12
179 437 1 122 15 178 15
2827 51 3 78 15 324 16
6216 431 3 156 26 59 5
8413 169 1 20 46 428 13
3398 261 1 25 58 78 19
4923 151 1 19 18 169 6
7117 572 2 85 31 565 14
3528 343 1 20 12 255 16
8448 406 1 51 18 206 20
7726 400 1 25 55 60 10
8008 533 2 43 31 122 8
8677 284 3 73 15 123 17
10731 126 1 12 73 378 20
10469 118 1 65 15 352 5
2051 75 1 100 26 279 7
2277 470 1 21 27 81 1
10377 296 1 14 26 185 8
11743 649 1 151 38 491 15
1721 186 1 15 45 399 13
11975 194 4 171 52 422 3
5093 266 1 76 48 80 18
1591 510 1 45 24 95 6
6318 186 1 162 16 150 20
6715 101 3 126 11 306 20
521 215 3 151 41 291 11
6310 494 1 106 42 28 6
2900 408 5 165 30 63 17
2934 598 1 125 25 230 19
1707 579 1 70 33 59 7
1837 206 1 76 20 295 7
4089 104 3 230 34 251 9
11947 570 1 52 22 332 14
1876 57 1 19 59 45 16
11700 388 5 243 40 156 12
6576 516 1 16 36 364 6
5543 104 1 36 78 61 13
6921 616 5 149 47 464 13
4177 405 3 56 19 210 18
6194 64 1 215 30 95 10
108 456 1 17 41 56 17
9693 549 3 97 65 54 1
8780 230 3 159 48 211 11
5318 548 2 168 43 320 7
2514 396 1 34 58 77 8
3592 424 1 71 28 49 4
1580 497 1 62 13 268 6
9503 478 1 54 69 462 4
6876 289 1 36 23 74 4
415 638 2 123 14 219 5
6729 100 4 71 74 240 20
11494 404 2 89 14 86 11
6075 35 4 108 40 480 10
11311 564 1 23 35 111 16
4930 475 1 206 31 157 8
7736 210 3 70 22 90 8
10964 362 1 47 55 313 10
5651 198 1 44 20 225 14
631 226 1 128 75 171 9
9401 449 1 20 36 288 18
5958 151 1 20 53 80 11
162 633 1 17 19 293 13
712 117 2 59 26 71 16
3927 427 3 78 24 602 10
5653 372 2 78 25 56 11
900 282 3 226 28 251 20
6950 164 2 31 79 381 11
10209 496 4 134 12 455 3
8947 575 2 53 62 54 16
3517 257 1 51 47 68 11
6630 367 1 27 31 215 12
435 331 1 36 12 257 14
5336 254 2 79 30 279 19
9372 38 1 45 32 472 7
4497 405 1 238 30 79 12
7106 437 1 17 14 449 19
3428 54 1 42 33 151 4
7550 394 2 132 27 97 17
10624 74 5 166 50 58 10
4711 435 1 192 39 120 14
1169 12 1 38 15 332 15
2333 364 2 58 53 460 13
5787 183 2 59 30 646 7
5812 507 3 59 12 361 20
2319 502 1 131 29 393 9
4056 366 3 40 35 279 10
7652 170 1 315 64 89 7
7134 234 1 28 23 127 14
4785 77 2 90 26 303 18
5846 600 1 68 22 361 5
4379 314 3 123 35 31 19
5903 26 2 79 82 37 10
5424 428 1 36 51 27 8
7014 645 3 35 18 412 12
3544 138 1 45 59 177 4
7233 182 1 68 32 361 18
11046 410 6 151 21 92 6
6711 309 3 102 58 205 18
1443 518 1 21 31 187 10
1247 553 2 71 72 274 19
3135 504 1 27 37 43 10
687 172 1 92 9 163 18
8311 125 1 71 28 179 9
10789 351 1 58 17 449 9
8017 452 6 236 38 241 17
3426 391 1 59 17 338 4
1247 470 2 48 56 80 4
4306 93 3 151 38 261 2
7171 101 2 66 65 60 16
2651 514 3 73 35 463 4
10500 523 2 130 66 101 4
9333 96 2 156 26 346 11
4472 464 1 106 53 548 19
4559 244 7 208 13 443 6
11299 448 2 79 17 122 13
10117 211 2 58 51 62 4
4320 435 2 53 7 159 8
3138 506 1 118 58 240 18
4569 239 2 56 66 244 2
7621 611 4 70 20 258 1
11307 358 2 82 22 215 2
7571 300 4 117 28 207 7
9295 647 1 38 29 89 4
6990 553 3 120 60 234 7
1285 178 1 43 14 214 15
534 429 2 38 25 71 15
2320 620 2 188 37 194 19
1540 517 7 194 14 86 9
6520 152 1 86 23 102 2
162 334 5 170 19 200 13
1913 357 4 237 24 129 9
4598 531 1 17 32 208 17
11423 529 4 80 60 51 17
8125 639 1 66 50 235 20
4599 84 1 67 37 468 3
3643 85 1 13 16 339 20
7796 192 2 66 27 41 2
3599 171 4 311 54 296 15
6233 583 1 29 56 62 17
3432 648 2 63 56 116 6
9379 598 1 26 13 222 6
7333 549 2 39 28 76 7
8978 59 1 14 34 558 5
2932 603 2 107 70 631 20
7859 530 1 21 42 483 10
7815 584 2 59 27 78 9
649 611 3 114 61 248 17
8913 624 3 254 16 125 10
6832 433 1 66 22 92 10
9093 183 2 22 33 311 5
2027 133 2 78 39 475 5
1913 266 5 190 35 334 1
8479 344 1 19 18 146 3
3740 139 5 332 19 149 20
7102 206 1 115 39 365 7
2623 183 3 66 18 116 17
1795 411 1 26 24 352 20
1259 497 1 30 24 345 5
1634 597 6 121 66 232 3
6352 261 4 378 55 218 16
8211 19 2 330 20 110 17
4707 192 1 15 28 66 7
4795 385 1 41 28 506 17
9155 546 3 107 61 51 13
11079 37 3 100 41 225 12
8854 176 2 64 31 61 8
9896 489 4 105 36 35 15
2444 419 1 298 29 176 6
8148 573 2 40 13 187 20
10412 257 4 213 61 253 5
2880 465 1 71 45 419 20
8 43 1 18 73 87 9
8992 361 2 139 24 294 15
8657 609 2 66 34 200 8
8629 650 6 136 57 492 19
10777 532 1 63 45 447 13
7201 507 2 51 22 258 6
3713 504 1 37 19 141 9
3779 313 1 111 35 45 13
10105 22 1 16 28 152 10
8278 361 1 69 78 139 10
5324 498 1 12 15 253 5
2284 40 2 205 32 251 3
2801 447 1 16 34 141 20
443 336 1 58 16 148 6
2877 608 3 45 7 507 13
11387 644 2 60 21 453 8
10522 409 1 20 38 28 8
3657 294 2 33 33 411 6
5249 527 3 114 67 31 11
507 346 3 275 68 109 5
8456 574 2 97 28 668 18
3319 438 2 84 29 138 6
9143 495 5 158 22 205 18
6382 342 1 138 67 48 11
3881 483 4 170 20 225 20
9556 170 1 26 33 232 12
5802 331 1 29 26 365 17
2804 561 2 36 35 111 4
6274 243 2 166 55 252 4
2858 474 4 163 17 222 15
11855 518 1 53 63 265 12
8504 201 2 75 13 111 15
3998 98 1 77 23 212 5
4617 328 1 50 18 429 12
1148 523 1 70 46 188 3
418 433 2 24 27 321 2
10237 548 5 115 17 421 11
3280 534 2 144 39 189 10
11481 264 5 217 21 139 20
3418 281 3 251 67 138 7
1431 374 1 23 28 50 2
4853 400 1 64 52 198 4
2643 363 1 80 51 113 13
8958 392 1 58 33 353 12
1539 608 2 61 67 184 15
1799 499 4 98 55 236 1
16 591 2 148 66 551 9
6179 197 2 63 23 234 13
7195 522 4 143 75 316 12
10782 601 1 22 18 515 1
658 72 2 110 9 615 20
9550 509 4 129 16 306 17
2010 334 2 100 22 94 20
5521 125 1 96 20 526 20
3324 370 3 96 39 238 2
691 37 3 128 32 105 1
1846 333 6 199 24 224 13
7922 21 2 24 67 103 9
10818 84 1 60 66 91 7
6258 96 1 15 13 191 5
5489 464 1 37 29 460 5
1513 179 1 36 24 64 18
11969 407 5 319 33 183 3
9147 309 5 138 49 275 7
3352 332 3 88 53 113 5
1728 350 3 42 13 168 7
11926 73 2 34 25 113 16
5416 128 1 52 19 192 3
2950 262 3 197 41 170 9
1123 116 1 23 34 292 9
10012 205 2 46 35 74 20
1202 524 1 149 20 256 12
10637 550 1 16 47 121 13
8868 56 4 116 39 36 12
2387 634 3 127 44 318 7
8494 192 1 19 22 680 5
1162 131 1 90 69 686 8
11741 186 1 33 17 390 5
9466 261 1 20 16 238 16
7893 650 1 43 49 71 11
271 488 1 14 50 137 8
10091 262 1 78 60 296 2
4243 104 2 35 44 285 9
6407 460 4 63 78 566 12
3093 605 2 42 15 106 2
9334 462 6 157 48 227 19
5333 341 4 132 42 384 12
6335 648 1 35 30 64 1
11771 472 1 53 14 261 15
10295 283 2 32 23 223 20
8556 135 2 31 66 456 2
9476 269 2 49 25 130 15
1807 112 2 72 83 67 2
5516 367 1 35 23 106 10
1233 516 2 183 42 90 15
11908 297 1 95 25 229 19
5267 78 1 95 44 605 14
1008 468 1 50 16 253 16
1977 452 2 73 12 88 6
8170 207 4 88 13 562 9
458 73 2 78 71 494 20
11598 65 1 40 47 27 19
7709 356 2 103 15 622 2
11425 189 4 188 27 79 8
5288 439 1 39 40 33 5
9539 615 1 47 8 300 14
6670 141 5 117 65 263 16
2660 317 3 111 24 77 14
10560 624 1 39 68 393 16
