20 311
6 24 64 96
5 48 124 832
5 80 92 448
8 64 120 336
6 40 56 752
5 40 40 704
6 48 60 928
4 48 120 976
8 32 28 832
8 24 100 672
2 48 64 784
8 64 28 816
8 32 108 960
5 40 100 512
6 40 116 672
8 64 32 208
3 32 60 672
3 24 116 528
3 48 68 912
8 80 124 352
5405 6 6 115 43 63 5
396 25 1 40 30 510 6
7752 517 1 39 39 432 4
8382 78 1 79 64 467 16
11556 372 1 28 20 310 5
2717 507 2 326 40 188 15
8673 332 1 76 9 195 1
9589 13 1 15 72 352 15
1983 339 1 85 24 514 4
3098 340 1 78 17 550 17
10237 169 1 36 28 185 19
4897 312 1 90 33 333 3
3590 448 1 18 63 308 19
11066 535 1 31 25 261 2
4250 421 2 85 41 625 2
5073 246 1 70 35 394 3
3552 389 1 44 12 431 6
9593 232 1 19 61 253 7
4510 94 3 110 33 460 5
11947 491 1 128 51 312 15
5360 182 2 65 60 432 6
10399 267 2 161 58 185 3
2388 68 3 78 30 177 5
4252 407 3 516 56 196 2
4479 365 2 86 15 444 2
6558 108 2 36 63 407 3
3547 550 1 19 33 271 1
10923 422 1 43 43 61 2
3882 193 1 94 40 222 16
11679 255 4 80 14 237 5
2396 401 1 52 36 347 5
5637 380 5 143 34 192 16
1542 17 3 111 26 206 2
6183 140 3 73 16 458 16
6978 119 3 68 63 368 15
1333 162 3 162 24 353 3
9059 386 1 39 14 553 4
1675 474 1 37 58 314 4
499 453 2 35 80 394 17
1756 486 1 124 68 183 6
11314 396 2 115 41 177 5
4435 238 1 76 72 308 16
952 287 1 21 14 540 5
8693 75 2 60 58 195 19
7773 152 3 106 21 224 6
10156 234 2 101 19 513 4
2448 482 1 51 67 355 6
2850 138 2 71 50 244 2
9481 25 2 58 22 277 16
7417 546 1 93 61 121 3
1252 98 4 171 16 664 2
897 405 1 98 15 292 4
6559 203 1 27 35 678 2
1876 352 1 39 31 424 5
9544 24 1 163 37 316 18
7818 95 1 30 37 542 3
7745 433 1 36 28 375 6
636 418 2 69 71 86 7
11302 231 2 129 63 234 3
7516 381 1 48 36 166 7
4046 306 1 18 54 554 5
11688 136 3 84 72 604 7
3157 515 1 22 25 298 4
4544 28 1 83 29 391 2
9633 360 3 120 13 408 15
10184 214 1 22 37 416 5
5315 59 1 45 15 531 4
5327 266 1 119 21 371 4
152 474 1 20 12 220 2
3573 174 1 21 12 332 20
8938 261 1 266 37 117 5
1518 451 1 115 29 622 7
11853 433 6 146 20 94 20
8950 430 1 20 60 514 6
6354 399 1 25 29 330 6
10578 524 2 109 83 390 4
6312 87 7 89 37 502 6
6480 492 2 92 42 124 5
697 135 1 72 14 73 6
361 341 4 114 8 457 6
7965 373 5 186 41 211 4
7474 206 1 22 45 150 7
11390 448 1 22 74 197 2
683 530 2 104 77 218 17
11424 413 1 25 53 385 2
8660 305 1 183 46 100 6
11754 542 1 23 30 231 2
11069 406 1 63 13 189 6
2981 441 3 96 43 218 19
1662 295 1 10 44 67 3
39 417 1 30 37 151 5
6204 172 2 303 44 226 5
4288 84 1 65 26 253 4
10176 103 5 248 59 190 3
5463 550 2 107 64 171 6
1507 287 1 20 24 237 3
3499 77 2 26 56 166 17
6709 109 1 67 42 470 2
8827 481 1 40 28 338 20
2703 63 1 19 11 293 3
11086 236 2 135 39 80 1
7649 276 1 15 38 464 7
530 154 3 77 64 438 17
10500 126 1 23 42 329 3
3800 22 3 62 44 481 3
4811 275 1 322 8 339 16
8738 107 4 163 27 235 1
8552 358 2 23 35 69 19
1109 497 1 28 49 325 7
7558 444 1 72 16 418 3
10913 549 1 107 36 342 20
6803 21 1 21 30 433 4
6839 206 2 240 63 190 17
9770 537 1 68 22 269 4
210 446 5 142 62 380 3
11646 316 2 67 18 376 6
8110 114 2 35 28 219 15
2675 318 2 55 24 202 3
5655 295 3 77 35 445 6
3431 254 4 115 19 195 2
11731 28 2 38 78 244 2
772 6 1 81 30 463 4
8188 491 1 38 68 328 1
10402 520 1 26 32 204 2
11262 128 1 44 68 237 3
1557 336 2 125 13 200 16
7789 535 2 37 34 255 5
10939 424 1 93 56 280 4
10436 300 1 242 53 174 2
3230 550 1 26 38 404 4
7254 86 4 64 13 69 6
2278 319 1 18 21 130 15
11313 271 4 182 45 117 2
10535 310 3 124 33 104 2
1937 64 1 48 7 229 4
1593 35 2 55 45 384 4
9296 239 1 20 77 292 15
5998 31 3 117 42 435 7
6619 359 2 41 42 402 7
1112 514 2 57 25 284 3
8187 147 2 123 55 392 17
249 219 1 20 17 292 2
9912 30 1 38 31 354 5
6961 448 2 80 49 228 4
9257 387 2 43 20 574 5
10008 489 2 180 47 301 1
9100 39 5 409 12 569 5
10116 93 2 62 38 593 3
2768 16 2 72 27 199 6
9515 62 1 24 25 325 7
11396 287 2 102 26 237 5
1334 303 3 139 14 534 17
1994 192 3 112 34 564 1
3903 462 7 156 15 471 1
4683 329 3 88 46 92 18
462 328 2 93 43 304 6
3207 447 5 332 48 132 3
7209 111 5 302 15 234 5
7463 379 1 33 67 301 18
11899 177 1 98 75 264 2
5238 219 2 112 20 236 6
8428 450 1 26 14 424 6
8768 121 2 30 11 309 6
2337 154 2 183 39 154 4
3205 157 1 19 49 318 3
8210 65 2 187 8 576 2
3467 57 2 91 62 288 2
10777 143 5 111 41 368 1
9449 267 1 18 28 208 6
7216 545 5 135 46 414 3
5285 74 2 108 35 190 7
5436 337 1 15 40 247 2
3423 204 3 100 33 305 1
6850 189 1 22 14 420 1
2623 460 5 343 28 79 7
6734 143 1 195 35 373 1
5905 127 2 238 57 208 5
6173 335 1 27 25 30 15
11527 546 2 90 37 408 6
3268 168 2 28 40 449 19
7840 294 3 74 50 390 5
533 123 1 64 27 111 20
7125 161 3 91 16 514 2
9801 131 1 43 54 407 7
10381 388 2 21 41 417 5
8263 124 2 64 15 45 2
5999 285 1 34 28 239 6
8690 126 2 125 59 273 19
1315 235 2 105 32 180 4
1930 229 4 128 31 192 6
7175 499 1 69 15 50 1
1979 429 3 101 31 234 1
1818 215 2 66 21 170 7
2437 539 2 40 25 266 15
1458 302 1 10 38 361 17
4076 47 2 98 49 107 20
8028 373 1 129 17 190 15
11961 162 2 75 18 555 2
6035 356 1 20 58 331 1
9142 191 2 27 37 449 5
1883 94 2 72 32 472 4
2699 130 1 33 39 242 1
1952 311 1 175 18 428 6
6660 524 2 185 65 214 2
9275 362 1 34 39 299 4
1177 131 1 81 40 481 6
5270 439 1 80 40 465 3
2184 57 1 12 6 168 19
6920 214 1 23 21 426 18
11795 112 2 136 35 447 18
11926 77 1 28 47 270 4
5407 275 3 144 22 124 3
8176 50 2 245 9 142 2
8029 504 1 44 50 263 3
11431 107 2 46 28 305 1
5543 350 3 46 31 431 7
11290 71 1 33 28 167 6
2545 13 1 28 34 357 16
7083 53 1 13 15 204 16
1841 392 5 254 60 194 5
6076 495 1 25 33 273 1
6777 412 2 86 52 356 7
4707 407 2 53 41 405 17
9555 334 1 88 32 41 1
8709 326 2 51 38 189 5
11396 480 1 20 40 46 18
10367 334 1 82 31 604 6
3795 130 2 110 56 251 5
6391 400 2 86 30 457 3
3386 344 1 46 12 309 2
3427 485 1 44 58 267 4
7998 305 5 215 75 109 2
8334 292 2 63 37 364 4
7468 109 2 65 18 399 3
4492 348 2 33 18 272 6
4386 356 1 18 39 407 4
7524 56 3 183 60 281 7
11021 171 1 12 28 301 7
10234 323 2 102 48 269 3
2941 472 1 36 30 268 6
3413 288 3 148 56 275 17
5846 339 1 15 30 333 18
7216 163 3 148 14 177 5
8221 399 1 24 31 392 4
11803 137 2 171 57 225 5
8732 370 2 111 30 676 2
3550 516 2 64 53 183 5
2429 371 1 31 67 267 6
1118 447 4 148 25 468 19
8439 380 1 36 35 58 1
3527 272 1 64 62 385 4
9709 406 2 48 14 390 6
11592 226 2 24 53 381 7
3513 302 2 78 32 345 20
10331 355 2 91 47 436 2
8090 333 3 65 32 385 2
6941 410 2 58 65 565 4
10498 73 2 129 25 455 6
9236 134 1 155 9 447 5
3915 41 7 162 29 466 6
777 405 1 52 41 218 3
3582 148 1 15 74 338 1
5030 156 2 58 19 454 20
5178 488 2 46 81 444 4
11282 310 1 43 40 481 7
4930 434 7 68 68 148 4
9927 254 6 99 11 367 19
2721 145 1 84 35 182 1
9376 108 2 19 67 146 20
440 502 1 69 34 681 4
11434 521 3 154 15 199 4
4075 39 1 29 28 182 6
7383 100 3 46 18 22 1
2860 90 1 22 14 178 3
6726 432 2 114 59 200 17
9493 249 1 81 30 275 7
7542 356 1 27 21 70 7
8191 45 3 81 39 34 7
8076 547 1 316 8 89 15
6768 106 1 30 39 466 5
922 113 4 115 20 167 3
4986 414 3 96 70 293 7
7665 98 2 67 18 342 4
438 356 2 46 82 272 7
9863 238 1 17 75 396 7
11873 27 1 199 19 446 3
11026 247 1 23 48 294 6
8194 444 3 50 26 191 1
9381 346 1 17 37 336 15
11044 82 1 37 46 260 4
5629 460 2 41 41 147 6
8760 149 3 35 44 191 6
9462 501 1 28 45 720 3
2788 79 2 38 16 190 6
8275 170 2 263 43 195 4
9285 532 1 18 24 414 7
4217 208 1 22 12 395 19
9763 122 1 42 67 330 17
6016 102 2 85 38 237 1
6876 348 2 152 72 618 6
6498 75 1 127 45 145 6
11107 386 1 14 14 25 20
1290 139 4 38 17 59 4
106 19 3 77 27 178 4
4775 528 2 71 77 550 18
10943 282 8 118 39 207 6
10867 254 7 97 7 214 4
3569 489 1 35 35 322 5
1159 357 1 41 37 325 1
7836 189 1 144 28 430 4
230 364 1 62 17 599 3
