10 97
7 64 52 480
6 48 116 720
7 40 72 912
5 64 100 848
6 64 128 944
5 64 108 400
7 80 100 896
6 64 88 384
5 48 116 560
7 48 84 464
1879 67 1 22 33 182 10
1244 97 2 40 14 62 7
95 12 2 67 24 121 7
1571 224 1 34 24 123 4
1346 280 1 12 40 249 7
101 108 1 13 39 115 11
573 273 2 28 38 238 8
1561 16 1 7 10 239 2
212 188 1 14 22 78 5
894 5 1 26 33 182 12
1087 16 1 31 35 48 10
2144 152 2 60 14 75 3
273 162 2 69 4 171 6
393 169 1 22 17 172 1
1160 145 2 29 22 67 8
2491 137 1 23 41 99 9
960 14 2 62 32 261 9
739 181 1 31 46 177 1
2395 232 1 34 12 298 12
1989 252 1 45 14 229 10
2158 187 1 13 17 251 1
2404 122 1 47 14 38 3
232 43 2 21 5 256 10
2312 18 1 22 13 74 12
474 196 1 12 44 91 6
2019 167 2 40 35 185 8
1840 231 1 36 16 244 1
2411 266 1 15 24 149 10
2098 45 1 64 13 182 9
37 103 1 7 18 144 6
1892 193 1 42 7 138 4
372 287 2 34 22 221 11
2192 44 1 65 38 35 8
1318 269 1 38 17 102 4
1535 124 1 62 8 87 6
2155 294 1 48 29 100 2
757 46 2 65 29 51 2
266 41 1 19 19 296 12
178 102 1 32 13 173 11
1613 240 2 36 15 211 11
2028 14 1 9 4 51 10
1652 152 1 57 18 90 2
1060 160 2 11 10 49 5
313 107 2 34 7 54 8
2031 23 1 23 46 198 11
1567 52 1 19 40 305 3
157 240 1 13 23 98 5
1557 31 1 30 14 54 12
293 6 1 51 39 223 5
2085 144 1 61 20 287 12
1345 229 1 20 7 305 4
2094 89 1 33 32 239 2
1580 121 2 17 26 359 8
2048 30 1 8 21 85 9
876 51 2 36 9 109 12
648 93 1 44 23 358 11
297 165 2 69 19 118 8
2122 86 2 22 8 120 9
1004 87 2 43 36 67 1
119 243 1 25 21 115 10
1153 137 1 22 38 246 7
704 11 1 15 20 70 7
343 246 1 18 52 349 8
1225 136 1 23 19 87 7
183 104 1 26 9 132 4
266 175 2 19 51 233 2
345 88 1 27 23 239 11
2203 104 1 25 31 225 6
276 290 1 35 16 128 9
990 241 2 15 46 223 9
98 285 2 44 19 254 1
1951 207 1 23 18 139 2
1228 13 1 29 37 74 1
944 293 1 36 31 267 3
164 147 1 64 13 186 7
1313 153 2 45 12 224 4
370 84 1 46 29 146 6
1015 48 1 21 12 63 9
2046 206 1 13 24 128 12
271 54 1 27 24 277 6
2366 132 1 32 11 67 4
1656 166 1 60 33 83 1
568 215 1 18 17 259 3
2433 141 1 19 9 194 8
1713 240 1 16 29 127 6
1896 210 1 8 31 135 8
2086 295 1 16 16 67 4
164 12 1 13 6 61 5
867 240 2 38 31 52 3
928 141 1 65 32 81 10
1178 69 1 31 32 168 11
1948 265 1 65 12 332 5
582 216 1 56 22 208 5
1278 106 1 21 27 268 5
2130 139 1 14 9 120 9
1191 269 1 36 29 244 3
2031 17 1 16 16 31 11
