25 446
6 40 88 672
5 48 64 336
5 64 92 144
6 80 64 464
6 40 116 912
6 48 92 960
5 16 56 448
8 40 112 704
6 48 52 688
5 48 76 288
5 40 60 416
5 80 68 832
7 40 104 896
8 64 68 240
4 48 68 304
6 64 64 480
8 64 56 752
4 32 72 400
4 16 40 64
5 40 48 576
7 48 64 528
5 48 32 752
8 48 96 560
2 40 88 512
2 40 72 272
2640 37 1 70 31 585 3
2914 635 2 411 63 341 5
5618 596 7 190 82 718 1
9079 517 3 78 77 950 19
0 714 6 205 44 403 15
0 248 1 202 29 366 12
2414 75 1 47 40 146 17
9888 125 3 188 47 89 4
0 89 1 142 45 426 5
5896 268 4 297 21 101 7
5942 749 4 167 46 238 11
164 24 2 81 23 189 4
9848 120 5 223 24 300 20
5811 37 3 202 42 410 8
9663 707 1 41 49 124 12
5605 742 2 106 40 473 2
10108 39 1 32 46 231 8
10065 262 3 181 33 142 18
6448 218 2 86 65 669 11
6227 471 1 96 58 76 19
0 121 1 32 58 226 17
9312 457 1 64 42 367 20
10052 158 2 52 62 365 19
0 416 1 22 18 123 10
9138 411 1 158 19 263 1
1899 736 3 69 47 315 15
6189 713 1 215 48 287 7
9875 233 5 150 70 447 12
9722 441 3 62 16 685 15
2073 135 5 150 24 152 2
2942 490 3 43 24 21 9
0 481 2 76 99 410 15
9479 392 4 183 18 245 20
2785 716 1 149 52 231 17
411 491 2 186 26 159 18
0 668 1 38 41 452 11
9648 561 2 24 57 220 15
502 413 2 131 16 267 14
0 174 1 113 50 387 19
2532 586 2 54 33 208 19
9326 603 1 234 35 433 16
2263 647 2 50 62 129 7
0 738 1 23 74 425 1
2896 378 5 179 63 295 14
0 392 2 51 36 267 10
10137 723 2 180 28 370 6
2606 44 1 158 87 560 11
6051 586 3 61 63 200 14
0 91 1 40 27 561 19
2434 24 4 158 56 462 4
2401 185 3 136 26 342 10
0 134 2 283 52 288 17
6464 732 5 325 28 174 3
10194 619 3 33 21 63 6
6142 209 2 83 41 589 14
9371 665 3 196 18 438 20
9219 718 1 421 36 340 14
6074 614 4 167 33 335 2
2011 519 2 145 26 333 2
2244 208 2 96 50 138 7
0 536 2 240 63 459 6
5858 74 2 141 41 233 9
9093 158 1 38 42 323 7
10163 703 2 27 71 394 19
0 230 1 64 22 350 14
6406 391 1 123 54 396 2
2930 697 3 217 39 258 19
2904 118 1 26 52 299 10
5660 332 1 89 74 162 20
2950 27 1 173 53 43 18
9686 697 4 53 25 277 5
2576 421 1 10 24 281 9
9034 304 1 26 34 205 13
9233 329 4 133 11 431 18
0 640 1 36 36 315 1
9165 369 1 190 31 318 15
6090 395 2 255 64 267 16
5919 231 3 149 60 301 12
0 519 1 53 27 409 7
0 122 2 247 26 84 16
91 681 3 121 37 226 17
2789 380 3 141 24 307 2
185 420 1 154 40 251 7
9669 236 2 56 49 186 5
258 487 4 192 55 502 12
6001 108 3 175 23 813 20
6097 469 3 147 54 217 18
9254 736 2 72 14 272 2
2765 208 1 91 64 167 11
9133 401 4 222 14 284 10
10046 65 5 256 53 410 19
0 513 3 218 74 793 11
10132 750 2 68 23 892 15
10065 41 2 62 26 187 7
9172 501 4 169 37 489 10
2417 114 1 101 40 209 13
2501 36 1 110 39 306 2
377 125 4 190 48 251 4
2143 264 2 57 28 381 13
10171 150 3 223 15 386 9
2290 497 4 313 37 389 16
5916 298 3 215 52 33 1
0 571 3 100 62 322 15
5966 641 2 69 39 267 6
290 440 4 293 93 331 8
10191 236 4 97 90 39 16
9817 101 2 162 9 540 17
2151 578 1 104 14 247 19
2015 322 2 75 82 611 3
5881 411 3 128 61 582 16
2172 37 1 12 14 33 5
2370 78 2 274 26 734 7
9340 257 4 62 42 305 10
5871 542 2 93 40 277 6
5720 668 3 117 13 266 9
9149 328 1 116 21 273 14
9492 629 1 23 26 19 10
9692 167 4 296 49 453 1
2272 448 2 95 77 371 12
9310 369 1 80 46 97 15
5551 403 1 18 43 262 17
9992 76 2 60 43 86 7
2838 716 1 30 71 458 13
0 201 2 150 42 160 3
9077 391 2 29 24 137 11
5722 165 2 72 20 333 12
2184 702 3 102 24 797 1
1953 142 3 128 38 296 18
5533 318 3 258 18 214 5
2692 191 2 87 18 255 10
6157 375 4 301 19 379 17
5995 275 1 113 45 349 19
331 396 2 131 27 233 13
2476 183 2 31 56 448 20
73 133 1 38 49 462 18
2911 251 1 168 83 211 17
2567 637 3 87 63 380 3
6523 747 3 313 35 725 5
488 246 3 188 45 240 13
2070 250 4 74 78 297 5
5803 600 3 138 43 670 16
0 659 3 197 18 333 5
9022 224 6 192 46 661 1
9179 511 2 53 72 572 7
156 71 1 38 42 289 6
2977 231 1 24 30 177 19
6595 643 1 18 87 437 12
10074 451 1 210 48 332 4
112 76 2 441 34 261 7
0 448 1 134 27 352 7
9660 672 5 146 31 479 4
434 254 1 16 39 41 17
2492 543 2 113 57 210 12
6574 438 3 132 58 89 5
0 30 1 302 40 107 10
0 667 5 159 52 250 4
1908 261 2 160 23 81 16
9672 100 3 32 23 118 15
0 521 3 265 17 376 18
0 333 2 115 60 369 16
6422 173 4 60 52 480 8
5509 168 1 101 66 721 10
0 638 1 29 54 93 1
9170 479 4 169 49 141 15
10173 137 1 42 32 280 20
2130 329 2 86 53 104 12
2723 165 6 215 38 180 13
5581 206 1 32 70 378 5
2106 161 4 348 29 631 6
0 58 1 253 45 276 12
6074 414 3 156 17 606 15
9642 624 1 68 72 371 13
1876 243 1 117 59 359 8
6029 30 5 336 39 98 10
0 276 3 49 24 290 7
2496 22 3 144 93 489 17
0 45 4 162 28 394 18
9115 396 3 298 32 448 15
0 309 3 39 11 23 19
1860 497 4 155 54 661 17
9280 186 1 32 16 124 4
302 728 2 155 59 202 16
2371 484 1 37 80 189 19
2506 486 3 241 73 404 10
6511 21 1 32 16 158 2
6422 565 4 59 19 47 17
2464 611 1 240 34 674 16
0 209 1 210 11 501 10
9269 47 5 189 40 620 5
5784 422 1 41 29 215 2
9199 596 1 494 42 180 17
1920 233 4 178 36 158 18
2078 700 1 19 37 173 16
5635 278 1 108 33 234 15
538 625 3 219 52 436 7
346 124 6 260 34 100 12
46 356 4 88 70 463 20
17 133 3 222 16 245 8
73 190 1 22 59 159 14
2368 394 5 244 30 67 11
1801 536 1 142 60 321 9
1835 39 4 138 24 582 20
2733 590 5 64 40 259 13
5796 637 3 136 20 181 1
0 156 2 63 28 125 6
9122 436 4 128 44 404 7
101 133 1 217 17 809 17
1918 165 1 53 38 185 17
5440 445 4 226 35 308 6
6196 34 2 57 29 265 7
2836 739 1 42 35 470 18
0 202 4 42 13 35 10
10176 218 2 53 24 266 4
2057 733 1 73 52 551 11
0 595 4 509 25 437 1
9594 259 1 45 27 229 11
1863 324 1 154 20 199 7
5518 241 2 228 47 152 20
378 592 6 353 53 211 8
9867 355 1 38 22 381 14
0 717 2 51 50 269 10
9229 545 2 64 26 224 3
5965 643 3 86 61 95 15
399 294 1 45 34 317 14
0 279 2 303 63 113 16
10178 608 1 72 41 580 5
9909 419 5 377 40 586 11
6383 228 1 163 53 449 10
6024 620 1 78 59 210 11
2767 135 1 83 49 176 18
5789 589 2 56 54 417 17
10165 517 1 95 45 102 14
243 86 3 179 35 129 16
2805 181 3 122 42 692 4
0 64 6 353 34 556 2
2816 66 1 37 43 187 1
6210 615 1 32 31 130 3
6288 202 1 27 10 44 10
226 334 4 154 49 265 13
2819 297 1 317 57 211 19
9921 663 1 27 27 456 14
2273 574 3 96 88 475 19
21 418 2 94 38 95 2
337 731 2 221 72 581 12
0 40 1 41 16 683 19
2596 536 1 44 46 397 7
2323 292 1 13 13 56 15
2187 642 2 117 40 257 19
6119 534 1 44 32 209 4
10117 749 4 287 75 323 5
5695 315 3 80 28 65 18
289 395 1 74 37 139 5
2461 749 2 93 27 97 10
2843 352 1 61 39 206 19
6444 245 2 59 49 208 5
9526 733 2 41 42 66 4
2831 557 4 57 33 159 4
0 496 1 24 32 402 2
9204 697 3 79 26 476 3
6544 686 2 157 44 66 16
0 142 4 146 33 222 12
6038 426 2 193 23 557 9
84 531 5 136 38 133 3
1999 470 1 34 65 90 17
9083 519 2 59 40 217 8
6447 733 5 249 97 163 10
0 22 1 342 18 500 16
6185 343 2 82 19 205 14
2391 590 1 36 22 446 15
1924 156 2 206 38 279 9
9421 263 2 94 67 240 5
9213 504 2 47 37 201 1
534 720 5 81 20 266 13
10010 428 7 368 36 601 8
9919 499 2 193 46 54 6
9161 347 2 176 54 205 16
9111 461 2 231 26 208 2
2980 165 1 31 65 419 19
2922 704 4 237 77 505 15
9123 259 1 83 85 78 6
1889 109 3 149 48 160 5
5821 115 1 224 39 163 4
346 145 1 286 32 421 1
2684 387 2 28 16 15 13
5542 360 1 12 22 43 8
0 662 1 28 38 156 19
0 59 1 58 48 148 16
2463 286 1 271 54 397 13
1861 607 2 161 36 652 15
0 53 5 170 51 247 4
5446 234 1 28 39 526 19
5682 112 2 198 16 599 12
6540 671 2 102 20 364 3
2002 391 1 18 27 233 8
5757 531 3 107 26 261 5
0 35 1 39 12 13 11
9246 692 2 92 32 252 15
2851 407 1 74 59 603 16
1805 254 3 259 49 84 13
6284 372 1 33 65 629 11
9931 87 1 28 47 127 10
2491 215 1 292 36 580 4
5691 464 5 318 38 164 13
6029 158 3 132 19 632 16
0 322 1 30 76 231 12
6094 41 5 212 18 404 12
196 125 1 36 88 113 16
5829 284 1 34 56 366 7
9901 469 1 139 26 362 15
515 49 1 23 36 240 7
10168 643 5 507 56 525 7
2199 433 5 225 78 651 17
6071 88 2 37 22 35 16
2104 567 6 166 36 315 15
6555 111 2 255 26 419 19
2337 237 1 39 37 188 12
5858 729 1 123 42 184 12
9256 451 1 140 37 199 7
10091 295 1 243 19 907 3
2350 293 3 74 49 208 14
2304 690 4 121 44 50 7
9417 440 2 260 34 301 11
6028 463 2 147 24 253 8
9634 748 1 80 83 105 3
0 720 1 33 13 364 15
6152 598 1 108 66 495 18
1881 365 1 145 56 518 16
2744 382 4 204 59 459 15
2556 325 5 376 42 324 3
10108 670 2 133 74 170 10
428 719 5 262 61 119 9
1930 241 1 176 23 440 12
5961 94 3 304 23 412 3
2721 275 1 19 72 423 10
0 195 3 40 62 230 19
181 108 2 60 67 274 14
2721 421 2 88 35 385 8
43 528 5 348 36 471 16
22 185 1 202 41 196 10
9057 101 1 103 16 747 11
410 453 3 244 33 299 1
5671 665 5 110 27 362 11
2679 641 1 124 18 121 20
0 629 3 163 76 515 15
468 84 1 34 96 672 5
9102 552 2 78 41 604 12
2426 622 5 194 43 295 8
10152 646 1 154 76 277 12
5996 383 2 136 59 293 12
310 238 1 30 36 462 2
2902 227 2 28 47 91 11
269 446 1 130 34 247 1
6130 526 2 68 31 592 19
61 595 1 63 41 318 11
1944 567 2 110 46 400 19
6317 634 1 55 18 203 6
477 633 3 223 59 462 5
2008 45 3 101 29 644 6
402 651 4 307 52 128 1
2832 85 4 231 37 400 15
10141 311 1 135 58 203 11
5863 702 4 201 57 188 7
2567 564 3 140 42 132 1
9475 733 2 159 16 225 12
6268 477 2 30 36 113 5
9095 469 1 26 44 187 1
9308 423 1 66 42 132 3
2546 746 2 70 35 375 8
2090 40 2 79 47 151 13
9912 595 4 129 47 300 15
0 675 1 143 26 905 17
2994 510 2 228 40 630 17
0 456 2 138 28 348 9
2913 595 2 104 31 196 16
2928 453 3 91 68 547 6
10192 732 1 65 86 563 5
0 625 2 31 36 264 5
9818 503 3 63 69 513 1
364 319 3 51 14 167 7
6400 50 2 47 25 321 3
9602 268 6 133 35 516 16
6167 38 2 124 22 623 3
540 328 1 33 63 494 19
9223 590 1 29 48 414 4
0 403 2 39 9 31 3
6084 237 1 294 38 650 7
1814 121 1 28 35 252 6
284 436 1 33 45 356 4
1892 491 2 216 42 382 15
5628 163 4 127 27 121 12
5546 615 2 25 23 36 19
5806 163 1 23 58 224 14
9748 300 2 102 43 450 15
9875 297 4 126 53 167 3
2747 146 1 33 48 365 12
455 82 1 7 12 33 13
355 475 1 14 35 34 13
5966 426 1 82 38 184 12
6362 526 1 14 20 352 17
10025 597 1 48 52 323 12
10001 650 3 113 20 477 3
0 157 4 146 50 640 20
203 338 2 72 18 127 13
6444 328 2 76 35 166 1
9060 506 1 23 30 692 15
6378 229 1 67 18 546 15
10200 276 3 88 44 372 15
5482 451 6 393 19 403 7
9881 195 3 110 14 278 18
6032 523 2 56 48 362 8
2045 664 6 183 75 682 10
0 537 2 138 28 185 12
10163 597 5 202 24 330 20
6570 296 2 120 11 408 6
1977 597 1 34 78 155 14
10196 214 2 231 43 314 5
6408 175 2 53 48 401 1
0 242 3 118 58 82 4
369 690 2 86 53 256 15
0 380 1 54 37 161 14
9726 519 2 58 23 127 19
6005 290 1 20 27 16 20
9420 243 1 74 23 203 5
0 673 4 195 66 346 20
5815 448 2 72 40 636 15
2299 164 1 53 39 322 18
2126 55 1 70 20 307 10
9987 378 1 55 47 67 9
2507 414 4 83 25 387 6
0 628 3 228 31 130 13
9556 553 3 196 55 190 19
9684 603 1 34 21 143 12
2114 216 1 126 38 236 18
2202 695 2 55 76 228 7
2399 158 2 64 61 241 9
9302 229 1 121 60 345 13
0 251 4 160 54 518 11
2709 727 2 42 41 213 8
5987 717 2 190 28 184 18
0 21 1 55 26 294 11
2259 84 3 185 40 329 11
5920 306 1 37 82 312 18
2804 66 2 294 22 219 12
499 495 1 32 70 115 16
9366 501 1 170 68 626 5
9013 150 2 134 38 90 12
