91 4128
1 40 72 80
3 32 8 128
4 16 48 208
1 24 28 128
2 40 8 304
3 16 24 48
2 24 28 384
1 16 40 64
3 16 60 368
4 40 56 96
2 16 32 496
2 32 32 464
5 32 28 288
1 40 20 464
4 16 44 160
1 16 32 144
1 48 16 336
1 48 52 128
5 16 60 352
5 24 16 464
2 32 72 304
4 32 64 384
2 48 32 144
3 32 64 48
2 16 20 320
2 40 60 272
2 32 60 128
4 48 24 96
4 32 36 288
3 48 56 256
1 16 68 176
2 40 32 256
3 16 52 272
3 40 8 464
1 32 36 128
2 32 60 432
5 16 20 480
4 48 56 448
5 16 8 80
2 24 64 288
2 16 40 464
4 48 40 176
4 16 32 416
4 32 16 32
2 40 64 432
3 40 16 112
5 24 28 384
2 40 24 176
1 24 20 48
4 32 40 288
1 16 64 128
2 16 12 384
5 32 44 48
4 48 60 320
4 16 48 224
2 32 60 368
2 16 32 96
3 16 72 400
3 48 52 32
1 24 12 96
4 40 12 368
4 16 68 400
5 48 16 256
5 16 48 192
1 24 36 464
2 16 52 416
4 32 28 480
5 24 32 64
5 32 56 144
4 40 40 432
3 48 32 352
5 40 48 80
3 32 16 432
4 32 72 256
5 16 44 368
5 40 32 32
1 40 56 144
1 40 72 80
4 16 8 224
4 32 24 416
3 32 52 32
5 48 8 64
1 24 36 448
3 16 52 288
5 48 68 336
4 40 20 336
5 16 44 336
4 16 44 352
3 16 68 320
5 16 28 144
3 24 28 416
4367 827 1 16 57 96 12
3667 778 1 12 19 89 12
1870 220 1 37 72 70 10
3788 244 1 37 13 284 11
2049 623 1 57 8 84 5
4447 377 1 15 14 44 8
546 917 1 37 29 145 13
2982 871 1 35 16 104 12
4453 556 4 71 27 30 16
2244 845 3 38 12 23 1
2167 285 1 36 43 66 14
2394 89 1 59 26 335 1
1993 748 1 16 42 214 8
4919 225 2 66 21 99 14
4969 690 3 44 4 44 13
690 248 1 32 16 38 6
566 937 1 76 40 408 13
1320 840 2 39 44 132 11
423 627 1 39 17 112 7
1529 804 1 22 28 251 3
3871 784 3 122 27 211 13
2194 107 1 18 17 446 13
3318 574 1 27 15 355 5
4856 722 3 100 44 72 8
4597 969 1 15 29 116 6
1859 662 1 17 15 70 18
2762 964 2 46 25 142 19
1120 202 2 49 13 121 13
2272 165 1 26 52 314 2
4782 321 4 69 42 240 4
1762 190 1 13 27 245 15
1828 371 2 43 31 31 17
4112 373 1 72 46 213 1
1401 417 1 20 11 45 11
572 945 1 45 37 41 14
557 654 1 46 38 107 7
989 911 1 14 34 225 11
175 904 1 48 7 105 18
4378 845 3 40 29 195 5
2349 461 2 85 30 357 17
1733 359 1 20 21 289 8
1963 433 1 22 18 367 12
1629 974 1 32 18 131 19
2737 286 1 20 20 23 12
540 873 3 79 20 285 16
2646 773 1 14 45 90 16
3809 898 2 53 5 102 12
2999 753 1 39 23 83 8
2634 767 1 19 7 60 9
2029 995 4 58 28 154 17
3525 718 1 22 11 36 7
4701 616 3 33 37 171 15
3548 582 3 50 32 90 8
2338 590 4 45 11 286 7
276 686 1 29 35 122 11
4895 850 1 47 30 106 3
2757 489 5 75 34 230 9
2283 917 1 12 47 140 13
717 982 1 20 9 49 6
1512 220 2 61 18 87 1
3998 449 1 57 16 22 17
3660 227 1 15 12 34 5
4975 324 1 24 34 317 15
2171 256 2 73 31 108 3
3972 868 1 96 30 21 12
4848 375 2 26 8 50 17
4118 241 1 18 31 366 13
1029 550 1 14 58 88 7
3144 470 1 13 26 53 2
1346 147 2 98 8 253 6
4326 578 2 41 5 153 10
467 314 1 33 6 291 5
2518 338 2 32 44 191 8
2085 255 1 17 14 65 7
2196 94 1 37 15 328 5
1297 780 1 12 27 102 7
3147 968 1 66 23 144 9
217 421 1 15 49 115 16
4461 135 1 27 38 178 17
3785 401 1 40 11 332 10
1976 957 1 37 33 188 11
2546 546 1 26 33 140 10
2276 410 4 64 36 129 9
359 681 1 45 12 281 7
4362 109 1 13 47 116 4
4271 913 1 24 19 227 18
3496 429 1 22 19 319 8
3011 475 1 54 7 172 20
4241 431 1 21 21 386 10
4343 610 1 26 48 273 5
687 652 2 22 57 362 8
1902 550 1 40 46 66 3
3467 86 1 18 14 46 10
554 172 4 58 6 110 16
872 429 1 23 26 312 10
4724 719 2 42 27 141 5
1919 658 1 15 22 51 18
314 576 2 63 16 106 3
2061 997 1 54 40 37 13
926 814 1 23 22 376 2
2528 121 1 25 39 178 2
1405 656 1 48 14 252 12
2372 144 1 16 21 63 12
1858 863 1 27 20 138 12
3464 613 2 41 26 396 19
2159 952 1 15 30 82 15
3064 352 3 37 24 174 7
337 404 1 64 4 90 13
476 713 2 76 28 111 19
2851 927 1 27 30 127 2
4213 544 1 35 31 116 13
2041 965 1 24 22 272 4
96 559 1 40 27 175 16
3346 200 1 14 26 80 1
4878 557 1 139 46 183 15
1785 91 1 32 69 40 20
470 756 4 84 12 402 9
2066 611 5 53 5 40 13
2523 673 1 60 9 32 7
1096 806 2 86 18 110 4
2004 310 3 126 28 176 9
2455 166 1 38 51 104 16
4891 162 1 73 48 193 15
4623 868 1 24 32 68 9
826 122 1 13 58 138 11
1797 839 1 36 36 42 19
2857 523 1 30 23 162 10
4231 804 1 17 17 391 11
1652 966 1 17 8 76 20
2693 865 1 15 20 138 17
493 865 2 34 22 254 2
1072 101 1 21 23 283 14
3979 861 2 49 5 79 4
894 321 1 22 28 76 12
288 279 4 69 31 131 11
3065 193 1 17 27 327 4
2139 871 1 23 25 301 14
3957 486 1 67 30 194 15
1529 112 1 16 20 26 8
283 627 1 22 15 90 3
1811 669 1 19 25 438 20
2589 633 5 61 6 74 15
4901 128 3 45 47 100 19
1949 222 2 70 5 138 17
4836 374 1 38 33 408 9
2099 200 2 78 11 331 19
2115 847 1 29 22 78 17
293 382 1 26 27 288 17
2660 773 2 24 30 156 1
1675 217 2 42 19 23 4
4833 348 2 28 29 266 16
2505 182 2 37 25 353 12
209 989 1 57 19 217 6
637 284 2 34 18 211 16
1571 111 2 61 20 303 9
206 488 2 42 24 282 6
4425 350 1 36 66 66 1
2983 685 1 28 5 69 6
3412 682 1 21 32 124 14
4085 130 2 62 29 214 19
4685 134 5 137 28 42 11
3489 581 1 40 15 295 14
353 99 1 35 25 76 17
844 703 1 26 35 18 7
3781 209 2 56 14 106 3
3380 176 1 39 37 247 14
4469 494 1 39 39 171 3
211 89 2 22 19 315 13
248 788 1 30 51 28 16
435 211 4 45 40 97 10
132 654 2 32 10 335 19
3031 576 1 38 13 239 13
3854 893 1 35 42 167 15
734 148 4 90 25 264 14
2528 791 1 38 26 285 20
4291 835 1 19 7 61 1
398 819 4 159 16 185 9
161 843 2 44 31 403 3
4323 775 1 13 45 261 8
3821 677 1 31 49 23 12
1513 932 1 20 24 412 6
4830 766 1 36 21 139 17
1397 537 2 79 20 184 15
2178 470 2 46 40 160 10
2160 646 3 35 26 382 12
2845 886 1 37 34 56 10
724 596 2 46 7 66 4
842 310 1 14 23 82 2
2092 281 1 30 23 196 20
105 298 3 82 21 277 18
1737 283 1 30 30 156 8
1402 483 2 66 14 67 15
3177 472 2 36 23 47 19
2727 947 1 13 61 113 9
1476 277 1 15 24 365 13
2752 457 4 62 22 356 17
614 111 1 23 39 129 15
2107 691 1 36 49 82 14
1428 525 1 38 38 67 8
3113 792 1 14 36 132 5
2249 504 1 76 13 151 16
4511 656 3 132 10 351 16
548 642 1 12 13 33 1
4673 795 3 76 22 44 1
4601 586 2 51 13 21 8
4050 683 4 62 30 324 12
2249 624 2 27 26 269 19
2482 721 3 40 34 241 20
3871 498 3 37 13 41 10
532 899 1 14 8 184 19
1753 634 1 22 13 266 16
4074 184 2 72 27 216 3
2359 430 3 128 55 93 2
3562 314 2 63 8 235 1
1656 266 3 47 8 145 4
1396 342 1 30 15 92 4
2880 699 1 29 15 300 4
719 621 1 23 66 260 8
350 507 1 16 33 33 2
2461 675 1 16 18 109 5
2223 180 2 54 6 104 16
4668 81 1 22 32 97 8
835 719 1 14 26 358 5
4956 965 1 30 32 110 19
1538 368 4 62 21 264 4
1276 345 1 27 47 29 18
2956 687 2 45 9 20 5
1398 673 1 19 20 40 17
4714 420 1 31 50 78 3
4061 1000 1 13 14 272 12
4280 968 2 32 19 324 15
2718 905 1 16 35 35 20
4932 290 1 29 59 232 4
4812 789 1 27 44 111 18
3142 493 1 30 32 135 9
2915 512 1 27 5 151 16
963 601 1 12 24 193 9
1157 663 1 30 17 143 19
3571 766 1 16 29 108 18
3796 920 3 37 48 132 2
2654 703 2 72 23 350 11
246 451 1 23 13 45 10
1893 124 3 87 20 285 12
2193 269 1 29 21 156 19
1645 210 2 77 33 82 6
795 895 1 38 7 196 6
2973 470 3 62 25 208 15
498 96 2 47 56 44 19
4620 849 1 24 60 269 5
2994 508 2 32 46 200 2
1526 163 1 22 25 77 19
2442 963 1 14 22 40 2
4486 967 2 67 16 274 8
1673 603 2 22 33 166 13
4745 628 1 17 20 89 13
581 951 2 74 27 185 11
844 751 1 16 63 89 18
3257 136 1 32 10 210 12
3086 406 1 32 36 31 2
2689 809 3 66 26 215 13
4652 662 4 57 44 173 10
3059 306 1 19 24 126 1
2958 900 1 28 45 18 9
3464 736 1 13 40 125 19
148 588 2 57 40 232 15
2412 467 2 40 5 195 8
1288 980 2 44 12 47 20
2266 824 2 39 21 204 18
4999 863 1 22 7 71 16
2264 685 2 27 25 249 10
3972 969 1 74 16 116 15
3714 101 1 28 57 51 8
1571 94 1 31 55 44 6
512 721 1 40 15 75 7
260 752 1 79 16 100 12
415 996 1 12 27 420 18
4958 139 1 37 62 73 6
1069 837 1 12 34 270 1
4516 302 3 70 26 68 11
3399 461 4 59 26 84 15
869 101 1 33 43 53 5
4176 681 1 38 13 160 6
549 299 1 23 7 59 12
4433 217 1 64 54 118 13
4020 830 1 30 29 133 7
2114 956 1 25 59 121 10
2427 371 1 32 25 82 11
4255 940 3 32 38 98 15
4010 431 1 33 28 318 16
2080 741 3 76 47 24 6
1553 896 1 36 28 111 15
2568 570 1 16 24 41 11
974 715 1 29 16 101 8
4629 359 2 61 33 23 15
2586 740 1 19 31 250 18
991 891 1 16 10 257 17
2167 374 1 80 25 127 8
3 459 2 78 30 313 18
4823 895 3 116 12 74 19
4675 749 1 23 25 367 2
4988 798 1 12 28 31 10
754 482 1 14 31 398 14
2637 140 1 15 26 138 4
3582 815 4 43 39 151 18
2859 480 3 36 36 154 6
1186 361 1 13 27 319 9
2162 931 2 26 19 81 20
2518 455 1 11 62 126 7
426 225 3 66 42 21 19
984 866 1 21 17 26 3
300 753 1 29 45 147 12
327 330 1 29 18 101 14
3931 345 1 19 28 96 15
4526 350 2 51 13 27 10
3463 720 1 79 30 226 1
4128 125 1 16 58 68 20
3390 586 1 21 18 232 5
1435 153 1 18 22 267 16
4144 608 1 70 8 265 15
1684 618 2 48 33 24 16
2134 759 1 32 8 172 6
2019 607 1 24 15 71 4
2398 955 1 33 22 93 8
1056 151 1 16 48 269 5
163 985 2 86 19 122 10
1229 214 1 15 31 86 7
2585 93 2 45 11 29 7
3787 620 3 77 71 225 2
1913 930 1 47 39 106 17
1575 305 1 22 28 94 8
730 580 1 65 17 117 14
795 933 1 38 32 113 5
458 899 3 39 26 157 2
1916 154 2 33 18 352 7
1429 927 1 48 24 135 9
2694 383 3 175 40 355 4
1176 756 1 56 45 32 12
3567 716 1 30 19 388 7
2091 654 1 24 27 368 7
2315 902 1 56 32 84 11
2009 524 1 27 24 181 3
1221 351 3 46 8 145 5
3021 631 1 91 28 20 18
3459 636 1 22 17 372 14
3953 508 1 21 20 27 13
899 821 1 15 65 145 1
1548 882 1 12 32 69 12
709 222 2 69 18 64 6
639 154 1 28 32 22 5
1471 83 2 39 33 141 9
1641 369 1 33 70 61 19
389 452 1 21 23 78 7
996 137 1 17 12 53 9
574 104 1 19 10 94 17
3856 563 1 13 18 269 20
2022 207 1 36 15 78 14
4236 459 1 35 10 381 7
3858 917 1 32 5 206 5
1474 713 1 15 32 133 12
4848 846 2 23 36 178 10
4855 852 1 34 53 398 15
3506 783 1 32 28 94 19
2428 338 4 57 40 159 19
2011 180 2 33 47 176 18
270 498 1 39 33 126 4
524 671 4 118 33 206 5
2428 950 1 12 34 38 15
244 372 2 34 27 131 15
2176 431 1 27 16 73 6
2835 612 1 15 40 62 1
4285 659 1 19 10 47 14
921 767 1 29 36 64 15
1033 748 1 35 44 85 12
3406 384 2 63 36 105 20
1834 322 3 74 27 43 18
3987 494 1 29 13 264 10
3506 845 1 95 16 391 17
2076 843 1 14 12 226 20
2100 373 2 47 10 26 8
3126 430 1 30 44 123 13
3663 439 1 66 8 199 4
4831 657 3 99 21 192 20
4665 83 1 24 15 100 14
2569 105 1 42 34 207 20
2619 916 1 29 26 108 3
926 289 2 23 29 168 3
959 189 3 47 5 46 2
579 480 2 63 15 271 1
4215 902 2 27 16 199 8
3533 371 4 43 26 124 14
2800 577 2 29 24 165 9
4343 291 1 35 38 351 6
1291 942 1 23 8 60 14
3003 916 2 28 7 292 12
2123 363 1 11 20 58 10
1573 141 1 24 11 29 12
1087 105 2 64 8 87 8
1887 292 1 36 8 275 4
4475 887 1 19 26 69 6
1238 435 1 24 12 73 7
201 486 2 44 52 122 20
613 290 3 33 40 102 19
625 208 1 31 42 256 13
4727 741 1 34 53 68 10
1744 450 1 41 21 71 17
4313 596 1 39 5 157 5
1240 807 2 70 60 214 11
3711 656 3 64 35 143 17
2360 797 3 32 43 114 20
2995 957 3 33 16 37 18
764 457 1 27 19 80 5
4493 284 1 14 26 100 1
1920 690 1 75 27 86 7
3205 427 2 28 31 336 12
1969 417 1 92 28 97 11
479 172 1 20 26 112 2
1099 615 2 69 15 373 12
938 298 1 24 34 118 16
4622 491 2 24 15 28 17
4967 427 1 11 26 94 6
1134 969 2 30 35 74 6
192 940 4 56 29 218 10
2858 717 5 205 44 171 6
3096 403 1 21 26 83 5
49 523 4 57 8 148 18
1398 163 1 46 16 318 6
3490 431 1 16 30 363 12
4218 859 2 26 32 109 12
1214 285 3 91 12 394 3
3022 902 2 23 20 280 11
3332 481 1 12 35 55 16
4570 125 2 24 8 183 6
3026 336 1 63 30 33 8
1638 820 1 23 15 40 7
3291 162 2 67 20 147 7
3419 514 3 84 20 233 12
4398 696 1 48 15 71 16
2849 503 1 60 15 86 20
680 367 2 137 11 216 15
2466 214 2 70 28 206 4
2197 456 1 28 16 333 13
4394 913 1 23 21 449 1
570 909 1 31 49 57 14
1260 330 1 80 36 268 2
1106 782 2 68 31 128 18
4512 260 1 11 26 142 7
894 471 1 13 13 317 3
921 708 1 11 40 33 11
4193 479 1 24 22 99 16
1707 852 3 97 52 19 9
3400 404 1 30 7 65 16
2706 639 1 13 48 122 17
2598 978 1 19 33 443 1
1815 334 1 77 28 201 20
3963 275 2 33 7 48 19
2530 80 1 34 31 120 13
798 168 1 24 19 120 5
3554 680 1 93 11 23 17
3252 730 1 29 8 197 15
1315 607 1 48 9 154 13
3260 918 1 20 19 108 6
1604 548 1 37 42 112 7
344 211 1 20 10 54 10
3829 830 1 125 35 164 14
142 181 1 102 16 341 18
1290 905 4 46 23 262 15
3908 900 1 40 49 43 17
2531 963 1 20 19 39 7
2066 193 1 25 30 99 12
4931 550 1 43 56 121 13
4201 329 3 41 7 77 6
4625 245 1 24 34 317 3
4303 321 2 93 14 111 2
3065 297 3 57 24 110 4
3063 856 2 28 20 283 3
899 948 1 34 59 54 4
3752 657 1 35 32 90 12
4634 623 2 75 45 16 13
1850 996 1 24 12 65 5
1018 272 1 16 26 384 3
2911 588 1 21 33 341 11
91 200 1 19 19 448 13
3749 283 1 25 29 86 13
3916 917 4 57 26 183 9
2827 306 2 37 20 287 12
3263 663 1 14 30 55 2
3472 152 1 27 35 107 5
3018 921 1 54 16 389 9
2788 713 1 25 26 160 11
4680 717 1 64 35 35 15
408 270 1 23 5 62 20
3536 555 2 94 13 29 19
2994 229 3 143 15 202 9
1786 455 1 36 45 76 15
4272 120 1 32 30 126 20
2430 470 2 84 9 27 3
4573 355 1 47 21 64 19
1683 995 1 33 20 262 13
2456 725 1 24 22 121 3
4277 441 2 44 43 207 7
3563 106 2 41 8 136 17
2682 423 1 32 29 243 13
2724 439 1 13 32 381 5
2896 631 1 31 56 63 16
3927 462 1 16 26 379 9
1465 623 2 27 20 242 8
1780 405 1 35 44 126 9
3670 565 3 59 15 382 6
3067 178 1 28 39 338 6
4962 517 2 37 21 36 16
3950 450 1 43 47 203 3
4462 772 2 94 53 31 4
3144 683 1 22 31 215 3
4969 841 1 12 49 92 7
4571 520 1 22 8 90 3
1545 712 1 15 52 99 17
691 592 1 17 14 217 6
1343 617 2 25 40 272 13
2718 666 1 21 11 84 12
3109 411 2 38 31 118 15
2429 797 3 92 39 33 14
1462 901 3 37 48 240 13
4437 742 1 32 51 79 16
326 422 2 71 13 274 4
1814 784 1 73 16 149 8
1018 169 1 28 6 74 12
56 928 1 57 5 209 4
3525 417 2 35 22 275 4
4556 929 1 53 14 60 18
2268 93 1 15 33 67 2
2987 712 1 11 43 400 2
2659 254 2 49 32 27 9
882 287 1 41 16 226 11
3021 934 1 23 42 144 20
95 375 2 36 17 228 16
4327 451 1 12 60 92 19
1216 721 2 28 14 73 15
903 981 1 36 71 39 7
3845 907 1 71 8 45 15
516 579 1 32 23 143 14
2034 639 4 148 26 31 3
4461 940 1 16 21 422 1
4013 229 1 12 32 106 8
2014 471 3 48 25 126 13
1900 531 1 65 27 165 12
791 457 3 53 27 415 14
3705 855 3 91 59 26 14
3393 557 3 32 8 218 9
1599 948 1 20 31 252 1
2277 288 1 14 36 256 3
3760 109 2 74 19 230 18
2215 837 1 27 46 131 12
3164 136 1 32 12 195 6
2549 588 4 65 7 39 9
879 361 4 44 32 133 3
9 893 1 19 14 37 14
1621 463 1 13 16 304 8
2251 354 2 32 33 260 3
1322 546 1 14 47 105 14
1342 653 1 24 12 74 9
174 626 1 12 13 46 1
1009 916 1 13 57 80 10
3979 980 3 76 36 203 20
793 805 1 29 32 16 17
4843 151 1 22 34 273 15
4388 361 2 58 29 88 3
3946 896 1 112 38 48 14
1566 783 1 17 27 238 8
1081 388 1 18 16 371 13
742 759 2 28 19 76 5
2042 730 4 119 48 44 19
74 440 4 56 29 181 2
279 393 1 16 34 292 2
1285 748 2 39 42 130 16
1944 414 3 101 16 59 2
1937 797 1 14 10 368 10
4400 295 3 65 12 16 18
1650 669 3 37 8 144 14
1992 282 1 36 46 59 2
3896 113 1 20 11 46 7
840 857 4 49 28 208 4
4073 425 2 68 10 188 1
3996 993 1 15 26 73 6
4138 605 1 52 32 166 16
1676 628 1 19 13 48 17
1606 81 4 93 17 52 17
2405 666 3 48 28 142 18
4191 109 1 38 45 143 17
2078 198 1 23 35 291 13
423 975 1 25 12 35 17
111 236 1 13 50 106 13
3483 331 2 45 6 173 19
978 584 1 25 52 124 8
1822 313 3 75 20 173 6
4526 595 1 17 24 272 13
0 859 1 37 7 249 11
4077 319 1 35 16 317 9
3569 358 1 29 18 65 16
3125 90 1 37 30 63 11
3604 618 1 21 10 34 19
2311 837 2 41 18 35 3
4530 792 1 21 15 344 15
3626 179 1 37 49 84 17
2055 630 2 31 7 41 8
3919 668 1 21 28 69 11
372 580 1 12 31 81 2
4457 375 1 23 26 252 7
2853 924 1 19 11 26 17
2297 112 1 93 48 27 4
4457 586 1 28 35 59 7
221 108 1 24 15 46 2
4579 326 1 61 6 127 15
3823 912 2 24 24 202 7
1992 656 1 14 12 145 9
443 654 1 33 20 266 1
989 881 1 60 8 96 19
4488 533 1 40 19 132 9
3021 619 1 24 23 455 9
4323 670 1 63 10 206 17
2184 498 5 80 5 57 5
1165 881 2 56 24 195 10
532 456 1 16 25 87 2
3880 417 1 35 22 79 14
4991 350 1 97 13 18 19
2349 354 2 32 14 258 12
4005 817 2 75 17 110 15
1535 462 1 34 24 215 1
3508 868 1 11 40 235 19
1973 980 1 16 25 67 12
2261 342 1 31 26 75 4
2904 127 3 65 22 39 7
3102 829 1 12 15 85 1
4200 731 1 24 25 64 10
291 278 1 13 11 158 12
4844 267 2 22 14 208 20
1888 399 1 35 28 73 19
3371 787 3 46 22 40 12
2359 450 1 14 6 239 9
2596 962 1 46 42 75 11
4099 351 1 13 26 96 16
4442 921 2 43 51 138 16
70 425 2 57 7 223 17
2817 586 1 11 15 399 9
2418 852 4 58 54 302 3
1454 977 1 37 10 208 15
2566 518 1 15 19 255 1
1828 526 1 40 66 42 5
212 266 3 115 51 58 17
3566 537 1 40 8 156 12
3916 973 1 26 34 170 11
2102 479 1 20 17 125 7
1355 593 1 23 23 439 17
708 153 1 29 38 261 2
3398 927 1 37 33 86 12
2452 591 1 60 63 249 4
2518 568 1 30 23 128 10
3571 598 1 12 25 67 15
4658 777 3 97 38 89 6
3591 296 1 13 29 57 19
818 104 1 26 23 88 4
4934 811 1 30 35 60 16
1141 772 1 29 24 45 4
3071 972 1 36 22 139 1
437 435 2 40 22 329 19
1885 585 1 57 39 98 14
2253 610 1 40 48 71 1
4121 744 2 58 8 86 10
1490 91 2 32 28 211 20
4907 684 2 32 6 219 19
4797 997 1 24 7 57 13
1975 831 1 14 20 35 4
210 676 2 61 37 70 1
2809 97 1 12 15 24 20
4910 237 1 23 24 208 14
912 703 1 28 29 61 16
873 642 2 83 47 22 2
2167 934 2 25 38 220 8
858 559 1 72 22 101 2
547 795 2 76 14 166 2
4721 921 1 13 12 147 3
3473 593 5 120 24 40 11
4899 294 2 64 7 41 16
2125 199 1 35 13 291 7
4564 492 2 86 58 30 8
4335 525 2 44 23 224 18
2190 530 1 13 64 96 11
2343 839 1 27 37 73 14
4050 882 3 35 33 224 8
3972 999 2 118 28 189 7
3152 954 1 38 13 247 1
998 735 3 46 62 199 11
1112 921 2 131 35 311 16
2943 1000 3 47 47 207 1
2142 122 1 12 37 93 15
4890 635 4 55 33 213 19
4472 665 1 33 13 233 5
139 649 3 192 34 276 6
4361 417 1 28 57 44 3
815 613 1 13 54 87 18
3053 728 1 28 14 248 1
2106 298 1 43 26 361 3
4701 439 2 40 12 377 5
4177 357 2 54 24 257 3
89 130 1 40 19 151 18
1510 578 1 33 9 308 5
1016 219 1 30 17 82 10
811 152 1 43 38 101 19
963 208 3 41 44 169 20
1856 537 1 31 29 96 6
1687 971 1 22 33 402 8
755 733 1 21 12 48 17
1036 437 3 118 19 235 20
3820 322 1 16 20 269 15
729 408 1 18 6 59 13
2161 287 1 12 47 251 19
3829 279 1 36 10 291 1
4127 631 1 42 12 48 9
2046 265 2 27 50 133 10
267 367 1 40 29 133 17
181 477 1 21 17 353 9
4272 551 1 39 38 51 20
3171 307 2 41 16 116 13
3811 714 2 41 16 306 8
301 805 3 33 22 37 6
3217 679 1 27 10 356 8
218 731 1 95 29 286 10
658 447 2 24 21 81 13
3068 751 2 39 42 205 7
1612 439 1 43 17 57 14
1801 829 1 40 14 96 6
4572 377 1 28 17 426 3
2967 608 1 18 12 74 9
4568 917 1 26 45 120 6
3695 551 2 45 14 28 13
2254 688 1 34 58 77 16
3483 920 1 45 21 333 13
63 816 2 81 49 263 18
748 112 1 25 30 199 19
3666 977 1 14 10 350 8
850 454 4 63 10 394 6
2818 191 3 58 44 172 11
4778 144 2 74 5 260 7
2102 539 1 13 38 377 12
2834 865 1 30 7 169 6
1458 926 1 44 33 20 5
174 694 1 33 60 53 5
253 948 1 45 23 143 8
3874 744 3 114 53 53 13
2280 163 1 29 7 264 15
1284 915 3 116 37 174 11
111 646 1 28 7 234 3
2512 618 1 37 19 346 1
4614 378 1 34 46 65 15
3508 188 1 37 66 55 2
3447 807 1 14 28 48 2
2007 264 1 44 8 154 5
4449 798 3 34 7 52 20
3813 109 1 15 22 353 9
4376 816 2 46 15 368 15
4170 183 1 12 20 62 20
1993 529 1 31 68 77 6
2649 676 2 50 15 22 8
555 961 1 32 19 297 2
2567 938 2 56 7 227 14
4545 285 1 19 20 243 1
2307 886 1 35 58 199 2
4680 907 1 29 60 196 1
3268 992 4 93 13 27 16
4949 657 4 149 58 192 12
4710 419 2 30 34 240 14
3691 267 1 63 22 153 18
1196 264 3 236 67 240 1
2464 937 4 53 28 80 17
4677 464 2 47 20 288 14
4467 433 1 36 14 219 13
4563 626 1 24 20 414 11
72 543 1 44 41 81 14
2304 290 3 38 31 142 3
3410 574 5 69 5 39 16
4939 585 3 94 20 461 6
2950 239 4 55 41 91 7
4988 264 1 15 33 298 14
1486 965 1 25 63 24 4
4804 267 1 15 25 91 2
3198 136 1 24 25 290 1
2260 299 4 201 8 53 9
938 566 3 52 45 109 10
2714 462 2 74 19 66 1
4098 560 1 27 15 357 13
638 780 2 114 8 15 4
728 413 1 16 68 130 8
1684 663 1 38 22 326 9
505 196 3 38 25 133 10
4837 686 4 52 17 111 7
2051 763 1 52 5 114 16
4136 983 1 17 34 216 8
4262 482 1 13 35 117 17
2826 129 1 14 16 254 8
375 841 3 115 24 253 9
424 167 2 26 12 45 3
3775 653 1 59 39 164 20
3478 831 3 35 34 176 3
3930 524 1 20 32 382 18
4038 653 2 41 44 207 7
3086 334 1 28 25 93 16
1873 473 3 96 29 15 19
1907 652 3 128 26 236 14
2778 950 1 16 33 333 13
423 186 1 35 50 130 3
3804 677 3 39 41 247 5
4221 810 3 83 44 41 16
2705 717 1 109 39 35 9
2789 523 1 24 34 69 3
2854 426 3 39 42 193 16
3305 347 1 29 49 78 19
3177 183 1 30 24 83 12
4494 334 1 29 56 53 20
1571 549 1 59 7 260 3
1871 913 1 36 19 251 3
972 357 1 12 20 225 10
3975 152 4 113 28 31 5
1628 394 4 63 43 346 5
1390 641 3 43 58 387 7
1591 602 1 52 23 238 9
3238 797 2 25 39 95 5
3619 616 1 45 36 121 3
2982 924 3 144 36 263 16
48 799 1 22 19 234 15
697 964 2 24 11 248 14
2170 652 1 28 28 103 5
3018 489 1 37 38 80 1
1841 980 2 60 22 262 13
2214 138 2 43 36 100 4
989 112 3 83 60 188 10
2295 83 1 23 17 25 18
2805 492 3 81 7 114 13
1591 559 1 40 56 77 13
3539 175 2 25 48 274 2
2486 791 3 41 4 54 10
3140 127 1 38 7 242 1
2643 991 1 37 7 158 12
369 856 2 115 13 83 14
354 693 3 87 8 96 2
1708 441 1 35 13 289 20
1927 846 4 108 10 21 12
4537 902 3 47 44 97 3
4420 207 1 48 27 76 17
340 333 1 46 49 181 7
3107 251 1 19 32 237 6
241 897 1 24 12 33 19
3300 177 4 49 7 64 20
4110 236 2 68 32 43 20
1457 587 4 106 40 143 12
1475 504 1 18 12 47 9
4145 722 1 13 43 293 5
991 966 1 64 32 376 7
1743 132 2 45 25 128 13
4459 485 1 14 16 308 7
2200 759 2 68 11 287 15
2703 440 1 28 44 247 1
3310 778 2 84 31 169 16
3978 121 1 24 18 226 4
3705 865 1 24 17 254 15
1627 310 1 13 18 91 3
3644 739 2 45 16 102 15
1080 359 1 27 13 368 10
3674 250 2 59 24 184 18
3915 861 3 36 26 196 13
3424 430 1 20 22 246 17
1127 555 2 56 52 106 14
3412 127 2 64 7 72 9
2947 819 2 52 36 20 13
3880 695 1 37 50 81 7
984 330 1 27 19 410 14
2785 643 4 77 31 206 13
3019 566 1 45 12 263 14
1157 351 4 196 6 36 15
2126 961 1 20 62 154 3
4899 197 1 23 31 72 7
4222 399 1 61 10 28 3
2690 122 1 47 56 76 15
3293 247 3 46 40 157 12
4644 525 1 18 17 372 13
1038 312 1 12 35 163 3
3893 170 5 56 24 89 7
2548 507 1 18 7 57 18
179 85 1 37 56 80 13
3903 267 1 15 15 254 14
2215 759 1 27 6 154 19
567 872 1 39 42 26 12
1052 655 2 31 42 200 14
3689 679 1 36 53 229 13
60 173 3 44 33 157 7
3644 732 4 150 30 238 2
297 166 2 80 16 138 5
579 583 1 13 47 108 16
4101 441 2 45 35 153 6
4230 81 2 27 23 135 1
2067 703 1 14 24 30 20
742 624 2 63 7 123 5
4143 404 2 56 10 32 15
3113 985 1 14 26 277 6
939 792 2 23 40 143 6
3263 392 2 32 22 333 9
1072 987 1 24 24 225 9
3363 492 1 22 32 206 9
2489 858 1 27 22 107 20
981 476 3 38 32 415 20
2200 851 2 50 25 248 6
740 534 1 27 34 118 4
3899 245 1 67 28 160 15
4834 150 1 35 20 450 15
3834 330 1 20 22 237 4
71 968 2 27 23 29 13
1485 168 1 39 13 243 18
1819 260 1 33 11 299 7
986 775 1 12 37 109 7
1331 345 4 43 34 141 4
1633 398 1 37 62 52 9
3414 970 3 113 10 311 16
3267 539 2 25 21 125 11
1018 286 2 141 51 142 7
2845 776 1 17 35 244 10
4005 197 3 33 27 205 16
4135 316 2 25 44 184 16
2030 660 1 40 32 114 8
2895 255 1 13 33 36 12
2724 359 1 85 9 22 2
4847 380 1 16 31 138 12
811 904 1 39 38 129 12
1349 773 2 62 14 93 14
2117 660 1 15 17 37 8
3256 595 1 16 25 41 1
2324 722 2 25 29 157 11
963 262 2 43 51 251 2
3387 708 1 18 30 455 12
4851 96 4 117 51 63 7
3217 454 1 15 16 259 11
3910 767 3 148 40 59 11
4592 702 1 40 37 70 3
4295 544 1 32 13 68 10
1104 234 1 22 52 45 3
4257 372 1 40 13 414 7
2994 220 1 42 8 228 8
4693 169 1 18 21 368 9
762 459 1 24 13 43 16
3890 203 2 74 24 95 1
2415 586 2 47 51 36 13
4643 228 1 34 49 88 16
2058 380 1 13 25 323 9
426 244 1 22 8 82 8
4728 837 1 33 24 32 20
4318 915 1 27 32 63 1
673 867 3 54 32 49 15
4744 710 1 22 40 166 19
3018 524 1 48 31 98 11
2772 291 2 96 15 316 19
3909 128 4 48 7 174 11
3167 238 1 14 37 64 6
125 211 1 16 54 88 5
811 383 1 20 30 353 13
2712 517 1 21 20 323 12
1588 164 2 80 64 144 10
4943 233 2 23 35 259 11
2865 854 5 106 32 45 15
4171 519 1 22 45 28 20
506 365 1 28 18 96 14
1577 619 5 92 27 34 8
1328 567 1 22 25 105 6
3224 419 1 31 39 32 17
2125 682 3 48 11 40 13
2138 674 1 17 9 44 10
150 531 1 17 31 181 13
2583 508 1 41 8 257 2
2381 860 1 23 26 266 3
4977 405 1 32 6 110 12
3548 706 1 44 5 137 3
3151 215 1 12 35 49 4
4601 458 1 21 34 172 15
1351 882 1 21 21 432 13
1623 324 1 38 70 73 13
4749 759 1 12 12 45 6
849 156 1 35 31 119 10
4030 241 1 13 19 55 2
4999 224 5 153 18 168 4
889 805 2 35 20 286 12
3671 854 1 27 28 393 1
1024 432 2 31 22 121 19
851 200 1 35 12 295 13
4693 596 1 11 27 67 5
3934 465 2 47 22 180 8
2990 548 1 55 19 90 9
4061 190 1 36 65 57 19
2596 248 2 54 9 25 19
2117 786 1 13 37 46 13
1304 103 1 27 15 98 11
3942 877 1 29 11 152 6
874 582 1 32 52 28 6
467 465 1 57 18 247 8
4749 877 1 28 49 74 15
540 559 1 34 41 158 2
2064 685 1 48 11 170 15
492 759 1 12 23 287 8
2877 124 1 37 52 112 5
4129 314 1 72 10 216 17
1795 350 1 15 46 235 17
2325 274 3 46 36 166 5
1615 111 1 18 11 28 15
152 350 3 36 6 145 3
2286 227 1 30 46 279 12
1681 469 3 37 23 209 1
577 112 1 35 24 82 2
4591 752 3 39 8 154 9
3830 509 1 11 15 295 11
411 449 1 13 46 155 18
1607 288 1 16 66 116 2
3121 115 1 55 44 369 4
1373 855 4 45 27 326 16
193 560 2 101 24 16 19
3308 550 1 53 7 198 3
2413 504 2 70 23 212 18
4094 829 2 26 48 216 20
3430 614 3 43 33 132 9
1029 374 1 19 16 73 13
12 662 1 31 50 93 3
856 457 2 47 48 271 13
886 135 2 78 32 87 12
4554 882 1 32 45 330 20
604 661 1 34 47 37 11
1045 773 4 63 5 64 16
1628 313 1 27 27 87 14
4982 857 1 77 9 96 18
2030 730 2 63 16 21 18
917 373 2 27 34 363 1
4089 243 1 38 18 114 10
2319 152 2 50 18 315 15
2878 810 2 43 15 73 17
2853 532 1 29 13 239 16
1130 373 1 23 45 115 14
2985 199 1 38 15 396 4
4425 848 1 62 15 67 9
3538 175 3 35 17 423 5
957 190 1 15 46 147 3
4106 478 1 23 13 37 4
925 657 2 35 18 298 4
1677 823 1 25 29 80 8
4285 774 2 25 39 164 13
3876 365 4 55 5 183 6
2647 905 1 32 14 96 16
3097 733 3 81 12 29 12
2232 766 2 58 18 160 15
4101 600 2 145 35 164 9
405 766 1 15 15 59 18
1761 795 2 24 29 329 12
645 924 3 42 23 199 9
991 195 1 45 44 41 6
1249 256 5 157 23 57 17
2623 541 1 39 34 85 20
4900 796 1 17 9 80 17
2177 865 3 54 28 102 6
1082 87 1 36 14 164 1
4583 821 1 45 46 266 1
1533 483 1 28 44 130 3
2917 364 1 21 10 24 8
4677 584 1 12 35 37 6
2505 142 1 19 10 44 13
2145 481 1 29 59 193 15
4702 450 2 23 34 244 15
2934 486 1 40 66 62 13
4878 555 2 42 31 63 20
1040 755 1 29 30 183 17
782 475 2 45 34 24 5
3745 855 1 18 22 72 19
3810 683 1 67 16 104 14
3503 607 3 89 12 314 12
2536 600 1 41 38 123 20
842 929 2 27 42 138 16
3812 942 1 31 46 350 15
1359 348 1 23 28 86 14
3486 806 1 41 48 151 19
3696 478 1 53 10 94 8
4787 306 1 180 12 91 9
1292 980 1 32 13 286 12
2684 891 1 32 32 120 14
4666 708 3 45 47 167 20
866 246 1 62 18 48 1
1962 715 3 34 18 320 20
3783 216 1 35 15 159 16
1946 380 1 17 14 124 16
4551 106 2 35 28 197 1
4636 548 2 40 4 58 4
3350 274 1 15 16 103 14
3285 497 1 40 48 124 7
2705 139 1 33 12 124 3
2077 281 1 12 24 88 15
622 570 2 28 44 222 10
200 247 3 44 34 140 20
4244 886 5 63 35 150 8
1531 684 1 11 29 136 5
2420 914 1 63 5 114 14
75 914 1 22 32 385 8
1904 182 2 95 33 43 3
1640 630 1 39 20 376 4
4760 666 1 20 29 452 19
4711 186 1 28 48 24 9
1478 881 3 40 16 257 7
3195 444 2 104 5 395 13
2443 194 2 32 40 330 8
2861 83 1 37 21 138 9
79 905 1 46 15 18 7
1800 147 1 39 29 133 2
203 231 5 80 26 83 7
3575 461 1 14 19 49 4
3357 365 1 28 14 295 8
682 796 1 11 45 172 19
4289 89 1 31 51 52 16
2467 485 4 155 44 277 15
1033 936 3 50 27 61 9
1063 570 4 63 5 222 16
1544 385 1 24 32 114 16
1044 978 3 44 8 42 9
2705 566 1 53 5 58 9
399 611 2 30 15 28 5
4609 741 1 23 14 59 9
4006 390 1 58 24 393 8
2717 460 1 18 34 378 17
345 198 1 12 38 64 8
3128 816 3 76 8 21 10
4900 737 2 48 23 137 12
3311 99 1 22 25 421 9
261 394 1 19 34 410 5
4177 727 1 29 29 363 19
1336 539 2 42 20 317 9
1637 444 1 16 57 98 6
1688 472 3 53 27 210 10
3625 958 1 126 53 118 20
3856 314 2 77 47 224 11
2166 985 1 22 26 375 8
3520 297 2 51 57 24 16
470 455 1 25 42 84 18
4789 93 1 27 53 136 1
1178 474 1 103 25 60 14
3426 539 2 97 27 204 2
2925 856 1 29 23 288 11
1855 206 1 16 57 137 7
2614 943 2 33 14 30 18
1261 647 2 68 24 54 13
1564 522 1 20 24 285 5
2249 430 2 36 34 188 5
4394 434 1 35 18 435 14
475 672 4 179 40 79 4
4068 688 1 12 32 165 1
3538 337 2 46 14 310 14
1240 96 1 27 8 109 7
3252 499 3 34 17 36 17
702 553 1 32 20 377 7
899 717 4 50 5 186 18
375 418 1 13 52 148 8
3827 592 1 37 14 326 10
4970 910 1 18 11 95 19
656 487 2 72 31 206 3
3323 952 2 35 15 48 20
1669 896 1 71 11 84 7
983 104 2 77 35 247 4
793 672 4 61 41 91 15
1953 578 1 48 27 102 8
2528 568 1 13 40 247 10
4043 513 1 28 13 69 19
2775 132 3 42 47 126 5
3484 441 1 12 37 292 3
1366 477 1 27 26 31 7
1434 128 2 24 11 247 8
3488 350 1 27 65 65 7
3996 797 3 41 6 69 1
2014 967 2 95 41 25 9
4181 718 2 23 18 47 11
812 694 1 15 31 44 3
4662 986 3 35 18 43 17
2046 354 1 40 49 64 4
1105 594 3 43 8 40 15
3154 623 1 16 30 43 9
4065 760 1 29 22 60 7
638 606 1 12 31 240 8
2575 509 1 38 42 70 11
4997 113 1 33 27 224 17
950 698 3 137 29 152 10
4245 90 1 34 61 64 5
320 286 4 74 36 161 6
532 167 1 27 15 181 14
1721 994 1 13 16 44 15
4846 339 2 83 28 74 6
2871 743 1 16 26 121 1
2453 464 1 45 42 212 14
669 906 1 22 26 416 10
867 155 1 63 8 119 6
4989 984 2 26 30 261 2
3579 250 1 15 60 117 6
4644 307 1 32 49 43 6
3906 568 1 32 34 40 7
3910 768 1 15 48 145 17
48 783 3 88 17 42 9
2353 287 1 31 16 106 6
904 682 2 39 4 71 11
1623 796 1 22 26 284 10
4071 564 1 12 22 43 17
1818 876 3 155 9 175 6
4520 312 1 17 35 372 19
4458 494 1 13 46 151 3
2784 504 1 62 10 292 8
4036 562 2 45 31 188 10
3261 423 1 26 16 128 4
2243 341 1 36 24 226 7
4047 681 1 21 9 92 10
987 757 1 15 58 86 13
2519 998 1 39 12 86 5
117 356 1 18 29 361 2
4556 860 2 65 23 87 10
3423 98 1 33 21 151 15
3305 631 2 51 45 93 20
4470 753 1 14 24 81 13
4814 597 2 35 37 139 17
2507 316 1 29 7 117 10
1097 309 2 28 7 373 10
4706 127 1 26 22 123 1
2209 657 1 54 7 278 13
1424 379 1 12 13 244 14
3827 328 1 14 66 249 3
2567 148 3 61 13 93 4
296 927 1 37 16 276 5
2833 369 2 93 23 123 15
4237 867 1 32 33 50 7
1689 708 2 50 50 17 18
1543 858 2 24 11 305 17
3209 570 3 112 15 82 7
715 757 3 87 5 116 20
1373 930 2 68 18 77 1
3251 474 1 32 14 144 5
3272 372 1 43 15 346 1
474 144 2 48 25 198 11
1077 215 1 32 28 96 12
3776 779 1 35 10 298 20
4582 551 1 16 11 227 3
2693 365 1 39 52 62 15
2644 409 1 11 32 123 19
1435 722 1 12 26 88 7
326 206 1 12 58 121 11
149 972 2 65 20 350 6
2339 409 1 21 12 46 15
3788 462 1 14 59 102 15
2119 614 1 24 18 36 20
1087 912 1 22 26 87 8
995 190 1 12 46 155 12
4088 264 1 11 14 225 18
4113 524 1 39 14 171 11
1006 362 2 23 20 383 15
1100 638 1 12 24 108 14
1404 630 1 22 21 286 15
3753 165 3 61 31 347 17
18 87 1 33 40 57 5
2047 384 1 14 22 64 10
2407 615 1 38 43 112 3
3289 135 1 30 42 110 15
906 973 2 40 16 183 12
480 530 1 12 24 458 13
2178 393 1 27 29 346 5
909 945 2 82 52 223 19
1757 720 1 39 68 51 19
1264 325 1 24 20 260 20
3280 141 1 28 6 149 10
2296 429 1 12 10 190 19
3192 488 2 54 36 151 20
2279 144 1 16 60 122 7
403 528 2 60 47 126 5
1104 205 1 19 18 31 11
3571 901 1 20 26 260 4
2707 423 4 56 26 311 11
4937 362 1 37 7 255 7
4842 107 1 17 30 276 15
1615 252 1 39 55 72 15
960 253 3 131 17 16 11
3657 775 2 48 4 117 3
3124 444 1 11 7 199 2
1256 536 2 49 35 270 6
225 122 3 48 41 208 20
3462 650 3 100 60 257 7
3319 679 1 29 22 128 8
1863 508 1 57 29 399 15
4244 378 1 28 30 79 7
1585 700 1 24 46 37 18
4872 997 1 46 15 113 1
3396 558 1 49 48 24 10
1273 768 1 23 18 369 12
1466 292 2 40 26 332 10
1531 140 1 27 43 37 4
1312 554 1 15 21 121 3
141 712 1 35 19 227 4
1978 338 2 47 24 182 1
4928 456 1 38 13 83 3
3889 109 1 16 36 461 20
2088 582 1 76 6 180 14
1693 702 1 16 12 274 5
3871 322 2 46 59 162 1
4923 163 4 54 35 187 7
4039 770 3 98 31 153 18
4396 754 2 52 41 218 7
3329 178 1 92 22 89 10
2015 537 1 13 45 98 8
2545 788 1 21 33 289 11
362 846 1 14 54 86 5
1022 258 1 26 28 99 3
1271 322 3 49 48 158 19
4499 853 1 38 72 60 20
1532 96 3 35 4 181 16
3311 587 1 19 11 32 10
1533 89 2 58 24 136 11
423 765 1 39 22 368 19
4696 132 1 14 18 119 1
3989 965 1 12 22 69 12
1595 332 1 22 28 442 9
2415 242 1 98 46 225 5
2519 525 1 40 64 47 10
1944 598 1 32 25 283 9
1362 802 1 17 15 32 18
547 445 1 31 17 297 19
3679 654 2 30 7 368 5
258 785 1 15 30 34 8
3674 702 1 35 28 142 1
2475 445 1 54 47 73 13
2870 865 3 76 61 45 3
3929 765 2 30 30 152 9
1128 759 1 16 24 141 1
4443 955 1 41 17 241 12
2200 910 1 22 51 214 14
216 969 1 28 35 78 5
97 559 1 39 7 154 17
3858 499 1 12 26 246 6
2985 678 3 42 23 164 18
2354 581 1 30 52 42 4
3321 492 1 19 20 374 2
2016 948 3 75 66 161 6
1551 961 1 38 10 304 16
2556 706 2 45 18 38 10
445 799 1 11 16 148 8
3970 882 1 22 34 460 7
880 263 4 175 59 246 1
329 674 3 57 37 174 8
3789 804 1 12 46 248 18
1694 392 1 29 34 160 17
1307 426 2 79 4 191 1
1041 629 1 35 19 227 7
621 628 1 16 29 298 18
3700 315 2 31 25 155 2
4916 751 2 21 16 45 17
4631 697 1 27 13 386 18
2711 138 2 29 6 197 17
2538 204 2 48 42 253 5
1067 904 3 92 8 250 12
3359 558 1 15 50 144 14
4813 631 1 17 25 326 8
4863 675 1 34 42 78 15
4871 82 1 22 8 58 12
1651 386 1 38 10 304 9
3966 688 1 44 51 61 8
1614 483 1 57 21 135 10
3718 540 1 15 52 68 11
1453 323 1 41 16 283 12
4342 981 1 31 53 65 13
1934 853 1 32 32 114 5
4316 190 1 39 45 114 11
696 618 1 23 29 422 11
1643 499 1 13 11 242 9
1005 258 1 25 25 75 16
276 518 1 33 37 153 15
4829 112 1 14 52 166 7
2049 776 1 32 27 306 11
1851 451 2 21 36 236 14
3064 590 1 88 16 21 5
878 447 1 11 39 69 19
248 252 3 46 43 169 20
1520 530 3 44 24 150 9
1057 667 1 12 14 196 20
3460 216 3 51 35 124 5
1225 156 1 34 11 447 7
2805 101 1 47 10 244 11
3694 142 1 21 16 37 15
2053 254 3 48 18 226 14
3274 255 1 29 29 46 7
2134 167 2 36 38 127 15
2598 270 1 31 55 59 8
3597 304 1 44 23 63 9
3603 453 1 33 21 182 12
4569 701 1 15 12 316 10
2561 869 2 83 10 238 19
981 884 1 27 8 242 16
1093 761 1 22 23 71 15
4947 156 1 82 14 202 18
1846 341 1 32 11 294 9
572 803 2 39 22 175 17
3954 112 1 32 7 197 16
3460 397 1 15 11 227 9
3283 615 1 12 20 199 10
242 353 4 86 17 285 13
3741 499 1 14 17 83 17
1484 655 1 13 11 178 11
3681 94 2 74 29 136 12
3647 424 1 23 10 43 4
928 128 1 36 52 133 5
607 690 2 74 8 297 18
2792 239 3 36 14 22 20
688 208 3 42 48 110 20
454 955 1 12 44 254 10
2218 929 2 46 49 59 2
4407 944 3 41 40 227 4
2891 897 1 32 54 323 14
3109 119 1 32 5 72 5
4183 454 1 37 56 127 5
627 394 1 54 8 228 12
4149 690 1 27 63 60 1
4383 559 1 35 16 303 9
3771 734 3 51 20 91 12
4810 264 1 31 5 59 14
4964 555 3 76 5 63 4
1782 803 1 11 20 128 20
3463 163 1 18 33 330 1
1884 212 1 31 66 74 14
544 754 1 27 38 31 13
1911 169 1 43 49 34 9
3913 720 3 105 15 28 10
37 473 1 24 32 225 20
3095 191 3 43 6 210 10
3072 428 1 15 23 83 20
4041 273 3 109 23 401 2
526 292 1 29 45 245 14
2230 432 2 53 42 41 15
1179 785 1 22 51 111 19
473 381 1 16 46 153 15
469 806 1 30 48 90 7
4145 369 2 27 21 422 3
2072 379 1 48 25 77 3
143 231 1 39 14 430 13
2707 128 1 24 25 204 5
2175 290 1 30 29 87 11
572 716 1 13 31 50 7
4675 849 2 79 37 161 3
4218 597 1 31 30 108 6
4703 566 1 44 20 66 13
3897 769 1 64 6 59 20
1113 363 1 16 18 71 8
753 746 1 13 18 23 11
3524 522 1 24 64 309 4
1022 599 2 44 8 77 3
2176 379 1 11 40 34 1
1942 347 3 108 52 75 18
372 784 1 14 42 120 11
3295 471 1 17 32 316 6
4377 331 1 15 29 63 19
3195 591 3 41 39 218 11
3895 308 1 33 9 218 8
1069 844 1 11 31 46 10
1717 940 1 40 20 224 18
728 902 1 87 37 415 2
1217 789 1 23 16 120 15
4021 829 2 29 13 41 16
89 318 2 77 12 136 6
1472 303 4 172 40 318 4
2060 585 2 66 15 32 11
3800 671 1 16 50 239 19
949 597 2 29 7 206 18
2523 735 2 75 18 71 11
3775 119 1 11 28 192 14
2305 480 1 53 7 64 14
611 200 3 123 35 31 12
2294 251 2 45 5 114 8
2047 914 2 41 44 246 20
1047 197 1 31 19 116 2
3281 973 5 155 26 79 9
2097 989 1 24 27 64 19
1918 752 1 13 54 164 1
2949 200 2 29 29 70 11
1367 552 2 83 22 62 7
2771 729 1 16 9 373 1
1042 941 1 15 6 246 4
2447 279 1 12 36 59 15
4870 765 1 35 15 73 1
2294 405 1 24 27 418 18
1085 946 1 36 48 50 12
2386 571 1 22 44 242 9
4668 572 1 27 16 381 1
1286 604 1 16 28 217 12
3388 129 1 27 17 443 15
3782 297 1 13 32 37 7
4093 522 1 32 17 96 14
583 209 2 28 12 325 7
1032 436 4 79 19 115 19
258 94 2 22 38 142 16
3481 456 2 27 12 290 15
2126 405 1 17 10 24 9
4339 885 2 56 46 74 7
788 843 1 24 15 37 7
443 695 3 56 24 224 2
941 924 1 47 36 78 4
3961 556 2 37 27 80 15
1566 211 5 65 28 85 10
2564 638 1 44 14 317 12
1819 658 1 30 5 107 14
781 139 1 28 44 30 13
4875 632 3 58 37 112 13
4118 630 1 12 14 275 2
2489 353 1 22 27 108 20
4349 962 2 63 48 65 19
461 90 1 44 10 192 12
3150 893 1 12 47 58 10
1149 432 2 68 58 330 14
4681 482 1 20 18 448 18
4082 355 1 31 17 434 10
4959 861 1 15 48 121 19
3018 288 1 23 7 126 13
2314 208 2 26 22 63 1
1950 884 1 39 44 43 9
4522 601 2 46 23 283 5
3906 633 1 32 12 252 14
1177 462 1 32 35 26 15
3939 768 1 26 18 229 13
526 550 2 30 18 106 4
4623 147 2 34 18 389 19
4307 974 1 28 18 25 8
3513 115 3 78 7 63 3
2129 232 1 29 11 230 9
2998 316 1 29 19 29 2
3279 404 1 36 28 101 11
889 972 1 44 49 63 1
526 838 1 14 7 202 3
736 237 2 32 22 273 20
1395 716 2 36 28 289 3
2650 321 1 30 8 92 20
1915 563 4 53 21 85 10
1648 293 1 56 15 21 8
2804 375 1 16 40 265 12
4194 530 1 28 52 34 4
4031 919 2 40 19 386 20
1491 307 2 38 26 34 3
2621 839 2 24 26 222 18
3956 494 2 51 54 126 9
171 742 1 13 16 97 2
3697 84 1 23 24 61 16
262 609 3 37 6 42 7
3277 638 1 19 25 219 17
2113 400 2 70 5 162 8
4933 467 1 78 36 228 3
2967 796 2 22 15 279 20
3242 118 1 13 47 70 8
1323 927 1 25 33 28 16
3 106 2 76 32 232 2
2666 863 1 92 28 104 9
1081 940 2 35 52 189 18
1832 164 2 32 25 120 13
4910 752 2 58 61 300 2
4300 140 3 136 41 52 20
3050 535 1 77 18 254 2
1141 656 1 14 51 408 5
240 508 1 24 15 232 16
4383 405 2 44 39 73 2
4176 424 4 51 14 134 2
3108 974 3 52 5 177 12
4104 150 1 50 26 460 18
4857 306 1 39 27 18 9
1098 647 1 48 15 298 8
3012 357 1 18 19 78 17
3907 369 4 183 31 233 5
165 496 4 96 12 27 3
3937 509 1 13 37 102 17
4725 319 1 17 14 43 20
2558 119 2 70 22 174 2
4913 694 1 12 49 151 4
901 360 2 23 34 231 18
2751 404 2 32 29 226 10
3642 756 1 37 62 202 12
4330 879 1 29 46 202 8
4591 784 3 40 7 38 6
1215 848 1 17 25 239 9
845 872 1 31 15 186 16
3129 708 1 16 34 57 4
4004 400 1 21 16 30 6
3832 364 1 17 15 40 11
1866 983 1 41 17 376 7
2620 151 1 39 10 73 5
1350 868 2 56 14 30 5
3477 232 4 105 27 266 1
1082 238 1 13 36 51 11
3961 491 3 57 33 160 8
3853 605 1 29 53 79 4
371 716 2 105 15 258 12
2811 202 1 34 19 57 17
4082 266 1 92 59 207 15
2799 90 3 119 13 103 1
4583 986 1 63 34 242 1
3703 275 2 34 44 170 6
1699 994 3 59 25 390 12
4471 707 1 13 40 37 11
4529 242 1 16 18 54 1
705 320 2 37 17 36 19
741 651 1 27 15 419 6
1836 870 1 32 46 134 15
2894 732 1 40 52 52 7
3589 390 3 34 26 176 7
565 977 1 22 22 63 20
1867 587 1 13 41 210 6
741 469 1 13 34 352 5
1460 826 1 27 27 309 5
4010 658 1 39 37 61 6
1343 743 1 16 61 129 13
2985 239 3 45 6 168 7
4155 678 1 13 42 82 4
203 105 3 45 48 141 7
3037 832 1 27 19 86 10
4319 176 3 177 29 169 20
3669 362 1 16 12 252 10
429 815 1 21 29 438 7
1342 861 1 31 45 271 19
2788 766 1 37 22 106 5
3813 195 2 23 36 270 13
2786 130 1 82 29 73 7
820 868 1 28 37 218 19
1055 127 1 22 28 226 13
1799 286 2 67 10 167 12
2105 96 2 65 42 189 6
1974 717 3 92 45 28 12
1592 700 1 11 47 83 1
277 671 1 54 7 64 20
3058 554 1 16 35 106 3
3914 357 1 28 44 81 5
3904 471 1 13 22 36 14
591 238 1 16 8 347 6
4627 213 3 57 42 201 11
449 727 1 31 37 95 9
1186 882 1 60 49 19 17
193 292 2 39 32 130 10
176 610 3 90 25 47 19
2713 479 2 29 46 125 14
2834 312 1 25 44 18 5
4111 696 1 46 8 118 2
406 756 1 12 67 344 3
4365 578 2 66 28 297 2
3936 231 1 18 27 98 4
4387 561 2 48 29 387 3
2454 605 2 28 17 270 10
2421 368 2 26 16 41 18
1873 607 1 13 68 144 15
1441 996 2 133 35 57 10
2278 185 1 39 38 62 2
3158 276 1 23 18 36 18
760 942 1 14 23 458 3
247 920 3 182 12 130 8
3956 173 1 86 15 330 5
2489 742 1 18 12 37 15
3598 886 1 37 72 74 19
3715 138 2 30 25 96 9
431 307 1 35 8 447 14
1647 398 2 27 41 178 10
3136 862 4 62 40 157 6
1023 300 1 30 48 191 18
2675 518 1 22 19 394 18
3034 99 1 22 57 253 12
2431 220 1 13 41 112 19
4442 113 1 37 16 31 10
4037 834 1 23 13 283 18
4812 118 1 48 13 306 10
4722 433 1 40 12 132 2
3034 779 1 29 26 111 7
4366 279 2 42 46 102 11
3715 992 1 31 36 32 14
4670 406 1 61 25 143 7
1445 450 3 57 36 150 13
1875 480 1 19 17 365 17
4633 935 3 47 22 83 19
2450 170 2 57 60 40 3
2482 562 1 15 32 58 19
2246 561 1 22 29 412 8
1702 928 1 13 25 35 7
206 444 1 39 39 72 10
4621 373 1 24 20 44 8
2578 255 5 71 27 78 15
4282 255 1 14 6 246 9
3576 123 2 37 29 94 2
4321 666 1 12 9 360 12
1013 106 5 91 14 359 2
1302 407 1 38 31 220 5
1673 493 4 212 10 255 5
2328 769 1 16 45 225 18
2526 309 1 58 21 110 18
1764 400 1 91 52 152 11
3726 186 1 27 30 46 10
4433 209 3 81 8 88 1
3182 970 2 53 6 140 9
1754 254 1 54 36 249 19
2117 818 2 59 33 121 18
1078 612 1 21 19 278 20
1609 532 4 53 7 197 20
4858 610 1 24 36 323 17
2668 666 1 12 24 87 14
1147 908 1 49 36 26 8
2157 404 1 66 26 45 19
3339 402 1 27 5 131 7
4768 589 3 37 42 120 8
2288 599 1 38 14 92 14
2149 165 1 47 53 190 18
2084 713 1 48 20 210 18
128 378 1 24 9 63 13
3711 898 1 26 48 416 13
4269 557 1 30 35 73 1
2092 270 1 39 32 153 8
1496 451 1 35 46 123 9
3796 811 1 15 56 134 5
2329 924 1 22 32 330 8
3816 753 1 14 18 58 14
2867 526 1 56 9 78 15
4691 248 1 41 16 181 10
2669 938 3 43 8 67 17
457 992 1 14 58 102 2
946 105 1 34 6 208 3
971 744 1 27 14 169 2
2968 184 1 56 26 213 2
4435 613 2 28 6 51 4
4633 129 1 12 47 225 9
974 172 1 23 24 327 15
4080 624 1 29 13 365 8
286 427 2 24 28 110 16
979 501 1 27 16 42 4
3617 665 1 32 10 207 19
3653 472 1 11 17 314 14
4892 357 1 46 14 272 11
1385 457 2 58 17 117 2
523 456 2 26 40 132 12
4259 315 1 17 19 64 16
606 664 3 179 17 57 8
2001 158 3 60 5 53 4
2777 578 2 29 29 96 2
2387 287 1 16 28 451 7
3098 96 2 111 12 86 8
1627 789 3 38 32 396 3
28 193 1 27 29 371 17
925 998 1 54 13 82 10
4216 696 2 35 20 215 20
438 604 1 18 18 435 10
2800 718 2 61 26 34 8
3036 967 2 32 17 260 18
3475 883 2 46 36 126 19
34 759 1 25 60 393 10
1373 816 1 18 12 44 7
1110 359 1 23 32 412 17
660 621 2 149 25 216 4
2322 894 3 80 25 327 9
4736 371 2 32 38 119 12
4964 123 2 25 17 30 20
4579 238 2 32 39 123 16
4515 668 1 37 43 55 20
3016 832 1 32 33 177 19
4707 477 2 96 29 113 15
2152 439 1 26 35 306 2
4858 154 1 37 40 128 3
4886 193 1 22 17 354 19
3913 404 1 15 24 43 2
377 713 2 31 29 396 11
81 733 4 88 26 43 3
682 176 1 48 19 310 15
3560 956 2 50 16 27 14
2735 87 5 71 32 169 7
394 413 1 65 30 160 1
3826 406 4 77 44 178 9
890 202 1 40 39 103 2
322 695 4 44 14 95 4
3310 949 1 34 24 47 2
3085 291 1 39 27 285 7
1561 259 3 86 7 67 5
1557 131 1 35 11 91 9
1110 890 1 31 25 81 5
342 879 3 64 5 168 18
4472 331 1 19 18 270 6
3639 689 1 29 14 288 11
1465 905 1 15 23 78 6
1628 176 1 29 29 197 20
4077 910 2 92 43 15 14
2799 241 5 137 48 130 20
4162 282 1 11 30 50 7
2900 429 5 96 20 58 18
4725 110 1 15 37 146 2
4417 906 3 61 23 290 1
4739 638 1 60 15 103 18
4291 291 1 21 13 93 10
3667 966 1 24 24 300 4
128 826 1 16 51 167 17
247 311 3 61 30 314 20
3823 968 1 28 12 383 20
3115 171 1 38 15 434 13
3736 764 1 42 15 193 2
3608 93 1 23 23 450 18
3997 267 2 44 42 339 19
483 663 1 18 14 198 20
1918 200 3 55 24 277 15
216 961 2 60 15 160 14
468 116 1 16 16 31 10
4201 345 1 23 12 35 1
4179 829 2 35 21 270 7
4637 260 1 53 7 66 15
3858 534 1 18 17 377 18
4672 317 2 36 19 233 16
1404 657 1 12 27 47 11
2576 307 1 35 22 358 10
2569 545 1 15 18 219 3
734 349 4 59 44 153 13
4705 351 1 17 14 46 10
4440 675 4 64 32 190 19
2953 499 2 22 42 93 12
3273 711 1 64 32 119 17
4096 156 2 53 16 221 16
1031 359 1 64 22 121 8
2530 474 3 189 49 270 4
2198 488 3 84 60 155 4
2797 548 2 32 26 88 6
4544 168 1 45 43 113 3
4180 992 1 43 29 144 17
822 976 1 47 32 91 17
2942 572 2 68 22 110 7
2569 505 1 13 38 81 5
125 686 4 185 15 76 12
1937 576 1 16 22 83 3
2860 89 1 14 39 39 2
3666 889 1 52 33 24 14
2201 926 2 25 22 44 5
2935 732 1 42 21 142 6
3521 704 1 36 16 96 3
3744 591 1 13 24 230 15
2027 998 1 23 31 277 10
2705 221 4 61 47 131 4
3373 199 3 35 16 79 6
1456 667 1 17 18 278 18
2054 849 1 61 60 163 10
100 316 1 12 42 148 15
3853 565 1 28 47 59 8
3090 154 1 13 15 274 2
1827 921 1 15 36 88 18
3013 609 2 38 40 202 7
3670 347 1 61 14 117 2
2353 336 1 28 24 134 12
4385 339 4 145 46 85 3
3781 81 1 16 25 84 10
3220 585 3 64 20 46 5
1838 602 1 30 42 100 18
679 807 1 13 33 213 3
1951 666 1 31 34 65 4
3187 866 1 28 16 159 20
6 729 2 32 39 167 1
585 322 1 27 17 180 3
414 184 3 47 46 149 10
427 278 1 86 34 329 20
4735 536 1 62 46 104 18
1457 620 1 18 16 82 5
4882 865 1 28 24 244 9
3892 387 1 13 10 177 3
172 493 2 47 14 30 2
1519 695 1 30 7 329 14
4964 769 1 84 14 29 2
3485 100 1 21 24 96 16
1638 109 1 12 39 296 17
4083 114 3 118 32 30 14
153 734 1 33 10 306 5
4611 727 2 87 29 180 5
1160 600 1 44 50 104 9
239 252 3 35 17 136 15
2392 714 3 77 28 20 7
2794 796 1 30 42 123 6
3291 376 2 81 8 21 14
2546 736 4 75 19 57 15
1250 365 1 19 25 91 9
4839 994 1 46 60 81 2
4794 784 1 15 6 267 12
1898 790 1 34 50 40 9
1094 357 1 24 20 216 2
1983 105 2 70 26 242 10
4144 188 1 29 6 222 6
1214 459 1 18 12 24 11
906 665 1 21 9 179 6
4136 347 1 46 15 277 19
3468 294 1 19 26 180 2
2795 965 2 30 29 236 12
167 183 3 41 48 202 7
4077 115 1 52 7 79 3
3209 636 1 24 33 62 7
4012 924 1 36 8 177 14
4544 932 2 31 18 318 7
2449 337 2 23 11 205 13
2415 512 1 40 7 315 15
4407 668 1 16 16 68 6
1478 703 4 100 19 34 15
974 969 1 39 15 228 13
3561 221 2 101 39 107 13
4621 433 1 22 15 126 16
2451 318 1 33 50 49 3
4206 800 4 64 26 94 1
160 736 1 32 11 254 13
2181 711 1 13 7 333 20
2389 933 1 32 8 195 5
147 589 1 28 25 244 2
2920 119 4 95 25 37 13
1619 441 1 35 12 56 4
3755 749 3 69 5 102 9
2197 413 1 20 27 228 17
2462 350 1 12 24 65 1
4319 647 1 17 18 373 9
4690 827 2 44 41 179 17
1220 485 1 30 51 38 17
3445 719 2 55 31 227 16
1923 902 1 17 27 412 16
2537 380 2 39 35 223 8
1406 645 2 78 33 175 1
2239 290 1 21 16 66 15
3759 100 1 14 22 37 1
3022 699 1 49 13 313 12
4604 277 1 37 13 296 13
1475 395 2 36 24 29 16
1006 694 3 32 18 282 6
1832 424 2 29 10 357 10
1505 97 1 28 20 218 9
1695 778 1 33 25 241 17
1612 776 2 86 16 138 20
2312 438 1 16 46 170 12
4710 877 3 43 32 223 10
1178 340 1 15 42 103 13
1789 444 3 134 8 51 1
2683 744 4 141 20 191 15
4304 169 1 20 15 317 14
4172 922 2 32 7 183 3
2619 677 1 52 28 17 18
2146 904 2 37 28 233 3
2841 944 3 54 16 267 5
704 576 2 32 40 142 11
2697 181 1 22 14 100 17
2178 275 3 91 13 18 13
4503 291 1 29 30 211 18
1343 186 1 27 18 84 12
3141 521 3 33 8 220 1
2147 151 1 16 44 381 6
874 476 1 30 59 60 6
4603 424 1 11 21 133 15
2442 867 1 45 34 17 8
112 166 1 30 48 176 11
4459 732 1 33 19 251 11
837 331 2 97 55 189 3
225 450 1 16 15 74 7
3025 349 1 18 8 84 1
1017 510 3 178 15 136 12
3422 895 1 12 44 241 17
2218 776 1 31 16 461 19
2083 497 1 14 41 131 4
4243 610 2 26 32 82 13
2486 245 1 19 31 257 20
3305 565 2 43 14 290 20
3548 621 1 22 49 104 1
2362 127 1 22 18 86 2
441 941 1 23 26 110 17
1679 861 3 64 22 245 4
1010 954 1 30 36 227 7
3611 437 1 20 25 243 8
4163 961 2 29 42 249 1
1327 933 2 51 45 32 16
2067 815 2 138 21 172 17
1838 776 1 82 18 69 8
3075 538 1 16 12 79 1
662 601 2 56 16 385 4
2184 544 1 32 35 68 1
1167 529 1 22 10 95 3
2937 570 1 12 41 72 15
1962 887 3 121 9 231 1
2823 979 4 120 26 55 8
1401 402 1 55 23 263 3
2119 534 2 126 24 63 14
4154 549 2 51 14 28 14
4363 269 1 16 12 196 17
3534 619 1 28 42 135 17
379 702 1 27 39 52 3
3857 995 1 22 28 414 14
4441 927 1 29 54 79 10
4051 836 1 24 36 413 4
1826 656 1 19 35 316 1
3531 259 1 12 12 253 14
4017 522 4 63 41 327 3
769 726 1 28 40 343 6
3182 501 1 98 36 137 1
912 473 1 35 47 46 8
1699 501 3 116 15 253 19
1725 690 1 12 31 123 14
4419 291 1 40 11 377 17
440 849 1 31 54 56 5
2422 735 1 39 13 304 7
2041 119 1 33 57 77 15
4788 261 1 70 15 114 13
4758 562 2 40 14 197 6
148 893 1 57 15 154 5
371 383 3 82 31 27 15
1494 872 1 28 28 406 1
727 566 2 47 9 420 13
1265 369 1 14 28 32 8
3207 90 4 46 39 131 9
607 549 1 18 21 401 1
4107 827 1 64 67 198 5
1200 154 3 85 16 421 4
2337 739 1 64 55 40 15
281 116 2 43 29 62 11
2585 154 1 33 8 167 8
1196 737 1 49 15 18 11
2284 284 4 94 13 424 1
233 449 1 36 50 97 9
3436 367 2 24 36 177 12
4349 709 4 71 30 96 3
925 570 1 29 32 93 12
4267 613 1 35 50 106 7
4829 175 2 59 57 42 12
1444 922 1 15 31 493 14
2486 664 1 27 68 78 13
3516 318 4 162 61 213 9
4460 254 3 89 9 29 13
2742 729 4 63 6 136 11
3395 985 1 39 12 280 14
2300 827 1 24 34 229 19
2095 783 1 31 47 28 15
4250 746 1 27 48 100 10
2257 696 1 55 15 381 9
103 855 1 58 28 225 11
2113 927 1 44 8 83 10
4707 705 2 55 37 161 18
846 905 3 50 35 105 11
3466 207 1 11 31 97 18
3743 760 1 24 25 390 17
800 276 5 54 46 97 12
3542 259 1 75 6 64 18
3970 188 1 34 15 318 4
3106 357 2 89 24 87 20
860 481 3 118 35 150 2
4036 494 3 68 8 16 20
1499 182 3 48 5 185 16
4566 398 1 15 6 381 16
2713 861 5 63 23 157 19
4636 315 1 25 35 36 13
1043 208 1 32 10 349 2
3403 999 1 22 27 106 12
3795 156 3 57 28 136 8
4261 403 1 19 18 341 20
1012 750 2 92 50 202 9
2445 745 1 21 15 123 14
4057 370 2 62 14 85 18
3805 773 1 16 65 130 1
3647 240 2 92 18 134 13
742 416 1 36 22 108 5
1189 867 1 36 50 249 3
398 305 1 28 36 311 15
1740 397 1 74 13 121 14
26 724 2 58 22 56 6
4482 628 2 77 19 249 8
2830 891 3 47 48 133 1
693 955 1 42 13 384 7
1144 496 1 11 12 30 6
4272 601 1 34 14 38 9
3311 613 1 70 18 186 6
2617 996 1 97 24 18 10
2887 172 1 20 40 203 7
1240 805 2 22 33 148 9
4046 117 1 48 55 371 11
780 749 1 14 20 119 13
4655 546 1 16 56 83 19
3224 462 1 13 15 277 16
3758 258 1 20 46 245 20
4285 851 1 18 10 78 13
1121 721 1 16 53 105 13
1083 199 1 22 25 328 17
1907 701 1 23 7 75 20
2169 645 1 33 38 108 12
4641 941 1 49 33 272 16
493 249 1 26 42 172 12
2206 871 2 22 5 113 1
3524 651 2 22 17 283 16
3739 674 1 14 29 306 5
519 103 1 30 8 272 17
507 176 3 137 29 262 14
4353 150 5 61 5 68 4
670 503 3 62 40 160 20
2405 560 3 45 29 261 2
2297 945 1 78 6 248 7
461 946 2 62 14 20 2
1521 576 2 57 15 81 10
3901 886 2 38 19 352 1
1846 592 1 63 14 30 16
2148 760 1 12 43 218 15
4511 288 2 85 60 45 14
4866 937 2 26 22 133 5
4435 413 1 17 18 455 1
3742 592 2 40 5 150 19
2556 916 2 33 6 129 9
1922 465 1 12 18 139 17
2992 184 2 33 24 133 7
335 530 1 12 13 25 17
1050 573 4 46 28 242 16
2181 766 1 16 30 213 19
2687 936 1 23 27 29 1
9 333 2 27 29 333 19
1362 805 2 75 17 134 16
560 146 1 23 30 114 10
2186 608 2 32 27 59 18
2543 338 2 58 23 147 7
4523 975 2 57 28 349 10
3364 523 1 23 24 123 16
2343 407 3 41 27 124 4
3122 217 2 59 11 107 16
2936 864 2 32 8 250 19
2102 656 1 14 26 71 15
3465 313 1 28 38 110 5
1221 871 1 23 11 49 16
1052 775 1 16 20 212 10
1098 295 1 32 33 122 4
1626 637 2 43 15 202 11
3994 639 2 44 15 101 13
89 147 1 13 47 272 13
3773 475 1 32 16 342 8
815 362 1 32 36 75 7
3107 740 4 86 8 19 12
2207 980 2 56 38 28 17
1776 815 1 33 43 124 3
4132 509 3 57 37 171 6
1948 106 1 77 9 75 19
2349 152 1 23 24 75 6
3280 884 2 27 8 49 10
4820 193 2 77 4 38 11
4891 686 1 44 14 177 6
2351 680 2 33 21 284 1
1975 575 1 15 23 86 12
2192 674 1 29 26 111 17
4447 568 1 20 9 70 6
836 788 1 24 21 113 14
1409 428 1 63 7 56 16
1844 183 1 12 45 120 19
1610 828 4 78 37 160 3
3087 564 4 86 26 41 19
70 624 2 57 29 48 1
2425 712 4 110 19 179 17
144 762 1 19 27 94 5
4931 342 1 17 10 65 15
1702 106 1 24 15 304 17
3733 947 1 16 44 313 19
1285 635 1 29 6 240 18
972 583 2 43 37 241 6
2725 361 1 18 7 69 20
4143 359 1 32 27 61 14
1475 519 1 57 23 238 18
425 548 2 50 58 32 6
4029 973 1 35 5 112 3
2787 656 1 24 15 307 15
659 695 2 39 25 285 4
2886 199 1 26 31 88 8
2621 166 1 25 37 100 3
4909 550 1 95 27 141 5
2290 110 1 15 13 48 20
2568 429 4 86 32 61 3
1485 236 1 59 16 391 16
3629 754 2 73 12 203 1
3757 783 1 12 23 226 3
4386 366 2 28 52 139 6
766 977 1 36 55 114 16
1782 496 1 13 30 93 6
4273 822 1 12 36 31 15
4966 842 5 110 25 46 5
2461 756 1 23 23 296 19
6 580 1 16 35 45 16
2814 440 3 90 9 238 9
1860 272 1 68 23 130 13
3340 633 3 72 12 401 9
4452 630 4 44 41 173 4
4495 204 2 72 5 231 7
2439 309 1 38 45 126 17
3569 605 4 92 27 181 5
3853 542 3 40 52 264 10
2239 141 2 53 20 145 13
1236 433 3 157 10 190 5
1172 926 1 43 36 113 14
4399 539 1 16 59 96 19
3774 393 2 46 43 155 14
2923 765 2 25 11 245 20
2059 937 4 43 7 103 8
2632 99 2 32 34 153 16
436 80 2 48 22 223 14
1585 563 1 35 44 61 17
4361 716 1 13 10 219 1
3216 150 1 14 35 206 12
1665 690 2 31 20 27 15
1884 588 1 31 13 384 15
285 937 1 16 36 112 20
2158 98 3 52 33 138 17
1121 834 1 30 39 29 9
3272 804 1 34 35 42 8
188 967 1 17 11 31 12
884 786 1 34 15 48 3
3585 195 1 63 50 62 4
3514 944 1 25 36 88 16
3420 900 2 25 68 227 11
4063 932 3 55 26 175 20
3318 835 1 42 17 308 16
4850 476 2 34 40 121 19
4188 294 1 28 38 58 6
92 500 1 21 21 212 14
2498 970 1 32 25 91 7
748 526 3 155 16 88 12
4558 275 1 12 23 284 18
785 471 1 29 40 95 9
2467 717 2 22 24 142 19
3432 720 1 25 20 129 4
3546 261 3 70 4 94 13
2474 366 2 50 21 410 12
516 581 1 13 7 239 3
3979 677 1 47 8 48 18
1197 838 1 44 16 328 17
3803 893 1 16 31 411 3
2260 350 1 31 50 118 1
4323 531 1 24 23 125 15
4288 363 1 28 16 53 16
1205 710 4 75 5 39 11
4124 275 3 125 41 27 8
1632 347 2 115 13 53 15
1014 650 2 79 25 107 14
3166 908 1 36 39 64 18
2195 788 3 43 33 315 4
714 324 2 22 12 273 6
1775 948 1 15 19 294 20
2245 371 1 30 26 78 2
2077 660 1 51 29 128 11
974 235 3 35 30 404 3
1163 422 1 42 14 245 9
2420 906 1 22 27 263 4
2583 372 1 13 39 71 14
4801 332 1 38 37 68 4
3096 668 1 28 28 107 10
4564 801 2 42 14 31 9
734 891 1 28 45 114 20
2309 469 1 50 65 200 10
31 954 2 22 36 150 11
1190 378 2 57 16 39 16
1808 678 1 24 35 377 5
106 819 1 28 13 103 17
2856 102 1 40 31 234 17
1621 758 2 29 47 163 7
2377 532 2 63 7 104 20
32 239 1 23 27 83 6
296 193 1 19 32 218 6
1628 606 4 99 18 138 12
1345 90 2 69 43 38 5
3666 465 1 16 26 92 16
942 824 1 23 29 432 14
3636 758 1 17 27 298 20
4491 555 1 17 8 61 2
1674 658 1 24 8 71 16
3381 234 1 40 35 86 7
1144 307 2 21 6 169 13
4050 367 1 96 29 118 17
3385 350 1 24 19 399 12
291 737 1 22 33 283 15
1733 123 2 67 11 25 2
207 865 3 116 29 29 8
1797 119 1 38 50 123 18
3856 217 1 24 9 276 3
2541 749 2 26 28 353 1
3147 762 1 24 15 84 13
780 963 1 13 32 95 15
170 833 1 12 21 358 11
483 371 2 24 8 221 9
1482 571 1 36 20 304 9
4335 448 1 55 19 202 15
3986 110 2 67 5 121 16
4944 460 1 19 23 280 6
3309 930 1 13 47 218 14
1475 580 2 22 28 495 6
1895 440 1 16 19 57 9
3043 395 1 35 29 113 18
4898 515 1 44 9 234 6
2337 768 1 59 17 250 13
4949 907 1 22 20 41 9
4057 416 1 20 19 355 13
2993 632 1 25 48 21 8
4231 557 2 32 21 243 4
3003 919 1 18 7 71 17
4112 517 1 33 38 37 16
1388 475 1 94 19 394 17
612 983 2 25 8 217 14
1109 608 2 71 10 29 16
2312 124 3 95 10 26 12
4718 116 1 39 44 77 7
3894 536 2 76 17 102 13
4520 163 2 71 26 131 20
4064 562 3 109 16 21 12
482 499 1 32 6 188 2
2015 699 1 44 14 317 7
1506 657 1 28 53 117 13
1429 847 1 13 56 83 14
58 264 2 23 29 59 3
1903 763 1 45 24 131 5
2718 515 2 117 33 109 5
2585 641 4 63 5 44 13
3410 973 1 11 48 204 6
2296 211 1 13 40 230 6
3261 795 1 16 28 397 9
3410 900 1 22 22 136 2
3077 568 1 28 41 43 1
1409 396 1 26 32 76 5
1562 876 1 24 20 27 13
2651 726 1 23 16 65 8
793 595 1 32 59 75 7
1210 80 1 21 20 45 5
3004 116 1 47 21 350 16
1387 253 1 23 26 91 19
2475 584 1 34 16 403 13
1645 455 1 36 21 123 3
2357 971 1 24 46 31 8
248 850 2 32 15 41 19
882 540 1 27 49 45 11
1560 692 1 14 11 242 11
259 828 1 39 12 63 7
4148 558 1 27 45 139 10
4069 826 2 92 20 78 4
969 429 1 31 7 293 11
67 778 1 21 24 293 9
3881 308 1 22 27 78 10
4385 783 1 26 17 88 3
68 110 1 13 46 94 5
127 472 1 15 15 108 11
3370 258 2 33 5 54 11
1660 511 1 23 21 330 20
1774 414 1 13 37 52 7
4422 814 1 23 25 247 5
2670 270 2 40 31 192 13
1630 494 1 22 12 345 7
4468 164 1 15 14 41 1
2114 774 3 36 15 32 6
3009 715 1 22 25 243 11
1904 577 1 35 68 57 2
679 456 3 37 7 130 2
4187 110 1 37 5 295 7
4384 237 1 26 7 64 6
3105 299 3 39 27 124 2
1351 329 1 22 7 257 7
1908 640 1 19 19 42 14
4300 666 2 56 13 22 12
714 87 1 13 50 116 16
4797 318 1 11 14 149 14
470 722 1 23 31 73 10
4883 414 1 11 48 170 13
2656 133 1 33 18 118 8
2067 213 1 30 36 176 16
675 316 2 58 31 110 19
36 952 1 29 42 66 10
4490 745 2 27 6 215 4
669 749 1 35 5 264 13
2315 648 1 12 22 235 1
2102 736 2 44 24 150 18
4237 593 1 16 12 333 8
14 445 2 39 25 212 5
1108 889 1 38 40 100 4
3253 634 1 19 10 80 10
4731 175 1 62 18 87 7
1453 225 3 48 46 213 6
1145 333 1 17 13 25 9
1504 813 1 15 32 312 18
270 163 1 24 18 118 16
3199 343 1 16 9 197 17
565 757 3 116 29 312 17
2383 235 1 40 41 210 16
4151 676 1 22 18 225 17
2351 142 2 53 30 226 9
2969 590 4 93 22 39 19
170 940 1 14 61 114 16
4822 620 3 47 24 135 12
4667 439 3 70 13 199 3
3042 340 1 13 30 362 15
3342 637 1 44 15 20 3
1762 491 2 26 56 295 8
2560 144 1 28 19 347 16
2571 576 2 72 26 420 4
4256 394 1 54 28 294 4
239 531 2 68 8 242 20
3263 561 3 78 5 65 6
1744 302 1 14 23 444 14
3281 875 1 11 17 201 5
3732 771 1 13 16 56 13
3017 884 2 70 14 222 3
4436 566 1 25 18 357 16
224 672 1 29 7 93 2
1821 99 1 22 26 312 10
255 914 1 20 19 102 6
415 938 4 68 21 58 12
4251 892 3 65 19 126 4
4621 937 1 38 15 112 16
1454 774 1 23 29 401 3
1943 781 1 30 23 102 7
2699 444 3 104 45 61 1
1917 937 5 94 8 396 15
959 795 3 32 8 174 18
1399 428 4 53 46 204 5
1156 551 2 27 40 389 20
2222 580 1 78 40 157 12
807 406 4 69 8 51 18
3261 813 1 27 12 172 18
3070 474 4 52 21 167 18
2220 592 4 56 16 133 13
2175 887 1 65 26 126 12
4663 251 1 13 16 86 14
501 507 1 12 42 119 15
4488 264 1 42 8 182 18
971 491 2 33 34 260 20
1374 580 3 141 25 18 14
1844 901 4 67 40 116 3
639 91 1 45 28 136 8
3486 443 1 31 35 38 4
1196 830 2 54 53 250 20
857 152 1 15 51 154 11
4706 458 1 15 24 104 8
2222 164 3 115 8 32 12
4524 169 3 100 14 18 5
3070 816 3 55 20 371 13
838 960 1 54 7 100 18
2403 740 1 19 14 99 10
3806 803 1 40 8 171 1
989 610 1 15 23 89 17
185 678 3 94 7 71 15
2697 487 4 70 5 49 2
1536 547 1 20 11 36 10
1675 496 1 16 22 104 9
1118 978 2 23 47 176 1
2809 591 1 58 48 288 5
4511 660 1 56 45 288 8
3771 897 1 14 39 191 8
3172 800 1 14 37 253 3
3593 94 4 61 21 165 14
82 160 2 72 18 153 17
4261 621 1 28 18 224 17
1045 885 1 30 16 113 2
2406 883 1 20 9 85 15
394 980 4 55 41 132 4
1546 548 1 29 19 29 2
4852 591 1 20 33 370 4
4659 335 2 127 28 270 19
2692 968 1 30 11 430 2
654 668 1 22 30 366 13
765 709 1 69 39 75 7
361 368 1 41 29 30 14
3665 195 1 47 41 58 19
396 376 3 55 46 118 14
3255 963 1 40 16 250 20
3467 249 1 23 15 253 5
1158 545 1 16 43 154 4
1082 792 1 30 22 121 15
4860 256 1 22 25 374 9
794 295 2 27 18 110 19
1857 254 1 26 23 82 11
2172 502 3 76 8 95 18
4389 602 1 46 11 32 17
1787 146 2 28 7 104 16
1648 304 3 58 24 75 16
4857 887 1 15 28 89 1
931 891 2 63 49 48 7
4546 957 1 30 42 77 14
2689 258 1 32 8 225 13
904 737 1 62 42 152 6
2635 982 1 89 64 28 5
3687 466 1 21 32 318 8
3695 136 2 94 25 26 8
66 461 1 33 15 89 11
1247 278 1 32 45 285 11
3966 601 1 13 23 351 16
4346 468 1 12 61 176 8
4415 919 2 95 22 93 4
2012 999 3 38 38 287 20
2081 250 1 41 28 400 16
4210 542 1 36 48 67 16
2420 370 1 58 5 253 8
3931 396 2 70 10 66 10
423 187 1 16 34 269 3
4983 297 1 14 46 75 5
2626 301 4 63 8 127 2
4993 747 1 40 31 136 4
4997 150 1 131 9 233 14
1639 757 1 30 32 214 19
1027 130 4 79 29 34 3
4946 904 3 144 16 171 4
1107 1000 1 16 34 124 14
3081 194 1 18 30 406 3
862 380 2 38 21 354 10
2603 273 1 94 63 23 14
1939 323 1 20 59 226 15
4111 419 1 21 40 209 20
1243 117 4 84 21 293 1
4376 363 1 29 6 153 8
3655 155 1 38 27 98 17
1632 179 1 18 27 69 7
4877 701 1 13 68 139 9
3532 641 1 45 17 43 20
3026 231 2 28 25 171 5
3476 812 2 60 35 17 18
1345 589 1 34 72 51 5
4720 335 2 65 4 155 2
2513 123 1 27 18 418 19
3876 519 1 37 44 77 5
1546 331 3 35 52 228 17
4146 319 1 19 15 119 1
4411 417 1 17 8 56 3
2258 793 1 25 40 297 8
1323 854 1 14 43 121 12
3032 803 1 31 19 206 17
3982 427 1 30 39 60 4
3411 483 1 17 45 282 16
1362 745 1 26 5 109 9
2211 379 2 54 6 194 9
3729 251 4 55 35 196 17
2588 179 1 19 24 87 17
4837 808 1 22 26 115 4
1184 647 4 55 47 201 11
4123 404 3 36 45 146 6
3528 848 1 14 32 94 14
1181 207 1 12 27 81 17
3633 301 4 46 35 189 7
4857 936 1 33 36 118 20
726 985 2 31 45 171 13
3687 119 2 72 13 20 4
1373 476 1 12 18 83 15
343 935 1 47 54 32 18
1585 616 1 70 6 292 5
4366 115 1 21 5 203 2
665 562 1 71 8 183 20
2726 643 1 12 35 80 14
3156 211 1 14 18 209 14
934 931 1 18 12 60 10
4897 676 1 35 14 60 11
3270 366 3 114 37 131 1
2859 255 1 31 19 312 6
417 656 2 30 35 435 9
1926 85 1 29 30 66 15
1869 588 1 59 30 34 12
2616 395 1 46 44 82 10
510 729 2 74 11 104 7
4363 898 1 13 59 117 14
94 882 1 28 35 52 7
1968 646 1 23 9 59 1
547 835 2 29 5 221 20
809 543 1 72 27 209 14
2898 829 1 62 16 110 1
4834 738 2 44 32 257 2
3186 764 3 49 41 85 4
3193 841 1 16 26 104 12
1047 100 1 25 25 86 19
4253 745 1 53 44 30 17
656 429 1 29 35 48 12
3023 160 3 83 11 323 17
3369 565 1 30 36 113 1
3784 837 3 111 11 81 18
2951 401 1 38 46 37 20
1010 711 1 12 67 172 19
4576 314 3 95 15 282 14
1740 195 2 28 12 305 15
1677 583 3 45 19 104 7
177 907 2 71 29 117 9
4683 122 4 75 6 69 15
982 585 1 24 13 36 8
2924 177 3 71 43 352 20
3175 733 2 85 5 100 11
4965 840 1 13 9 208 4
3211 237 3 140 8 42 17
2249 264 1 56 62 158 2
2873 791 1 84 28 412 5
4860 268 1 12 19 416 12
1105 228 1 16 12 69 1
4072 611 1 53 8 339 11
350 926 2 27 6 355 20
578 389 3 42 21 111 19
2951 272 2 30 29 76 9
869 91 1 13 31 109 2
268 388 3 55 37 197 6
1403 138 2 62 6 245 11
2972 853 1 28 41 96 6
4192 953 2 37 29 208 19
1052 214 1 40 40 49 1
903 330 2 60 32 24 8
2902 740 1 59 32 167 13
4839 169 1 79 11 270 17
3884 465 1 125 22 39 19
1003 307 3 192 34 365 10
4614 934 2 89 16 70 17
4702 432 1 24 59 185 2
254 153 1 11 57 120 5
4853 95 3 49 19 123 1
3148 818 1 27 41 113 6
3800 882 1 23 18 42 11
4066 302 3 97 64 176 20
265 122 3 62 42 103 4
4219 321 1 21 19 27 19
24 664 1 35 15 405 15
4812 760 1 19 36 224 3
2219 716 3 69 5 72 9
4676 951 3 42 23 340 12
4821 311 1 26 4 82 13
177 884 1 37 11 235 6
3841 578 2 45 27 345 16
524 897 1 16 14 38 7
3586 919 1 22 10 261 12
3781 798 2 32 24 33 8
435 524 3 65 19 43 14
4242 328 1 37 65 38 17
162 407 1 35 13 406 15
4276 257 2 21 39 160 6
3967 893 1 26 38 30 9
58 547 4 69 39 182 16
328 371 2 32 39 142 13
2398 562 1 31 8 326 17
4567 326 1 36 4 203 12
2511 307 2 45 23 335 19
172 998 2 60 8 79 19
2248 162 1 39 15 285 10
4532 285 1 89 9 20 16
1570 906 1 16 32 123 12
40 724 2 49 6 59 7
4862 294 3 85 13 60 20
796 328 3 95 15 237 3
761 936 1 35 21 212 19
2826 559 1 28 58 77 12
3025 582 1 17 9 89 5
1278 523 2 59 7 105 14
4634 967 1 39 53 140 18
4804 299 1 13 17 359 14
3765 100 2 34 45 225 6
4314 568 5 55 25 73 3
3787 612 1 28 16 167 17
1835 154 1 16 20 44 16
3828 107 1 31 66 76 11
614 568 1 16 16 118 15
3551 583 3 99 12 91 16
608 925 1 33 30 88 18
1719 437 1 32 12 95 20
1538 370 2 92 31 67 7
1360 178 2 36 36 146 18
1 258 1 28 66 77 19
3857 650 2 32 8 311 2
1750 570 1 36 16 284 2
2465 277 1 23 25 320 2
1995 386 1 40 11 281 10
405 169 1 16 10 44 14
4255 786 1 16 19 310 6
3844 448 2 32 36 172 19
3378 123 4 43 26 101 5
4547 458 1 47 37 189 4
213 663 1 141 31 22 14
1485 738 3 67 8 113 20
4207 840 3 129 16 178 5
2389 230 1 38 29 80 13
2240 545 1 16 20 361 7
4339 195 3 42 8 181 2
2755 607 1 51 43 178 2
2797 939 1 24 17 115 10
7 826 1 16 32 67 15
3661 876 1 27 29 258 20
1848 144 2 22 28 61 11
2335 630 1 12 18 117 1
1137 970 1 16 19 287 16
3640 554 1 15 32 66 4
4643 917 1 17 36 291 14
4312 689 2 35 41 192 11
3235 740 1 23 22 341 16
2100 819 1 29 37 288 4
1544 926 2 29 10 358 11
2296 723 2 22 15 34 1
201 130 1 19 20 47 5
1734 511 1 11 49 150 20
2289 160 2 48 7 140 14
2769 470 5 72 4 62 15
2805 853 4 47 32 150 12
2602 701 4 56 6 77 2
2359 891 2 47 22 99 9
1214 709 1 32 35 294 19
3937 979 1 15 65 162 15
4929 244 1 16 15 78 10
2793 493 1 23 21 84 5
4347 145 1 37 38 70 17
4812 849 1 36 36 70 19
4167 209 1 19 8 77 7
3566 487 3 89 28 216 7
4134 779 1 30 25 118 3
291 912 1 24 9 93 6
628 369 1 25 37 177 4
2702 769 1 62 8 239 8
2965 536 2 61 28 97 14
268 270 1 17 24 101 5
3068 841 2 92 54 43 11
4604 155 2 27 16 158 2
2380 159 1 11 8 345 1
1963 823 3 94 40 36 3
884 179 3 78 33 192 6
3316 363 1 13 22 274 6
4200 742 1 14 24 33 13
2866 488 1 17 22 247 13
2285 346 1 13 13 223 8
1586 758 5 71 28 187 20
4201 439 3 93 16 32 19
3135 423 4 98 24 31 15
4381 340 2 75 47 22 6
924 840 4 120 16 63 20
3304 935 1 36 8 250 18
1111 250 1 16 22 60 2
4468 490 1 25 33 143 10
3149 346 1 29 7 37 17
3192 964 1 28 12 151 5
2530 909 1 103 13 32 5
1631 419 1 23 12 359 6
1121 120 1 22 35 28 7
959 835 1 22 32 326 17
2986 627 2 36 8 51 16
3141 856 2 34 27 112 9
4652 759 1 13 31 60 13
4003 666 1 27 8 141 20
4502 434 2 49 25 28 14
3415 623 2 44 7 214 8
4615 198 4 45 8 195 15
4363 114 1 27 16 327 8
3719 731 1 24 26 105 11
224 917 1 12 13 39 9
4345 391 1 13 7 376 3
4054 942 1 31 25 105 13
4068 197 2 33 26 402 14
3280 719 1 71 40 234 11
3993 306 1 44 14 313 17
961 732 1 89 37 247 14
824 818 2 26 29 302 14
288 343 3 145 46 172 4
1780 373 1 33 7 256 16
2568 616 1 19 12 25 9
3584 742 1 32 19 99 18
888 440 1 13 46 80 11
4292 218 1 59 16 373 19
2657 526 1 64 24 92 17
1161 357 3 57 48 183 7
2550 186 1 16 19 249 14
4280 513 1 16 42 190 11
3137 460 2 120 39 152 14
2815 692 4 81 13 421 14
369 110 1 12 29 113 8
1360 857 1 30 20 67 3
3714 831 1 34 30 206 11
1409 779 1 28 37 20 18
3287 591 2 78 31 48 13
3370 823 1 31 46 71 13
745 909 1 19 17 60 14
2046 584 1 23 29 256 14
4257 330 1 86 24 211 16
4690 597 2 29 46 131 19
4676 585 2 24 12 243 6
1325 590 1 39 13 159 8
4732 802 1 23 13 42 18
652 558 1 40 57 68 3
1779 661 1 21 19 46 19
3662 186 2 79 29 187 19
297 288 1 35 55 142 18
763 687 4 57 26 156 6
2504 317 2 66 39 24 10
313 585 1 29 54 46 5
3836 973 1 36 37 64 9
3733 687 2 27 42 105 14
958 918 1 13 20 158 7
1822 136 2 22 23 30 4
4793 568 1 48 38 123 6
1600 249 2 120 41 203 6
143 739 1 25 57 84 12
1351 757 1 49 15 32 6
1290 771 1 27 21 422 9
279 87 1 81 19 293 14
4151 474 2 124 9 22 6
999 477 1 28 43 140 3
1733 270 1 22 13 38 7
2245 809 1 32 5 207 12
1566 424 1 22 32 442 7
709 88 5 57 27 125 4
2292 494 2 29 6 352 9
3649 961 1 42 29 125 19
4217 276 1 29 45 63 2
4110 794 2 104 13 61 20
4633 813 1 13 26 41 5
966 595 1 21 35 327 16
3907 371 3 62 16 240 19
1292 435 1 34 48 67 14
533 791 1 39 60 64 1
676 626 1 23 36 225 2
2728 671 1 18 11 40 6
2877 802 2 90 8 257 6
2943 676 2 30 40 288 17
2655 503 2 34 16 30 4
271 108 1 19 20 410 3
3119 191 4 58 7 131 5
2278 356 1 22 28 370 2
1891 125 3 60 8 126 18
1649 236 3 39 50 224 20
2049 287 1 53 29 287 5
2708 488 1 31 39 119 11
3016 475 1 11 26 132 5
2154 460 1 25 4 126 7
672 445 1 33 55 88 12
4970 785 3 41 31 180 4
4352 592 1 31 14 244 3
1989 478 1 20 32 298 4
1474 813 2 29 29 157 15
3052 626 1 35 22 80 3
2805 178 1 37 17 146 8
3477 129 4 64 8 79 3
4250 501 1 15 57 110 4
43 744 1 20 16 83 9
4467 919 1 44 13 219 5
3229 442 1 70 10 101 6
129 118 1 16 23 60 12
4192 905 2 65 49 227 20
4079 968 1 47 26 67 13
567 598 1 34 47 74 12
3853 528 1 33 21 108 9
3034 743 1 41 38 100 8
3899 254 1 29 14 284 7
3029 909 1 23 15 79 3
1696 209 1 13 32 95 1
1563 784 1 25 11 223 9
3236 119 1 25 33 222 20
143 145 1 13 36 156 5
2699 150 1 14 48 97 5
2521 692 3 35 23 47 4
3656 337 1 26 32 319 9
784 844 1 30 28 81 5
2167 186 3 44 19 31 18
2650 758 2 27 22 286 1
2134 786 3 53 5 55 9
3082 110 3 94 11 16 2
3784 842 4 64 42 154 9
4354 187 1 15 21 68 11
2977 643 2 88 25 30 5
1032 980 1 29 8 109 1
1015 927 1 18 29 325 8
4712 287 1 40 60 79 15
1937 181 3 42 47 248 3
2812 893 1 63 60 36 15
2813 536 3 43 48 222 15
2547 432 1 23 20 104 8
3351 846 1 20 18 310 10
2154 516 4 49 8 192 16
4742 108 1 53 28 394 9
467 402 1 38 16 433 1
3269 209 2 83 11 84 12
1098 387 1 37 40 39 6
3581 324 1 14 26 39 12
2717 281 1 15 30 457 8
213 631 1 77 31 86 11
1140 803 1 67 7 65 11
2798 795 5 68 8 57 2
1807 179 1 38 32 248 6
900 683 1 27 56 94 11
4489 322 1 37 17 163 14
3097 365 2 32 29 472 12
1282 687 4 74 20 116 5
3412 556 1 40 51 92 2
4133 843 1 33 34 74 14
3031 528 3 99 28 188 3
4029 365 3 54 25 319 13
4701 450 1 29 26 121 3
4283 950 1 30 61 75 7
4126 826 1 32 29 79 9
4607 991 1 73 10 87 4
4078 634 2 43 20 108 2
3847 888 1 31 6 294 12
994 347 1 14 14 43 3
876 412 1 36 66 80 5
1995 497 1 32 14 273 2
244 284 3 70 27 61 12
1730 769 1 21 29 394 11
2041 519 2 73 42 30 9
1073 899 1 31 34 71 10
3806 992 2 110 36 326 4
1977 137 1 16 15 30 2
3305 367 1 32 7 93 6
3668 731 3 45 47 154 13
3716 860 2 76 7 175 6
4563 203 1 26 30 120 5
1412 270 1 62 11 31 4
35 653 1 13 50 107 11
4523 256 2 26 44 202 4
2127 885 1 13 34 113 7
814 691 4 48 5 160 15
557 939 1 20 34 403 12
2337 890 1 62 8 43 9
4572 943 3 42 30 136 5
4381 410 1 25 8 89 12
269 400 1 18 11 26 17
4943 839 1 46 13 277 3
2403 680 1 22 8 298 7
4022 342 1 32 19 323 13
265 230 1 13 62 83 12
456 750 2 43 25 212 14
4475 682 1 12 40 63 4
1480 615 1 16 28 41 2
3330 524 1 32 30 137 14
2266 400 3 39 31 158 18
4981 704 1 14 32 360 14
2745 299 1 24 14 29 10
1560 406 2 46 5 59 7
4391 467 3 36 6 157 10
4688 762 1 41 22 73 7
2310 603 3 60 25 167 13
1175 317 1 14 46 152 15
3262 591 2 28 21 26 17
4443 396 1 16 17 196 12
1508 567 1 21 44 229 7
4935 117 1 16 19 142 20
1789 172 1 37 55 37 16
1805 711 1 51 27 450 7
3542 95 1 15 51 144 15
624 294 1 18 10 61 17
4659 390 2 107 26 215 18
2165 576 1 11 16 167 8
175 659 1 23 55 105 12
837 638 1 24 34 366 10
833 351 3 60 38 223 18
4236 961 1 11 32 59 4
3370 762 1 15 19 374 18
4888 794 1 62 46 43 7
3852 920 1 13 12 287 20
4696 661 2 66 13 376 10
4414 844 1 23 8 127 18
4179 857 1 61 27 23 19
2607 795 1 15 46 115 5
921 316 1 27 44 31 10
710 93 2 32 19 486 13
3734 626 2 25 40 152 13
509 942 2 30 34 108 10
3415 781 1 16 38 253 12
500 941 1 16 42 107 6
2201 308 1 16 35 111 2
902 219 1 13 18 80 11
3173 713 1 17 36 222 16
878 516 2 63 30 42 9
4571 449 2 43 43 212 16
2671 111 1 32 7 127 14
983 626 1 36 60 61 11
2656 764 1 17 15 80 5
1160 949 2 33 27 200 4
4220 140 1 22 10 260 13
953 623 1 17 13 26 12
4623 992 2 25 6 325 11
4973 246 1 14 10 209 10
2275 965 1 11 39 127 15
1051 576 1 24 21 114 15
1848 825 1 11 42 116 6
2357 219 1 30 18 372 1
884 408 3 40 22 154 3
1277 275 2 90 28 91 17
3004 997 1 35 27 131 18
4174 322 3 40 13 46 14
4180 670 1 17 33 426 7
4972 471 2 64 48 297 5
64 214 3 58 35 219 13
1090 678 1 16 33 111 13
4984 265 1 14 14 191 18
1412 179 1 40 10 291 8
1441 444 3 45 22 374 11
2529 179 1 36 17 414 12
458 858 2 28 21 40 10
688 234 1 25 5 94 4
4183 515 1 48 19 109 9
2561 812 1 15 32 93 14
3650 82 1 23 5 59 5
3578 792 2 93 52 48 7
3767 755 2 40 36 208 18
1381 456 1 39 54 69 9
2184 909 1 29 26 102 11
3033 909 1 33 36 83 19
4245 410 4 119 43 85 15
2339 714 1 69 33 41 17
544 809 3 51 18 396 20
940 655 2 40 20 79 11
4324 261 2 67 13 282 6
3707 301 1 37 17 232 15
821 711 1 11 11 283 15
1502 506 2 64 16 92 4
3525 768 1 21 21 341 18
1479 372 3 48 31 61 3
4445 199 1 14 46 72 8
1382 184 1 15 22 53 3
119 871 1 22 23 107 10
2061 110 1 46 19 242 6
1311 880 2 38 41 132 2
4286 141 1 27 7 275 12
1351 183 3 38 8 75 15
4843 616 1 14 29 105 20
1443 572 1 80 22 89 19
2887 889 4 58 30 234 14
3119 916 1 12 30 151 13
4872 497 1 23 29 430 4
2269 584 4 128 13 20 1
929 122 3 61 25 75 18
3479 215 1 16 16 62 9
1021 738 1 35 54 133 7
3797 169 1 18 15 95 18
1919 351 1 29 8 76 11
1790 328 1 46 65 175 3
4933 753 2 50 52 117 7
4437 307 1 28 13 34 18
2681 876 1 17 12 31 16
680 433 4 43 30 298 13
777 416 2 48 26 120 16
269 751 1 32 15 129 11
4883 589 2 73 15 72 3
873 716 1 21 18 239 16
320 464 1 25 32 383 5
545 771 1 39 5 382 2
2870 788 4 104 23 369 7
443 644 1 30 27 188 8
1172 872 1 43 30 68 9
4132 903 1 13 54 238 11
3322 917 1 31 39 54 2
3823 258 3 47 26 119 11
4249 929 2 66 14 245 14
998 975 1 36 48 77 7
273 797 1 36 40 352 18
968 802 4 59 6 41 11
3779 668 1 28 12 211 18
23 709 1 11 33 111 12
2880 513 2 21 4 54 19
1417 273 2 40 22 43 8
4720 562 1 19 12 83 7
3449 725 1 12 32 93 6
4680 534 2 24 35 401 4
579 922 1 19 20 371 16
2532 637 2 44 18 87 8
705 843 1 24 24 298 19
4069 325 2 74 24 135 19
3488 128 2 50 42 107 8
4294 325 2 27 27 372 14
4801 125 1 16 32 244 17
116 868 1 27 40 45 17
715 556 2 66 37 215 2
3832 196 1 12 31 111 19
464 368 1 14 21 119 8
1387 306 1 19 26 256 3
2114 768 1 32 54 246 11
3030 525 4 62 27 152 15
2158 755 1 30 25 47 18
3169 409 1 31 16 289 14
892 285 1 16 53 128 3
1650 153 1 24 12 26 4
1843 418 3 35 24 207 20
1320 120 1 11 55 67 8
4639 438 1 32 7 187 10
3861 329 3 116 11 106 2
4733 966 5 130 29 28 13
4919 936 1 14 20 320 2
8 978 1 26 24 379 3
1142 961 2 43 38 187 20
1855 210 3 77 34 27 14
3882 323 1 32 36 76 3
3250 911 4 44 25 154 4
3896 456 1 18 12 87 7
772 559 1 18 10 50 15
1264 125 2 62 61 29 20
2030 220 1 30 22 166 6
2815 567 1 101 22 193 6
1564 608 1 34 62 229 16
2880 941 5 71 24 162 7
4093 485 1 11 55 101 2
2777 372 3 36 5 40 18
2295 198 4 42 32 133 18
4622 273 1 84 15 308 11
4165 671 1 17 6 52 7
2161 885 1 16 28 51 14
3627 651 2 38 21 79 2
1436 169 3 61 35 209 16
780 221 1 16 52 111 5
1521 790 1 13 16 298 17
1443 730 1 42 29 68 15
3063 679 3 76 31 238 2
3167 857 3 55 23 105 7
3109 946 3 120 26 65 16
1099 416 1 23 28 339 11
2690 667 1 14 19 51 20
1145 694 2 75 6 216 13
1426 699 3 47 42 175 15
477 746 1 11 37 55 12
480 192 1 57 57 148 7
3660 160 2 30 21 407 5
2499 755 3 93 6 183 11
2649 583 2 57 6 142 5
1006 165 3 87 14 279 17
1750 446 1 15 29 75 16
4449 956 1 35 44 61 1
3626 807 2 25 49 262 3
911 779 1 18 34 365 8
495 714 2 24 28 89 15
3537 508 1 19 23 213 13
3447 910 1 32 20 186 7
3761 396 1 44 26 136 14
2649 652 1 12 50 74 20
2671 685 1 23 14 31 11
248 528 1 24 14 42 6
2116 126 3 45 19 194 1
230 744 1 12 28 60 18
1443 133 1 34 5 192 5
3814 703 1 11 38 150 9
4189 875 1 28 18 313 11
1278 612 3 38 7 50 17
3620 712 4 59 25 191 16
1092 940 1 23 17 403 17
4737 117 1 12 41 119 10
939 536 1 79 36 288 6
235 613 1 58 49 61 18
4678 481 3 48 6 183 17
3526 486 1 23 48 351 12
3568 699 1 14 16 298 12
1124 349 2 32 33 178 3
4531 898 1 38 61 49 3
3201 539 2 29 8 38 9
4368 429 1 24 29 492 19
2545 575 1 15 18 96 14
2423 943 1 38 9 270 12
1111 102 1 22 16 36 12
3430 469 3 46 25 87 15
1404 495 2 41 27 220 15
2162 909 1 16 17 385 3
3331 527 2 34 36 215 6
2745 749 1 23 27 75 1
1733 175 3 39 48 210 3
4096 883 3 40 31 118 10
4184 853 1 23 34 259 6
1326 163 1 41 19 80 8
4762 290 1 45 57 73 14
589 800 1 31 27 246 11
533 621 1 45 17 131 10
2222 883 2 60 24 145 14
3439 360 4 235 7 56 17
2488 952 4 95 19 276 3
2258 478 1 95 24 78 1
4400 789 3 116 10 231 12
1787 490 1 54 59 420 10
1181 965 4 120 47 61 8
3515 133 2 24 43 143 7
960 570 2 52 28 120 4
164 260 1 28 4 187 6
2513 859 1 32 30 92 17
522 977 1 32 24 260 9
226 424 1 69 15 43 7
386 520 1 28 36 138 12
3695 991 1 22 34 435 14
4185 625 1 12 12 284 2
4174 405 2 91 29 97 4
2626 412 1 28 7 211 18
3585 882 1 28 14 34 3
1531 301 1 13 36 108 13
1677 277 1 61 12 26 7
381 242 5 94 25 60 6
3722 932 4 62 27 231 20
4804 496 3 84 13 22 19
836 870 1 73 35 26 1
3955 749 3 50 31 143 17
4777 397 2 24 44 109 19
1131 205 1 58 35 90 6
1161 516 2 135 20 120 15
2034 464 1 16 17 77 2
3425 712 1 22 24 137 8
3637 268 2 78 18 111 1
4103 812 1 15 22 433 9
4788 156 1 24 17 285 15
1725 723 1 33 46 55 9
902 637 1 32 70 60 11
4132 793 1 14 24 260 2
3137 569 1 28 25 101 5
281 890 4 128 35 126 5
2651 744 2 44 19 226 13
4624 842 1 92 8 64 15
585 464 2 25 10 272 7
376 319 1 20 16 309 8
3480 104 2 32 48 196 13
2575 902 1 19 24 61 17
368 471 2 46 27 172 8
2813 154 1 23 43 129 6
120 828 2 26 23 241 19
1076 984 3 67 27 119 8
3722 679 1 14 30 108 14
3036 454 4 83 23 35 6
4780 830 1 28 13 89 10
2935 98 2 29 30 219 19
2492 502 3 42 24 259 8
4623 721 1 37 33 75 16
3525 957 2 86 6 84 8
4637 873 1 31 30 157 5
2428 141 2 31 7 147 10
2162 170 1 15 30 135 20
1389 569 1 30 71 42 20
2802 853 1 28 42 103 6
4590 770 1 27 12 85 4
2804 328 2 75 34 41 3
1561 324 1 27 25 155 18
3708 589 4 54 26 155 13
781 387 1 16 10 72 11
275 512 1 26 29 404 5
2760 622 2 28 19 83 7
325 790 1 17 21 114 4
4649 383 1 30 13 46 3
71 488 3 86 48 95 14
3463 966 1 60 13 142 14
3574 627 1 13 33 49 12
1868 329 1 24 16 429 14
3957 150 1 17 12 38 8
422 493 1 31 30 180 1
2198 133 1 14 11 180 16
3864 664 1 29 27 155 16
1385 133 2 32 42 121 7
913 635 1 21 7 94 10
3279 729 1 23 28 125 7
2752 856 1 32 33 126 11
40 418 1 129 9 295 9
1992 234 1 24 17 239 7
3696 1000 1 21 16 44 18
2729 626 1 20 35 206 7
762 327 1 17 11 67 5
2893 385 3 102 11 24 6
346 112 2 45 23 228 11
2546 926 1 24 21 444 2
600 368 1 40 70 57 18
921 809 1 28 41 54 5
2478 131 1 21 16 46 7
3863 212 4 58 25 278 20
2174 438 1 28 44 147 13
1594 264 3 49 48 195 19
2808 764 2 39 11 230 15
4909 711 3 112 11 330 19
4718 929 3 48 26 122 7
4179 328 3 39 24 205 10
4565 367 1 67 14 172 12
2546 291 1 15 20 332 8
1439 697 1 25 41 64 16
470 638 1 58 22 23 20
1163 731 1 11 28 43 3
2752 446 3 63 30 282 12
4929 689 1 47 44 134 10
4752 289 2 37 33 150 17
878 151 2 77 22 84 9
3713 686 4 188 54 259 15
2218 585 1 33 27 269 4
307 777 1 36 37 68 19
4247 418 1 32 25 116 9
1064 743 1 12 37 259 16
4670 984 2 75 19 97 7
3844 535 1 37 34 43 6
4479 811 1 46 13 272 12
4981 423 1 11 32 85 2
2175 844 4 44 30 197 16
2339 964 1 45 19 356 18
4735 752 1 34 13 384 3
4935 735 1 20 17 47 7
3851 774 1 29 27 182 5
2179 557 2 56 53 381 19
3904 675 1 42 19 209 11
2902 396 1 45 19 282 15
4191 795 2 44 27 247 20
3748 689 1 12 51 173 15
918 199 2 91 6 75 7
2855 490 1 37 42 85 1
606 181 1 59 10 175 17
3662 91 1 19 11 41 16
453 903 1 24 27 121 4
1483 99 2 31 33 205 20
1300 340 2 65 16 52 3
3091 878 1 16 21 433 8
1984 879 2 67 27 182 11
953 428 1 15 30 347 19
4107 716 2 26 28 90 5
1135 730 3 37 21 151 7
695 156 1 28 8 169 2
1585 210 1 20 22 343 10
971 367 1 23 23 223 15
2383 703 1 22 11 39 7
746 246 1 24 13 37 7
2034 534 4 158 16 94 10
3232 947 1 36 16 75 18
3119 774 2 74 22 209 14
1645 321 1 32 41 58 19
354 399 1 39 37 58 6
658 233 1 18 19 115 6
4576 157 1 24 25 327 7
4293 183 1 16 35 434 7
1715 171 1 15 20 134 18
2712 930 1 32 19 110 3
819 137 2 32 21 26 10
4440 607 1 48 8 255 11
1566 617 1 14 29 265 13
992 128 3 118 8 15 18
1166 812 2 42 8 51 11
3946 226 1 43 41 27 8
2293 524 1 26 30 167 4
4888 860 1 17 8 75 14
3617 396 1 22 44 218 12
1140 822 1 16 50 254 9
64 413 1 60 41 285 7
1351 102 3 51 37 184 3
3069 513 1 18 28 295 18
3291 482 1 24 34 91 7
2057 806 3 36 32 125 8
1678 201 1 37 13 165 19
2487 674 1 37 36 66 10
4887 374 1 15 25 49 7
4319 906 1 36 28 182 19
3142 167 1 40 36 131 12
1433 455 1 13 12 224 2
3143 931 1 37 42 98 19
2845 176 1 38 19 341 18
3288 735 1 25 10 348 12
901 424 2 131 5 44 13
2394 422 1 26 19 159 8
2967 650 3 67 27 295 4
2688 891 2 71 60 136 19
139 430 1 17 12 50 17
2526 273 1 59 15 136 2
4033 316 3 51 5 156 12
1680 281 1 12 26 190 1
4073 607 1 20 34 331 5
4006 545 1 21 18 343 12
4230 664 3 42 7 127 6
2261 733 3 75 30 79 5
3918 235 2 24 43 133 10
4240 671 2 77 13 291 16
4619 476 1 27 40 68 18
2615 456 1 16 44 137 10
987 535 1 55 10 229 12
3132 199 1 36 56 124 18
3024 310 1 36 11 154 9
3906 166 1 37 47 82 17
525 884 1 59 8 246 12
3552 977 1 19 20 29 9
2179 690 2 48 54 39 12
3019 821 4 92 13 22 18
2824 886 1 40 55 78 16
3896 401 1 20 26 286 7
3641 470 3 81 24 309 19
968 797 1 31 25 431 3
3387 254 1 46 29 252 20
267 93 1 11 61 130 20
3012 353 1 13 10 354 11
1679 821 1 37 61 48 13
222 687 4 62 47 93 1
3383 574 5 55 29 236 1
3994 94 2 78 12 16 10
1823 243 3 45 20 419 7
3679 386 3 45 39 156 8
4847 975 3 43 31 141 2
296 363 2 69 49 26 19
1372 363 1 16 8 339 18
669 684 3 35 8 200 11
1596 944 3 45 39 155 4
4442 747 3 77 46 167 18
3278 301 1 73 21 142 14
3486 588 2 60 23 122 8
4412 270 1 37 40 85 2
4604 133 3 99 15 19 1
766 481 1 39 16 130 18
1444 195 1 38 28 293 11
4953 367 1 36 9 204 10
2473 820 1 20 16 35 20
2986 497 1 30 37 54 11
1879 945 1 13 49 134 3
416 527 3 47 8 105 10
2839 153 1 27 27 196 9
3272 804 1 24 17 440 10
3835 243 1 30 49 37 1
123 865 3 44 29 147 8
2180 937 4 116 37 66 11
3299 938 3 66 34 22 1
1389 355 4 65 27 58 4
3483 240 4 108 21 258 16
186 454 1 65 9 94 16
740 589 2 56 34 24 2
3688 857 1 91 20 138 9
591 288 1 12 30 82 7
3731 537 1 41 45 64 1
1321 108 1 19 29 413 17
717 903 2 28 44 248 16
2137 323 1 37 67 72 12
911 551 1 13 28 157 4
3553 740 1 13 21 283 17
4124 556 1 12 40 194 17
2159 923 1 19 35 412 12
4768 245 1 26 25 62 3
1846 856 3 44 40 119 1
3031 82 1 36 17 218 19
1300 252 1 30 41 120 18
323 675 1 12 22 31 17
888 669 2 60 19 458 17
3454 572 2 129 48 32 9
1047 200 1 30 17 84 5
4161 420 1 23 17 30 3
2080 955 2 48 42 140 16
4628 686 1 51 35 225 18
757 675 1 23 22 88 15
1314 105 2 34 20 281 13
726 598 3 36 16 253 8
3092 825 1 32 19 269 8
2305 557 2 71 20 246 5
856 273 2 82 28 80 5
3196 113 1 14 25 64 16
291 423 1 13 17 92 13
1511 414 3 88 41 28 6
4739 541 1 25 18 80 8
341 799 4 57 27 288 10
458 732 3 32 33 168 15
1474 175 2 88 24 31 13
2882 502 1 14 6 277 4
2280 601 1 22 24 292 5
376 931 5 102 15 422 11
4254 608 3 100 16 212 1
1374 189 1 53 32 42 13
2287 354 4 58 35 221 10
303 703 1 61 19 92 8
4601 904 1 16 8 51 1
4309 996 2 78 17 118 13
2371 733 1 68 4 311 19
4554 387 1 14 10 223 13
1440 268 1 14 14 294 16
3401 739 1 39 44 84 15
4482 665 1 28 18 293 6
840 616 1 40 27 114 2
3813 91 4 57 39 162 8
3090 326 2 44 23 348 12
4427 527 2 48 16 283 9
4181 104 1 26 41 195 19
1142 596 1 39 37 70 11
3153 439 1 14 54 127 12
1535 620 1 13 32 360 5
130 596 3 62 56 343 1
2944 280 1 28 48 74 13
3512 674 1 31 49 47 5
3586 692 1 33 47 43 20
3 569 2 41 47 116 13
3408 829 3 140 53 117 7
485 689 1 16 7 69 3
2654 710 1 20 35 215 14
1077 870 2 45 42 145 17
1073 857 1 16 26 81 13
1896 905 1 69 32 204 6
2504 723 3 54 19 204 12
247 869 1 60 22 393 10
3176 679 1 13 29 477 17
3924 651 3 82 38 21 20
1196 808 1 15 30 97 19
2745 157 1 20 14 184 5
2868 569 4 90 54 226 9
4495 811 2 22 54 229 18
4093 621 1 44 32 182 13
2936 486 2 89 28 30 11
530 478 1 42 35 69 14
84 859 2 44 13 25 8
1604 273 3 40 23 72 6
177 475 1 17 28 311 13
4595 997 1 48 23 84 13
4579 742 2 72 17 128 12
919 584 2 31 13 47 1
224 126 4 56 31 172 3
2027 810 1 19 26 208 20
1236 378 1 27 34 168 18
3533 993 1 69 18 205 6
588 212 1 33 13 332 12
789 808 1 27 51 137 11
129 652 1 15 31 101 13
3230 178 1 36 13 68 16
4785 162 1 21 26 73 9
2552 703 1 13 32 120 18
2783 945 1 28 44 23 10
3361 191 3 47 25 301 3
4585 455 1 21 33 325 11
696 625 1 49 36 24 16
4899 648 1 35 72 55 14
1040 310 2 45 28 252 3
3270 396 1 32 23 198 5
2733 877 1 27 36 111 20
1224 558 1 16 11 259 9
4968 96 1 40 43 97 15
2541 437 1 36 23 322 16
1484 655 3 69 15 355 10
3381 689 1 68 6 156 7
943 293 2 32 23 140 2
38 640 2 21 34 220 17
4891 445 1 11 25 64 2
1874 199 1 28 18 286 10
1044 843 1 14 7 194 14
3790 367 4 56 43 108 4
3478 312 1 26 25 239 10
4237 993 1 20 19 29 14
1963 514 1 50 10 22 6
3021 711 1 18 36 139 4
1740 193 1 47 15 325 16
4457 474 1 30 6 136 7
4297 667 1 23 19 29 13
1993 376 1 32 43 189 3
1269 643 1 45 34 35 11
3404 565 1 34 27 82 15
2251 494 1 20 8 54 13
3783 192 4 180 44 203 3
2849 875 1 23 33 309 5
4664 787 1 31 69 56 4
3160 787 1 17 25 302 13
513 672 2 48 6 48 4
2212 777 2 67 10 19 16
4964 136 1 29 9 94 18
3252 977 2 37 16 323 10
4619 319 1 25 7 117 20
2233 294 2 62 31 263 10
3718 302 1 16 11 259 7
3855 569 2 51 8 138 4
3413 760 4 47 8 203 5
1305 861 3 85 5 100 18
3246 420 1 80 9 102 6
4659 262 2 23 48 236 9
4477 264 2 27 17 153 14
2169 302 4 49 34 170 8
2386 509 3 44 19 348 12
4316 438 3 46 8 140 4
502 912 1 58 5 74 18
2148 471 1 24 62 45 2
3304 703 1 37 12 86 8
4354 906 1 69 8 216 11
1522 162 1 39 8 244 6
1027 702 3 39 17 47 5
1271 926 1 69 23 167 20
4143 997 1 17 10 25 20
1818 422 2 56 7 153 6
607 80 1 71 18 101 15
1284 806 2 55 21 175 14
85 578 1 29 42 66 5
3211 883 1 25 6 181 4
1653 743 1 19 12 40 12
1113 476 1 27 35 16 17
3741 338 1 44 47 87 7
1614 334 1 54 42 287 6
635 261 1 14 51 98 18
3047 931 5 122 36 25 4
3406 173 1 37 16 177 2
1612 318 1 26 5 105 10
3879 453 2 64 43 47 18
1239 395 1 25 18 278 12
1550 269 3 94 26 142 15
747 635 1 31 40 43 6
966 887 2 38 23 353 13
1873 799 1 36 6 210 19
3546 932 1 13 20 82 5
1654 717 1 34 20 232 20
532 351 1 12 15 75 16
820 800 1 24 16 23 17
3778 170 1 25 8 124 4
3338 915 1 35 19 227 11
499 349 1 53 19 81 10
2634 919 4 44 42 168 11
2683 396 1 36 69 59 16
1241 533 4 73 18 51 18
961 165 2 23 15 166 12
3854 348 3 43 29 338 8
330 644 3 45 33 168 8
1703 983 2 51 62 23 6
1811 914 3 42 6 75 13
4306 115 2 31 7 334 18
861 517 2 70 15 101 13
4609 780 1 30 46 214 1
396 903 1 13 48 74 19
3746 680 1 17 10 32 6
4461 989 1 21 11 86 6
927 245 2 80 19 159 4
1093 909 1 33 54 66 16
3907 166 1 24 39 151 16
2929 785 1 38 22 161 7
336 877 1 40 22 191 19
1332 575 4 173 37 222 2
2812 407 2 24 23 286 8
1077 795 1 15 55 96 16
2845 784 2 134 7 44 17
3703 258 1 14 38 49 19
4949 434 1 23 28 250 17
332 791 2 68 30 77 16
3385 801 2 27 42 153 7
3969 570 2 66 11 30 12
3012 348 1 26 17 414 15
3314 512 2 123 10 211 5
3185 789 1 35 5 297 4
4470 387 1 58 18 191 7
4837 149 1 55 45 74 8
88 897 1 33 6 199 6
1208 535 1 16 44 123 3
1978 674 2 24 25 268 10
16 641 1 38 17 367 17
3051 423 1 45 12 362 16
4934 401 4 51 37 175 12
4352 906 2 43 25 411 15
33 368 1 15 33 275 12
3111 591 1 27 32 75 3
3814 763 2 69 5 269 5
2371 709 1 31 13 265 2
1969 192 1 13 14 222 13
1244 601 1 27 63 73 1
83 663 2 48 44 111 11
4758 912 1 37 48 99 13
4499 554 1 14 30 45 4
579 185 1 30 34 20 4
2447 385 1 32 16 250 5
3225 754 1 35 72 45 14
1593 88 1 34 8 238 11
4580 652 1 23 28 282 14
1721 879 1 12 15 139 8
4253 992 3 91 38 32 1
2282 902 1 23 19 123 19
548 748 1 98 40 359 13
2004 501 1 12 31 109 2
1069 392 1 22 22 441 14
168 991 1 16 27 91 5
4781 434 2 71 13 144 15
1574 676 4 44 26 224 18
1355 835 1 37 38 82 20
2992 164 1 34 18 98 19
1551 84 1 43 13 299 16
2816 738 4 63 24 189 16
2213 485 4 75 26 186 14
1965 786 1 28 26 165 20
570 505 1 36 30 232 3
1836 357 3 35 48 185 8
2585 486 1 23 31 118 16
680 700 1 63 8 121 3
4039 247 1 28 11 377 16
314 917 1 11 13 302 13
2295 115 1 39 43 50 13
934 778 1 15 19 330 1
4131 483 1 14 57 67 14
3000 378 1 36 16 220 16
4463 899 1 23 20 285 5
2523 669 1 24 25 441 5
520 221 1 24 19 30 15
3662 704 1 40 40 115 1
3332 885 2 35 16 420 19
3106 752 2 94 21 133 10
4357 382 1 11 10 316 9
538 118 1 41 16 267 8
854 459 2 28 30 49 9
3619 775 2 85 52 18 3
1191 81 1 16 17 67 3
1043 733 1 39 52 60 5
2566 344 1 31 16 194 15
4740 274 1 47 11 208 16
2876 751 1 45 15 40 17
4551 755 1 40 34 58 2
2909 322 2 34 30 114 11
465 890 1 20 20 33 11
53 117 1 37 35 243 17
2427 723 3 111 20 25 6
4749 686 1 29 51 52 15
2239 343 1 23 19 246 13
3451 136 2 48 26 128 4
2625 364 2 64 11 23 3
4609 839 1 40 39 20 11
3582 333 1 46 47 364 9
4803 170 1 32 37 98 15
787 533 3 104 44 30 8
999 555 4 154 15 219 7
4371 342 1 23 49 19 12
3772 663 1 45 13 185 3
3635 742 1 39 31 280 11
1850 578 1 13 51 64 14
539 177 1 43 25 178 15
3384 718 2 24 38 127 20
1982 692 2 47 41 208 4
1231 591 1 14 21 307 2
66 935 1 22 16 48 12
1141 346 2 43 23 44 11
1413 729 4 56 4 123 4
2302 82 3 43 21 119 20
1409 562 1 14 21 27 19
2047 238 1 42 32 115 17
2295 669 1 93 44 47 3
4137 237 2 56 7 75 19
1454 654 2 31 39 215 10
3581 438 1 15 32 61 12
3214 163 1 32 31 266 19
3514 113 2 26 24 449 4
4036 101 3 87 16 28 14
1791 480 1 27 46 79 11
3960 444 1 11 42 144 11
3542 945 1 41 44 124 18
991 808 2 57 19 320 19
3296 227 2 30 40 126 8
1416 425 1 33 70 46 13
3919 530 1 17 9 80 1
2530 223 1 21 14 306 18
2596 92 1 11 31 36 10
3966 310 2 22 19 24 14
3011 293 1 28 20 100 13
2617 636 1 12 56 91 20
766 211 1 27 15 258 10
4731 589 1 13 20 174 2
304 150 4 46 46 204 4
437 789 1 14 27 62 8
4153 114 4 93 36 206 3
1096 82 1 31 27 21 19
3893 463 3 70 33 42 2
2431 707 1 32 26 445 3
4751 697 1 26 31 88 10
3598 170 1 22 32 210 17
956 989 1 64 17 126 20
3457 345 2 62 58 123 13
4996 81 2 42 38 190 11
2874 330 1 27 33 355 9
3499 958 1 23 18 23 19
2465 200 1 32 51 71 19
4597 712 2 22 19 368 5
4702 288 1 22 23 70 17
4967 426 2 78 45 121 8
4562 202 1 22 17 38 18
3062 900 1 26 29 368 2
1019 685 3 81 9 27 19
1413 636 4 64 47 102 15
2874 346 1 27 48 47 2
292 862 1 12 50 153 1
1741 98 3 72 4 101 2
941 774 1 28 67 78 14
2438 411 1 16 37 52 11
2958 989 1 34 67 52 18
2007 428 1 11 32 133 12
2474 149 2 57 13 88 16
4399 353 1 20 19 352 9
1657 554 1 29 16 159 13
676 516 1 23 29 392 1
2727 111 3 45 20 27 7
3564 301 2 37 14 388 15
1231 375 1 13 25 52 11
669 404 3 48 43 138 15
83 250 1 42 39 76 1
1771 844 1 20 14 46 20
4711 994 2 46 19 411 17
4358 527 1 37 11 295 17
1491 658 1 13 18 90 14
2948 157 1 13 31 50 7
815 927 1 32 67 71 20
486 838 1 37 26 28 9
1414 118 2 91 12 29 3
3 972 1 58 12 29 18
2815 202 1 21 14 303 7
4878 230 2 31 16 412 6
1845 807 1 21 33 462 5
534 654 1 16 67 83 7
1080 188 1 16 27 428 14
1179 294 1 144 37 62 9
784 254 1 39 59 71 11
2637 202 1 31 16 214 6
3338 383 1 27 36 84 11
13 472 2 47 41 108 4
3893 714 1 20 30 435 12
4672 417 1 30 22 91 17
2065 416 1 31 53 71 13
3811 259 3 122 22 146 1
2022 305 1 12 50 109 7
1124 818 1 24 26 470 2
283 459 1 35 19 205 12
4776 857 1 77 8 261 9
4682 665 2 38 24 192 13
2558 974 2 28 26 334 20
4383 930 2 115 68 277 11
1585 455 1 31 46 134 8
4906 244 1 17 10 74 7
4286 260 1 32 35 74 12
3742 206 1 39 14 165 13
4240 836 2 50 33 96 3
1834 236 1 39 6 177 5
2736 226 3 48 20 94 9
3859 384 1 16 49 124 5
4788 379 1 40 11 230 15
4096 635 1 20 16 41 9
2552 275 2 27 49 273 5
1481 142 1 37 9 234 4
4454 152 1 48 9 207 12
489 697 1 25 71 322 10
4879 437 2 32 42 211 20
487 963 1 13 12 285 7
4735 563 1 15 49 112 8
2443 619 1 15 27 73 12
2315 754 1 12 43 144 2
3304 224 1 26 48 43 3
3174 739 1 16 40 84 6
2978 575 5 65 35 181 8
1354 398 2 48 8 73 9
2148 957 1 79 34 416 3
494 686 2 27 36 233 8
2254 204 1 55 39 218 16
2068 490 1 12 64 120 3
2417 911 2 47 6 79 19
2451 236 1 65 24 122 18
3370 284 1 40 71 75 3
3887 432 2 60 46 276 7
2713 485 1 45 37 74 9
2281 208 1 13 42 128 7
1663 534 1 27 30 65 10
4985 691 1 24 54 141 10
2794 562 4 95 14 19 2
3667 811 1 39 22 135 3
3749 405 3 54 28 88 20
3902 492 2 62 48 20 12
4646 639 2 56 19 385 7
334 176 1 12 20 45 1
1664 80 1 31 20 276 7
943 504 1 30 63 58 12
4124 537 1 27 35 117 17
421 398 1 26 22 203 14
2672 327 1 13 8 197 6
304 144 1 11 36 162 14
4133 210 3 38 23 118 20
3511 256 4 130 9 146 2
882 653 2 87 31 31 3
2635 828 1 17 12 35 20
3180 928 1 34 32 233 14
3583 987 3 42 20 115 7
2646 230 3 107 29 307 4
2808 306 1 38 14 124 1
4514 574 1 37 16 136 10
3805 367 1 51 39 34 7
4120 759 1 24 31 361 20
1254 158 1 33 19 387 11
4423 572 1 34 19 225 3
3809 408 1 42 40 65 4
4596 318 3 79 13 74 11
3741 435 2 24 15 40 9
1103 548 1 33 38 44 1
3526 243 1 73 17 117 6
3184 551 1 32 19 133 18
2844 392 1 14 15 88 3
3348 258 1 20 15 80 11
465 852 3 36 17 45 11
4374 717 2 32 57 169 15
910 621 1 27 46 175 3
2806 442 3 60 33 198 3
3634 960 1 32 12 297 19
4995 616 1 33 72 74 18
1084 782 2 22 42 225 2
1838 504 2 64 19 38 19
455 97 1 43 21 32 17
3149 355 2 32 8 181 4
3256 912 1 25 44 32 3
2359 566 1 13 46 155 4
971 261 1 49 8 133 17
944 845 3 41 27 206 10
2442 984 1 34 21 165 15
585 382 1 18 9 89 9
1418 925 1 34 15 174 19
478 804 1 75 19 162 14
3742 107 1 29 64 66 3
210 711 4 163 36 249 6
1610 397 1 48 28 280 20
1872 330 2 89 19 79 10
192 398 1 39 35 139 7
807 81 2 27 27 170 6
2752 355 1 16 59 136 1
636 968 2 66 32 208 8
1886 272 5 79 16 405 3
4117 269 1 15 29 69 12
254 894 1 46 22 67 10
3943 830 2 42 13 29 14
2745 231 1 12 31 117 20
3391 892 3 72 39 43 19
820 265 1 26 8 172 5
1944 552 1 17 25 326 13
4531 114 1 17 8 79 10
3341 689 4 58 23 214 5
4994 929 1 36 16 334 7
4313 250 1 28 8 175 12
4746 385 2 30 28 215 11
4772 643 4 63 15 286 16
2758 969 1 34 12 165 4
2970 797 2 38 27 141 8
1979 330 3 105 38 34 9
2031 600 1 41 14 336 1
3315 418 1 15 31 156 3
2817 491 4 118 22 61 11
3234 161 3 60 7 142 2
3575 249 1 21 18 303 9
452 464 1 20 20 387 16
3143 274 1 200 68 331 13
556 599 4 71 15 350 4
748 172 1 26 7 126 11
3424 766 1 24 20 424 12
3516 920 2 46 13 301 16
3720 313 1 21 30 230 3
3304 685 1 23 20 82 20
4025 773 1 29 8 109 8
2945 703 3 41 40 83 13
2143 612 1 16 35 49 12
353 445 1 22 22 51 7
876 334 1 18 16 25 13
1221 888 1 14 35 30 12
2376 421 1 50 42 318 7
3780 210 1 19 26 122 19
4483 141 3 97 40 82 4
123 102 1 46 7 107 11
1129 693 1 40 36 78 6
1345 122 1 53 35 208 10
4849 969 4 60 34 144 16
3644 439 2 62 47 343 8
157 176 1 15 6 266 5
3686 165 2 52 47 28 17
1693 975 1 28 37 67 4
613 159 1 12 30 107 2
4240 974 1 32 63 70 5
266 318 3 115 45 120 4
4547 973 1 22 34 253 6
2621 138 1 80 24 118 17
1888 477 1 13 32 346 12
1399 710 2 58 41 125 15
3204 993 1 35 50 66 2
3101 575 1 15 17 32 11
71 995 1 33 32 119 7
538 959 1 60 8 127 1
170 867 1 64 25 25 18
110 167 1 30 19 245 11
3364 391 2 54 31 283 15
1224 583 2 24 52 260 18
4293 83 1 17 6 68 13
2983 649 1 26 50 46 19
23 152 3 34 24 108 4
2021 707 1 34 57 335 13
763 364 1 21 28 307 11
3331 745 2 59 23 274 4
1813 874 2 54 15 76 16
2466 519 2 71 16 326 2
3750 989 1 15 7 268 2
4742 481 1 27 11 339 9
1781 425 1 12 25 94 10
4502 321 1 13 61 83 5
1062 490 1 34 54 61 4
1575 280 2 27 17 192 1
3148 426 1 24 18 79 19
1054 888 1 25 26 269 10
1257 961 4 174 20 21 20
1625 732 1 26 48 78 5
4706 163 1 34 40 76 16
4309 661 2 35 23 251 13
1425 291 5 86 9 273 10
12 736 2 21 23 267 10
3758 485 1 13 11 224 12
1791 928 1 23 34 345 6
1124 690 1 62 28 245 12
1343 504 1 27 36 201 5
221 652 3 73 49 29 20
2914 691 1 47 34 64 9
4362 946 2 56 13 18 2
2758 373 1 14 12 336 1
1086 303 4 53 28 330 12
924 153 1 42 37 78 18
3323 814 1 47 16 97 20
1347 647 1 42 32 23 1
1517 560 3 88 11 22 17
788 658 1 14 13 172 4
689 438 1 23 10 82 9
2590 134 5 74 39 327 11
1585 801 1 29 54 73 8
2372 316 2 59 44 403 20
2672 855 1 35 29 104 7
3179 239 2 93 43 29 6
4093 80 1 11 41 103 5
193 563 3 123 16 241 14
2994 817 1 23 21 411 11
4507 975 1 25 31 28 16
4952 833 1 46 18 89 9
4337 254 1 23 24 191 11
1867 719 1 43 35 84 11
3077 269 1 13 54 278 19
4030 671 1 88 10 24 18
2493 695 1 28 43 116 1
1265 518 4 43 8 112 11
275 611 3 66 11 407 5
4261 330 1 24 15 127 4
1049 708 1 19 21 93 9
3352 633 4 56 45 101 20
556 335 2 79 19 60 2
2038 194 3 132 43 296 9
2746 796 1 30 20 322 18
2051 978 1 21 29 445 5
2759 912 1 16 13 47 11
3716 120 1 46 7 125 5
1050 680 2 93 30 326 1
971 673 3 95 16 21 4
1085 997 2 91 15 98 20
1874 901 1 37 26 77 7
1543 299 3 50 30 168 9
2975 435 1 23 32 483 15
3323 515 1 85 39 270 17
3710 935 1 37 24 43 6
4099 644 2 37 5 215 15
4340 618 1 35 45 151 8
1760 628 2 60 21 281 12
1104 563 1 164 40 216 11
322 711 2 54 13 61 14
4065 691 1 12 50 114 20
308 182 2 54 22 39 20
601 935 1 21 16 37 19
439 779 1 13 32 176 4
1901 141 1 27 34 93 18
2690 93 2 24 47 157 5
2871 508 1 16 25 174 12
3803 826 3 46 7 76 3
2013 196 3 57 24 342 6
2277 279 2 117 15 146 13
250 372 5 219 16 157 6
4217 504 1 13 21 61 8
775 223 1 14 58 66 2
2225 824 1 48 28 160 19
3025 212 1 12 23 40 16
3815 648 1 14 17 236 18
1961 171 1 22 12 76 16
4011 713 4 144 27 29 5
4104 333 1 19 24 263 1
3675 682 1 28 33 28 12
3387 223 3 47 28 311 2
3685 971 1 29 44 136 8
1218 382 1 33 26 114 17
3089 535 1 20 10 81 12
170 595 1 21 31 378 8
4688 631 2 47 22 35 7
4358 720 1 72 6 52 1
97 246 1 20 24 297 14
3690 733 1 32 25 64 17
2209 817 2 41 28 35 2
3153 428 2 26 36 179 14
4855 255 3 71 4 84 15
24 605 4 59 6 54 8
2257 715 1 31 26 131 13
4491 217 1 39 16 143 5
976 114 2 24 23 23 13
252 780 4 127 27 228 12
4693 695 1 22 14 324 10
323 673 1 19 14 25 11
3821 97 1 29 61 42 3
2887 663 1 64 8 439 7
4660 141 1 42 27 267 3
582 978 2 77 24 136 19
1346 835 1 43 16 233 4
3302 608 1 75 5 156 10
1912 154 4 50 38 157 16
3210 434 1 27 24 76 20
632 675 2 61 35 200 2
4310 823 1 31 44 77 11
4488 424 1 12 28 47 15
284 430 2 48 35 91 2
3741 467 2 26 12 224 2
3459 350 1 40 55 68 7
2069 331 1 90 18 121 15
1705 275 1 34 50 44 2
4192 188 1 13 14 243 1
2817 101 1 15 60 82 1
4151 366 1 22 58 253 6
786 104 1 26 25 434 7
1716 875 3 54 48 202 18
1547 314 1 12 13 173 6
192 169 1 131 32 23 6
586 487 1 12 51 142 14
2122 844 1 14 33 33 8
2515 460 3 137 30 359 14
3467 667 2 29 34 162 16
613 96 2 63 63 46 8
1796 608 1 63 5 207 20
800 340 1 33 15 248 15
3771 289 1 23 47 36 20
4246 763 3 54 9 281 17
3532 799 2 28 21 263 1
2069 479 1 13 25 92 16
18 843 1 25 21 238 12
1922 135 1 34 72 60 11
3607 636 1 16 12 45 2
2385 151 2 60 67 230 20
3249 497 1 14 20 22 3
2456 699 1 54 6 229 9
1678 743 1 27 14 314 18
3248 865 5 87 30 43 16
493 288 1 16 47 77 8
2435 375 1 78 16 126 20
906 185 1 31 29 216 16
270 873 1 115 21 262 13
1877 739 1 31 29 227 20
3555 207 1 46 44 89 5
2011 226 1 20 16 34 19
4457 325 1 24 25 305 14
463 850 1 17 22 84 4
1882 935 1 22 29 122 15
1949 561 4 64 30 176 2
436 691 3 40 45 151 19
2977 894 1 12 20 171 2
1170 992 1 28 44 45 20
506 606 2 61 39 22 3
3242 473 3 60 39 181 13
4724 856 1 27 7 385 2
203 403 2 30 22 327 6
2773 329 1 21 24 275 13
2484 967 2 96 10 23 1
4308 767 2 33 28 365 6
2729 934 2 22 36 383 17
2618 757 3 37 22 264 4
206 402 1 16 62 77 10
3927 365 2 45 33 104 1
2100 856 1 27 33 86 11
2982 497 2 23 48 198 3
703 795 1 16 55 83 10
1746 369 1 71 44 29 3
261 123 1 42 22 77 20
4616 527 3 70 63 27 9
1136 735 2 23 7 231 18
1711 161 3 94 11 17 9
3416 362 4 145 5 37 4
2435 898 1 14 21 440 3
3332 507 1 30 46 32 5
3522 868 1 23 48 206 13
876 105 5 79 30 274 1
4336 579 1 19 18 287 1
1136 977 1 40 29 18 18
4763 776 1 98 8 410 6
4759 774 1 60 35 104 10
2478 465 1 60 13 29 2
1184 624 2 93 50 382 3
1269 194 4 118 41 251 14
4173 346 2 28 8 73 14
760 619 1 12 35 118 17
