51 1388
3 24 24 192
7 80 120 976
3 24 36 128
1 24 48 96
4 32 8 256
3 24 24 224
1 24 40 192
1 32 48 192
3 16 48 64
7 80 104 992
6 64 120 576
4 24 20 112
3 32 16 240
1 32 16 128
1 32 32 176
3 24 36 160
4 16 16 112
4 32 48 208
7 80 120 640
3 24 28 64
1 32 20 112
3 24 24 208
1 32 36 160
3 24 20 96
1 24 12 128
8 80 128 944
1 16 16 64
3 24 12 256
3 32 44 192
8 64 96 992
2 32 48 128
1 24 24 32
8 80 104 800
1 16 40 96
3 24 32 176
4 16 48 128
2 32 48 224
7 80 112 624
3 16 12 128
3 24 16 64
7 80 112 576
1 24 48 256
6 64 128 848
2 32 24 80
4 24 36 192
2 16 12 256
1 24 44 256
4 16 28 176
7 80 120 576
8 64 120 640
3 32 28 192
5320 814 7 447 74 603 16
1792 627 6 495 102 795 9
4668 864 8 595 70 429 3
2235 850 6 391 95 685 10
1615 684 7 487 73 609 4
4929 303 5 341 90 812 1
390 873 7 431 88 437 6
4791 834 7 486 93 322 12
49 879 5 384 86 837 5
185 814 5 321 74 626 9
4864 837 8 583 77 585 4
4849 559 6 429 95 651 5
10297 122 5 357 73 355 19
5361 622 5 335 57 397 9
0 698 7 396 107 269 18
5391 701 6 466 81 433 12
62 413 7 366 63 589 5
1716 882 7 483 68 685 2
210 327 6 419 61 295 16
2185 715 5 333 70 905 8
348 189 6 433 62 605 9
25 919 6 434 108 300 7
9617 498 6 445 104 496 4
288 620 5 464 53 466 9
1791 717 8 632 96 464 3
2266 642 7 475 89 348 16
2387 674 6 552 97 527 1
5047 499 6 384 60 872 16
5188 783 6 427 56 558 19
7 125 5 364 98 515 12
10262 388 6 428 52 733 17
5146 547 6 459 72 899 19
0 620 6 528 89 932 1
10323 877 7 404 71 665 18
0 886 6 370 60 492 19
1935 791 7 494 84 527 1
0 789 8 432 58 675 10
9723 230 6 391 95 472 4
5398 991 6 520 95 606 2
9804 221 7 324 91 980 7
2066 527 7 477 89 574 19
10381 272 7 614 106 715 9
1630 859 7 448 48 682 16
2101 709 6 491 59 797 3
211 928 5 330 108 474 7
0 806 5 344 90 372 11
2267 747 7 538 114 325 3
331 377 6 396 116 561 16
5367 823 7 419 52 612 10
2011 989 7 477 106 535 4
213 145 5 464 102 570 20
4632 706 5 448 65 640 18
10255 971 6 474 114 449 18
1725 452 6 399 98 374 2
0 548 6 417 78 710 5
1859 637 6 444 94 310 18
5178 327 6 517 72 277 9
1942 750 7 399 69 588 16
10373 850 7 373 79 588 17
2307 470 7 600 101 619 1
5003 405 7 484 128 891 20
5198 487 7 373 112 298 6
9691 914 6 438 79 567 16
5147 975 7 503 54 487 17
2001 983 6 414 98 888 17
5044 838 5 320 96 427 2
0 985 5 373 92 426 19
0 732 6 412 78 679 19
5197 338 7 467 45 616 4
2047 232 6 545 115 354 8
308 884 5 360 89 331 16
219 659 6 382 60 690 10
2117 167 7 366 79 614 12
1750 928 5 386 69 525 10
10398 776 7 504 82 361 16
5092 820 6 421 60 526 18
9826 989 8 422 63 754 1
1879 289 6 385 96 542 18
4722 602 5 405 80 618 6
3 782 6 373 110 608 10
1729 261 8 450 95 674 3
10368 720 8 437 91 767 19
4635 540 7 412 118 312 5
10313 525 7 408 91 600 10
1720 810 6 468 53 783 16
0 857 6 464 75 594 11
2171 547 7 496 62 886 17
5029 552 7 529 110 720 1
1643 848 5 373 90 285 17
4943 227 7 534 56 598 18
2239 869 7 553 58 825 20
1729 954 6 367 78 839 6
2114 324 6 523 78 682 19
5160 292 7 516 97 430 19
9821 649 7 539 73 712 8
0 516 7 373 109 681 5
2041 294 7 483 70 533 19
5116 712 6 370 83 600 7
1908 268 7 423 86 499 19
4978 152 7 423 76 567 18
159 990 7 548 77 736 17
4698 847 6 507 67 312 7
4744 157 6 511 100 886 16
2156 220 8 508 87 813 12
0 165 7 517 61 692 1
9642 210 7 491 91 453 8
5355 371 6 374 100 417 12
2080 289 6 388 60 590 6
2058 442 8 459 62 672 6
0 858 7 436 94 507 4
1976 383 6 384 70 541 19
10207 981 6 339 101 340 18
1935 491 7 391 107 441 4
5363 252 5 328 55 377 17
10256 619 5 394 81 483 16
5116 603 5 400 111 605 19
9961 428 6 560 57 569 18
9607 818 6 472 114 950 19
5396 408 6 502 105 363 19
0 725 8 463 66 958 12
10117 703 6 467 116 921 5
5136 717 7 486 107 445 20
9618 683 7 435 93 739 3
353 648 6 527 62 346 5
4917 975 5 401 113 918 7
9852 638 8 359 81 938 10
1833 432 5 347 65 692 18
9750 949 6 396 60 667 1
2398 243 7 391 53 514 5
18 210 7 435 59 773 20
5309 431 6 472 104 586 12
180 334 5 380 102 318 19
5236 753 7 551 79 305 17
4685 560 6 473 81 749 4
0 254 6 491 73 659 5
9694 659 6 377 57 881 18
2295 917 6 389 79 756 12
9627 193 6 379 115 825 3
0 911 7 436 114 593 7
368 460 5 355 89 748 3
136 597 5 463 94 362 8
9949 703 7 417 103 702 18
1620 421 7 421 61 753 1
2124 124 6 314 100 427 9
9879 937 7 348 70 663 20
89 797 6 406 68 476 10
68 434 6 352 70 365 16
10111 999 5 408 82 311 20
0 642 6 390 95 538 20
9825 812 7 557 77 579 3
151 525 6 449 109 468 18
10116 514 7 437 117 508 9
1642 797 6 447 75 937 5
2105 728 6 400 113 859 2
10139 819 7 485 78 450 19
1808 223 8 587 78 774 10
10299 723 7 515 48 783 20
5251 144 5 390 103 821 20
1754 405 7 565 73 693 10
380 556 6 526 80 782 5
9728 715 6 350 100 629 20
1644 578 6 447 62 943 17
2397 628 6 392 91 770 20
304 666 7 402 118 902 3
2082 822 7 454 74 694 19
2134 855 6 378 66 554 16
9837 274 5 415 74 319 3
0 863 6 388 73 569 17
5266 530 6 418 62 361 16
57 762 6 426 73 976 7
10039 582 6 422 68 506 3
2186 736 6 438 62 390 1
10280 789 7 526 87 628 4
15 735 5 460 85 423 12
239 192 6 419 59 389 18
0 754 8 340 52 533 2
2010 944 7 473 101 821 20
5071 647 6 392 52 973 3
9697 712 7 522 119 860 6
9944 917 6 452 80 286 6
9844 320 6 359 82 380 4
9661 795 7 421 69 681 10
4832 626 5 458 82 497 5
1985 990 6 360 100 425 5
0 684 6 435 63 633 19
1776 822 5 319 93 625 18
111 392 7 538 69 505 17
4825 759 7 457 119 409 19
4701 429 6 508 112 598 20
9795 133 8 399 45 906 19
4930 753 7 416 126 772 4
1957 706 6 443 75 599 12
5060 913 8 526 85 578 12
4859 808 5 443 84 295 1
4954 831 6 456 58 796 17
9724 729 7 388 78 881 3
4845 985 6 322 102 413 16
4753 628 6 551 87 313 5
0 990 6 358 102 495 6
0 526 6 413 92 795 9
4788 257 6 430 62 410 17
4766 323 5 335 49 517 11
10279 149 6 502 122 701 16
1902 270 7 423 77 656 10
4795 795 8 471 82 572 5
5049 839 7 444 69 781 7
4824 733 6 333 68 750 4
0 946 6 522 113 470 8
2110 241 7 392 90 535 20
9660 430 5 401 104 378 6
344 404 7 518 77 576 2
175 821 5 374 102 922 17
1686 884 8 421 53 973 18
9902 234 7 371 106 751 9
5296 835 7 448 72 771 18
4626 585 6 320 77 470 1
5276 504 8 486 49 539 10
4762 803 6 404 51 283 18
9806 647 5 353 76 425 11
0 354 7 511 115 361 3
4881 163 6 453 126 821 1
2144 810 7 451 99 633 4
222 729 7 559 77 470 11
1645 298 6 404 74 864 7
5198 707 7 440 106 765 20
4833 803 7 451 60 479 6
90 797 6 522 75 593 2
4648 710 5 435 80 289 12
9826 952 6 452 67 649 7
2387 375 6 458 71 588 16
1988 754 7 389 65 897 19
10086 990 6 392 66 733 10
5156 571 5 365 86 988 3
236 418 7 470 105 554 8
1845 767 5 318 106 541 2
0 801 6 470 125 741 2
9706 853 7 486 101 474 19
2064 364 6 457 76 519 5
4989 897 6 437 82 581 11
9970 301 6 352 70 540 18
387 221 7 382 91 750 3
10285 934 5 381 94 605 12
1948 314 5 473 86 331 18
0 559 6 434 115 656 7
2041 718 6 346 74 508 7
0 664 6 455 54 493 4
9919 764 5 326 112 465 20
4835 622 6 424 82 641 7
4957 792 8 500 75 705 7
2247 489 7 499 69 756 12
10044 846 6 469 100 425 17
0 454 6 532 100 612 5
1764 258 6 424 81 596 5
0 569 6 440 57 743 5
9709 905 7 542 69 784 1
2174 446 5 367 108 331 10
1607 706 6 405 100 578 3
4762 895 5 438 85 373 18
10276 786 7 397 75 347 7
9765 216 7 453 51 506 19
9620 657 6 505 65 455 5
10132 747 5 385 118 457 10
4876 890 7 467 115 846 2
328 943 7 621 89 608 11
10208 359 7 504 53 486 8
0 801 7 505 57 542 12
240 154 6 414 88 668 9
10041 886 7 540 72 859 3
10340 754 7 530 72 375 9
4704 824 6 495 52 439 5
359 124 6 502 82 527 3
9744 756 6 378 73 859 19
4803 721 7 499 99 593 2
0 939 5 331 58 295 19
2273 859 6 416 102 504 9
9691 984 7 451 84 811 3
95 744 6 523 65 805 20
9732 134 7 537 119 308 16
2269 253 5 474 100 292 16
4913 744 5 391 73 261 20
0 936 8 395 79 602 6
2385 688 7 485 55 293 11
2159 756 6 456 114 348 18
0 144 6 392 60 588 20
2076 164 6 471 107 877 5
168 809 6 429 116 516 3
2112 747 6 359 67 903 3
9800 864 7 601 76 642 10
1767 854 6 395 90 618 10
1876 643 5 417 99 835 5
194 821 7 397 116 445 20
10205 770 7 388 86 735 16
9601 722 7 521 70 663 11
1692 710 6 419 99 697 10
2308 201 6 442 117 714 12
0 825 7 543 79 579 10
370 498 6 417 67 958 16
1700 169 6 479 111 602 11
9938 709 8 550 53 526 1
10309 592 8 599 125 668 19
347 754 6 393 94 463 19
0 300 6 511 66 620 2
10301 454 5 387 67 895 16
5159 183 5 478 72 618 12
9865 748 8 428 91 742 3
5252 672 7 428 95 943 19
0 964 7 427 59 789 5
4816 834 6 474 103 520 11
9896 603 7 573 95 434 5
9941 921 7 424 65 389 12
1811 141 7 464 51 730 11
4704 958 6 532 68 543 10
2335 820 7 414 65 450 1
0 516 6 343 103 975 7
9706 277 6 510 71 405 18
5176 393 6 455 57 424 1
4774 850 6 370 119 882 17
10364 329 7 365 61 600 18
4859 259 6 384 77 468 3
1997 544 7 492 94 512 18
1706 947 5 404 89 394 16
1677 957 7 509 84 507 1
2127 577 6 453 89 594 18
4841 807 6 318 64 475 7
308 478 5 434 78 274 18
0 926 7 371 77 958 18
1749 763 7 419 95 493 17
1976 495 6 544 102 508 1
1951 660 6 374 87 699 12
0 319 7 396 93 756 17
1649 394 6 471 54 895 6
0 333 7 412 71 623 11
9827 456 7 521 94 594 8
9779 197 6 450 92 347 4
4672 287 6 410 113 683 16
10263 823 6 429 50 755 2
9698 955 6 430 97 694 11
0 965 7 548 57 573 17
2096 351 5 345 109 579 8
4751 903 6 416 49 742 16
4695 728 8 516 109 844 16
49 344 6 405 88 483 2
5351 178 5 434 60 771 3
9619 707 5 422 100 451 18
2213 236 7 556 63 453 5
4838 570 7 398 72 546 11
0 152 6 442 95 615 1
10100 979 6 439 107 330 7
9734 828 5 397 71 581 5
0 267 8 576 67 754 18
4963 778 8 496 124 661 11
25 239 7 410 117 496 18
9993 174 6 451 113 926 2
9954 280 6 330 74 465 19
9895 375 5 411 101 458 6
9902 770 7 488 95 415 20
4676 125 6 318 55 456 16
9700 789 6 480 68 536 8
4934 756 7 512 92 326 10
9759 402 6 445 61 546 3
10300 823 7 453 110 454 20
5099 729 6 495 121 738 19
9815 982 7 385 56 962 6
5248 393 6 328 100 981 16
5278 305 7 447 50 789 7
322 756 5 315 91 737 16
10132 946 7 387 56 335 20
10029 768 6 463 92 527 1
120 365 7 467 83 691 4
2048 577 6 341 48 716 16
0 439 7 405 81 790 20
10118 971 7 413 98 537 2
0 944 7 417 91 376 10
222 170 6 555 106 712 20
10316 571 8 589 86 369 3
2106 301 6 314 92 463 17
9924 242 6 414 96 490 1
0 844 6 465 90 287 18
1847 786 8 453 70 839 5
97 401 6 479 66 665 7
10140 351 6 449 110 596 19
20 536 5 330 100 504 4
80 812 5 389 109 534 2
4646 663 6 345 81 973 19
4909 728 5 426 71 291 9
4877 262 7 418 88 621 4
9977 702 6 532 61 295 16
1648 766 8 629 72 724 1
305 239 6 415 86 710 17
58 717 6 347 54 443 16
222 159 8 569 89 391 9
10314 356 7 387 79 621 2
9678 798 8 605 117 895 17
175 789 6 393 53 320 5
0 180 5 376 89 576 19
0 881 6 331 90 615 11
1797 188 6 350 55 412 10
9965 171 8 488 49 599 2
1676 398 6 475 67 563 19
304 401 7 435 100 661 4
5193 855 8 625 99 438 17
5372 800 7 377 52 691 3
0 894 6 393 89 492 6
4652 589 8 562 65 474 11
0 148 5 335 100 298 8
71 741 6 469 93 601 4
5116 480 6 469 92 555 19
2396 498 6 492 85 482 3
9646 474 6 367 92 493 18
2235 716 7 429 81 511 5
2199 841 6 395 72 706 17
1846 305 6 491 89 969 8
264 167 6 381 55 569 12
10069 304 7 354 72 724 2
5279 135 6 404 111 533 11
1991 570 6 443 95 458 20
2394 636 6 530 73 618 18
10157 351 6 487 75 607 10
2133 925 7 394 112 920 16
10040 688 6 433 94 395 12
0 718 7 499 64 433 17
5224 679 6 385 69 892 19
0 804 8 542 51 433 19
0 790 7 458 91 580 6
10202 509 7 470 81 584 8
1963 920 8 430 45 562 10
1985 774 7 394 75 636 6
0 516 6 457 85 447 3
250 704 8 502 54 395 17
1851 544 6 484 119 693 18
9711 837 6 486 88 554 4
9959 844 6 365 109 788 2
9963 443 6 466 72 322 19
5365 297 5 416 111 865 5
0 575 8 547 94 773 7
10277 827 7 403 103 630 1
9811 811 6 392 71 744 18
1714 953 7 380 66 381 17
0 832 6 308 59 985 20
10175 857 6 557 93 677 9
184 226 6 500 55 559 7
9752 808 6 420 96 952 10
0 301 6 523 92 600 20
2253 773 6 464 95 800 8
9856 364 7 485 101 757 9
2389 230 6 455 85 467 18
4822 522 6 344 66 986 17
1918 359 6 475 84 534 18
0 312 6 405 59 816 8
5170 593 5 467 63 365 18
0 241 5 439 83 513 9
2004 773 6 404 80 331 4
1727 540 7 375 81 603 2
1920 906 6 314 77 668 20
10153 845 6 455 106 878 3
4770 344 6 313 73 452 7
10363 625 7 621 54 424 2
2305 726 7 529 85 560 8
2046 295 7 343 83 848 6
5061 878 6 388 47 655 20
10363 816 8 596 55 390 9
5128 660 6 497 95 442 4
9643 797 7 355 53 582 17
143 709 5 338 61 863 4
10201 444 7 602 50 487 2
166 941 6 527 97 915 12
4658 309 6 551 97 587 6
0 342 6 416 98 373 9
322 722 8 353 64 783 12
10393 949 6 337 57 429 17
9898 970 5 425 95 909 19
5171 426 6 454 64 299 20
0 331 5 453 86 620 5
10386 468 7 441 56 974 8
0 710 7 494 60 292 19
9722 513 7 378 60 314 10
4668 220 5 319 97 451 6
10185 761 6 411 59 465 17
9975 463 7 361 83 703 6
4905 162 6 535 92 754 7
386 642 6 367 92 387 11
4725 422 6 423 92 389 20
145 924 6 418 60 760 17
131 347 6 472 63 376 19
4947 376 8 383 70 814 8
9652 418 6 440 101 314 11
5259 704 8 439 50 978 10
0 688 6 551 67 388 18
0 507 6 428 70 556 16
10210 711 8 430 72 638 8
2283 766 6 438 98 966 17
2091 205 6 386 66 911 5
9968 843 7 382 128 825 2
5398 627 7 506 87 618 11
362 979 8 376 71 641 19
384 957 6 338 120 618 17
0 120 7 506 79 764 16
0 951 7 413 57 738 10
4813 996 5 446 57 610 18
4654 732 6 316 92 768 2
5118 490 6 468 56 641 3
9640 995 6 502 112 706 2
1921 314 5 392 79 564 2
0 773 5 472 98 563 16
181 842 8 581 87 616 7
1790 669 6 386 78 362 12
10105 504 6 391 73 934 3
2351 754 7 520 107 742 19
5099 214 7 468 77 487 5
4949 238 5 421 103 772 19
4693 344 7 440 81 862 5
5332 317 6 405 107 313 7
4897 579 5 468 111 531 11
2298 908 6 518 56 695 19
9923 841 7 512 98 638 18
1730 834 6 437 76 523 20
10019 563 7 525 69 422 12
2051 191 6 450 97 733 11
10328 232 6 460 63 808 19
2254 794 7 560 69 796 16
4644 713 6 468 104 400 16
9769 643 5 471 67 611 3
9852 228 8 446 117 772 10
177 481 5 320 84 494 19
2339 544 6 332 51 494 11
1821 629 5 379 104 317 20
2368 635 7 444 127 734 18
9719 561 7 531 65 668 9
10034 195 7 335 73 504 4
5181 725 7 412 126 769 9
0 245 5 404 104 450 6
248 653 5 343 77 600 19
78 464 7 513 102 549 19
4613 922 5 448 63 552 2
4923 396 8 447 99 724 10
0 791 5 468 107 575 16
5082 690 5 396 84 831 12
2386 892 7 381 87 490 8
1976 904 6 419 56 699 1
5357 496 7 628 79 451 11
382 943 5 374 65 935 3
0 324 8 337 53 786 4
0 138 7 409 62 590 9
9984 741 7 426 73 523 3
10343 711 5 358 75 300 12
5283 564 6 402 101 459 11
5288 803 7 412 107 289 10
93 276 6 403 77 650 18
10244 890 6 442 73 382 16
2251 289 5 357 59 450 10
0 488 8 433 94 879 7
1954 484 7 517 79 402 10
1781 758 6 515 83 663 19
162 900 6 324 82 591 16
10221 424 5 424 59 502 7
9626 733 7 523 91 543 19
10321 721 7 474 60 450 8
9950 743 6 318 97 620 20
10011 694 5 327 55 668 12
9779 423 6 420 82 499 20
5361 748 5 358 120 352 6
4969 707 6 392 98 570 12
5269 432 5 347 74 543 9
5000 771 8 475 73 434 4
1930 586 7 434 66 749 11
9804 817 8 440 76 791 3
9654 961 6 406 58 420 5
0 777 7 554 103 471 5
129 437 6 490 95 419 20
208 451 5 423 98 477 16
2084 940 8 502 63 698 19
380 935 6 350 55 729 12
204 821 5 362 92 926 19
1668 776 6 513 80 509 12
0 979 7 476 72 734 5
144 656 7 530 74 898 19
5296 995 5 359 119 532 5
5322 415 7 386 106 591 10
294 792 6 466 98 860 6
2073 758 7 538 57 980 9
9988 708 8 451 55 688 20
2018 563 6 390 82 334 4
9732 316 8 417 123 537 1
0 358 8 496 73 720 4
0 748 6 457 91 534 7
2351 961 7 374 78 883 19
10236 485 7 423 70 607 2
4906 648 7 358 82 562 20
5073 730 7 458 91 597 10
1769 207 7 516 110 520 5
1920 178 6 443 72 775 16
4892 973 7 525 60 303 1
122 497 6 447 99 443 3
2241 238 5 477 105 467 11
4625 562 6 428 53 737 5
2020 556 7 515 82 800 2
0 407 5 470 58 310 2
10095 458 5 351 88 424 20
0 201 6 541 67 591 6
5308 849 6 321 69 988 9
0 508 7 442 115 553 18
10079 810 6 427 79 820 10
4634 522 7 399 71 554 7
9901 832 5 471 68 971 19
80 716 6 443 101 265 5
10256 816 6 394 83 492 7
9956 703 7 539 96 732 4
10042 389 6 376 109 589 17
0 528 6 510 111 307 5
1874 723 5 438 98 743 10
361 646 7 454 101 548 7
0 364 7 514 104 548 5
148 742 6 458 93 825 17
219 142 7 481 81 632 2
4625 778 5 330 119 527 20
2342 858 8 496 98 452 16
0 999 7 386 53 544 18
2067 802 7 441 63 802 12
10148 211 6 387 52 553 7
5197 804 7 580 101 580 1
183 901 6 315 69 753 17
0 227 8 424 82 525 16
9766 778 6 372 79 581 17
217 297 6 410 113 510 16
4989 782 7 423 76 693 20
5134 633 7 463 66 465 6
2185 183 8 498 64 777 9
5002 238 6 325 84 692 19
10337 734 6 408 84 588 9
5091 455 6 314 72 584 11
5 782 6 424 120 453 2
1633 251 6 423 96 433 2
0 636 7 582 85 933 9
5201 770 5 358 80 458 6
0 776 8 562 82 889 11
9866 725 5 473 70 949 5
4926 602 8 406 93 623 10
2068 405 7 413 93 765 2
287 804 6 524 65 620 2
1902 257 6 366 111 540 2
10197 968 8 480 96 902 16
5397 509 7 461 91 646 6
2071 741 6 324 78 398 3
1820 740 5 438 91 453 20
10008 953 7 465 95 570 8
10018 714 5 401 56 479 7
5284 858 6 331 69 686 12
10149 679 6 394 86 702 4
228 751 6 537 70 474 4
9800 315 6 452 59 305 18
4883 701 6 409 61 690 20
2163 758 5 343 94 492 7
9918 980 6 405 95 873 20
9644 322 6 428 57 298 8
0 350 7 414 58 428 16
2164 946 5 325 65 909 20
10009 926 8 516 99 706 16
2322 716 6 505 102 627 5
4983 881 6 509 74 573 2
344 538 7 388 101 769 5
254 836 7 298 93 671 7
4692 593 8 386 91 484 1
10301 313 7 477 61 569 16
9890 844 6 382 112 557 18
4735 746 7 416 78 531 4
4903 939 5 319 69 715 19
0 427 6 469 97 435 2
9672 863 5 365 53 549 20
10193 405 5 327 92 420 11
9822 948 7 574 96 713 2
9931 572 6 414 85 627 8
10343 901 5 433 72 600 11
9617 837 5 466 67 673 18
87 844 7 529 83 713 16
19 619 6 462 103 454 9
0 850 7 542 84 614 8
9890 716 8 424 102 743 1
4966 636 6 433 57 496 7
1751 518 7 475 85 917 8
1761 735 5 361 76 708 18
4882 717 6 343 69 378 19
5037 750 6 416 80 464 8
0 831 6 373 71 882 17
0 837 5 369 63 442 20
5068 939 6 480 81 545 4
0 674 6 510 55 393 6
204 821 5 434 86 758 6
223 787 6 383 97 904 1
85 601 7 532 121 543 1
9643 207 7 498 111 644 7
1735 176 5 350 103 390 18
2024 991 7 537 97 575 19
1767 250 7 491 73 586 10
1899 494 6 408 73 881 4
0 358 7 591 98 819 3
395 795 5 392 50 801 16
0 726 6 546 72 648 16
2056 194 8 461 82 655 20
4973 458 6 467 97 919 8
5119 455 5 437 83 850 7
10103 972 6 406 120 565 5
10251 738 6 509 74 342 18
205 410 7 528 65 335 18
2092 481 5 413 116 319 18
4783 673 5 366 105 343 20
0 786 6 381 96 861 8
4736 480 7 522 96 576 5
4957 952 6 472 112 373 18
5056 846 7 384 87 473 16
0 788 6 492 105 571 19
9641 568 7 416 127 642 4
2181 878 7 470 59 394 4
4747 997 7 366 62 936 11
9941 735 6 434 95 450 11
149 797 6 419 78 641 1
9973 369 7 453 83 299 3
5016 803 7 504 101 664 6
0 198 7 511 62 605 19
5178 426 7 469 102 453 19
1836 845 7 430 75 378 6
4792 200 7 427 90 262 16
10259 854 5 378 91 636 11
5056 503 6 547 103 407 2
0 689 7 439 91 513 12
1622 463 7 311 58 685 10
10070 717 7 367 82 516 8
322 185 6 484 75 939 16
1706 933 6 532 111 758 16
0 804 7 555 73 617 10
4846 859 6 553 53 322 20
16 558 7 554 63 442 6
5023 628 5 390 65 902 18
10066 818 6 553 117 684 16
4649 708 7 618 97 596 11
5283 961 5 320 72 617 4
0 663 6 337 104 569 18
0 474 5 368 99 596 2
9750 643 6 412 65 663 1
0 498 6 426 101 494 20
1685 547 5 394 81 613 8
1884 748 6 425 109 549 9
1791 844 7 496 65 734 11
1812 836 6 486 122 495 19
4788 955 7 521 66 781 4
9897 456 7 365 100 501 2
2033 967 7 293 70 929 7
1992 372 6 547 117 519 6
1611 762 7 556 93 480 20
9624 793 6 451 112 414 6
5033 743 7 295 63 911 6
2067 916 7 602 91 737 7
2158 668 7 603 115 441 11
146 966 6 343 106 332 10
9876 411 7 536 80 594 2
2382 572 8 559 75 944 12
4939 125 7 417 67 474 3
1667 806 5 348 69 421 19
2270 712 7 373 111 331 12
1994 803 8 360 89 689 19
42 726 6 394 104 323 7
2206 245 6 557 76 790 4
0 782 7 498 76 564 1
0 408 7 457 95 527 7
20 250 7 473 88 271 10
2242 628 7 474 61 596 1
0 185 8 421 66 792 5
0 655 8 461 58 618 18
361 694 6 531 101 474 1
9749 131 5 429 78 870 9
49 696 6 401 100 690 9
114 275 7 524 122 665 11
4918 301 8 483 99 808 12
0 771 7 426 73 590 19
10362 145 8 505 85 931 10
4695 324 6 328 84 481 9
1943 821 7 612 67 721 3
1632 620 6 441 118 412 7
2140 180 8 640 108 881 8
4821 173 6 461 65 282 9
0 541 7 511 110 446 12
10123 289 7 540 117 388 10
1636 427 7 540 84 321 2
10364 146 6 459 115 352 5
2101 958 6 511 58 301 1
4851 709 6 546 114 426 7
330 772 8 448 49 665 4
4848 392 6 517 71 517 10
2138 202 6 403 65 531 11
1823 144 6 359 94 866 18
4931 739 6 299 67 581 9
10102 379 6 477 77 805 3
1666 525 6 457 87 681 5
0 447 6 512 107 660 16
5274 551 6 409 60 585 5
1987 774 5 397 50 895 19
10204 891 6 346 100 319 11
9633 501 6 558 68 586 7
9635 811 7 433 50 526 4
5169 125 8 414 85 777 19
4870 844 6 512 58 441 20
2023 240 7 368 90 799 10
4817 757 7 523 83 342 8
1832 713 8 481 77 755 18
2000 710 5 337 66 762 18
2241 745 8 612 101 527 19
9913 717 7 443 70 726 2
4759 860 6 370 84 366 17
9949 892 6 538 97 404 11
4700 571 5 470 112 431 17
2057 891 7 520 98 400 16
9777 781 6 410 50 881 1
9697 827 7 343 53 705 10
9640 768 7 419 57 871 18
1663 430 6 432 65 507 10
0 264 7 537 88 503 19
1746 818 7 501 106 415 16
4650 947 6 420 103 514 5
2212 277 6 507 87 361 1
5002 208 7 314 56 838 4
5166 577 5 408 80 869 2
5012 449 6 487 97 491 3
0 689 7 456 88 447 17
10142 224 6 405 89 503 4
389 816 7 500 109 395 20
4972 235 7 610 50 723 9
10315 840 6 511 90 961 9
5239 374 8 489 124 696 10
0 173 8 503 101 732 18
0 272 7 369 109 410 10
5083 691 5 447 85 492 18
2179 263 5 442 111 824 2
9915 572 8 342 76 532 5
2250 755 7 505 57 521 17
9899 976 8 527 62 613 3
2182 967 5 419 102 615 19
1894 556 6 315 61 484 4
4892 842 5 360 48 623 1
2390 792 5 362 57 545 19
4977 767 5 374 69 534 2
2315 789 8 584 96 386 6
2164 174 5 464 83 535 3
9635 799 6 428 86 336 8
2294 374 7 375 53 776 6
2044 425 5 456 93 381 6
168 940 6 436 84 299 20
9684 217 6 416 111 428 19
0 953 8 488 63 470 17
66 676 7 408 92 571 5
0 936 7 498 56 317 8
2015 427 6 466 106 307 12
0 928 7 422 101 857 17
2301 679 6 515 58 628 3
2084 201 6 392 106 912 16
0 206 6 397 75 380 1
10261 772 7 411 66 411 1
0 960 7 456 71 577 8
1697 723 7 486 93 788 6
4945 385 7 409 85 491 4
2199 774 5 413 82 607 16
0 246 8 430 66 713 11
9614 472 7 424 99 597 12
1887 338 5 356 93 736 5
9736 732 6 396 101 312 3
5302 441 5 328 72 552 11
4885 718 5 382 107 330 4
0 804 5 375 49 937 12
10339 198 6 382 98 313 2
0 270 5 428 72 280 12
1697 877 7 432 69 546 10
10162 290 6 506 106 322 8
1610 436 6 500 119 604 9
181 308 6 543 78 309 18
1887 755 7 466 65 962 19
339 176 6 465 94 349 17
2217 133 7 476 96 963 7
203 205 6 368 71 640 7
4781 201 7 513 99 468 16
10000 383 5 352 103 307 18
5348 380 7 421 105 604 18
9973 123 7 607 65 467 9
10020 848 6 370 57 929 10
2188 574 5 336 86 368 16
88 708 6 429 54 450 20
114 181 7 558 72 473 8
1 830 6 467 99 791 2
379 185 6 389 90 632 1
2341 738 6 355 93 311 5
1625 873 7 422 101 493 2
2400 932 7 389 92 324 4
2257 652 6 439 95 547 20
0 374 7 502 63 819 12
5365 657 8 440 66 826 2
0 910 5 460 96 927 18
5262 387 8 523 85 943 11
0 834 7 533 100 581 3
9610 854 7 409 87 754 20
0 375 6 509 92 523 20
382 373 5 354 61 376 18
9738 703 7 545 122 653 20
9709 702 5 355 94 485 7
4870 841 7 431 63 423 12
9744 880 7 480 110 457 19
152 174 5 359 83 496 8
1809 906 7 342 93 813 7
5336 732 6 506 83 641 5
0 891 6 321 66 389 18
9720 126 6 434 71 757 3
9767 748 7 459 93 577 3
0 275 5 427 105 416 11
10288 895 8 450 116 621 9
1901 166 7 365 111 510 9
10158 563 7 398 77 614 9
5300 877 7 538 119 703 9
4909 736 8 344 64 514 18
9613 157 5 412 84 970 1
17 676 7 463 80 681 9
5292 745 6 454 61 553 2
2103 910 7 373 98 633 3
2333 489 7 465 107 632 17
9980 328 6 383 98 303 12
0 370 7 500 97 775 1
99 986 7 537 96 433 5
4798 871 8 386 77 472 3
9828 381 7 465 53 467 20
4672 135 6 422 59 344 11
10170 676 6 547 55 527 18
9671 492 6 385 107 825 5
10273 722 5 407 64 321 5
9620 980 7 544 76 453 20
9792 674 6 515 95 383 5
2260 839 5 394 67 845 20
9994 820 8 427 86 502 17
4647 803 6 481 102 858 18
1 827 7 506 70 793 4
4701 906 5 417 51 970 19
9782 799 6 546 102 313 16
2163 787 7 551 107 481 18
2004 558 6 500 65 546 6
5239 220 7 369 88 712 17
2394 704 7 540 61 606 1
2164 916 7 398 98 422 16
266 142 6 448 65 491 1
9610 167 5 424 65 268 20
9786 769 6 454 102 524 18
10295 772 8 442 55 918 16
9804 646 8 525 65 749 16
116 930 6 451 79 475 9
9868 668 7 420 81 507 5
367 236 5 451 118 851 1
2138 848 6 414 89 463 1
279 297 7 440 103 707 6
1747 794 5 444 69 667 12
2121 857 7 531 55 349 18
0 730 5 387 92 532 8
260 725 5 437 92 572 10
0 791 6 383 83 634 18
2292 318 7 545 64 756 16
2073 146 6 395 101 317 6
42 671 6 454 101 618 17
4928 956 7 398 99 583 11
5048 784 7 449 70 828 19
2300 969 8 586 54 442 18
9745 212 6 472 103 510 2
2385 304 5 350 75 503 18
10361 171 6 431 78 382 8
0 578 7 407 90 608 6
0 889 7 488 102 855 5
0 557 6 485 68 687 1
1802 807 7 453 109 496 8
29 885 6 446 59 751 17
214 668 6 447 84 331 7
9959 207 5 324 103 385 19
5201 851 5 321 70 326 3
10379 819 6 440 75 611 8
5353 737 7 479 94 474 17
4890 804 6 345 111 398 5
5341 801 7 615 62 625 16
2079 642 6 423 91 674 12
0 801 6 560 112 578 17
10025 146 6 456 85 664 19
2256 345 5 347 70 350 7
9934 180 6 450 74 878 20
10188 706 5 405 70 557 18
4729 387 5 465 64 807 17
0 274 7 544 81 932 9
359 979 7 503 79 493 17
10381 878 7 456 113 270 10
2097 528 7 421 60 420 2
2395 981 6 472 66 517 9
2081 620 8 584 62 712 12
91 510 7 365 45 921 17
9761 391 7 352 70 591 10
377 569 7 453 107 477 9
9686 684 7 372 78 394 18
2384 658 7 523 106 932 10
1857 800 6 454 75 708 19
4885 410 6 436 86 695 11
5198 478 8 383 78 588 11
0 846 7 371 120 610 6
10319 398 7 536 88 570 1
5129 915 6 435 53 642 4
1646 318 6 325 74 660 18
0 659 6 341 76 531 5
0 294 5 411 105 309 19
10134 634 6 471 71 715 19
2397 698 8 620 113 835 16
349 402 6 430 93 570 7
10380 406 5 378 52 335 10
0 895 7 333 83 762 2
0 244 6 518 127 752 8
2102 634 6 498 80 790 5
2158 291 6 462 114 646 7
0 770 5 420 76 710 11
9974 231 7 432 61 920 8
10343 245 7 502 73 554 7
0 823 7 524 75 472 20
1612 868 6 478 103 624 4
9864 149 6 433 113 791 4
10275 724 7 354 66 747 11
5206 256 7 465 103 835 7
2105 787 6 421 64 779 12
5195 815 6 434 72 642 20
5400 814 8 447 79 562 20
2345 636 7 536 114 309 2
1991 917 6 448 84 559 16
4630 141 6 403 87 613 10
9654 746 7 502 81 760 10
0 760 7 446 99 630 2
10160 827 6 419 48 804 19
52 824 8 428 97 425 7
10279 749 7 422 104 520 16
5227 354 6 488 101 447 19
2342 663 7 442 47 492 12
9771 905 6 426 68 429 3
4800 724 6 458 105 398 19
0 864 7 462 88 686 20
5117 924 7 389 58 592 17
2361 537 7 423 60 410 5
9977 926 7 388 61 768 1
9753 851 7 573 81 796 17
23 283 6 492 95 664 8
1951 923 6 557 56 617 1
1680 890 6 452 115 666 8
5325 302 6 372 100 727 3
1946 606 6 426 62 430 4
2000 457 7 428 68 989 2
1810 579 6 399 83 629 5
9825 875 7 326 44 827 6
2355 656 6 383 120 733 4
5085 897 7 385 63 448 11
1721 797 7 557 75 681 6
9932 717 7 542 78 620 5
4693 806 7 373 121 587 17
1843 774 7 389 57 814 1
10287 396 7 528 65 519 3
2217 522 6 422 103 493 16
0 887 6 466 97 737 17
62 644 8 352 93 503 5
5398 806 5 392 75 369 8
1652 796 8 396 76 884 1
0 590 6 329 90 542 10
5383 208 5 363 81 545 3
5245 839 6 447 106 559 10
4953 356 6 503 50 762 4
1972 628 6 506 84 449 7
10173 256 7 474 100 975 6
0 454 6 514 58 969 11
4960 862 6 340 47 958 4
0 364 6 495 93 911 19
0 735 6 323 95 720 20
365 806 6 415 114 540 1
5091 818 7 468 106 526 12
5310 317 7 545 87 602 9
9770 279 5 343 94 455 3
279 810 5 358 80 458 7
151 813 7 401 54 413 1
0 452 7 511 95 591 6
10277 299 6 476 84 823 17
9809 655 6 449 62 513 6
2352 433 6 439 53 493 12
9745 152 6 373 70 739 12
148 356 6 438 60 944 5
0 636 5 401 102 364 9
9847 369 6 451 75 889 9
4639 741 6 560 64 672 1
10295 477 5 355 85 991 18
5147 667 7 488 92 723 16
9942 797 6 415 55 550 18
5382 267 5 414 111 384 16
0 326 8 638 84 488 2
0 831 6 415 109 795 3
0 768 6 506 83 432 6
10142 769 7 390 93 949 7
0 641 7 409 103 362 19
9622 837 6 543 92 546 9
10065 988 8 452 60 717 20
0 521 6 409 114 546 17
4667 482 6 467 94 575 12
1847 973 6 356 115 343 5
9648 800 6 351 58 667 6
0 682 7 425 79 655 2
9677 967 6 393 70 549 4
2068 794 7 549 95 515 18
10201 914 5 371 96 714 18
4785 593 7 495 91 528 12
0 671 7 455 56 403 9
0 547 8 611 87 459 3
353 695 6 457 107 610 19
108 178 8 605 79 785 18
9862 585 6 437 58 600 20
0 753 7 426 115 366 16
0 803 7 457 124 510 3
1781 942 6 369 95 794 2
2023 310 7 527 110 449 10
2000 388 8 579 93 588 17
1949 978 7 512 97 610 16
9854 986 6 378 97 774 7
4680 811 7 519 104 442 20
5283 145 7 427 96 858 10
2200 861 6 424 55 309 19
0 716 6 360 94 796 19
1667 844 5 377 72 533 16
181 280 5 472 55 575 2
9782 290 5 318 100 485 12
5045 185 7 495 100 828 4
5393 814 8 459 61 672 9
200 259 5 430 104 496 6
2147 411 7 412 90 885 3
1874 777 7 504 125 553 3
10197 882 6 317 61 600 18
9704 613 7 497 110 532 7
2 217 6 551 117 289 18
2321 758 8 528 66 762 9
4943 677 7 559 103 902 4
10238 959 6 473 69 711 20
5049 769 8 425 68 831 20
98 122 7 528 98 724 18
4788 776 7 469 84 489 11
2044 947 6 551 83 619 11
4638 999 6 474 86 385 10
2310 163 7 614 88 655 8
9617 781 8 427 61 923 11
4852 210 5 373 84 529 17
39 184 6 358 106 317 20
10189 457 7 530 67 567 17
305 505 7 427 61 648 12
10178 887 6 411 103 464 1
9929 567 8 384 48 788 19
10341 171 7 391 86 306 3
1667 455 7 559 116 333 17
2391 207 7 455 104 619 2
9728 876 7 486 71 750 18
10079 791 6 546 87 373 5
1762 628 6 386 62 617 1
2164 588 5 451 89 961 2
10042 402 5 363 71 364 4
5069 908 7 507 62 703 17
4794 453 6 448 48 794 16
2049 723 6 469 68 533 12
2075 284 6 425 84 545 6
1604 793 6 475 115 472 3
0 611 7 501 79 302 9
10309 284 7 500 97 662 18
0 262 6 474 64 844 11
106 242 6 362 91 455 12
4736 740 6 372 114 407 4
5389 556 5 442 68 373 9
1934 911 7 499 91 476 9
10182 461 5 362 91 496 17
9648 266 8 356 90 687 8
10048 172 6 379 57 602 6
0 278 7 443 126 790 20
0 158 5 340 101 511 16
2113 662 6 411 54 752 2
0 505 6 413 110 487 18
1856 738 6 436 76 436 16
2038 546 7 399 64 627 10
10066 177 6 317 52 969 3
1643 148 6 451 92 514 7
9902 756 5 413 83 592 11
4826 705 7 510 102 611 19
264 908 5 402 68 325 10
10020 715 7 479 123 864 9
1606 960 6 413 114 605 20
2258 359 7 458 93 793 20
0 644 6 452 56 920 19
10149 758 5 424 61 624 3
9661 723 6 526 62 604 11
1914 582 7 554 95 569 3
4862 826 6 404 95 417 10
1650 869 7 525 111 364 7
5105 262 7 488 85 712 4
9946 350 6 407 93 469 18
5200 825 6 451 112 693 18
10119 434 6 433 53 868 12
5281 753 7 502 70 618 18
9811 819 5 406 55 444 3
298 769 7 394 125 621 19
1744 329 6 404 69 532 20
10387 515 5 344 51 509 2
31 913 6 391 84 551 1
0 950 7 509 52 483 4
10319 847 5 380 90 423 9
0 711 7 401 62 399 10
4657 962 7 410 96 484 1
5148 816 7 440 89 405 8
9724 771 5 327 100 506 3
4789 979 7 490 98 282 17
0 829 6 475 91 852 11
4715 609 6 532 66 789 18
5024 493 8 383 90 751 20
1765 956 6 314 95 422 8
5305 765 6 328 64 401 12
0 481 5 372 100 587 2
9619 265 5 354 68 865 3
5300 375 8 503 60 741 19
9949 275 7 467 76 517 1
97 993 7 487 71 832 9
383 360 7 382 81 635 3
10305 741 6 470 111 596 2
10179 782 6 466 82 879 12
98 974 5 438 113 335 9
5190 798 5 336 57 315 17
2087 167 7 448 52 596 7
4914 788 6 311 79 532 19
2020 993 7 509 100 476 3
0 460 7 477 86 966 7
4727 787 8 609 92 662 12
5273 480 6 544 73 820 8
26 910 8 451 72 612 6
9620 964 7 439 118 502 18
2234 900 8 465 81 562 8
2176 856 8 473 66 863 6
5310 627 7 366 102 906 17
1635 769 5 407 76 555 4
10012 881 7 431 61 620 20
1906 622 6 325 60 850 10
9701 783 5 371 53 466 2
5237 926 8 424 105 710 11
2283 597 7 547 127 755 20
4621 655 8 544 89 589 16
9717 453 6 435 60 771 7
0 713 6 464 116 413 18
9869 850 6 391 77 404 7
10240 543 5 344 114 675 17
0 909 8 402 47 481 6
5022 373 5 480 57 523 9
4764 621 6 452 122 646 16
5373 843 6 506 96 615 7
69 636 7 408 59 567 12
10025 229 7 398 49 628 18
0 988 6 432 119 350 2
10146 343 6 438 84 790 6
2356 139 6 446 88 632 12
21 776 7 536 91 483 20
10141 477 6 418 101 929 12
4812 323 6 365 63 850 5
1749 996 7 499 124 703 2
9610 323 6 470 75 390 4
2271 802 7 413 63 301 17
2258 671 7 467 83 488 19
4819 445 8 594 96 714 18
0 482 7 405 72 325 17
0 857 6 360 61 913 9
10113 145 7 431 83 697 5
1752 859 5 326 91 299 11
5377 258 6 393 65 505 4
0 817 7 523 65 592 12
2126 456 7 521 109 591 1
2285 427 7 385 59 840 9
1619 721 5 359 72 298 16
9630 478 6 368 55 387 20
1841 835 6 332 59 682 9
311 581 7 476 81 558 17
4622 240 6 508 56 407 5
2349 788 6 328 109 428 10
4747 774 6 435 90 382 1
4941 795 6 433 94 709 17
1880 237 6 414 76 522 19
1729 979 6 514 63 638 7
1997 683 5 336 112 549 17
4959 606 6 335 74 379 19
2263 215 6 377 111 823 16
2288 978 6 391 105 400 11
5132 440 5 419 96 291 16
4813 324 5 428 60 484 12
10215 587 6 419 70 466 9
10300 798 7 353 55 917 9
5379 928 6 360 83 300 7
9840 379 7 408 59 473 7
2255 880 5 460 85 610 10
2094 406 6 432 66 527 11
2048 940 6 503 59 572 1
4959 974 6 386 59 272 9
5387 409 8 489 76 692 3
1828 718 7 436 88 961 18
130 829 7 467 95 346 17
4697 181 6 554 57 948 20
8 940 6 458 104 935 18
4939 170 7 486 94 588 12
4989 660 7 367 89 933 12
0 695 7 370 104 399 8
1676 957 5 414 81 624 7
5016 202 5 432 74 428 6
10149 712 6 428 92 634 20
5174 564 5 343 102 968 9
10277 501 7 445 69 440 10
10021 745 6 445 90 436 9
2134 929 6 531 76 599 1
1869 127 7 537 65 674 1
357 835 8 623 95 533 19
199 726 6 434 95 429 5
5375 365 6 396 59 451 17
9764 197 7 442 74 574 7
1619 666 6 422 72 367 8
1826 132 6 400 58 552 17
1660 157 6 384 75 334 2
1973 792 6 470 90 369 2
9712 271 7 482 89 767 7
2089 759 6 445 93 559 1
10202 347 8 419 88 503 2
4629 745 6 421 66 601 9
4948 440 7 447 69 955 11
2056 422 7 325 91 537 2
2340 936 7 423 45 893 4
1773 677 6 424 55 326 12
4945 933 6 383 56 777 4
2034 247 7 508 69 888 4
0 218 6 402 59 437 16
0 999 6 433 120 918 20
2282 377 6 411 91 324 16
2375 814 5 333 69 477 9
143 369 8 636 56 651 4
1773 527 6 546 87 520 9
4850 363 6 407 55 398 12
0 918 7 502 77 342 19
2172 817 7 496 90 695 4
57 839 7 431 106 376 6
222 274 6 339 92 531 12
0 373 5 378 52 418 9
1874 605 7 527 94 474 5
5252 969 5 405 93 923 11
2064 773 6 484 104 324 9
2314 591 8 358 53 887 2
159 783 6 434 110 592 12
9806 969 5 422 61 569 2
9 645 8 372 81 953 6
1809 585 5 397 66 485 10
4829 960 8 529 112 729 7
1606 498 7 504 67 411 7
10140 787 5 379 88 473 5
2214 451 7 399 93 499 5
10400 707 7 351 59 834 11
236 441 6 406 85 750 7
4927 229 7 550 83 669 6
1874 513 6 472 121 743 2
2117 839 7 488 94 602 20
1841 785 6 341 92 545 19
0 176 7 448 109 428 20
202 812 7 493 92 758 12
9849 787 7 416 83 907 11
2144 187 6 514 67 733 1
9982 924 6 441 77 577 11
1712 811 6 472 99 638 11
9789 631 8 636 60 471 4
9628 972 6 475 54 499 18
1979 496 6 436 73 348 1
4944 255 6 398 82 920 6
1827 958 6 417 101 400 4
9984 672 7 462 110 494 11
1845 202 5 363 82 769 10
10191 655 7 341 88 667 16
0 619 7 531 79 586 5
9804 313 5 464 94 886 9
4752 489 6 373 62 761 5
106 368 6 533 109 384 18
5274 775 5 382 84 524 17
5133 303 7 446 65 704 4
10139 831 6 453 89 773 16
196 162 6 511 92 559 8
9776 689 6 450 118 550 11
1677 732 5 337 87 536 4
4834 851 6 431 60 798 20
1768 232 7 395 57 882 17
2247 919 5 430 118 379 7
232 322 5 395 56 989 3
396 174 5 419 64 816 11
0 876 6 466 103 448 2
