20 349
7 40 52 448
5 32 28 704
3 48 56 496
3 32 124 608
2 48 128 304
8 48 48 432
8 64 92 816
3 80 24 96
5 80 44 160
5 64 92 656
4 24 48 368
6 64 52 800
5 64 112 864
4 64 76 512
6 48 84 656
7 40 28 416
8 24 108 288
3 64 112 672
3 40 40 128
5 80 72 144
3476 178 1 93 24 296 4
2006 366 1 27 19 61 3
2252 324 5 63 27 96 6
2266 391 3 87 48 72 2
5271 393 3 274 13 93 4
5754 143 1 54 38 194 3
3757 467 3 210 19 197 3
349 439 4 63 9 308 4
995 427 1 137 23 91 5
8024 251 3 109 15 305 5
3242 133 4 106 10 153 2
4391 545 2 92 62 279 6
5721 343 1 18 14 330 3
3573 46 1 43 51 287 1
14 463 2 89 16 199 16
5635 423 1 67 33 375 6
4739 410 4 166 38 570 2
5096 468 1 57 25 261 6
1352 235 1 79 14 368 20
9582 101 5 85 54 110 19
5522 387 3 54 12 309 20
11106 233 2 30 10 231 3
5668 41 3 145 22 210 4
8236 97 1 17 67 201 6
1707 148 2 217 17 96 16
7071 285 1 64 34 196 20
1119 239 1 12 33 229 6
10511 375 2 127 9 196 15
7931 494 2 51 32 215 2
3043 292 2 38 71 74 6
6865 505 1 78 26 244 18
9753 525 1 180 60 342 20
1789 179 4 120 45 36 1
78 243 1 20 20 125 6
3735 174 1 50 7 24 16
11702 25 2 77 15 197 1
9816 375 2 261 13 345 2
5294 77 1 21 32 171 3
7633 148 4 282 27 80 15
2789 443 2 87 44 431 4
6375 257 1 37 9 53 6
1770 280 1 33 39 167 7
8525 412 3 203 20 173 3
3494 101 1 19 21 203 20
324 39 3 98 17 198 2
8146 382 3 150 47 363 7
5365 25 1 244 47 477 5
8948 161 1 100 7 54 7
8206 255 3 140 41 476 7
8658 207 1 209 27 248 6
8868 549 3 56 39 289 3
5829 520 1 23 23 249 18
6185 527 3 270 24 301 6
8251 518 4 98 23 335 3
11164 164 1 41 56 438 1
5106 513 1 21 19 526 19
5696 514 2 29 23 132 7
591 531 1 93 31 227 2
4857 238 1 22 74 109 6
200 133 4 164 21 283 1
9939 318 1 12 29 267 5
2616 299 2 74 47 312 7
7160 314 2 114 57 216 2
8496 401 8 433 21 513 15
9917 11 3 102 54 268 18
9196 22 1 41 51 221 3
4432 132 2 43 33 293 1
8557 97 1 32 22 381 6
5265 191 4 100 20 143 20
5889 269 3 182 17 20 4
4049 356 2 84 18 232 1
1900 482 3 170 25 85 18
9825 98 2 43 36 311 2
10032 199 2 33 77 209 16
9647 140 1 17 35 276 19
9878 108 1 52 12 36 2
6532 462 1 66 24 69 6
9714 46 2 77 83 67 5
1061 532 2 166 34 72 7
3504 122 2 98 15 70 2
10255 503 1 18 58 166 5
1270 161 1 60 29 244 18
9638 376 1 104 29 224 2
8324 340 4 69 13 102 1
10238 504 3 176 37 225 7
3626 465 5 161 19 184 5
8440 501 1 46 53 541 7
10952 268 3 118 29 285 3
4481 506 2 124 32 183 1
250 72 6 227 20 280 7
10275 124 3 129 31 378 7
8495 395 2 70 18 238 5
1716 357 1 77 20 98 4
2973 308 4 229 53 397 1
2058 337 1 35 16 168 3
4854 47 2 122 55 277 17
974 544 1 39 19 242 7
4285 535 1 44 43 296 16
3046 157 1 48 59 322 1
9805 352 2 67 17 117 5
3167 535 5 162 24 113 17
4415 284 1 32 73 388 6
11063 375 3 116 52 331 2
2595 390 2 143 26 124 5
5969 319 1 40 20 182 2
1203 233 3 130 12 25 20
1073 269 1 13 33 254 5
11139 296 3 178 24 242 6
7066 185 2 99 64 198 18
8699 314 2 61 62 422 17
387 411 1 39 19 456 6
242 548 1 103 64 347 2
3180 426 2 84 27 234 4
2387 140 1 36 27 278 3
10328 524 2 90 38 100 2
11197 444 7 236 28 99 7
4737 493 1 84 14 68 16
671 386 1 34 25 76 19
10709 37 1 114 40 83 16
9440 334 2 56 7 230 1
8677 116 1 231 54 578 4
9695 547 2 58 47 53 2
10968 298 1 98 76 242 18
6865 92 1 15 23 326 5
10502 284 1 61 7 84 7
145 430 4 125 17 279 4
10667 442 1 98 52 153 17
10960 239 1 16 26 110 4
545 461 3 114 39 296 6
240 115 1 25 27 374 2
7317 129 3 150 40 60 5
3918 351 1 48 20 192 3
11457 485 4 57 32 167 7
2326 266 1 25 85 118 6
7225 536 3 119 25 249 6
8554 291 1 21 62 115 7
5510 428 3 60 71 283 6
2776 509 1 54 29 59 3
4662 508 1 29 49 156 3
2073 166 2 63 35 469 1
2228 514 4 77 32 242 7
2713 477 2 125 10 72 18
3382 22 1 45 53 232 16
4765 35 4 136 20 117 6
7964 155 1 88 55 280 20
7080 523 1 46 20 219 2
11063 211 2 83 52 282 1
2560 324 3 52 24 240 3
9582 78 2 55 15 271 20
9471 460 2 48 44 197 3
3312 496 1 101 24 255 2
721 366 1 38 21 298 4
6980 512 6 168 32 185 7
10030 479 1 30 38 197 2
11538 42 2 102 17 147 16
3811 6 4 218 45 216 5
9260 356 7 238 8 214 19
10455 229 2 183 17 71 20
5175 242 2 47 40 419 3
774 348 2 172 20 73 2
10211 380 5 96 37 161 7
7920 528 2 109 35 591 20
9463 377 1 40 27 94 15
7351 307 4 204 29 384 17
2458 39 3 74 7 429 6
5622 31 2 35 22 218 20
10623 190 1 46 20 45 16
4197 348 2 45 15 171 18
11409 550 3 77 13 211 3
8530 123 2 69 70 418 3
1414 202 4 214 30 41 4
8977 180 1 23 13 387 15
1595 421 2 63 52 62 7
3352 537 2 26 11 488 6
9063 405 1 105 49 266 19
7853 451 1 23 29 167 5
7272 380 3 161 37 371 7
3405 331 2 103 36 402 1
874 37 6 371 20 292 3
4582 498 3 28 10 126 7
3226 249 1 78 7 45 5
2232 174 4 66 13 98 3
2717 366 2 65 13 198 18
3670 515 2 29 11 199 5
5041 179 1 41 16 312 20
11542 501 1 83 25 173 1
4845 247 3 71 38 261 7
3715 31 1 39 74 98 3
5040 16 2 195 29 163 2
6104 358 2 118 18 112 2
76 487 1 176 36 377 17
5582 305 1 41 9 46 5
8759 538 1 20 54 76 4
10645 116 2 104 28 160 4
8507 184 1 30 12 38 4
6542 61 1 63 40 99 19
461 381 2 136 51 277 1
8808 165 3 73 47 450 15
5831 382 1 32 22 267 7
5502 143 1 21 24 66 3
3928 26 1 51 61 241 2
1385 392 1 21 22 322 20
8636 390 1 56 62 316 6
2826 135 1 77 42 111 1
1696 135 1 20 14 68 16
9670 125 2 110 21 140 3
9330 173 1 94 21 45 7
9186 260 4 214 28 94 20
3406 206 1 22 13 274 1
4844 96 1 25 16 278 19
857 189 2 43 9 110 5
10582 508 1 27 30 116 3
6163 332 2 96 24 137 20
2086 531 1 23 16 446 3
7299 97 1 37 44 517 5
10468 160 3 220 19 94 7
1744 200 3 68 22 68 3
7253 40 1 105 10 49 18
7597 232 1 32 11 41 15
645 487 2 112 23 42 5
8657 39 1 17 18 95 2
11980 103 1 89 30 554 19
1226 109 1 26 26 88 5
3401 190 3 113 40 129 2
3605 225 1 17 25 342 5
7718 254 1 78 23 267 7
4157 232 3 103 28 216 2
10051 82 1 18 37 195 19
4273 435 1 22 15 347 16
2607 409 3 71 12 254 6
2928 477 1 17 12 314 4
10412 284 1 154 32 258 5
4753 110 2 60 42 316 15
4815 144 1 90 15 488 19
5202 516 1 48 35 235 19
1049 444 1 40 73 124 20
4173 34 3 54 12 294 5
3098 134 1 21 17 121 20
6565 43 5 386 40 265 4
2289 87 1 134 31 38 1
7571 220 2 172 28 273 4
2945 121 2 71 62 106 5
233 219 1 121 29 561 1
7293 411 3 72 19 262 5
886 176 2 70 29 172 1
5544 136 2 71 35 142 7
6002 93 2 176 46 219 3
11010 67 3 61 15 48 18
2356 477 1 101 6 210 1
3728 62 3 143 11 50 19
4370 310 1 81 17 337 5
4165 511 2 77 24 204 6
3508 99 1 59 52 95 6
7183 174 2 28 66 263 16
10377 461 1 44 25 159 5
8466 292 1 36 11 568 15
9376 420 2 72 29 229 19
8813 225 1 178 23 333 19
7863 149 5 121 33 229 5
58 352 5 186 15 114 4
1738 550 1 115 11 82 7
4366 212 3 63 54 449 5
1077 484 2 138 52 116 19
415 24 1 92 24 166 4
2052 354 5 181 28 314 3
4115 445 1 19 64 71 7
5512 23 1 67 16 121 7
5068 89 2 46 51 418 19
8552 281 1 55 56 478 5
1290 347 1 57 31 312 18
5725 283 1 24 77 156 17
1529 445 1 52 36 162 1
6618 425 3 68 41 633 2
244 269 2 171 30 462 15
1778 387 1 119 59 318 6
7775 323 1 63 22 84 17
6455 272 2 42 49 239 20
8622 195 1 42 47 81 4
9824 265 1 199 23 92 6
6942 95 3 120 30 34 6
9708 334 4 96 26 244 5
7102 441 2 62 71 430 2
9384 461 1 77 42 221 6
7030 369 1 54 65 409 7
4916 91 3 57 18 508 1
9747 473 1 36 27 154 7
6074 537 1 22 35 138 18
3575 68 2 51 11 219 20
11629 394 2 186 20 37 3
3530 266 5 198 38 164 5
10145 250 1 110 40 357 3
8464 8 2 35 63 423 4
681 57 1 33 32 128 20
1079 546 2 41 47 370 1
10557 111 1 50 9 512 3
3123 163 1 37 28 236 2
4963 299 1 29 17 137 6
3507 16 1 161 17 54 5
8039 57 1 34 38 62 1
3882 366 2 53 26 92 2
7864 450 1 49 40 99 16
11936 152 4 123 14 308 2
5555 541 1 107 50 479 1
9842 421 1 66 57 179 1
4557 503 1 30 19 240 17
11699 171 1 28 23 109 17
10467 393 1 65 16 53 6
4242 88 5 259 66 446 7
3125 275 2 52 12 40 4
6303 329 1 258 17 85 5
6736 92 2 112 12 138 19
5907 529 1 104 35 40 20
7729 367 1 87 27 245 2
8423 530 1 13 28 201 6
3141 253 1 92 49 243 4
9638 312 4 174 41 37 7
1701 102 5 205 46 543 1
1156 162 1 59 50 243 6
4575 373 1 170 8 275 2
872 538 1 218 23 208 3
8010 499 2 48 52 164 5
4315 397 1 38 37 190 1
11231 176 3 112 30 275 5
10052 211 1 291 50 304 4
2043 548 1 27 22 262 6
11828 41 3 108 13 265 6
5438 118 1 52 85 158 19
10393 403 1 12 25 367 2
9068 181 1 21 45 365 2
10811 237 3 136 61 194 7
451 221 2 208 27 222 3
10460 416 1 97 40 160 15
2966 332 3 59 13 181 6
8368 77 5 181 24 440 5
2012 118 1 137 18 162 4
1854 350 2 106 29 194 7
490 407 2 150 30 314 2
9427 499 2 52 23 245 2
10921 387 3 47 58 138 6
5258 61 1 164 43 398 19
8527 280 1 118 15 372 17
6099 222 3 113 20 262 1
5808 507 1 98 20 59 7
6474 41 2 78 35 162 5
205 470 1 53 39 218 5
2524 333 2 137 12 168 15
513 189 1 91 56 347 6
8079 337 2 153 59 197 3
200 215 1 27 56 160 19
