66 2295
4 32 28 128
2 16 44 96
3 32 48 160
3 16 12 32
3 16 12 48
8 64 104 784
3 16 36 80
1 16 8 128
7 64 104 528
6 64 104 848
3 16 40 112
1 24 40 208
1 32 40 32
4 32 28 160
3 32 28 240
7 80 124 832
3 32 48 96
7 64 100 976
4 16 48 224
4 24 28 80
2 32 44 240
1 24 44 160
7 80 100 848
4 32 8 176
2 32 12 208
1 32 20 208
7 80 120 864
1 32 44 240
1 16 24 80
2 24 8 160
4 32 48 160
2 16 44 192
2 16 40 48
4 32 16 144
8 64 108 976
3 24 40 224
1 32 44 32
7 64 100 672
2 32 28 176
8 80 120 800
4 24 36 112
8 64 124 896
2 16 32 112
1 16 16 240
3 24 32 240
2 32 12 192
1 16 36 176
2 16 16 240
2 16 28 240
1 32 12 144
3 32 16 112
3 24 32 160
7 80 124 720
1 32 32 96
1 24 20 128
2 32 16 160
7 80 112 768
2 24 28 48
2 32 8 192
7 80 116 704
1 24 44 256
1 32 48 160
2 16 12 32
4 32 12 224
8 64 108 752
7 64 112 960
2355 282 7 336 52 518 9
1983 764 8 432 95 878 12
5047 839 7 442 96 780 19
10071 800 6 455 113 390 9
286 928 5 409 79 358 20
4729 326 7 531 72 438 20
5257 513 5 375 73 814 17
36 767 5 331 123 722 20
10378 237 6 522 89 534 3
4848 521 7 353 107 339 17
10265 357 7 451 85 638 11
397 697 6 322 73 885 11
5303 889 7 384 88 613 8
4915 842 7 402 101 629 12
2349 644 5 459 89 487 12
0 148 7 409 57 483 4
5283 561 7 402 83 646 11
52 879 7 575 75 649 17
10 910 7 402 112 374 11
10194 389 8 599 72 477 3
10359 729 8 621 93 766 7
0 484 7 553 79 557 9
5227 201 6 452 94 802 10
10066 855 7 423 97 713 18
1848 624 6 414 96 749 6
2109 973 5 390 90 587 11
2294 559 6 461 72 494 19
10380 441 6 481 85 584 20
1995 709 7 443 119 414 10
4795 865 7 545 104 618 6
0 683 6 400 87 429 2
5121 700 8 342 63 939 5
2326 284 6 438 113 366 1
4793 769 7 399 87 539 3
4659 461 7 469 59 438 7
120 941 7 347 76 511 4
10014 670 6 414 97 546 4
144 875 6 410 104 664 3
2205 211 7 405 71 555 2
0 807 6 475 57 610 18
10262 707 7 451 102 407 2
10332 928 6 317 84 629 20
361 529 6 410 117 683 19
4646 630 6 330 66 376 7
5187 648 8 475 82 485 1
0 153 5 413 85 797 4
4668 836 6 476 66 700 12
10237 988 6 495 84 404 19
5267 942 5 376 69 568 17
4680 750 5 383 105 815 2
2027 638 6 553 62 736 8
1891 934 7 435 94 934 5
10292 786 8 499 90 934 1
10397 812 7 381 60 622 9
5127 164 7 295 68 841 9
4821 507 7 399 78 472 19
5330 939 7 447 73 727 5
10344 232 6 371 80 676 9
204 821 6 396 92 451 3
1970 245 7 555 85 771 4
1953 416 7 444 54 628 8
1745 582 7 417 110 471 7
9873 442 5 391 110 649 9
0 523 6 338 116 367 1
9637 918 8 393 58 664 5
28 518 6 499 68 610 11
1914 526 6 457 61 550 11
9946 859 6 422 60 703 11
10114 688 8 335 102 832 6
2127 526 7 391 70 416 2
1803 468 6 422 56 387 20
1663 977 6 344 50 703 1
2137 713 7 519 64 446 9
5239 303 6 324 98 749 5
356 542 7 428 57 563 19
1860 751 8 402 73 531 5
0 851 6 364 112 346 3
2331 786 6 433 107 672 11
9822 962 6 358 99 326 12
9949 495 7 321 59 488 20
9722 439 6 408 62 649 19
147 221 7 535 93 378 2
105 860 7 478 81 481 16
1679 191 7 531 82 449 10
2081 688 6 447 54 498 5
1713 742 7 508 96 764 11
4817 738 8 335 94 748 3
10224 480 7 409 82 900 7
10305 367 7 510 109 613 4
0 231 8 471 116 620 7
5230 823 6 452 86 566 2
4854 503 6 436 85 552 20
2356 755 6 405 59 472 3
1980 432 6 551 67 521 6
4616 732 7 407 78 730 1
1637 352 7 415 50 742 20
4791 399 6 544 96 643 4
0 938 7 429 114 638 17
2143 745 5 387 57 652 19
1614 886 5 478 85 590 2
5324 971 6 367 92 408 16
5030 665 5 407 54 383 20
1740 961 7 501 78 709 19
341 840 7 431 63 702 20
4983 683 6 341 55 769 7
2043 841 7 502 60 572 6
0 770 5 396 50 701 9
9616 302 7 370 61 794 4
9940 811 7 518 112 393 1
28 369 6 476 61 779 11
10000 604 5 383 64 525 5
9762 408 7 548 77 430 16
5249 755 8 460 61 635 18
0 835 7 413 77 628 3
0 308 7 426 78 616 16
4706 840 6 307 108 891 2
10347 236 8 491 85 396 1
9686 927 7 462 91 586 20
1671 778 7 418 112 469 8
5387 503 6 381 121 568 5
4749 326 7 413 62 707 6
9906 786 5 327 86 506 16
0 761 6 426 67 721 12
5307 653 6 423 68 537 3
301 872 6 374 79 386 3
281 479 6 423 60 559 7
353 469 8 335 123 421 10
10379 358 6 476 66 798 18
136 493 7 551 64 477 17
0 546 6 378 108 588 19
0 466 7 539 92 663 20
9606 402 6 305 93 351 19
361 949 7 349 54 670 6
0 616 6 555 51 799 8
4802 879 7 509 76 627 2
222 758 5 448 81 511 19
9948 801 8 379 86 617 3
4734 223 7 449 69 774 1
9985 514 6 314 63 615 6
9970 785 6 292 91 376 7
0 469 5 469 65 657 5
4990 880 7 548 99 495 11
9620 369 7 408 79 492 18
5044 864 6 340 52 513 2
200 721 6 490 62 432 5
5122 881 6 531 65 654 7
0 366 6 433 69 463 20
1876 324 5 383 67 556 19
9743 881 6 395 64 647 7
9740 927 8 429 60 425 6
10045 939 6 325 124 715 5
161 519 5 348 114 492 1
5144 500 6 377 89 476 5
1760 982 6 447 93 751 20
10129 959 6 463 76 718 17
10298 176 6 467 69 424 11
9767 555 6 450 58 604 10
0 162 6 376 124 686 3
9640 951 8 340 107 648 10
9961 396 6 496 83 653 1
10357 814 5 341 81 629 5
63 841 8 636 66 789 5
5251 728 6 444 84 780 16
1935 960 6 400 102 429 4
394 150 6 440 85 773 16
4952 952 6 417 76 625 10
108 799 7 418 108 503 9
9881 428 6 451 78 740 4
390 384 7 474 106 573 6
10274 774 7 529 70 549 4
10278 888 7 367 86 602 18
4870 761 6 354 97 882 17
1733 916 6 323 58 507 18
10382 562 6 505 73 700 4
295 353 6 533 92 699 20
9625 180 7 420 83 579 11
4812 792 6 383 93 683 20
4997 747 5 435 92 744 1
10082 343 5 416 93 364 3
0 332 6 452 93 587 1
1632 224 7 465 117 501 5
4757 669 6 509 98 553 20
324 168 5 375 57 576 7
100 760 8 357 82 411 6
49 493 7 441 48 673 18
94 233 7 428 78 697 9
10157 911 6 392 72 442 17
4816 849 5 388 73 409 7
1880 354 7 520 87 376 1
2106 187 6 409 61 617 2
1954 754 6 488 92 425 19
9656 982 7 413 79 697 7
2271 748 7 330 60 558 1
10297 410 6 316 62 416 5
2271 708 7 458 109 720 17
348 732 7 412 76 925 3
5147 991 7 409 108 559 5
10090 557 7 394 99 379 2
5305 175 7 622 117 432 19
4811 786 7 433 106 673 20
2204 831 6 496 61 608 1
4871 815 8 497 98 804 19
4715 443 7 360 64 560 11
10250 161 6 398 100 377 19
0 928 6 469 123 658 18
2093 160 6 381 100 482 18
1747 832 6 381 65 658 3
294 725 5 328 61 700 10
9970 995 7 403 107 340 2
9890 658 6 430 60 416 1
2081 312 6 459 109 380 11
5339 896 5 358 83 497 4
1947 526 8 370 107 796 4
10006 553 6 298 56 862 1
1785 466 5 474 79 526 5
10168 853 7 558 59 541 5
85 511 6 358 93 424 2
10316 943 6 356 93 431 11
295 528 6 360 82 404 10
9708 595 6 327 109 703 1
2335 650 6 479 92 510 6
365 961 7 468 110 647 19
204 233 6 441 100 765 6
23 473 5 428 70 577 5
9619 359 5 430 90 726 6
9614 726 7 325 90 535 8
374 880 6 440 94 634 11
10394 169 6 426 106 738 8
4903 625 6 443 110 478 4
2205 367 7 504 99 526 20
5203 826 6 376 49 635 2
7 433 5 352 67 815 8
2268 391 8 384 106 596 16
399 846 6 330 56 320 18
0 957 6 374 86 496 10
0 178 7 419 88 593 9
9763 562 8 358 115 488 12
2156 539 5 427 81 622 10
0 954 8 437 76 638 11
2339 508 6 392 64 530 18
130 750 6 461 96 655 1
4654 180 6 478 114 770 12
10042 549 7 410 99 583 10
4667 435 6 444 61 472 20
386 501 6 412 88 561 10
4986 805 5 358 96 673 5
61 808 5 451 75 808 18
9617 226 6 370 116 431 4
4892 313 7 429 66 472 1
4768 281 8 477 85 596 1
251 784 7 539 102 376 8
0 753 5 444 100 684 7
4859 384 6 550 98 758 18
2214 319 7 503 87 493 3
1706 446 6 375 68 538 5
1765 325 5 457 59 450 16
1722 321 6 391 65 561 11
1896 897 5 330 59 450 4
10329 653 7 368 103 668 10
267 354 7 487 123 862 1
4787 516 6 464 68 690 5
5378 937 6 475 65 551 10
2048 974 5 407 113 498 5
2108 392 6 409 68 443 16
1997 767 7 444 123 636 2
10358 799 6 389 119 753 1
0 350 6 375 77 669 12
4727 429 7 471 98 622 12
9641 841 7 312 76 788 9
5129 754 5 360 59 612 12
4604 380 6 513 60 668 18
10170 775 7 497 100 729 8
0 474 7 413 94 660 8
173 582 5 428 69 541 3
10311 409 7 444 104 675 12
4883 976 7 496 115 433 8
0 438 5 397 116 494 20
0 829 6 518 59 392 4
9903 712 6 487 82 780 18
2034 857 7 552 102 512 12
9743 888 6 343 90 479 18
10099 150 7 353 66 510 10
5341 929 5 350 61 377 17
10095 516 5 410 61 828 20
10012 768 8 496 113 598 19
4671 452 7 441 53 938 8
9633 299 6 402 114 593 2
2242 511 7 331 52 587 9
5113 129 7 508 73 810 5
10315 386 8 628 77 561 19
166 871 6 439 71 667 5
10020 379 7 493 56 371 10
0 612 8 409 96 953 20
0 707 6 439 82 430 3
5079 781 6 367 102 428 7
5355 748 8 386 112 450 1
2254 877 5 427 87 676 9
10191 778 8 492 94 836 4
2005 229 7 429 64 772 20
4989 719 7 486 91 400 18
10111 786 8 378 51 727 16
2164 888 6 468 74 726 18
10267 687 6 353 63 671 3
1641 688 5 430 114 383 19
9702 870 5 434 81 478 9
5245 915 6 343 100 885 2
5213 276 6 402 80 780 11
0 952 6 394 71 657 19
88 245 6 429 102 450 8
4633 808 5 369 79 421 11
0 203 6 453 84 502 20
9942 221 6 314 57 594 3
0 996 8 461 75 666 7
2345 448 6 453 60 606 1
5283 121 7 511 92 370 9
0 264 8 429 82 869 20
9776 136 8 457 94 686 5
1915 907 7 422 78 516 16
4920 899 6 476 81 746 6
10399 205 6 357 92 648 17
316 726 7 447 74 698 6
0 569 6 316 102 424 20
5287 748 7 385 105 818 18
4854 934 7 451 99 593 1
10110 320 5 377 72 653 19
2022 718 5 389 65 501 7
10189 140 6 393 102 825 12
307 405 6 441 78 465 18
1867 857 6 412 99 605 3
10366 707 8 458 106 572 19
5144 435 5 368 79 504 18
10122 840 7 417 68 523 17
0 281 7 531 80 694 20
1773 345 8 379 86 523 20
267 747 7 306 88 412 7
0 810 7 551 118 393 2
1939 356 8 592 97 733 17
5049 993 5 316 67 437 4
4718 640 6 361 115 338 18
0 559 6 544 118 821 7
9670 181 7 443 55 948 11
5291 534 8 577 101 536 12
73 481 5 355 113 573 17
5008 515 6 434 102 359 19
1941 995 7 436 105 508 20
5106 263 6 477 73 399 7
2165 643 5 429 82 728 7
1810 172 6 361 63 976 19
0 837 5 465 76 677 18
10280 829 5 427 64 513 2
0 346 5 320 116 412 20
0 461 7 531 109 426 9
5393 261 6 321 93 574 4
10246 303 6 437 99 335 20
0 905 6 513 118 665 1
9712 585 6 448 46 531 8
4891 903 6 445 64 615 11
21 237 6 556 79 682 20
4949 813 5 333 93 652 19
4737 817 8 350 61 838 3
9849 668 8 427 95 522 2
0 261 6 319 103 417 18
10322 815 8 431 66 620 9
0 496 5 433 72 497 12
2131 717 6 304 82 638 10
0 169 6 323 111 796 6
2073 405 6 545 54 581 12
4719 906 7 431 49 738 17
0 309 6 463 118 665 6
9820 205 7 478 107 851 1
5082 822 6 371 110 549 4
9951 693 6 372 95 470 19
0 715 6 470 98 702 12
246 210 6 392 112 651 5
5045 670 6 505 63 538 16
9685 761 6 435 69 726 2
1938 957 5 384 109 481 2
1806 242 5 355 105 551 11
2074 568 6 379 47 821 16
10178 562 5 402 103 823 10
10396 520 7 422 103 761 1
2340 674 7 628 101 714 19
0 507 8 435 88 835 16
309 509 6 341 100 610 4
2335 173 6 420 99 494 7
0 806 6 321 72 450 10
2354 403 7 424 80 610 18
2266 899 6 528 73 770 10
57 622 7 391 100 640 5
1805 446 6 391 61 506 11
0 252 7 458 84 555 11
5375 794 5 437 85 483 18
9633 631 6 325 123 709 19
4920 814 6 387 98 711 10
2189 698 6 377 94 696 4
4975 601 6 506 61 447 10
2397 678 7 415 77 546 12
10030 797 5 320 100 482 2
2017 772 7 352 60 745 17
4999 791 5 427 81 434 2
10 702 7 385 120 383 12
10290 800 6 435 94 516 19
103 203 8 464 106 593 4
1927 430 5 355 55 487 4
4847 668 7 360 58 863 3
9733 176 8 390 85 739 17
9705 972 7 446 75 595 16
9884 144 7 484 100 638 7
2110 650 7 524 73 662 8
4910 427 8 624 61 615 17
1977 403 7 391 100 815 9
10172 172 6 336 76 433 9
4842 433 6 481 66 329 6
2214 936 6 383 54 523 6
9952 327 6 375 84 705 1
4710 978 7 532 87 469 3
74 756 6 537 66 841 3
0 674 7 498 69 434 11
2025 167 7 323 76 701 12
1662 843 7 579 103 556 2
5008 703 7 496 98 473 17
9929 882 5 463 110 546 19
4896 940 6 560 94 576 12
253 391 8 442 73 369 19
2315 291 7 319 66 648 19
9712 998 6 398 119 709 16
9671 771 7 352 79 587 5
0 396 7 471 121 508 20
4871 756 7 404 106 685 12
9963 348 7 434 63 746 16
10260 758 6 335 78 605 16
0 172 5 332 71 602 18
4900 667 7 475 100 637 5
0 893 6 435 89 618 16
1616 778 8 450 62 534 7
5 502 6 393 116 427 11
211 899 6 383 98 565 9
2286 797 7 448 57 617 18
5125 675 6 408 61 405 8
0 829 7 462 64 434 19
4773 497 6 414 92 807 3
1814 629 6 371 51 499 12
4957 764 7 450 103 763 20
5179 802 6 349 115 511 16
4628 782 6 480 67 439 11
1849 819 7 414 101 502 9
2398 725 7 449 116 728 4
10197 793 7 505 88 471 7
9764 545 8 422 85 599 4
1826 878 7 499 69 609 3
4648 766 5 423 94 707 11
10261 410 6 410 111 482 18
160 678 7 410 89 532 8
5344 899 5 466 65 674 12
10183 631 6 391 85 667 16
10255 321 7 336 89 504 1
1669 930 7 344 105 539 11
10344 875 6 393 72 734 10
1859 785 5 351 79 469 5
295 187 5 328 105 784 20
252 749 5 464 105 480 2
9768 451 5 322 112 573 8
1939 437 7 344 99 485 3
1738 617 6 541 116 480 9
1600 307 7 397 57 882 4
9661 198 8 416 98 776 17
9797 694 5 321 112 318 18
0 286 7 392 73 521 9
0 680 7 374 98 536 7
371 970 7 347 88 683 8
10176 370 6 549 106 626 18
4708 714 7 411 67 431 18
5398 944 6 441 94 753 10
9719 986 6 445 68 389 12
5011 746 7 539 97 537 11
10086 888 7 347 51 519 17
53 566 7 517 80 774 17
9922 986 7 377 57 976 1
2396 857 5 327 59 713 4
1622 976 7 413 72 336 18
5327 773 6 485 93 766 12
10093 885 6 390 61 750 5
138 798 5 353 67 809 5
4650 306 7 381 73 474 7
0 855 5 341 100 682 12
5371 231 7 511 101 818 5
9790 772 8 471 53 760 8
137 945 6 360 73 434 3
10105 722 5 344 66 406 1
5257 160 8 481 124 820 6
212 783 6 333 79 697 19
4885 763 7 483 47 660 9
9826 623 7 367 69 394 17
4920 124 7 407 106 703 19
9968 731 6 376 61 817 7
258 816 7 442 59 552 9
257 845 8 388 108 514 2
5192 807 8 589 97 650 3
5083 218 7 402 107 575 7
4954 855 6 367 75 620 4
10293 778 6 335 92 453 10
14 692 8 441 58 737 6
4788 298 7 401 110 437 12
0 236 7 442 104 578 5
9764 797 6 357 81 767 18
105 318 7 477 109 766 4
10334 544 6 464 81 695 7
4768 189 8 480 82 413 18
10124 717 6 417 107 634 16
1988 804 8 386 107 761 12
1980 609 8 451 97 725 6
9909 630 8 472 76 814 9
9687 795 7 430 99 591 10
0 827 7 435 70 778 2
10355 740 7 508 66 650 8
207 868 7 513 121 430 7
9616 769 5 431 61 357 18
1709 709 5 446 77 553 20
9832 893 6 325 61 747 5
1803 986 5 409 76 476 19
4892 705 6 406 69 532 3
1818 299 8 417 93 492 4
1835 138 7 499 92 527 17
5236 846 7 403 63 469 10
5130 280 7 352 69 364 5
4735 256 6 460 100 335 3
5356 895 6 406 98 328 7
1712 939 7 369 63 734 12
5345 848 6 501 58 784 11
4682 581 6 326 82 559 6
1753 742 6 344 109 389 6
5316 323 5 453 92 566 19
5122 732 6 381 83 513 19
4771 822 5 463 61 864 8
10252 875 7 498 85 706 7
242 763 6 441 83 513 6
354 480 6 480 72 702 19
2343 350 7 403 54 765 12
2263 633 6 403 95 413 4
5148 748 6 555 120 557 5
9913 573 7 407 80 524 10
2325 169 6 432 90 339 7
0 750 6 414 100 362 18
0 658 6 397 81 735 17
257 591 6 414 55 724 12
5113 159 5 422 87 343 6
4674 132 7 541 79 663 17
9855 793 7 375 88 635 16
2081 438 7 449 71 513 19
1618 246 7 496 100 505 6
1864 500 7 405 111 460 18
10261 769 6 394 91 588 8
5393 370 6 538 95 540 9
97 239 7 346 61 867 16
307 234 7 544 85 642 20
10118 820 8 600 100 725 5
156 581 6 439 81 763 12
2185 896 6 558 117 684 1
2283 535 7 412 83 865 7
4972 440 7 548 59 436 17
2322 293 6 375 89 387 19
2254 868 6 458 69 581 7
0 911 6 340 64 481 20
4936 410 6 465 115 490 9
10123 259 7 455 93 714 12
4712 731 5 359 74 559 16
9976 140 6 321 56 401 3
10341 325 6 421 89 429 2
4715 236 7 456 72 722 6
1870 248 7 389 70 750 9
23 766 6 510 69 444 19
5302 488 8 491 86 882 6
5209 829 6 416 78 441 4
4661 731 5 418 91 393 16
2028 516 5 399 85 542 17
4868 719 6 358 96 451 16
0 238 6 379 59 430 5
2382 442 7 338 94 730 20
5294 800 6 427 63 556 4
1808 969 6 416 87 610 10
2041 609 7 431 61 757 9
5058 751 6 449 94 414 7
4927 974 6 446 76 508 12
10254 607 8 352 79 863 5
5316 622 6 359 109 654 8
1694 926 6 475 104 604 10
2355 392 5 449 89 502 1
10268 349 7 417 80 798 8
2197 839 7 505 102 461 8
2221 858 6 478 104 511 1
196 700 6 463 100 502 18
247 678 5 458 91 641 10
4893 746 6 431 108 416 3
9604 805 5 479 58 493 19
2341 249 5 341 105 632 1
23 584 6 441 95 805 1
9991 533 5 470 67 746 16
0 917 8 507 63 960 17
5061 347 5 463 90 696 20
46 189 6 418 106 467 1
4722 359 6 475 76 655 6
10155 370 6 452 62 605 12
5158 847 7 609 76 533 10
2204 155 6 482 67 650 9
4920 568 6 389 89 795 19
9820 272 6 372 82 319 12
387 249 6 407 92 434 20
1952 283 6 414 122 481 9
0 369 6 451 90 558 12
9760 634 7 509 62 739 6
1759 528 6 436 62 670 2
9752 256 8 337 94 602 10
0 263 8 445 111 844 16
2334 399 6 368 81 797 4
9824 215 5 475 62 844 16
5225 968 6 506 65 740 17
209 796 7 616 61 460 17
9615 737 7 440 53 951 12
9873 558 7 554 106 494 9
2305 214 7 483 114 397 8
9890 268 5 334 123 627 4
0 746 5 446 96 672 8
1896 617 8 502 123 871 5
9687 635 6 320 106 617 5
2043 740 6 432 66 609 5
5389 624 6 393 59 339 3
10105 659 7 414 62 381 4
175 534 8 378 61 403 6
0 213 6 363 96 493 18
4665 740 8 391 101 450 4
5306 534 7 494 56 503 9
5082 935 5 472 95 418 7
0 473 7 442 90 560 12
5010 789 5 395 112 506 1
4679 666 6 435 119 346 16
9920 170 6 378 77 414 16
10062 766 7 319 96 658 10
10195 877 6 328 56 436 8
2022 854 7 380 116 811 12
10150 973 7 520 107 492 1
10223 740 7 381 55 460 4
10099 948 7 494 89 431 9
1633 403 6 437 62 637 12
9981 820 7 433 89 535 19
140 926 7 392 83 512 8
239 878 7 345 99 587 16
1751 939 7 370 101 375 7
0 587 5 397 60 722 9
9909 132 5 382 83 668 19
1973 747 8 506 105 874 11
9672 802 6 431 90 855 20
0 702 7 439 95 686 16
185 808 6 451 79 437 2
0 846 5 339 109 617 12
238 994 7 501 66 467 4
4626 496 6 361 122 657 18
5186 696 6 520 87 732 16
1867 177 6 430 108 472 11
1658 730 7 398 53 624 12
2225 958 6 385 105 669 3
2237 905 6 428 60 958 8
4616 708 5 350 72 629 12
2148 863 5 458 73 518 1
162 415 7 438 52 348 16
2059 999 7 392 62 607 10
2280 917 6 418 58 775 3
0 731 8 339 93 609 6
5144 568 7 437 76 721 20
1911 731 7 560 74 387 18
0 794 6 440 102 468 3
2223 866 6 369 78 650 11
5365 729 7 374 96 406 1
10224 848 8 383 59 598 17
2200 728 6 404 85 529 4
5123 701 6 428 120 648 3
1863 709 6 543 82 778 5
9782 704 6 436 73 866 2
0 795 6 521 96 553 1
13 672 8 498 98 583 9
270 980 8 397 69 491 19
10129 937 7 354 99 428 18
0 765 7 358 107 514 17
2338 192 6 554 94 451 6
5297 691 8 351 68 544 18
9951 683 6 453 111 325 18
2125 355 6 369 63 535 4
0 462 7 471 107 390 7
10208 342 7 365 70 806 19
9837 778 5 420 53 654 18
9972 780 8 361 77 679 20
10259 978 7 548 98 763 17
4851 633 6 521 59 510 8
4821 803 7 294 57 971 7
2121 721 7 503 64 613 11
2079 231 6 551 74 692 18
2117 336 7 334 83 555 18
10032 775 6 408 120 528 12
2190 265 6 328 108 667 2
1637 857 7 433 47 589 18
4721 139 6 475 62 592 5
0 543 6 416 60 665 2
114 991 5 457 108 738 12
2385 202 8 445 101 767 7
9849 685 7 368 80 730 1
266 146 7 544 57 466 6
2004 829 6 447 112 701 18
5248 521 6 485 64 490 8
9799 572 6 377 98 618 4
5082 848 5 398 98 555 6
9783 884 7 332 62 440 8
4710 326 6 542 118 439 18
4707 707 6 438 114 755 3
2048 992 6 520 94 404 1
9649 916 6 558 94 576 8
5084 926 8 467 95 688 7
10191 925 6 404 92 544 20
2003 358 6 304 105 444 8
10255 690 7 471 50 717 4
9630 975 7 514 56 565 1
1671 657 6 360 72 505 17
1750 382 8 482 61 620 18
10163 574 5 345 75 710 1
4965 504 7 443 123 531 1
5379 518 6 408 54 635 2
2106 136 7 384 107 532 6
1826 865 6 442 92 424 11
5065 836 6 420 68 475 3
10189 702 6 448 104 421 12
9716 750 6 447 60 427 17
1947 490 5 331 117 522 10
0 434 6 438 100 648 9
35 440 6 434 103 492 16
2084 676 6 316 69 650 19
1843 982 6 330 108 452 1
9907 987 7 461 66 507 8
5164 617 7 399 104 534 7
4689 743 6 521 107 677 6
9816 835 7 634 119 377 17
0 520 6 428 64 710 6
298 428 6 540 123 385 10
2132 779 8 507 89 794 5
10219 160 7 426 122 485 20
10150 580 6 299 100 974 5
0 195 6 367 95 539 7
0 574 6 422 119 794 8
5357 973 7 351 118 587 5
357 995 5 370 87 642 16
2198 905 5 472 88 449 20
2310 497 6 365 93 810 16
9692 238 6 441 71 604 1
0 213 7 415 60 810 9
1631 301 8 451 107 709 9
5055 882 7 366 88 746 8
121 213 7 402 86 503 5
187 676 5 316 106 651 8
9865 445 7 369 111 551 9
10140 439 6 423 84 586 4
9887 933 7 377 57 777 20
5109 847 6 396 80 817 20
4808 607 7 530 48 643 17
192 744 5 392 116 588 12
4770 480 7 528 68 610 17
0 220 7 477 78 558 17
15 727 6 468 56 513 4
0 911 7 518 81 771 16
0 689 6 417 53 373 9
222 764 7 412 64 724 11
9800 895 7 555 95 612 8
10293 768 6 318 67 520 18
9764 740 8 401 69 365 19
10296 731 7 523 68 819 7
2137 656 6 560 56 579 10
10330 833 6 294 98 749 3
4868 989 7 462 66 572 8
2182 863 7 530 100 688 3
0 816 5 380 104 345 2
0 617 8 442 97 789 10
4655 380 6 411 59 375 17
0 706 7 451 62 510 9
0 607 6 406 96 704 17
10255 670 5 428 97 753 19
5043 764 7 417 119 684 16
0 937 5 392 54 676 6
0 232 7 389 111 580 11
2221 665 5 471 113 361 11
9646 163 7 388 94 650 9
0 939 6 397 104 612 12
9707 986 7 574 116 510 7
1747 739 7 459 55 412 10
0 929 7 486 78 506 16
2214 125 6 322 76 946 16
5221 797 7 397 70 824 17
399 938 7 384 67 584 10
0 702 6 450 105 816 12
2250 309 7 447 118 584 18
2075 187 7 462 95 372 20
1649 700 6 395 66 624 1
1831 147 8 459 92 440 17
4736 530 6 422 80 496 18
195 740 7 448 59 540 12
9616 709 7 393 63 606 17
0 670 7 404 50 506 20
1870 463 6 325 90 622 19
5123 489 6 550 70 456 11
4647 809 6 339 101 639 19
9752 177 6 410 99 547 17
4730 509 6 480 110 617 20
1879 742 6 338 66 631 9
2283 983 7 503 62 557 18
2165 736 6 489 102 796 3
9635 815 7 318 105 793 5
9702 395 7 506 90 938 1
1793 404 8 514 71 480 17
9936 525 6 472 99 778 12
0 443 7 531 70 681 12
9613 337 5 345 106 463 6
0 706 6 474 81 686 1
5100 802 7 409 81 599 3
141 236 6 366 76 389 2
126 312 7 512 118 415 8
10186 828 8 556 100 712 10
5028 731 7 443 68 652 19
4911 616 8 555 106 587 2
0 826 6 435 64 601 17
165 323 5 330 76 347 16
10078 645 6 399 95 574 19
5086 847 5 425 93 430 8
9718 417 7 462 79 668 2
2019 178 6 499 79 499 20
2021 796 7 337 53 899 17
4911 778 8 384 65 447 4
67 931 7 344 88 886 9
5247 767 5 395 72 674 16
5017 714 6 337 54 757 3
0 795 6 433 123 600 17
0 745 6 333 119 543 7
9798 612 6 438 113 839 18
4665 489 7 296 80 444 16
9744 973 6 452 71 508 10
1776 403 7 373 63 674 18
2092 769 8 474 115 458 8
10170 738 6 394 53 740 7
5121 852 7 514 106 816 6
4766 793 6 458 116 454 1
0 874 6 389 71 823 3
1816 289 7 433 78 679 19
333 381 7 383 72 400 19
5160 379 7 477 65 426 18
1799 649 5 399 95 517 20
9809 472 6 409 116 571 20
5258 631 6 308 102 472 11
2354 841 5 367 61 465 7
0 673 7 602 111 611 18
0 201 7 429 65 562 20
2396 227 6 385 104 472 18
2182 746 5 339 51 775 20
0 287 8 363 94 611 9
0 586 5 326 124 706 18
9970 872 6 462 114 502 11
1830 460 7 310 113 571 18
1999 988 8 402 73 904 17
10278 280 7 425 84 678 18
9677 730 7 559 88 499 7
5008 332 7 349 60 498 2
0 706 5 402 65 710 18
9810 980 5 397 72 536 12
2199 678 5 340 72 757 7
0 729 7 417 65 716 1
2092 642 7 504 85 881 20
1746 740 6 531 103 339 7
10102 665 6 443 105 663 20
10339 127 6 407 106 891 12
9960 521 6 357 104 684 5
84 245 6 441 99 639 18
5381 122 6 525 64 530 17
0 967 6 511 64 455 20
9834 755 7 412 99 847 10
2363 970 8 454 79 724 8
1964 814 7 617 88 787 16
4795 588 5 462 73 560 17
1876 806 7 394 93 568 5
10257 221 6 492 84 666 17
4692 854 5 398 88 661 17
217 999 6 490 75 669 6
10124 241 5 323 77 412 18
5391 645 8 544 77 619 7
4974 198 5 463 95 410 18
9855 747 5 352 57 451 9
2268 800 8 355 87 586 18
2378 229 6 353 98 398 11
0 840 6 350 119 862 17
2395 515 8 364 114 827 17
9730 279 6 388 118 732 19
10226 483 7 367 90 422 3
9773 363 8 503 82 666 16
9927 998 8 511 55 522 2
1940 570 7 525 67 563 5
0 648 7 415 72 848 19
0 436 7 494 64 534 19
5175 248 6 429 79 626 1
4711 967 7 531 58 410 7
5175 764 7 403 57 613 12
9905 275 8 486 70 344 17
4919 431 7 540 72 605 9
2328 742 7 375 124 414 1
0 712 7 413 72 640 10
4686 668 6 381 65 705 12
4974 805 5 468 101 575 16
2219 514 5 444 95 756 12
4922 971 7 438 122 467 20
2268 422 8 464 64 751 10
4991 966 6 510 65 712 7
5302 964 7 505 90 466 16
10029 673 7 393 63 843 5
254 302 7 600 66 737 12
1665 847 7 384 103 537 6
10343 631 5 321 61 555 20
1732 781 6 458 93 546 16
0 785 6 403 92 715 11
374 970 6 493 106 663 12
10110 595 6 439 105 673 16
165 777 8 514 63 650 12
10040 771 7 474 124 465 3
0 768 6 406 65 847 18
0 164 5 359 76 659 2
9774 704 7 331 69 592 8
2233 708 6 538 62 505 9
4712 811 6 306 75 649 17
5092 431 7 383 75 475 18
10382 536 6 325 108 521 4
329 922 7 367 61 556 4
9731 475 5 343 111 491 2
9745 975 6 410 107 699 10
9906 975 7 504 60 824 11
10346 955 7 421 101 714 2
10369 404 6 375 91 833 9
1873 944 7 449 79 735 4
5105 725 7 440 69 632 18
9618 424 7 477 89 701 4
4860 633 7 395 89 705 10
1810 632 6 349 62 648 11
2061 922 6 413 60 612 11
10225 743 7 446 58 601 16
34 277 5 455 65 438 11
53 506 8 452 96 751 18
253 599 7 560 93 777 16
143 818 8 353 100 510 7
2096 583 7 521 124 381 18
5266 155 6 510 52 421 6
1689 759 5 407 95 448 10
4726 886 8 379 57 706 1
9850 998 7 558 83 533 8
5098 481 6 376 123 662 11
5101 893 6 373 68 432 4
0 188 7 448 114 555 2
354 852 5 466 94 844 8
195 256 8 551 93 364 17
2081 373 7 481 91 517 17
5143 802 6 322 62 523 11
2339 447 7 441 116 448 1
9935 754 5 440 86 403 4
1669 773 5 365 85 663 1
2022 690 7 406 93 462 19
4747 823 6 506 86 502 18
1659 450 7 456 102 838 4
5081 591 6 319 76 529 20
185 271 7 470 70 425 20
0 808 7 525 116 605 1
2206 806 6 512 66 401 2
5356 758 8 373 106 581 1
4926 947 8 379 114 639 10
0 994 7 457 73 571 4
2275 552 6 370 99 436 16
0 399 7 454 83 624 6
125 574 6 335 114 607 19
4804 955 5 351 77 356 5
5154 322 7 376 60 902 6
9958 597 8 368 101 678 20
1658 634 6 364 101 659 3
4601 374 7 445 109 529 6
235 710 5 326 71 379 11
98 883 6 369 104 432 20
4854 277 5 340 55 512 8
10286 433 6 482 84 430 5
9906 889 6 540 75 523 10
5377 491 6 306 58 801 8
5059 465 7 519 81 547 20
1848 862 7 461 100 796 19
10369 433 5 437 76 630 20
0 831 6 464 55 499 18
0 437 8 573 106 777 19
9649 961 6 418 101 699 4
279 823 7 435 103 697 18
2072 741 7 458 80 415 6
0 756 6 395 93 580 7
0 980 5 434 81 680 19
10238 633 7 452 104 607 11
4696 131 6 376 89 902 17
5241 120 6 347 74 552 9
10334 214 7 496 83 509 10
4601 352 6 433 67 585 7
4649 359 5 415 77 417 9
4695 928 6 420 104 515 16
9719 555 7 507 74 625 9
10253 762 8 389 81 779 18
9644 120 6 345 109 387 4
2124 199 7 391 90 647 6
0 741 5 445 109 423 20
10364 637 5 416 93 444 6
145 820 6 502 58 552 17
5139 743 5 344 90 428 12
10363 239 7 412 63 452 5
2346 991 8 453 120 525 4
10383 233 6 357 79 466 19
4698 817 7 419 102 561 5
4622 523 6 386 87 677 1
5033 385 7 554 121 697 16
5356 737 6 419 100 765 6
2077 720 5 314 89 633 6
19 708 5 474 103 674 8
4668 498 8 623 103 499 5
9688 884 6 334 78 749 19
1779 318 5 464 52 632 18
176 808 6 382 113 544 11
14 755 8 443 102 718 4
9684 967 7 418 117 686 18
2000 397 7 617 66 563 16
98 178 8 502 100 854 17
0 715 6 464 74 547 18
9708 486 7 391 76 674 1
5350 240 7 373 74 614 1
300 688 6 368 75 746 11
4978 781 6 403 71 557 8
9967 889 6 321 102 502 20
0 317 7 363 100 384 12
9671 809 6 494 56 519 4
5253 263 8 478 85 743 12
2107 742 6 415 105 691 18
4692 215 6 560 82 390 16
257 280 6 380 73 831 18
2369 926 6 367 90 337 16
390 268 7 398 99 623 12
10091 774 7 572 120 677 17
9842 962 8 612 87 656 6
355 281 6 419 119 761 12
0 429 6 381 93 472 19
2211 928 5 469 92 430 5
4854 169 5 332 71 462 7
4726 836 6 408 74 515 18
0 638 7 364 107 792 12
10338 856 7 433 76 520 11
10257 865 6 452 105 653 19
259 791 7 487 59 382 8
5289 897 5 338 76 700 4
2084 352 6 312 87 656 8
127 632 6 442 82 352 6
4815 809 6 447 63 513 3
1729 853 6 355 115 820 19
4898 792 5 406 87 554 18
2337 402 5 389 81 420 7
5311 755 7 357 58 486 12
9776 353 8 381 58 465 10
10387 928 6 437 97 745 12
241 737 5 450 112 437 19
1 124 5 476 64 483 9
0 838 5 478 96 570 6
0 421 7 514 86 627 19
9950 521 5 456 84 690 16
0 912 6 453 92 325 9
4719 324 7 468 91 567 6
365 155 7 415 104 444 6
9680 802 7 399 50 801 12
348 845 7 438 73 564 7
2105 873 5 461 84 353 5
10049 599 7 420 84 430 8
0 548 5 379 87 703 19
2379 198 5 364 101 393 7
280 630 7 500 55 845 7
2037 406 6 442 109 719 20
112 299 7 400 85 845 18
312 761 6 417 96 472 19
9926 209 5 410 70 499 1
1649 468 6 386 102 499 5
4997 276 8 358 99 605 4
9978 705 6 325 58 954 6
1625 901 7 438 63 485 10
10393 512 6 364 78 352 7
9662 836 6 533 85 411 3
1755 302 7 442 73 653 8
9816 706 7 376 108 885 1
1736 750 6 514 76 659 7
4651 424 6 378 108 699 8
2331 741 6 470 58 670 9
9797 724 7 365 77 681 5
10375 940 5 430 106 432 10
9725 818 7 353 99 834 12
4671 505 6 452 114 576 19
1908 635 6 320 81 444 8
1987 922 5 469 73 445 4
1920 127 6 428 100 347 4
9951 168 7 431 96 390 5
5087 849 6 396 72 613 5
9624 358 6 364 70 391 18
4786 140 8 461 89 775 8
1645 668 6 481 88 379 7
2292 764 6 402 69 511 16
114 968 7 524 71 485 9
2136 650 7 490 88 506 18
0 928 6 424 81 401 7
0 730 5 436 109 568 6
9760 867 7 303 69 541 7
9909 636 6 431 117 596 7
4738 797 7 534 72 537 18
2027 200 8 473 90 688 18
1922 316 7 453 68 823 3
4648 724 6 441 96 550 9
378 393 6 464 55 402 20
9781 690 6 498 90 553 18
5348 380 8 399 51 602 5
1716 803 5 343 97 487 3
0 790 7 394 68 606 9
9897 954 6 477 52 459 6
2130 1000 7 432 106 834 11
4688 763 6 377 114 483 16
1853 369 8 487 81 811 9
4635 665 7 549 98 383 17
9869 293 6 506 93 590 17
1825 735 8 430 59 580 17
5226 830 5 458 90 379 20
2228 168 7 354 114 609 9
187 980 5 378 55 742 9
1687 701 7 503 58 571 16
4839 705 7 508 67 947 4
1704 396 5 439 74 468 17
2239 876 8 394 96 595 20
9960 873 7 431 99 896 10
1815 912 6 428 69 331 12
1921 411 6 390 82 638 10
2234 507 7 450 60 340 10
1884 865 5 324 62 353 20
2191 610 6 387 97 685 11
0 353 6 390 76 864 17
1785 226 7 360 76 729 10
5139 901 7 476 81 525 18
4763 801 6 328 87 523 20
10289 380 6 401 94 644 18
5148 163 7 349 116 673 10
303 826 8 511 63 553 2
271 467 6 469 95 606 20
4633 919 5 431 94 608 7
5258 659 6 448 99 484 1
1835 376 6 438 74 582 17
9988 606 6 334 72 499 18
193 750 6 391 66 512 11
4906 262 5 417 111 550 7
5294 278 6 498 88 459 3
10253 742 7 389 95 420 5
4903 871 8 386 61 530 19
10069 810 6 411 117 640 7
5207 759 6 410 72 387 8
0 923 6 318 94 766 16
0 312 7 412 101 499 4
2089 204 5 345 122 591 2
10218 778 6 459 87 407 11
10335 194 7 370 98 577 11
0 291 6 351 85 642 4
1723 807 6 454 100 374 12
1838 409 7 431 82 504 17
9666 751 6 371 122 449 20
9723 437 6 342 59 802 11
2375 334 5 324 59 411 4
5280 288 8 406 114 763 19
0 878 8 489 60 760 8
1871 756 6 539 66 521 16
9633 872 5 474 95 531 7
5078 782 7 542 66 667 20
5046 376 7 445 70 506 1
1848 837 5 458 68 798 10
0 483 7 536 114 602 20
0 248 5 380 89 650 19
9781 749 6 436 105 757 8
10159 299 6 537 64 427 16
5347 245 7 512 92 338 11
5314 345 6 448 73 819 2
2333 983 6 401 111 525 10
297 819 7 442 58 884 11
5167 481 7 433 117 481 16
2133 486 6 533 95 651 6
2033 818 7 440 97 659 19
2331 214 6 482 58 332 17
10146 789 7 377 56 642 10
4679 808 6 544 99 418 7
5077 655 6 327 97 668 20
9980 780 6 334 61 876 8
10373 1000 6 422 94 597 7
40 689 8 565 88 710 16
9966 713 6 477 102 427 18
2327 753 7 421 116 328 3
67 770 7 422 103 861 7
4725 963 7 519 98 701 3
2037 493 8 356 74 686 10
1680 654 7 454 53 644 20
2067 879 8 432 93 365 16
4765 241 7 399 53 642 18
0 694 6 365 69 483 7
4906 583 6 560 91 617 16
0 361 5 440 54 719 16
9934 765 6 473 93 815 2
9604 791 8 640 86 748 8
5275 721 7 374 106 369 6
312 313 5 384 74 783 4
5084 153 6 453 64 555 4
10149 495 7 402 94 737 4
173 509 6 442 100 584 6
1903 823 6 419 112 546 20
1616 301 6 448 63 656 5
5093 924 7 429 106 794 6
5356 445 7 554 76 644 18
2343 996 6 447 79 531 6
1993 144 6 314 56 336 12
1667 468 7 376 80 464 19
9612 691 8 418 109 507 4
4856 531 7 562 61 735 1
0 193 8 451 70 775 7
0 685 6 387 77 780 6
1982 797 6 463 50 453 12
1604 784 7 431 104 707 5
0 791 7 338 50 644 20
9899 135 6 434 47 627 6
10327 379 7 356 62 700 2
9699 614 7 418 100 379 16
0 615 6 404 114 501 16
9821 785 7 397 78 561 16
2110 383 7 358 71 489 8
10337 647 8 452 79 504 18
4635 304 6 363 96 352 10
276 625 7 392 63 588 10
1866 472 6 477 69 673 16
1815 986 7 367 80 728 7
1817 846 5 369 82 677 19
9732 962 5 362 94 533 19
4935 761 6 406 80 762 19
10051 775 6 397 94 670 17
4887 314 7 393 82 549 10
1640 982 6 315 64 353 3
1875 895 6 341 71 549 1
9924 763 7 452 92 850 8
1770 305 6 479 101 769 10
0 699 8 487 84 531 4
130 545 6 483 81 659 2
183 862 6 424 59 395 6
5134 427 6 358 72 377 20
5063 882 7 449 69 687 8
299 984 6 496 81 667 18
0 401 7 435 80 488 4
0 197 7 460 92 753 8
9732 302 7 507 72 665 18
10186 239 7 324 101 840 1
1741 994 5 366 73 714 5
2024 988 8 487 98 687 4
1720 265 6 442 82 448 3
4806 958 7 482 102 524 7
1881 954 6 495 67 746 18
0 293 6 357 81 643 18
54 901 6 538 99 568 5
9939 809 8 462 59 505 2
2073 168 6 473 118 707 18
2111 432 7 417 88 412 3
0 145 7 424 59 771 7
9701 999 7 422 62 486 11
10176 305 6 391 119 609 10
0 693 6 313 54 382 17
0 902 8 338 71 564 17
1972 751 8 380 75 779 3
1966 779 7 377 108 475 9
1892 881 6 414 88 458 20
2088 585 7 338 63 628 18
0 167 6 456 81 643 17
4603 131 7 500 59 801 20
0 907 6 454 67 342 6
166 607 6 476 122 720 3
9796 609 6 527 58 702 7
2033 984 7 398 101 573 4
9639 624 7 400 74 611 2
2247 710 6 479 103 408 19
0 820 8 494 84 406 11
139 980 7 469 50 414 11
10205 738 6 392 110 516 1
2110 999 8 395 84 598 19
10204 826 7 310 83 554 18
108 583 6 385 80 397 10
9863 625 6 394 81 360 18
5364 141 5 391 86 596 4
1770 427 6 546 78 468 2
400 777 7 461 78 617 6
10330 828 5 477 86 737 12
0 769 7 476 108 471 19
0 481 7 404 106 727 20
9665 590 7 508 63 440 9
4679 859 5 355 72 495 9
5134 591 7 402 119 632 6
2378 741 7 370 61 691 1
368 694 6 424 110 496 7
4857 136 6 437 98 605 18
2262 480 6 504 90 824 19
93 878 7 455 74 579 3
9648 757 7 300 98 783 16
5131 790 6 384 59 665 2
10318 350 5 340 51 622 4
4824 889 7 492 77 838 5
124 502 6 457 71 634 2
0 783 7 334 105 414 3
10020 438 7 552 78 671 17
109 593 6 352 112 612 18
2142 888 7 380 70 669 9
1825 213 6 356 65 661 12
0 809 6 378 106 488 2
5193 217 5 355 87 653 9
9886 786 5 400 61 736 2
2055 691 7 604 106 388 6
4843 806 6 443 71 645 2
166 702 6 327 121 668 19
9698 760 6 334 111 722 5
2102 467 6 397 118 593 11
1 817 7 460 86 499 2
5029 616 6 369 106 662 19
304 750 6 398 72 502 18
333 685 8 349 100 659 12
4948 776 7 375 69 638 5
10331 941 7 428 58 422 19
2050 854 7 294 76 915 19
0 923 7 318 91 568 3
170 968 6 346 81 500 17
4876 947 6 432 61 660 5
1936 762 7 310 77 374 10
5180 878 7 559 59 752 2
0 441 7 405 75 756 3
10298 950 7 426 113 531 4
10187 755 7 371 83 455 4
1843 277 7 370 76 431 9
5379 255 7 440 120 617 19
5340 332 7 490 120 463 12
5117 353 7 332 119 424 4
1609 918 6 417 97 367 16
9674 788 6 477 83 570 20
10053 843 6 435 55 573 18
2008 765 6 478 66 654 7
2146 837 6 396 105 444 9
0 389 6 293 83 649 16
149 791 6 297 59 571 2
0 876 6 341 104 465 20
9986 889 6 400 100 735 8
0 325 6 384 73 684 2
0 827 6 407 102 569 5
10058 877 8 480 70 887 2
76 863 6 352 85 356 8
10192 716 6 548 82 714 19
0 824 7 364 77 430 7
9750 778 6 440 97 439 8
4863 721 6 372 68 488 19
4 389 6 490 87 737 17
9894 650 5 401 103 561 2
5346 745 6 454 109 599 1
10044 878 8 382 112 604 10
5396 153 6 377 117 817 3
279 659 6 368 81 445 7
5364 233 6 451 105 688 2
5046 458 7 409 89 924 7
9950 153 7 542 96 475 10
1700 145 5 348 123 591 12
4698 769 7 480 70 479 11
2386 917 7 447 104 352 20
2379 333 6 368 58 628 3
1891 149 5 397 93 509 2
10092 466 6 411 65 367 19
4780 803 6 449 93 552 16
2256 864 7 570 116 783 7
10157 896 7 507 71 528 20
251 283 6 358 96 645 10
4974 754 7 458 75 671 20
9734 885 5 461 75 491 19
0 445 7 454 97 421 1
10012 655 6 432 67 613 17
2327 823 6 422 59 703 5
0 134 6 437 77 410 8
9791 855 6 393 86 634 18
0 462 6 435 94 565 16
10067 732 6 512 57 770 2
2262 242 6 355 71 474 7
2270 579 6 439 49 536 2
4794 745 7 378 58 585 19
0 636 6 534 50 715 16
4668 352 6 467 110 488 8
10360 671 6 405 71 957 2
4995 703 6 450 75 517 5
1889 825 6 446 90 668 5
4601 945 7 634 91 632 9
5390 812 7 432 81 928 9
4942 821 7 437 87 751 17
4839 147 5 338 60 604 11
5218 553 5 344 84 414 11
4923 406 5 434 58 414 16
57 804 8 424 72 787 7
4862 346 6 434 76 720 16
4663 141 7 299 89 642 6
9954 497 6 334 86 566 8
2394 948 8 515 67 696 11
5130 274 7 377 92 529 7
10035 176 6 335 96 512 16
2385 565 6 376 57 689 3
5309 851 5 464 61 478 3
4790 372 6 477 98 438 1
5334 995 5 406 79 403 12
1825 776 6 439 103 397 11
9936 216 6 452 66 454 3
4743 676 7 450 78 503 20
5292 880 7 455 84 705 8
201 642 6 424 57 589 11
9799 723 6 370 100 369 9
2072 228 6 316 98 898 2
2251 402 5 359 64 325 9
10032 806 7 298 93 672 19
211 709 7 415 82 448 18
5138 578 5 356 79 458 2
4647 971 6 402 60 712 19
0 746 5 355 111 478 12
285 945 7 347 99 713 16
9879 847 6 300 105 428 5
2063 537 6 321 103 503 7
0 759 6 455 111 374 16
0 945 6 455 89 717 10
4688 811 6 454 87 481 4
0 943 5 456 81 856 6
5195 839 7 503 52 417 9
10164 707 6 367 96 500 2
0 951 7 375 82 475 6
4649 518 6 408 58 818 8
4752 934 7 405 52 435 12
141 555 7 404 58 528 4
10327 797 5 314 76 434 18
5389 921 5 458 58 330 20
9836 629 7 346 83 906 20
4657 765 5 364 100 514 19
10195 121 5 359 99 486 12
5121 683 6 510 58 637 2
5127 725 5 325 80 625 1
5182 809 6 406 98 833 3
2135 787 8 464 59 763 9
4714 813 7 477 85 783 16
1785 185 6 426 49 836 8
9602 127 6 431 62 732 5
0 448 6 316 123 734 11
10400 823 5 367 77 454 20
0 781 6 476 95 638 3
5040 841 6 480 73 617 12
0 405 8 386 114 455 16
10079 923 6 512 83 526 17
9740 789 7 519 82 382 2
393 801 7 556 113 669 20
156 498 7 512 108 455 16
9791 197 6 411 88 698 5
10202 813 5 349 67 760 19
2149 705 7 410 97 449 20
131 689 7 444 96 687 8
5069 997 8 458 104 674 16
1724 456 7 523 84 780 6
4737 774 6 336 119 716 4
0 837 5 328 110 420 2
9976 914 8 463 100 406 20
0 135 7 491 88 505 6
1616 183 6 529 117 397 10
10165 581 6 471 78 438 18
5010 883 8 472 101 798 6
21 773 7 412 98 689 16
10346 396 8 374 69 846 12
4708 391 7 451 79 648 3
10019 331 6 326 75 452 12
9635 325 7 518 81 757 18
1980 387 5 374 61 407 7
1830 470 5 348 99 392 12
4953 780 7 337 85 792 20
10142 629 6 305 106 581 3
9956 436 6 321 71 422 17
10228 869 7 471 101 816 2
2386 252 7 460 116 569 12
2270 828 5 423 107 815 2
0 403 8 428 104 889 6
9675 364 7 484 87 352 11
4870 811 5 324 82 729 19
0 798 7 469 85 472 17
5347 732 6 412 107 462 7
1860 636 6 493 56 578 3
4819 706 7 321 90 460 19
2169 954 7 435 100 527 19
9996 886 7 392 67 701 18
5166 194 7 451 98 320 9
4866 297 6 546 61 367 16
0 907 8 340 70 845 3
4839 771 5 471 88 728 18
1682 720 6 505 101 706 10
9610 213 6 385 56 628 17
5396 484 5 461 86 643 2
1857 895 6 335 108 617 10
5154 289 7 462 102 560 3
9637 944 6 354 72 517 20
1932 180 7 339 105 631 2
10269 793 8 432 109 694 8
1648 751 6 335 115 686 20
203 774 6 333 99 644 17
2334 539 6 541 93 462 3
0 474 7 434 98 531 1
173 629 6 412 90 788 11
1696 831 8 353 107 605 9
9965 791 6 328 73 418 3
0 468 5 462 70 521 3
2285 694 8 419 106 589 1
274 919 6 439 83 692 18
10216 735 5 380 74 516 16
10095 686 5 424 62 405 17
10318 925 6 496 67 671 12
0 696 6 462 109 653 4
10379 428 5 340 110 683 16
0 770 7 315 70 671 1
9803 263 7 460 107 621 16
1694 823 5 409 95 663 11
2002 789 6 401 76 669 10
4672 698 7 417 81 330 16
9964 455 7 341 68 706 19
4673 845 7 522 80 687 8
9744 689 8 428 72 348 20
357 600 7 425 107 603 10
10319 894 8 367 53 455 7
1602 825 7 451 102 513 18
4798 298 7 393 73 404 2
2274 854 6 518 108 435 2
10058 388 7 409 108 722 3
0 881 7 517 95 711 20
4783 750 6 434 108 438 16
5371 595 7 429 102 519 2
0 451 8 454 88 446 2
2045 767 6 428 94 432 10
1678 773 7 509 109 852 20
5356 485 6 333 122 577 16
5045 829 7 429 107 430 2
9637 900 5 378 78 645 18
1787 521 8 405 68 462 20
4657 424 7 444 57 437 19
0 838 7 465 61 523 19
4634 711 6 459 63 597 11
10310 553 5 382 106 577 9
10214 979 5 327 53 446 5
2259 810 6 443 90 462 9
0 269 6 412 95 652 3
9794 465 6 386 59 388 5
1917 212 7 481 74 755 10
2215 598 7 424 70 448 7
1773 929 7 508 124 356 8
156 552 6 445 83 555 10
2372 790 6 395 60 511 1
77 782 7 450 123 460 17
2377 474 6 463 80 434 20
10169 925 8 500 60 461 1
2070 301 6 476 104 444 18
5087 223 6 548 87 606 2
4942 798 8 391 102 348 5
4651 815 7 451 101 586 3
10007 346 7 553 117 585 12
1720 927 5 401 119 551 1
9843 446 7 515 111 464 20
0 843 6 414 85 322 4
5298 161 7 427 105 644 7
10067 211 7 543 89 564 20
2260 909 6 385 113 583 12
284 754 7 422 79 593 11
10064 965 6 493 66 480 16
4690 420 7 415 75 650 16
1998 593 6 499 92 657 11
347 422 6 416 72 371 3
10058 996 7 467 94 505 5
2116 384 5 388 64 584 16
5392 272 5 367 79 537 7
5373 822 5 393 66 648 4
9671 987 6 436 113 719 2
4612 157 6 355 60 562 17
143 441 6 463 79 418 16
9707 971 6 435 52 511 19
9905 266 6 405 74 489 16
1760 577 5 356 83 352 4
4968 434 7 329 94 564 9
0 259 8 571 66 383 19
5161 809 7 378 81 835 11
0 453 6 452 78 492 18
123 966 7 311 75 689 5
241 731 7 479 77 538 5
4882 775 8 382 92 742 17
10102 235 7 383 90 732 10
0 343 6 420 60 633 19
0 745 6 364 67 347 19
0 750 6 536 92 396 7
2246 818 5 472 110 510 3
10127 846 5 426 109 779 19
10018 722 7 472 113 577 5
0 829 7 530 95 695 10
2117 235 6 401 116 510 1
50 915 6 295 100 646 1
4864 747 7 549 73 520 2
4924 777 7 489 108 600 4
1645 679 5 458 102 450 9
5347 920 7 516 56 595 9
10375 993 7 437 102 699 9
242 256 5 451 93 501 12
273 836 6 477 96 811 1
0 606 7 523 82 518 9
4620 123 5 401 122 697 8
78 451 6 508 81 590 1
2337 709 5 325 100 738 16
9981 770 6 454 95 578 2
2088 819 6 529 94 591 10
0 590 6 385 68 584 19
5227 444 6 365 98 806 16
5109 929 6 353 100 603 8
5037 874 8 473 67 371 2
5086 826 5 368 93 719 17
4875 739 6 350 74 744 3
5008 707 6 422 64 541 6
5059 974 7 527 96 491 5
2314 838 8 468 59 552 11
5091 173 7 483 95 631 18
2020 933 6 392 90 412 16
4865 982 7 392 75 526 5
5184 841 7 377 70 450 1
10059 833 7 487 93 791 2
1934 976 7 393 88 585 18
2164 747 7 521 88 607 20
2168 700 7 465 95 676 18
138 881 7 427 88 685 20
4837 890 8 523 78 795 9
2142 458 8 378 97 640 9
0 844 6 440 114 850 20
5256 236 6 310 64 865 11
10041 724 5 404 98 443 5
90 891 6 429 80 511 3
206 890 6 460 109 396 3
4951 833 6 399 81 525 17
10367 818 7 480 85 607 20
0 894 6 421 93 581 19
10327 730 6 372 78 331 19
10329 760 6 431 66 436 20
1613 709 6 392 109 334 6
0 406 6 431 77 332 7
4953 559 6 434 105 465 2
10131 953 6 371 101 445 6
5048 186 7 447 66 767 11
2271 730 6 557 110 515 20
1970 974 6 321 85 766 4
2345 321 6 453 62 661 18
5135 569 6 487 98 396 7
2214 418 8 394 90 573 5
10047 850 7 332 65 668 16
30 420 6 485 72 782 10
5040 415 7 400 108 818 18
9694 543 5 352 83 496 9
10046 742 6 388 57 808 18
0 821 5 435 96 521 8
5303 798 7 388 64 698 11
0 725 5 361 62 822 5
4769 527 6 434 106 536 16
10398 680 6 434 90 546 2
278 880 7 334 108 747 10
9966 135 6 472 92 505 12
0 443 6 472 87 609 12
2308 633 6 337 89 669 4
2249 913 6 357 76 435 3
1859 122 7 525 95 837 19
5232 389 7 535 78 751 11
2119 816 8 503 61 680 18
2266 569 5 391 95 564 1
10029 969 6 475 81 425 8
9768 188 7 419 69 633 7
5304 528 6 516 70 434 1
9735 685 6 410 78 842 4
2224 330 6 447 55 517 6
1685 990 7 433 73 435 16
10383 394 7 609 88 433 8
0 665 6 430 102 489 4
5088 430 7 372 50 680 17
1804 450 8 482 72 403 20
10129 799 6 414 120 587 12
0 610 8 422 76 681 8
4842 298 7 394 88 785 3
10300 528 8 431 96 510 2
9691 189 7 378 86 754 12
242 680 7 339 103 797 12
10040 740 5 403 81 605 19
4761 753 5 441 106 666 7
2079 197 6 345 88 874 17
1680 363 8 423 99 491 4
4832 936 7 547 99 593 1
2375 414 6 377 100 606 20
1654 999 8 403 95 559 12
2284 184 5 410 105 616 10
4888 256 6 463 102 646 8
10058 279 7 381 54 681 11
1679 203 6 407 78 732 1
4914 864 6 463 65 598 6
0 989 6 427 70 703 12
9794 221 7 315 77 805 10
366 856 6 469 65 512 4
2316 190 5 443 82 393 16
4688 721 7 426 69 489 10
9886 395 7 373 113 576 5
4708 939 7 531 103 399 19
2144 248 6 531 67 809 17
10247 728 7 445 86 524 17
0 325 6 369 73 407 20
0 167 5 372 92 688 8
9919 652 6 446 104 406 8
2197 837 6 440 73 452 9
0 825 6 353 79 748 18
9818 491 6 383 118 739 18
5111 402 7 392 122 612 9
0 808 6 422 54 390 10
9774 534 7 404 60 414 7
10220 341 7 380 114 456 5
2378 984 7 545 122 794 7
10018 918 7 402 74 618 6
10020 801 7 462 69 496 20
0 830 7 417 59 806 2
1822 801 6 493 75 581 11
5379 981 7 438 91 775 20
9765 862 6 352 61 655 1
2063 300 6 486 81 842 10
331 739 8 405 102 871 8
5071 621 7 546 112 623 11
4614 646 8 342 80 577 7
10288 145 5 348 87 497 6
5149 752 5 327 68 325 12
2120 252 7 426 105 579 18
2242 125 7 426 101 446 4
1856 760 7 319 71 720 8
2384 773 7 313 49 567 9
51 961 6 435 66 655 4
2267 629 5 421 68 708 4
1709 768 7 494 108 592 2
5181 258 5 334 66 393 5
4964 388 7 474 64 864 2
2167 700 6 411 76 468 16
2312 475 6 325 86 625 16
10033 804 8 492 83 676 3
4667 721 7 436 66 481 6
4793 473 7 508 78 616 17
2122 754 8 389 61 401 12
0 388 5 381 53 353 2
4939 701 6 507 63 687 4
5187 712 7 388 65 536 11
5130 805 7 382 104 832 16
4630 525 6 453 99 563 8
5068 837 6 343 67 427 20
2257 923 6 466 103 532 18
107 490 7 466 60 634 9
5228 731 8 549 58 437 5
14 692 6 513 80 825 12
9784 908 6 404 75 476 3
1706 238 5 374 64 560 2
4802 907 7 477 58 735 7
4660 410 7 502 63 831 4
5101 838 6 498 87 397 19
2381 845 5 434 82 515 20
1981 156 6 361 91 714 6
5274 861 6 371 98 384 18
10239 842 7 397 98 926 6
10161 456 7 532 59 626 17
5267 838 6 437 82 403 12
83 500 6 517 123 665 10
2045 167 6 390 85 836 18
2380 977 6 414 94 805 20
1779 316 7 401 112 660 1
10048 665 6 533 86 709 19
5195 834 5 329 83 617 1
181 839 5 407 104 712 12
1806 234 7 461 60 371 8
4671 178 7 387 81 479 12
5221 341 6 320 114 338 16
10050 139 6 350 70 599 18
10068 343 7 361 88 713 2
10308 250 5 390 66 367 5
72 914 8 499 63 738 8
4745 706 7 450 75 748 1
0 646 6 377 99 712 3
10156 380 6 317 60 497 20
9639 428 6 442 116 482 5
10227 756 7 367 123 541 19
0 673 6 465 106 473 18
2294 482 6 361 77 568 6
1714 133 6 341 62 522 10
1829 533 6 539 73 751 12
5204 258 6 525 85 339 20
120 652 5 477 57 529 9
1821 383 6 421 53 492 10
5179 615 7 469 116 806 20
2375 730 6 358 89 796 6
10184 156 6 365 57 788 8
5386 555 7 534 104 657 18
9718 317 6 322 86 650 1
10045 744 6 321 97 640 8
9892 844 5 474 95 335 16
0 482 6 335 81 432 16
5173 922 7 547 84 437 18
1781 476 7 352 91 569 3
5081 528 6 408 67 448 20
10095 320 6 349 77 569 3
5214 407 7 465 79 788 1
10248 546 6 311 60 855 17
1725 418 6 436 83 782 7
2153 762 5 427 88 855 1
9869 288 5 331 91 762 11
2092 699 6 304 80 743 2
144 497 5 413 91 637 12
10072 886 7 393 113 383 9
9755 782 6 391 68 507 12
9956 941 6 366 110 558 5
114 394 8 491 76 473 7
9685 933 6 528 90 417 8
10300 262 6 360 99 435 2
1929 714 6 326 56 481 8
1818 969 6 411 76 477 2
266 567 7 579 63 746 16
10380 170 5 428 59 408 3
4702 344 7 534 87 698 10
396 746 6 437 57 347 20
293 353 6 525 107 736 16
9650 805 7 386 56 482 8
4743 977 6 366 114 474 5
1930 792 6 360 95 587 2
9845 830 7 414 108 693 3
1649 611 7 510 61 456 18
302 176 7 448 80 452 6
10197 363 6 353 96 396 5
248 522 6 494 78 614 12
0 346 7 371 69 327 1
1787 866 7 449 88 645 10
4858 696 8 421 105 356 2
0 438 5 455 109 824 8
1602 403 6 365 63 553 17
0 595 6 419 83 775 20
5092 783 5 382 75 838 6
2284 718 6 431 84 505 7
4998 937 8 388 52 518 1
5329 823 7 527 112 788 12
1915 691 6 352 83 561 12
0 986 5 336 111 580 6
0 905 5 320 88 714 19
1969 303 7 396 79 793 1
5037 833 6 393 114 686 10
0 198 6 405 116 348 18
1767 704 5 405 60 355 6
10038 537 6 387 73 916 5
0 304 8 426 92 370 8
9942 810 8 414 81 566 10
1827 444 6 493 115 590 18
5026 222 8 469 75 796 2
2213 596 7 502 96 755 19
1932 720 5 317 73 727 5
9954 560 8 591 64 753 20
1730 936 6 444 88 717 10
5301 255 6 376 51 726 12
0 837 6 403 100 707 2
380 647 5 334 104 728 10
76 756 8 354 102 968 8
9982 706 6 499 114 694 12
5124 978 7 432 110 698 8
9970 722 7 478 88 513 16
1931 190 6 472 81 396 10
285 463 5 406 121 358 10
99 587 6 441 89 477 11
0 622 6 419 83 446 9
10271 296 6 350 64 407 20
30 267 7 435 114 621 9
2186 803 7 424 76 643 2
1671 940 7 354 106 695 8
0 613 5 367 86 545 6
4827 990 6 436 83 479 8
9963 171 6 399 66 328 7
6 191 7 483 98 519 11
4825 898 6 396 58 441 9
2204 802 6 349 123 732 17
5189 592 6 421 56 685 17
5206 799 7 559 63 775 1
5259 481 8 391 80 645 19
9827 853 7 368 73 612 20
2155 291 6 386 52 440 3
56 930 6 516 89 544 19
4913 858 6 528 109 417 19
4744 842 8 338 62 502 7
4762 742 7 560 106 525 12
9706 807 6 370 101 579 12
4708 817 6 339 112 888 10
5089 192 6 512 107 355 18
10379 785 6 478 78 615 3
0 879 7 506 73 628 11
5105 436 5 374 54 545 11
0 527 6 475 84 613 20
10140 451 7 522 58 694 5
9775 937 7 529 83 458 8
4809 316 6 455 91 473 10
2086 779 7 396 80 650 16
10332 431 6 406 50 516 8
9694 945 8 577 98 364 1
1805 988 8 507 61 500 16
4824 221 5 334 89 630 10
363 399 6 422 97 607 17
9944 862 7 327 96 492 8
1907 830 7 539 78 503 9
5142 356 6 369 62 604 8
0 330 7 447 102 717 8
1866 252 7 527 110 443 12
0 784 6 555 65 756 5
9653 892 6 432 51 829 4
2343 749 6 382 110 619 20
5163 872 6 313 52 694 9
1846 385 7 383 56 649 9
4940 351 7 467 99 961 10
10171 846 6 377 76 841 11
2393 846 6 372 111 659 10
5245 196 7 457 63 502 11
2035 390 6 420 105 658 3
4773 792 6 397 91 759 19
1717 489 5 440 79 842 11
5106 264 6 391 51 446 8
2385 784 7 508 99 774 11
277 195 8 474 111 776 18
2007 985 6 331 89 443 6
5248 769 7 612 81 601 4
10063 414 6 414 92 779 18
10202 955 6 495 100 432 17
1688 464 7 428 106 710 16
4683 790 6 408 54 670 4
9749 316 7 508 67 615 2
4659 308 6 381 54 422 19
1833 772 8 494 67 748 9
4915 717 7 495 76 614 5
9799 431 6 417 57 436 3
1937 944 6 428 77 502 12
2306 889 7 444 50 872 17
0 976 6 554 57 737 9
5103 123 8 417 83 540 11
2020 849 7 386 61 962 18
0 865 6 477 59 467 10
171 450 6 309 77 480 19
0 839 7 547 75 586 19
2068 313 7 427 84 704 20
0 198 6 318 49 751 20
5124 577 6 351 92 374 7
0 721 7 498 82 667 17
5235 239 7 504 98 383 10
9948 562 7 410 68 571 16
0 919 7 509 94 375 3
9638 952 6 402 61 518 16
125 885 6 370 93 561 5
5039 822 7 517 67 420 10
10181 543 5 443 124 606 12
5360 225 8 380 59 611 6
2279 820 6 409 90 692 17
10285 709 6 460 115 512 5
0 131 6 431 67 705 19
5041 477 8 407 77 606 5
2344 613 5 464 79 341 17
5108 949 5 334 69 434 4
10313 214 6 318 59 421 12
9759 873 6 488 95 508 20
9627 698 5 387 67 580 4
10189 992 6 378 105 357 20
4764 803 6 436 121 702 11
137 245 7 452 74 747 3
4981 937 6 382 62 700 17
4914 164 7 441 95 532 2
1737 244 6 446 101 459 8
10217 998 8 503 106 424 20
9981 742 5 429 54 442 1
2237 689 6 462 95 488 11
2075 749 6 415 63 670 17
78 265 7 409 87 594 2
1834 460 6 529 101 600 3
4713 283 5 374 85 442 2
121 829 6 425 111 460 4
10246 285 6 383 110 771 8
1829 317 7 465 95 635 4
10139 265 7 408 77 461 16
9788 768 6 403 62 539 16
1701 735 7 380 105 613 20
5071 275 7 537 91 636 3
10359 888 7 369 74 703 16
5390 781 5 451 67 488 9
9765 265 6 383 76 857 20
387 263 5 381 99 589 7
138 815 6 461 106 606 12
9645 981 7 491 66 447 16
0 474 7 340 86 638 3
10060 460 7 493 122 400 2
4683 451 6 343 68 479 7
0 604 7 591 96 785 12
5156 891 6 366 72 537 1
1950 822 6 524 103 381 7
9925 879 5 392 105 577 5
0 783 7 501 110 401 12
364 152 6 550 64 743 5
0 226 6 477 102 627 11
2029 862 7 416 95 524 1
343 867 6 449 105 324 12
5349 210 7 517 61 623 7
10321 580 7 370 106 372 20
9788 429 6 345 85 576 5
9955 613 7 351 83 900 20
2285 829 7 478 64 382 17
344 685 7 387 55 724 18
5374 871 5 370 87 461 2
10003 991 6 553 93 594 12
1861 308 7 368 91 492 8
1959 951 6 406 101 831 18
5291 441 6 463 69 428 4
5265 509 7 344 112 467 12
5304 748 6 409 90 649 2
1981 822 6 383 82 559 19
9733 226 7 473 118 733 8
5010 743 5 321 64 806 12
67 518 7 360 77 916 19
10230 816 7 559 73 760 17
0 574 7 431 69 666 2
5070 216 6 387 93 667 7
243 653 6 458 90 773 18
208 613 6 421 76 705 10
4726 830 5 451 101 420 8
10171 573 7 616 70 676 4
10219 315 7 548 68 777 17
202 282 7 352 89 550 17
2022 633 7 505 95 484 7
1817 912 6 379 60 708 16
10301 697 8 429 111 570 12
9898 709 7 446 76 773 2
1761 243 7 314 101 376 17
1728 736 7 365 89 489 2
9909 361 6 433 103 437 7
2305 996 7 467 89 473 17
2257 588 7 473 81 400 6
5109 273 7 518 61 602 16
1738 837 7 463 61 418 1
4616 786 6 410 122 348 5
9867 147 7 312 97 461 12
230 707 6 408 82 689 20
2330 739 7 499 59 804 8
194 930 5 405 109 537 20
4940 758 7 367 88 556 10
2345 946 6 415 101 623 12
9761 271 6 361 49 737 17
1798 668 8 472 99 474 17
4646 887 6 535 75 527 16
0 870 6 378 117 705 18
4865 701 5 467 112 493 11
1826 164 7 377 72 619 4
211 829 8 512 53 368 18
1822 339 7 415 116 673 11
9603 557 7 313 72 554 16
0 831 7 440 66 741 6
0 235 6 360 69 422 1
4982 606 6 381 108 595 12
0 253 5 423 51 644 18
1820 202 5 448 58 608 4
5008 891 7 384 63 813 6
1807 788 5 450 104 414 20
5243 765 6 411 75 427 3
342 830 5 394 79 510 1
9790 819 7 480 95 785 11
4976 393 7 343 52 818 11
10264 725 7 416 78 720 3
5296 433 6 537 56 509 16
2332 658 6 449 56 667 2
9853 439 7 415 114 465 7
305 533 7 471 78 605 16
5230 551 8 368 60 625 17
2004 750 6 358 96 413 7
1838 878 7 518 58 641 8
1804 407 6 521 114 661 17
5340 749 7 477 112 393 8
2027 640 5 385 61 818 16
4738 522 7 292 85 613 7
354 833 5 343 60 628 20
1630 954 7 502 106 671 1
0 712 6 415 63 409 19
4845 415 6 506 108 669 20
0 314 5 389 63 487 12
0 778 5 424 96 666 18
5034 892 8 418 87 707 20
2106 939 7 428 116 407 7
9915 684 7 621 57 399 19
1778 131 7 484 84 609 18
0 783 7 427 88 687 19
2268 717 5 410 80 655 6
9733 834 6 496 59 720 6
2039 714 7 429 87 467 20
9635 492 6 332 91 651 5
2162 881 8 453 96 651 7
305 396 6 329 50 551 4
4720 898 6 412 101 742 5
10335 986 7 558 59 688 16
4705 748 6 448 74 591 2
329 712 6 490 99 814 17
324 430 6 433 76 644 6
10189 483 5 330 80 653 3
1700 974 7 373 56 820 19
9711 615 7 386 83 840 3
10241 611 6 378 70 599 19
10302 933 5 414 108 654 18
9997 230 7 537 70 415 4
1832 811 7 462 69 644 19
4720 637 5 342 71 810 17
381 701 6 396 66 695 19
342 594 6 344 94 815 9
9773 492 6 414 81 346 17
10043 235 7 429 66 335 10
0 743 7 390 105 504 6
5003 754 6 440 91 403 3
4829 348 7 552 65 613 9
0 769 6 341 99 803 1
2100 195 6 412 60 396 4
5238 156 5 362 78 427 4
2240 954 5 325 121 406 12
5385 399 6 338 97 741 16
0 903 6 331 64 561 4
10128 834 6 519 96 632 8
5222 402 7 376 63 530 2
2236 184 7 352 88 884 7
1672 871 6 346 67 476 5
5184 133 7 508 61 477 16
2072 896 6 462 70 803 8
0 711 5 382 95 644 9
162 500 8 343 119 700 4
9851 713 6 393 67 665 8
5202 284 6 405 56 845 7
1733 788 6 365 58 451 2
1755 453 7 334 69 603 11
5337 749 7 421 56 731 1
128 624 6 327 87 410 4
10289 985 8 371 75 446 10
2263 421 6 379 98 616 20
4932 538 6 449 58 824 20
4946 658 8 493 98 975 12
10361 926 7 369 81 446 18
10194 458 6 368 114 807 18
10054 634 5 410 72 469 20
5011 808 6 304 99 633 7
1836 577 8 474 58 805 4
1753 686 6 417 70 815 10
10131 672 6 373 96 740 19
9864 313 5 450 76 506 11
201 909 6 415 65 875 2
9768 791 7 520 67 722 4
4782 787 6 534 110 604 12
4739 907 5 383 106 688 4
2325 817 6 343 64 641 10
4650 599 7 422 72 590 16
9814 864 6 458 103 517 8
2206 620 5 454 82 542 10
2249 869 5 370 102 514 17
2019 196 7 516 73 359 10
5285 231 7 588 117 729 20
2275 867 6 322 77 817 7
207 272 6 367 63 370 11
1922 582 7 384 59 540 19
2127 755 6 540 53 547 17
9922 831 7 621 100 601 5
9688 416 6 403 78 518 18
4663 971 7 445 83 521 11
2303 924 5 354 69 432 5
10153 196 7 449 105 429 10
5018 919 5 462 56 717 4
5160 610 6 437 72 426 16
9651 398 6 319 82 368 10
5284 744 7 394 79 620 12
396 920 8 490 86 537 8
0 779 7 492 76 396 4
0 272 5 366 110 547 11
328 947 8 418 124 722 17
1752 841 7 551 106 520 20
0 595 6 454 103 621 10
5346 763 7 530 74 434 10
2235 594 7 537 76 470 8
228 184 8 620 87 699 2
4899 762 6 343 81 776 1
9994 952 5 352 105 490 2
2173 239 7 496 94 631 20
5274 499 6 339 82 685 3
4602 817 5 424 80 669 9
5052 433 5 355 89 843 7
201 196 7 520 83 746 7
4845 712 7 427 100 415 7
5201 679 7 359 51 930 1
251 738 7 442 103 725 12
41 856 7 521 75 586 20
1700 405 5 400 87 434 3
0 831 8 456 80 577 3
1743 705 7 496 61 705 12
2217 137 7 401 76 638 10
5048 121 6 445 68 810 20
5099 420 5 350 66 474 11
4930 777 8 453 73 478 8
4857 973 5 357 69 655 10
2244 519 7 388 49 879 11
5260 148 5 361 69 626 19
10194 946 7 346 50 634 7
212 867 5 434 124 788 7
2398 427 5 317 108 785 1
10171 847 6 346 112 408 5
4806 832 7 497 118 392 9
10166 514 6 421 71 743 18
5259 949 8 351 123 409 19
9613 658 6 346 119 492 10
10096 774 6 498 66 517 11
2302 627 6 477 123 598 2
2025 923 6 406 61 705 16
4662 472 6 525 57 538 17
5123 932 7 476 111 492 5
5246 975 7 559 103 722 9
2282 636 5 362 94 550 10
5003 223 6 380 102 482 1
5035 429 6 416 111 680 7
1999 763 6 471 70 614 19
2230 796 6 431 91 590 8
9660 332 7 521 60 650 6
4878 730 6 400 76 705 2
5313 998 7 422 81 353 2
2371 188 7 400 83 368 12
10262 671 6 319 77 838 11
0 909 6 527 59 347 2
0 165 6 465 120 742 2
353 445 7 410 99 575 7
4950 415 8 556 74 484 6
0 330 8 601 68 790 12
360 829 7 401 83 553 3
10138 854 8 621 98 369 1
5079 426 6 428 56 506 19
66 740 6 407 72 466 18
43 799 8 360 107 430 1
387 566 6 297 84 906 10
2152 261 7 500 102 607 1
9707 777 6 392 59 604 6
10147 737 7 381 108 616 7
4719 753 6 416 72 733 2
0 188 8 371 86 814 20
38 265 6 500 96 677 17
0 385 5 443 68 401 20
4752 769 8 342 111 531 11
11 808 5 392 68 390 12
1769 920 5 379 53 666 9
4703 431 7 489 57 606 6
10077 521 8 398 57 551 2
2248 856 7 427 59 662 19
5003 225 5 453 71 381 1
0 385 7 420 83 582 10
1822 741 6 419 81 563 17
137 747 5 382 103 712 10
5363 700 8 445 83 598 9
1714 639 5 465 69 583 4
352 611 7 399 113 845 1
9603 617 5 313 101 815 4
5362 510 7 335 55 857 9
10342 403 8 335 98 752 16
10092 144 7 447 51 762 16
10335 783 8 599 68 478 18
9709 992 6 420 59 669 6
4763 170 7 386 109 714 17
9801 919 7 441 69 656 16
5102 135 6 442 56 603 5
10320 704 6 473 66 668 19
1876 773 8 517 81 682 20
9601 771 7 377 104 588 1
2330 759 6 326 108 579 8
9823 292 7 316 107 753 17
4733 789 6 442 47 761 9
0 800 6 447 70 648 4
1741 762 7 541 116 511 9
1659 842 5 395 56 347 18
0 506 8 634 99 719 5
4739 631 8 479 111 416 19
0 532 6 373 64 861 5
1801 383 6 412 52 405 16
0 811 7 402 94 762 3
1688 416 6 457 91 475 18
2136 348 7 357 108 723 10
2140 800 6 405 103 601 1
4971 777 7 575 99 442 9
5352 606 6 338 118 579 1
396 171 7 531 85 445 7
9634 705 7 354 122 691 17
1936 163 7 490 97 540 3
5023 750 7 506 98 603 4
