35 724
5 40 72 560
6 64 108 1024
5 48 108 688
7 32 88 816
5 40 112 656
3 32 40 192
7 80 48 304
7 48 40 976
4 64 32 864
7 32 36 816
3 48 72 512
8 24 48 912
3 40 120 688
4 40 100 400
7 40 104 624
8 80 48 432
1 16 72 224
6 40 60 336
4 48 24 464
5 32 112 352
4 80 112 576
7 80 120 544
4 32 56 896
1 40 24 128
3 48 24 464
5 48 56 384
4 64 48 960
8 80 108 992
7 32 68 720
6 40 104 640
4 32 52 64
8 40 48 1024
8 40 72 816
6 40 104 656
5 32 52 816
2889 42 4 57 45 353 5
2383 349 1 220 28 839 19
9723 558 5 84 71 316 14
5866 375 1 12 70 108 7
5985 141 1 6 57 124 10
1884 80 5 114 12 254 17
5559 170 2 206 34 317 14
9069 112 2 92 65 156 16
9460 119 1 27 6 42 4
2964 70 2 218 62 364 14
6150 434 3 129 25 531 10
0 159 6 106 11 641 10
2472 579 1 66 14 447 15
2615 599 1 98 37 894 8
1856 34 6 88 74 375 11
6075 31 1 217 59 699 15
9868 454 2 115 65 489 17
9016 122 3 52 44 489 1
9780 132 3 131 56 288 11
9590 534 1 70 57 424 7
6180 310 2 160 26 264 13
2818 302 1 108 20 941 11
9803 697 2 89 22 291 9
2154 558 1 26 14 207 3
1998 562 3 90 109 331 14
2455 77 3 167 81 407 16
10150 398 1 117 21 509 14
595 699 1 102 15 512 15
10017 331 4 395 26 165 4
294 146 2 206 59 398 4
262 338 1 32 29 565 17
10129 174 1 450 12 297 13
6408 273 1 31 32 889 19
0 161 1 92 78 227 19
9725 311 2 151 23 742 20
9104 260 2 113 11 36 18
286 140 2 88 61 193 7
0 533 2 45 11 171 4
0 705 1 33 78 565 2
9687 385 5 183 36 369 11
6076 120 3 80 50 374 7
0 212 2 459 53 373 11
318 267 2 103 21 373 5
6199 742 3 176 76 454 11
5774 369 1 36 20 74 18
9998 342 2 67 58 225 1
0 428 2 110 47 149 12
9032 723 4 92 85 800 15
9772 686 4 72 42 463 14
0 182 1 36 27 296 9
6581 725 2 64 30 662 7
9233 577 1 115 15 594 5
9489 240 1 21 50 339 3
6380 616 2 39 88 395 17
565 523 1 19 13 83 3
10172 702 2 123 16 505 1
9911 21 7 332 69 229 8
0 557 3 98 48 676 3
6000 222 1 47 26 258 8
2432 139 1 46 32 37 10
9263 267 2 535 23 186 5
2660 212 3 219 23 355 17
9015 511 5 322 90 520 20
10020 641 5 215 69 297 8
0 705 1 76 37 147 13
0 36 2 101 61 711 18
506 303 2 104 25 455 16
592 72 6 220 58 377 4
272 131 5 79 31 526 10
6387 664 4 147 56 590 17
5543 537 3 314 14 519 8
441 557 1 38 14 86 6
6140 240 1 115 57 371 20
6108 261 5 315 16 151 14
557 701 3 99 25 127 4
0 79 1 31 17 75 16
2837 77 1 48 65 350 12
2541 306 2 206 46 586 18
5925 220 3 99 43 1020 4
9565 527 2 73 13 325 13
10126 694 3 204 12 279 12
5414 158 1 98 46 286 2
9186 333 2 54 34 133 18
9022 663 4 112 62 456 8
0 104 5 260 64 383 9
2784 505 3 82 19 626 14
356 654 2 94 19 753 15
9138 386 4 119 31 902 12
5419 138 1 48 75 417 6
5404 66 3 69 21 131 17
9781 517 6 453 25 370 16
0 441 2 86 24 559 17
2030 368 6 203 46 621 2
572 728 5 121 59 510 13
9007 268 1 46 17 178 8
434 226 5 271 18 752 4
0 305 4 229 23 588 16
2978 502 2 93 52 540 19
9604 730 2 76 54 320 4
0 265 2 175 59 294 9
6019 708 2 89 42 146 20
0 659 2 43 107 252 4
9872 615 1 65 60 234 17
10062 253 6 129 45 679 7
2274 621 1 209 73 366 16
1948 188 4 110 94 249 9
9335 57 2 92 41 752 20
5542 176 3 76 18 195 7
9206 599 5 279 21 151 16
2918 60 1 122 6 279 8
89 245 1 9 35 182 10
9304 399 2 435 61 658 3
6165 529 1 274 108 318 13
9777 309 4 120 35 333 4
5446 93 1 88 21 460 4
9743 495 1 32 75 190 16
6193 596 1 120 16 405 1
228 152 1 54 13 445 9
245 241 5 174 61 337 13
0 701 1 26 14 572 5
5945 216 1 210 27 765 3
6351 434 2 91 19 552 15
1847 459 5 134 56 538 3
2095 33 3 100 103 164 19
2710 239 1 104 44 215 12
135 429 2 136 55 394 10
6083 597 1 35 10 378 13
0 267 3 197 15 211 12
2865 694 2 101 55 778 16
0 312 1 43 17 381 15
2264 471 1 26 45 318 16
2426 95 3 91 25 290 16
9734 205 3 47 30 676 7
5642 68 1 185 31 296 19
2364 139 1 117 50 380 17
2822 202 1 23 23 78 12
0 208 3 123 58 235 14
0 275 4 140 54 330 10
5933 140 1 30 77 277 16
2144 32 2 109 63 138 16
6052 629 1 80 76 377 11
2542 612 1 14 24 51 9
9016 345 3 210 53 256 12
9225 497 1 258 64 443 15
6230 705 1 63 21 167 8
320 257 3 161 12 549 4
6090 545 4 53 42 530 3
1951 608 3 117 36 411 5
2554 677 1 57 9 212 4
9630 330 1 97 30 552 2
1859 476 2 91 52 82 17
5624 385 5 89 67 478 19
9025 338 2 100 69 518 15
9159 301 1 120 87 481 15
6571 695 2 157 81 434 2
545 186 2 198 27 413 14
9473 662 1 112 96 595 14
30 266 2 131 22 245 9
0 378 4 113 49 465 11
5613 416 4 205 15 678 2
6194 456 6 349 75 311 16
2650 175 3 81 6 279 16
321 478 2 136 8 206 15
2806 37 2 58 29 288 11
6369 72 1 30 42 248 6
2728 189 2 137 90 165 19
6013 366 2 125 14 455 6
0 701 1 222 84 540 5
9464 69 1 293 83 309 10
512 641 1 93 48 431 1
535 30 1 80 12 197 8
5863 305 2 161 59 606 19
2997 502 4 96 45 27 3
221 725 3 106 95 210 13
6472 434 1 38 44 376 2
456 392 6 286 54 762 1
2247 206 2 46 54 444 16
2843 292 3 159 43 566 8
0 745 1 73 30 378 11
6330 617 1 124 74 301 2
9409 489 1 15 18 103 12
6394 336 3 109 50 380 8
2294 421 6 318 14 408 1
9913 407 2 61 16 219 10
6326 501 4 214 21 675 18
2200 524 1 9 68 158 8
2105 234 1 29 7 74 18
0 417 2 93 11 531 17
6262 516 3 198 16 442 2
9834 121 4 186 96 216 4
389 337 4 383 43 97 14
9013 517 6 335 67 513 11
2348 593 6 217 94 456 15
2485 222 7 239 24 956 11
5937 281 3 149 31 220 13
2526 460 1 16 25 720 6
110 576 1 92 23 292 3
82 295 3 106 19 396 8
9911 671 1 116 16 499 20
9142 446 3 46 33 211 8
2531 516 1 152 108 471 17
9515 149 1 165 20 562 12
9925 232 1 10 30 75 8
399 297 3 262 43 172 18
2919 351 1 38 70 191 17
5732 424 1 59 106 330 19
2267 326 2 128 76 412 10
10092 127 5 159 27 438 14
2007 119 4 105 32 269 3
2905 669 3 88 45 511 1
2141 109 7 281 21 878 15
9935 604 3 53 30 144 18
6279 351 6 255 34 518 13
9207 440 1 160 54 156 16
547 31 3 75 29 345 5
6287 702 6 273 30 202 4
9977 647 1 25 36 556 2
2787 653 1 31 20 73 19
9291 323 3 96 65 447 12
9180 501 2 188 32 116 3
5983 84 4 130 63 299 11
2181 561 1 63 25 368 20
9112 28 1 86 100 565 9
2558 660 2 61 26 19 13
9107 745 1 162 53 130 11
5414 662 1 194 12 241 20
9697 32 2 77 31 168 4
2319 493 1 49 27 419 3
103 671 1 83 34 157 4
1949 471 1 34 27 269 7
6157 241 2 110 32 85 12
0 540 1 79 53 357 10
183 527 1 94 29 175 9
5531 711 3 103 29 203 14
9705 271 1 205 16 559 18
6587 70 2 125 70 463 14
9367 160 1 34 30 359 2
5562 58 3 184 32 205 12
6340 186 4 159 12 586 14
9233 395 1 92 40 543 1
2954 739 2 77 41 333 2
6330 353 1 19 8 232 12
2059 258 3 183 74 421 5
2771 181 1 129 37 284 11
10026 636 1 45 32 415 8
1845 102 3 133 17 283 16
0 410 1 21 7 100 18
0 136 1 74 101 648 2
2249 720 2 128 15 667 14
501 702 1 40 22 697 7
2619 749 2 117 15 491 17
0 155 1 17 73 239 16
2845 316 4 84 38 257 3
9699 633 3 39 62 165 7
2189 60 6 395 26 381 5
0 747 3 162 22 539 11
10020 109 2 154 24 126 1
5550 438 1 30 62 199 13
9301 84 1 41 96 536 8
10161 585 2 176 101 469 12
169 671 2 94 24 427 19
6105 306 6 91 22 649 7
462 309 1 63 43 262 13
2268 451 1 21 16 86 9
0 331 2 218 24 124 8
2710 352 4 148 73 275 20
5565 433 1 15 32 558 16
0 326 1 229 31 261 17
315 30 6 150 40 674 5
9633 150 1 18 13 51 4
2734 461 6 155 53 622 8
9082 93 1 157 103 655 2
9181 445 1 16 22 151 3
9886 357 1 25 26 367 19
5536 475 1 136 60 356 13
1839 356 1 23 40 48 17
2048 696 1 192 37 856 5
9282 669 1 136 42 261 10
1958 477 4 173 93 407 5
0 721 1 34 8 224 18
5458 528 4 162 14 212 19
200 313 1 26 39 111 12
0 401 1 64 59 381 17
5453 277 4 240 108 994 8
6356 46 1 64 84 449 15
9447 703 4 173 21 175 8
9382 724 1 139 52 180 1
159 272 3 89 84 475 16
5661 36 1 95 23 271 14
2659 285 3 73 18 108 4
0 695 1 12 37 137 19
2937 160 1 39 96 402 17
1957 355 1 58 39 622 1
0 236 3 303 70 471 14
0 741 1 229 20 650 1
241 740 4 99 31 414 3
103 393 2 75 7 212 12
457 283 4 148 20 77 10
9547 610 3 113 10 149 18
227 439 2 39 73 288 2
1869 197 2 160 104 246 8
2367 423 1 63 89 334 14
5609 407 1 35 26 162 20
5756 277 4 265 76 137 2
588 619 1 13 29 64 7
2992 362 1 367 101 368 2
524 276 3 197 48 422 1
6126 347 1 110 26 343 18
425 584 5 315 42 307 14
5427 459 1 15 24 235 17
2305 310 1 175 69 624 14
5636 40 2 180 11 304 15
0 77 1 22 30 336 13
6551 252 2 60 6 235 15
9173 166 1 33 47 380 15
556 186 2 36 29 39 10
5671 222 3 163 21 168 11
2522 159 3 168 39 465 6
5833 64 1 28 20 92 8
2710 549 1 17 68 462 14
5518 368 1 51 21 251 18
2364 55 6 353 37 303 9
5962 595 1 39 30 133 12
2236 615 2 186 32 591 13
2929 747 2 198 10 451 7
5652 436 3 179 22 515 6
2097 684 4 143 20 310 20
9659 709 1 37 90 517 2
141 75 2 117 42 348 5
6341 191 2 137 16 323 19
5894 125 1 41 46 321 13
156 290 6 65 30 665 16
1954 32 1 60 73 657 14
2727 126 1 83 24 33 20
9575 257 5 127 21 366 20
1984 597 5 199 76 607 8
219 270 1 29 103 343 12
56 37 1 16 66 442 4
9236 240 2 86 65 445 9
9770 100 2 107 32 668 13
5416 174 6 398 32 129 6
2935 520 1 235 39 301 7
9029 58 1 140 98 283 20
9816 501 5 320 86 634 15
303 544 1 63 32 489 7
6037 589 1 51 15 841 1
6324 67 4 155 29 579 9
6512 57 5 80 33 641 2
1877 98 1 113 22 194 16
5616 165 2 82 28 493 19
118 165 6 525 24 240 10
2572 313 3 132 24 248 17
2439 700 1 57 41 634 10
409 690 5 152 55 302 12
6297 266 1 207 99 370 3
9817 494 2 315 15 796 8
2007 75 2 109 40 687 11
1806 196 1 143 55 522 13
36 61 1 29 22 62 8
2217 561 6 124 32 428 19
2994 438 5 199 47 298 20
2361 393 6 149 26 424 10
6324 380 3 101 102 425 15
9646 273 4 166 26 610 12
2193 431 4 90 39 292 9
2894 222 6 356 65 336 11
2378 274 1 178 36 100 20
5875 337 2 111 25 471 19
0 25 1 95 59 316 7
5604 665 6 436 21 155 7
5740 705 6 225 43 733 8
9516 106 6 121 26 317 19
6238 25 1 51 43 301 2
5405 197 3 75 34 24 10
10005 213 1 26 26 88 6
1906 435 4 102 20 789 3
10059 435 3 54 56 447 8
9896 575 2 152 27 240 7
9422 585 4 217 13 598 18
2566 142 6 187 24 618 10
591 538 2 70 61 244 1
9791 586 2 50 7 316 10
174 450 3 228 18 273 15
9679 405 1 193 40 393 6
9915 547 5 290 20 216 7
2546 484 2 47 23 113 14
10149 438 2 48 42 220 17
5665 196 5 93 45 237 15
2878 355 3 164 45 182 7
9720 148 1 41 46 352 17
9195 339 1 38 20 536 9
2366 418 1 16 52 135 2
2260 109 2 57 25 54 9
0 261 1 61 70 139 13
2487 614 3 59 36 252 15
197 285 2 60 23 455 5
10058 719 3 533 14 374 12
10125 274 1 112 23 671 9
5734 670 4 112 24 225 15
1895 25 3 192 90 392 12
9399 261 2 102 51 358 12
9300 125 1 38 17 812 1
2477 422 1 40 36 379 16
9596 456 3 132 70 307 17
0 597 1 26 32 67 3
10148 32 3 122 15 800 13
6452 146 3 89 14 602 8
2890 259 1 154 32 495 6
1912 510 1 112 18 411 10
2745 638 3 152 64 574 5
10113 372 1 32 13 655 8
2383 612 1 74 55 181 9
5732 53 3 78 44 799 7
9884 683 1 46 23 256 3
5476 604 3 154 48 264 20
0 735 3 85 29 133 3
9540 270 6 474 26 174 3
5924 567 4 101 49 504 11
5737 293 5 58 12 301 12
561 507 6 219 38 244 20
5858 440 5 141 28 158 7
10066 741 2 54 54 208 1
0 697 4 173 97 322 2
6540 126 2 85 53 190 20
6267 348 1 37 55 188 7
6421 133 1 60 87 252 4
6564 281 2 118 17 237 6
2663 294 3 169 66 366 13
5460 458 6 316 69 449 15
9194 88 1 30 82 442 1
0 217 3 143 20 205 8
5788 389 2 149 19 431 1
0 488 1 15 16 387 4
396 712 2 79 26 475 13
0 175 2 113 63 687 16
5557 650 4 260 25 1019 14
2142 575 3 270 32 555 5
9816 265 1 29 28 120 6
2042 182 3 75 72 611 5
10059 111 4 168 8 688 6
2016 452 3 166 36 784 1
1974 382 3 74 42 556 13
10034 608 1 13 22 130 6
9395 162 1 59 107 432 12
6177 657 1 44 32 569 4
2894 359 1 64 41 509 4
0 594 2 73 55 616 9
6570 65 1 34 46 360 3
0 451 4 96 82 605 12
9316 249 1 122 74 644 4
6356 453 2 71 22 88 9
9869 156 2 167 80 283 2
2859 650 5 345 56 224 10
2732 579 2 323 70 543 5
6586 708 6 202 27 975 14
354 241 1 51 28 566 20
6590 325 2 93 74 651 20
6558 23 2 178 107 322 6
9067 118 2 507 36 309 6
6551 639 3 108 55 122 8
1967 34 2 50 21 80 3
0 239 1 83 71 390 10
10023 479 1 73 101 704 18
544 612 1 63 65 347 8
131 710 2 83 80 455 15
2694 221 1 34 77 172 1
522 617 2 110 37 217 12
2135 477 2 151 66 578 9
0 208 4 363 75 487 17
1895 238 5 218 49 78 2
405 376 5 97 31 334 1
0 600 4 72 33 265 4
10170 525 2 150 28 186 14
2055 711 1 90 15 542 12
10142 131 1 54 19 275 10
6531 354 2 168 102 512 3
1985 532 4 72 37 172 11
9127 186 1 52 22 703 14
9735 640 2 39 12 525 10
2467 145 1 22 84 236 15
0 451 4 123 33 699 1
2837 527 2 77 18 546 4
2327 212 3 101 5 345 11
2950 174 2 79 32 147 15
2652 219 1 217 41 300 20
9541 666 1 30 19 653 16
124 451 2 137 7 450 2
2373 627 3 91 20 713 11
9835 509 1 111 23 295 4
231 188 1 107 35 459 14
0 415 3 160 12 182 17
2422 630 1 28 15 85 5
9831 266 1 78 18 445 15
6012 254 3 131 37 223 15
5561 170 6 154 60 429 14
9996 324 1 107 64 352 20
9004 334 1 213 55 310 9
9499 227 1 148 18 341 13
116 692 3 170 103 544 10
0 93 1 113 106 251 11
1928 285 4 117 13 291 14
6486 336 1 59 20 595 19
6298 274 2 62 49 579 13
0 59 1 23 37 805 18
2783 644 2 272 63 520 13
0 152 2 118 22 112 12
2705 683 1 175 94 460 17
9514 671 1 81 47 518 8
5976 164 2 114 66 481 15
262 394 2 324 74 362 14
9930 43 5 110 55 182 5
6175 101 1 64 36 487 10
2409 277 5 371 70 335 18
0 653 4 155 32 415 18
2740 655 1 59 29 655 4
5837 462 2 71 20 99 18
0 384 2 167 32 622 15
0 345 6 184 26 287 16
2469 208 1 19 21 566 1
0 244 1 25 12 407 19
2075 498 2 309 32 833 12
5672 516 2 93 28 373 5
2687 99 2 65 23 556 19
6412 370 1 240 48 361 6
6397 568 2 122 58 605 15
0 107 3 102 24 39 5
5740 637 1 28 10 70 7
280 683 5 112 81 484 16
334 243 1 25 56 590 12
2963 175 1 130 47 259 17
386 349 2 74 34 570 15
5903 56 4 426 96 343 3
10159 532 2 54 26 633 6
215 707 2 46 83 610 10
0 96 1 24 25 370 11
9890 531 1 56 83 444 14
2682 575 1 85 45 733 4
9329 553 4 147 43 75 20
1808 591 2 37 27 340 17
2839 49 1 265 82 358 19
6483 645 2 181 17 531 13
2975 571 2 87 18 617 11
6508 465 2 80 18 553 4
0 147 4 317 73 652 2
9176 391 2 71 33 286 18
534 567 1 117 42 477 19
2435 607 7 310 34 561 16
5864 109 1 115 31 778 19
2892 434 4 195 43 338 11
2830 300 2 32 49 642 10
2145 683 2 176 35 384 11
9398 306 3 430 79 368 14
5678 172 2 280 18 137 5
2792 592 2 161 10 441 8
2669 132 1 35 46 471 14
2422 448 2 100 75 145 4
10132 86 2 189 15 246 17
0 480 1 161 52 373 5
9815 689 1 53 24 210 9
9748 312 1 33 57 570 5
0 572 4 91 53 272 6
2136 282 5 168 67 304 20
9515 632 2 150 20 705 4
9414 99 3 84 59 647 4
546 554 2 152 30 184 10
5936 215 3 115 11 282 11
2078 405 2 39 20 55 3
6145 457 2 84 51 465 19
5806 76 3 96 57 226 7
9749 659 1 45 19 807 1
0 338 1 54 22 47 13
5572 629 7 84 44 602 18
6217 291 2 111 17 367 11
6180 215 1 11 68 176 1
2574 209 3 110 17 509 11
9556 473 3 130 35 494 8
184 681 1 80 59 494 5
450 518 1 137 36 173 10
6240 715 1 84 14 185 3
5438 299 3 171 68 435 16
5423 120 4 121 57 160 14
2897 320 5 149 31 225 8
9932 648 3 102 42 905 13
9795 197 1 224 40 806 12
10039 284 3 88 50 332 2
0 345 8 88 12 369 20
5742 421 1 79 49 193 17
9539 410 7 222 35 553 7
9629 605 1 21 103 420 9
2437 217 1 33 79 557 1
2416 207 1 66 40 503 14
6484 670 2 49 15 86 3
0 110 5 283 31 1022 12
9811 144 1 40 97 308 18
0 567 1 130 39 377 3
71 134 2 234 20 958 20
1844 632 1 49 11 151 6
0 543 1 37 62 572 20
419 670 3 176 65 543 5
10025 131 3 73 64 620 17
9842 132 2 69 12 280 3
2741 747 2 131 42 534 16
2711 124 2 274 98 314 15
0 366 1 38 15 77 10
9789 252 1 14 46 134 7
9970 496 2 94 72 481 15
2451 526 3 101 56 223 9
6439 151 1 177 19 350 16
10088 517 3 55 50 30 15
6518 720 2 267 25 282 20
6164 142 5 271 28 233 1
6578 71 3 76 28 558 10
185 621 2 135 40 348 14
5438 70 1 78 17 102 2
0 122 1 67 33 330 9
2316 466 3 64 31 300 15
6514 150 4 183 49 340 17
9743 742 3 89 9 482 9
1973 196 6 194 104 933 18
5642 258 1 87 48 237 12
6197 31 1 32 48 195 8
9773 395 2 74 41 232 7
0 536 1 46 24 1016 16
0 271 3 267 50 267 8
0 299 3 133 36 164 9
6406 138 1 11 21 109 14
10023 92 1 39 9 365 20
10149 733 3 126 30 447 10
592 437 1 184 13 497 6
6390 303 3 232 31 379 1
2711 708 1 66 37 740 10
596 560 4 220 96 553 9
5434 519 1 100 58 219 1
2659 399 1 10 31 78 3
5660 84 1 85 36 562 6
6200 515 2 327 64 313 10
9125 364 1 91 25 509 6
2846 567 1 151 25 352 14
9452 235 1 18 16 484 15
2076 701 2 63 48 894 19
6010 205 2 392 32 98 19
6040 430 5 348 11 318 3
2724 741 1 39 14 112 11
2904 374 1 34 25 245 8
344 673 1 13 52 139 1
9845 294 1 32 107 128 19
0 308 2 237 105 685 18
10007 178 6 262 55 247 2
201 521 1 62 95 359 2
2850 604 2 94 20 511 17
2247 655 6 317 46 202 17
474 584 2 117 59 128 1
6390 174 3 81 14 264 19
2154 420 4 72 12 252 20
5797 482 4 458 14 147 13
9409 41 5 78 75 252 14
2602 523 3 93 75 510 5
0 216 4 154 12 171 4
0 497 1 25 104 549 16
6417 94 2 215 100 687 9
6485 553 3 122 19 196 6
9745 204 1 104 24 799 4
1831 655 3 113 94 181 16
9560 723 4 72 40 321 3
5486 591 2 189 28 86 14
5607 278 1 79 38 307 15
5810 299 2 166 69 210 16
6254 259 1 31 71 343 11
6515 679 3 93 76 318 9
9895 78 2 141 28 353 12
0 111 2 71 25 817 18
6014 299 1 32 33 215 3
417 171 1 157 76 395 7
59 566 2 50 48 134 16
5495 237 3 167 32 777 2
6387 330 1 164 67 327 1
6277 92 1 28 67 120 13
0 529 1 32 30 618 16
6070 326 1 52 17 271 9
2921 335 3 90 48 226 3
122 443 1 117 13 480 17
447 314 3 138 44 302 10
9150 114 1 34 48 613 2
9162 640 1 13 27 871 5
0 162 1 50 67 254 10
2543 314 4 298 23 216 6
5992 107 3 247 53 987 6
2461 580 1 121 77 447 8
6176 86 1 16 11 141 7
1854 498 1 83 43 801 14
6176 79 2 60 16 248 16
6579 67 1 88 46 140 4
0 666 1 69 33 472 14
2527 126 1 22 13 211 7
10062 538 2 60 49 368 15
430 407 1 24 7 436 5
220 398 1 60 32 443 9
6478 606 1 28 59 77 18
0 140 1 86 28 570 1
0 417 1 141 71 452 9
2759 532 1 32 50 599 12
2511 552 1 180 12 344 10
10038 693 1 169 67 518 5
9188 491 3 105 70 289 20
2973 465 1 56 22 197 7
6127 715 1 91 13 613 1
0 508 4 118 25 197 12
2240 216 3 123 99 196 9
6371 483 3 511 94 296 3
5645 410 1 111 91 358 12
2249 529 1 196 41 562 14
6466 625 1 116 36 495 2
9684 356 6 524 27 396 15
5761 48 1 70 8 245 1
2302 43 3 203 30 62 10
9451 125 4 246 75 344 8
2339 505 3 72 67 349 17
2184 613 3 41 43 31 5
6141 218 5 86 86 294 10
10038 413 1 16 34 77 4
9191 697 1 91 31 475 18
1809 420 3 101 63 517 8
9587 518 1 55 63 340 6
6534 123 2 95 14 233 18
