50 865
8 64 124 832
4 64 76 784
4 80 96 864
2 32 96 752
4 16 8 160
5 48 56 608
6 32 44 512
5 64 92 208
1 24 40 288
1 32 56 320
4 24 76 272
5 80 88 752
8 32 116 496
4 48 56 480
4 32 64 144
3 48 64 608
6 64 32 912
4 32 24 448
1 32 20 432
4 24 24 752
4 40 88 848
7 80 48 640
5 80 64 336
2 48 20 80
2 24 8 224
8 32 80 864
5 48 76 528
6 40 116 832
8 48 116 128
5 32 124 704
6 32 128 832
2 24 12 336
6 32 120 640
7 48 100 880
7 64 40 672
4 40 124 256
6 64 96 304
4 16 32 208
5 40 48 512
5 32 76 336
7 64 104 352
7 48 56 272
5 80 96 96
5 48 60 80
2 48 104 464
6 40 100 624
8 80 104 624
7 64 60 448
6 64 92 784
5 48 56 288
9714 256 4 129 68 376 8
0 655 1 58 17 125 9
590 622 5 253 28 305 15
9133 441 1 23 45 134 7
9925 425 3 85 41 100 5
2048 285 2 70 85 111 7
6167 312 1 6 3 154 17
0 459 2 44 2 126 13
5889 364 1 34 57 385 19
9458 292 2 161 54 70 16
0 267 1 24 54 507 12
9451 216 1 181 22 120 1
6256 54 1 139 37 206 3
6189 570 1 12 5 205 12
9952 736 1 98 13 139 17
62 381 1 56 64 489 19
0 536 2 81 43 133 15
5938 82 6 508 22 428 6
2896 528 1 36 36 435 3
9009 210 1 91 61 456 2
130 462 3 74 82 633 18
9931 131 1 11 32 199 15
2665 654 2 149 24 263 5
1865 473 2 216 36 237 16
9642 177 3 377 32 379 18
1828 616 2 52 62 510 19
2423 592 1 18 44 681 14
2480 65 1 44 38 19 18
2877 624 2 184 80 251 16
5783 420 2 44 61 349 17
9779 168 1 146 28 230 14
9294 475 2 106 35 463 6
9004 283 1 35 17 100 2
9782 292 2 108 20 117 10
5910 377 2 88 44 182 3
9553 77 1 93 27 398 6
477 384 2 54 15 234 1
1947 428 7 210 17 398 17
5649 489 3 71 55 183 8
6174 563 5 152 57 106 3
9059 264 3 202 72 405 6
2229 678 1 50 45 419 15
5544 579 2 40 4 90 3
6076 620 4 235 106 451 8
2904 405 1 23 46 84 18
5958 494 4 131 51 363 11
6525 162 5 337 81 394 20
5908 643 1 19 4 195 10
0 76 3 197 57 489 19
1943 204 6 160 89 400 15
9363 67 3 304 33 374 20
1836 534 1 32 44 194 9
10022 130 1 26 18 204 1
2477 648 4 124 42 176 20
6347 393 7 193 40 117 10
2287 124 2 210 52 98 13
9563 701 2 23 5 126 2
2378 687 1 44 3 92 11
9260 581 1 96 52 39 15
9707 519 1 133 21 182 4
2599 75 2 58 44 103 7
9928 573 2 121 84 154 13
2699 664 3 107 73 798 4
9303 198 4 231 85 548 15
0 656 1 37 66 343 10
9347 679 1 55 9 326 17
9818 519 2 20 7 112 14
6219 153 1 34 16 173 1
2190 97 1 115 77 628 15
5451 56 1 29 32 272 10
2152 567 4 91 51 35 6
169 121 1 299 28 319 12
9223 355 1 289 34 349 16
0 500 2 109 24 124 13
599 393 1 49 46 100 17
9096 527 5 199 18 860 14
50 126 6 366 34 327 2
2200 579 4 108 67 325 17
9748 519 6 271 26 246 4
10188 658 4 235 110 73 4
469 513 2 59 33 249 10
5920 691 1 28 16 191 16
332 229 2 15 6 149 12
2956 50 3 99 69 359 5
0 530 2 122 26 190 14
2091 660 1 74 113 177 20
6205 375 2 135 70 402 15
0 229 1 62 71 159 11
261 691 2 403 59 229 16
319 662 2 59 27 168 7
9829 606 1 27 31 257 11
2107 702 3 67 44 259 2
2931 208 2 83 52 586 7
9860 202 2 53 33 232 16
159 236 1 344 74 326 14
6395 44 1 46 67 313 5
0 83 1 12 12 704 3
2657 401 3 72 88 514 1
574 558 1 49 31 34 7
330 653 2 71 21 184 1
6395 392 3 209 31 792 4
9997 243 5 240 64 524 19
9718 270 2 123 36 323 10
10046 610 1 16 3 113 4
0 422 1 479 97 617 6
432 300 7 496 124 558 18
6568 379 2 211 46 538 17
10104 49 2 154 75 57 11
296 192 2 268 71 463 10
362 272 1 20 3 164 10
2316 395 1 34 3 176 8
9874 443 2 191 26 335 10
5568 593 3 74 40 214 13
5807 365 2 49 7 157 16
0 285 2 50 27 425 19
6483 739 4 121 32 96 18
2889 249 4 179 97 72 4
0 218 2 188 43 791 11
6540 607 1 86 47 366 5
6076 73 1 79 54 322 11
9323 471 1 19 49 122 4
9210 667 3 128 19 166 1
262 121 4 68 47 111 1
2285 573 1 25 29 216 19
6306 306 3 303 39 127 8
10067 705 2 282 21 425 5
2392 597 2 94 39 299 10
2372 470 1 8 19 106 8
9891 69 1 27 27 288 11
9910 319 4 89 27 314 3
5405 189 3 46 26 172 3
9139 468 3 270 60 246 13
5438 555 2 169 39 718 11
0 607 1 10 27 106 6
5444 469 1 24 47 674 2
2371 474 1 16 14 167 1
5980 350 3 153 21 383 19
0 305 1 38 3 225 19
9645 731 3 270 39 240 20
331 522 1 43 45 401 8
0 498 1 45 46 542 7
9891 155 1 27 12 348 8
5937 239 1 21 7 233 3
6178 492 3 320 43 382 9
2057 60 1 79 51 411 19
2917 119 1 26 5 131 7
9721 702 2 73 91 399 2
0 223 3 336 65 257 8
119 483 1 19 19 160 10
0 539 3 109 81 399 20
118 118 2 54 80 286 10
6380 401 2 40 13 506 2
1853 215 1 20 2 163 6
9147 207 1 40 6 210 10
2019 423 1 57 5 110 4
5824 177 5 98 18 404 6
6496 185 4 117 70 452 7
2848 446 2 251 38 575 1
9696 436 2 218 63 87 12
5619 317 1 35 7 18 6
6027 149 4 224 45 109 10
2393 304 1 26 53 287 4
2118 642 2 142 39 255 8
6524 524 1 41 46 514 2
140 62 1 46 20 42 6
1834 420 2 178 32 143 19
0 473 1 27 6 399 7
0 484 1 112 10 242 12
9598 198 2 95 63 66 13
2895 160 6 143 40 329 17
9043 326 2 122 17 250 15
9153 172 1 27 29 275 9
0 635 1 91 101 145 5
6367 70 2 279 29 228 12
9238 198 1 142 47 706 9
6450 673 4 118 50 106 13
0 532 1 23 20 200 18
2301 375 2 93 24 101 1
6097 552 1 53 57 244 9
6308 236 1 14 42 180 18
6096 228 2 37 42 333 20
9037 286 1 33 9 343 11
6057 517 2 75 29 228 6
10035 746 1 68 20 129 20
260 419 3 323 78 483 18
9908 587 1 19 48 168 5
523 556 2 49 72 188 8
2959 412 4 107 31 285 8
5504 324 1 50 6 78 4
2717 152 2 64 37 329 12
10140 107 4 280 38 26 6
10107 130 1 24 10 278 6
6348 627 2 27 54 658 15
9138 704 1 34 5 54 15
5585 264 3 68 27 133 1
0 703 3 91 11 334 12
0 346 3 230 55 411 3
1941 626 2 150 67 297 8
6578 424 1 95 50 255 13
5959 448 6 535 13 330 6
237 355 6 154 58 291 1
5976 478 1 26 48 367 2
6419 359 2 74 6 67 11
437 166 1 27 6 40 4
9097 172 1 51 51 350 11
10119 350 1 38 6 50 14
6080 103 3 145 83 72 20
2141 290 1 14 7 147 17
0 53 2 47 37 583 2
2164 30 1 40 8 45 5
6164 731 1 297 36 117 9
5462 410 5 170 48 230 15
5579 612 4 183 45 233 9
10085 246 1 107 12 274 17
0 458 5 151 39 410 2
0 597 1 48 31 299 11
0 586 1 64 64 290 6
346 341 3 94 82 122 8
9676 604 2 92 40 301 5
545 508 2 50 65 123 18
2476 223 6 289 54 416 20
2347 244 3 270 54 74 14
6569 388 4 123 51 205 2
1809 654 4 60 21 376 10
1840 269 1 169 20 431 16
2969 147 1 32 27 216 11
6185 587 2 156 25 34 5
566 92 2 109 37 508 5
9953 688 5 132 30 169 15
6325 701 3 282 37 659 17
1842 735 1 16 14 197 19
5765 740 4 351 38 317 16
9130 88 4 204 100 191 5
6498 65 1 55 22 228 13
10068 67 1 30 84 139 12
2496 92 3 67 119 554 11
0 597 3 138 31 380 15
11 739 5 200 86 616 5
5786 194 2 44 44 194 8
154 298 2 112 118 573 17
2956 494 2 49 14 290 15
1898 731 1 14 19 179 2
2983 283 3 77 43 251 18
0 716 3 27 67 264 4
5884 43 1 81 109 468 16
9289 701 5 236 33 750 5
1886 162 6 268 51 221 9
2488 616 1 13 6 44 17
583 430 4 254 48 69 19
2399 263 2 38 22 89 9
5722 544 2 19 64 161 7
0 653 1 39 10 51 3
254 382 1 23 23 379 4
2937 340 1 39 54 235 12
6143 157 1 40 15 426 10
9602 487 1 129 30 517 14
340 157 1 13 21 164 1
1953 525 1 36 99 77 10
224 528 1 85 49 147 15
10006 186 1 22 8 198 7
0 647 2 124 23 518 7
10087 482 1 23 16 319 17
9941 213 4 39 4 144 12
217 735 5 129 27 304 16
400 293 1 24 4 60 19
6250 172 1 249 77 581 7
0 499 7 159 56 155 5
0 617 2 115 118 344 19
10172 511 2 63 30 106 14
2543 370 2 80 48 82 20
263 182 1 18 11 369 16
6574 561 4 166 66 618 8
9001 672 4 96 25 201 3
9947 59 4 158 36 170 1
0 508 5 234 28 69 13
0 334 1 20 12 545 19
5603 482 1 99 40 265 14
0 65 1 32 22 58 5
0 492 5 356 61 715 20
6023 67 1 133 38 356 9
1853 633 4 335 20 482 11
2099 305 1 111 12 357 16
2379 183 1 111 20 238 14
6519 438 3 218 91 485 19
6142 705 2 100 61 149 10
334 360 1 43 37 460 17
9316 270 2 235 41 301 17
5414 487 2 220 32 280 11
5779 329 4 221 32 640 4
9392 611 2 94 43 69 9
9 403 6 320 53 78 12
5480 520 1 106 54 65 3
0 449 2 63 16 896 2
2921 224 2 45 68 621 4
9263 590 5 119 44 388 7
5701 278 1 25 20 48 19
6453 525 3 162 30 88 6
2316 536 1 30 9 477 3
71 597 2 97 31 236 5
5548 228 4 91 17 157 8
0 329 4 346 24 300 5
6410 664 1 192 52 571 10
0 136 3 64 35 588 9
6517 372 2 82 72 189 20
5519 602 1 28 20 555 20
1994 742 2 125 41 200 1
10137 623 1 47 8 110 17
9142 315 1 22 15 233 2
9993 89 4 47 12 353 17
6313 164 1 10 24 130 10
10036 703 1 30 14 477 3
0 733 1 23 14 301 17
6493 587 1 86 18 477 17
5820 617 2 34 63 333 20
9330 447 1 19 8 230 6
2652 739 2 147 74 622 6
5926 64 1 143 22 365 13
6042 444 2 52 72 289 11
2838 488 2 54 12 342 6
9261 183 2 143 26 396 14
6575 635 1 17 103 366 19
5639 747 3 37 42 594 2
514 476 1 152 63 789 16
9038 684 1 23 37 207 10
9239 214 2 95 51 246 18
115 367 1 13 3 56 1
9185 481 1 32 60 309 8
249 36 1 85 77 568 9
5610 484 3 130 12 69 17
2316 155 2 106 69 301 7
9617 356 2 177 34 623 12
9698 548 3 228 58 175 11
9669 216 1 42 10 36 6
10039 158 1 27 29 111 13
5758 90 3 81 31 297 19
5628 647 1 48 19 455 9
2169 194 5 339 91 134 1
9291 521 1 28 58 372 4
0 132 4 198 76 598 11
9649 401 1 72 91 213 15
9702 148 2 210 60 302 13
0 590 1 112 38 235 3
2649 552 2 312 43 466 15
2824 200 2 52 49 170 6
9345 178 3 532 71 602 7
2695 447 1 30 39 277 10
9537 117 1 36 44 212 18
6283 709 3 157 16 261 10
5876 148 5 347 21 426 5
9661 730 1 12 31 107 4
6483 456 6 370 29 330 6
5431 655 1 33 40 412 12
0 360 1 77 13 123 6
0 579 2 122 57 85 19
2398 228 1 50 54 689 4
108 534 1 140 31 448 13
6191 337 1 39 91 239 6
10094 119 3 145 36 371 6
2154 266 1 10 8 97 8
438 229 3 260 61 400 20
5623 355 1 199 45 371 2
0 594 1 29 10 197 8
5849 277 1 23 7 89 19
9959 682 2 59 16 162 10
219 458 2 35 75 496 1
5925 634 1 17 51 318 8
9330 144 1 33 49 721 17
2955 173 3 58 13 304 4
1966 713 3 391 36 191 17
2143 727 2 27 7 226 11
9771 587 2 156 24 147 20
0 81 1 14 30 206 12
2329 215 2 54 31 266 16
2872 599 5 125 33 469 19
9830 555 2 65 31 153 10
5494 271 5 243 48 70 13
6267 318 3 216 21 60 3
0 572 5 330 43 728 11
2228 203 5 236 17 163 5
9176 150 2 124 65 198 14
5660 120 1 21 15 79 1
2215 719 1 15 5 142 5
1850 747 6 391 39 93 8
9026 683 2 19 24 89 13
9384 609 1 29 5 35 20
6561 98 1 100 32 302 18
2750 534 1 36 66 445 4
9236 188 1 63 33 564 19
9589 228 2 78 16 41 20
6031 508 4 143 33 258 18
5847 459 1 343 46 392 16
9032 268 1 95 87 708 12
5413 129 1 105 23 566 9
6564 348 1 32 29 75 8
9497 187 3 206 29 401 4
2446 314 1 129 66 534 10
9244 135 1 29 68 733 16
2819 517 2 170 30 303 3
0 81 1 29 17 264 10
2273 29 1 17 6 212 6
5597 34 2 272 28 806 16
2372 191 2 202 92 476 1
9085 55 1 42 29 278 10
9932 659 3 147 23 313 8
6053 597 2 34 34 71 1
389 642 1 319 25 450 9
0 407 1 17 53 210 5
2142 72 2 63 20 168 5
9613 126 4 255 52 207 7
0 587 1 23 19 250 7
2106 524 1 24 31 234 2
6595 435 2 46 16 110 12
2953 388 1 51 24 191 20
6448 129 2 150 34 190 20
519 193 2 33 9 320 18
5582 300 2 132 31 180 18
2521 497 2 264 57 774 19
10196 684 4 106 23 370 5
9514 156 4 117 31 458 7
9403 22 1 12 5 214 7
10170 668 2 283 16 110 6
6264 304 1 54 72 254 11
9785 494 2 37 7 312 16
6095 655 3 210 77 206 16
9854 72 4 349 51 52 14
412 492 1 28 103 414 12
2337 69 2 167 45 48 20
10135 554 5 87 81 515 13
2195 524 2 235 64 457 17
576 55 2 152 17 406 7
0 554 1 13 3 121 20
0 414 1 12 10 192 12
2127 107 1 12 16 253 19
241 101 1 56 25 527 2
75 213 1 11 6 137 19
516 126 1 195 30 452 17
6102 483 1 115 37 464 7
0 353 2 62 71 157 7
9253 202 1 11 9 131 3
2855 570 1 16 8 94 2
1908 532 1 14 36 256 11
9108 54 1 24 46 224 14
403 726 2 18 5 58 7
6017 611 1 29 12 230 3
6100 541 2 28 8 397 11
6544 20 1 25 21 198 18
9603 603 1 35 52 591 6
339 723 4 29 5 127 1
123 410 2 42 65 160 1
6185 677 1 24 31 277 6
2826 639 1 32 23 236 17
6388 711 2 130 63 458 13
0 354 2 282 55 126 16
9950 298 1 27 73 641 12
6169 481 2 42 24 266 4
0 108 1 13 24 157 16
2506 336 3 29 4 156 4
9647 537 2 139 44 592 13
10082 122 4 306 13 396 11
0 530 2 99 38 180 18
0 191 1 24 63 126 12
9339 443 2 113 29 364 14
9397 472 1 188 25 168 19
201 149 1 15 28 197 11
0 698 3 53 38 241 17
9956 712 1 39 53 182 7
2578 157 1 64 79 117 12
9414 566 2 75 81 89 20
6044 399 4 357 46 588 16
9008 36 2 37 39 291 18
6574 267 3 40 20 268 12
2837 598 4 137 45 244 7
6340 493 1 25 12 174 1
6393 94 1 35 84 197 1
9552 164 1 244 74 384 8
6410 279 3 112 63 61 5
2951 589 1 35 20 250 7
377 72 3 136 19 412 17
0 673 1 38 33 174 16
0 99 2 176 81 247 17
271 350 1 32 84 418 13
0 241 1 66 32 143 2
9090 441 1 165 17 431 8
5807 279 3 118 30 575 17
9433 695 2 22 3 101 12
9050 711 3 91 44 395 17
0 271 2 169 51 226 8
10119 367 3 290 66 766 12
5905 644 1 13 39 197 4
9948 548 1 163 30 490 5
1812 599 7 130 43 603 2
2809 452 1 19 21 134 17
0 441 1 111 36 434 11
0 337 5 172 60 275 1
7 34 4 84 42 143 12
304 189 3 186 81 292 6
129 22 1 18 36 74 17
5923 252 4 99 72 402 12
1851 641 4 198 66 416 18
340 478 1 352 60 562 18
2153 451 1 203 56 133 1
9302 369 8 341 37 449 4
0 743 1 286 76 67 10
9640 679 2 46 12 152 1
9723 33 4 201 83 488 6
2453 545 2 173 83 331 19
5843 160 2 93 64 355 15
575 605 2 231 104 249 2
1896 87 2 42 76 305 6
5875 712 2 46 90 141 6
9688 356 5 376 44 63 12
573 733 2 66 50 81 6
2411 188 2 133 103 800 13
9554 230 8 117 79 459 6
9183 469 1 13 17 164 18
9610 182 5 193 63 439 10
10093 79 1 27 64 119 4
0 144 3 114 29 178 15
345 690 4 280 46 320 3
2893 620 2 44 14 314 7
5688 566 3 71 106 513 15
2167 387 3 79 31 345 18
6232 80 2 215 71 105 7
0 610 1 15 20 341 18
6392 387 4 115 36 492 7
118 163 3 144 56 168 8
2500 228 1 31 92 97 16
1876 31 1 45 23 158 5
0 569 1 18 29 103 2
2317 726 1 92 22 334 2
9671 192 1 65 49 358 12
9690 408 3 37 18 199 19
9296 618 1 15 57 439 20
5451 499 2 92 49 456 6
433 468 4 185 17 240 20
6306 234 2 123 48 559 9
9594 524 1 24 19 383 2
2123 421 2 26 4 203 11
6195 571 4 236 86 124 8
0 98 2 36 7 320 7
6206 565 6 123 35 522 20
2456 602 2 146 46 244 3
0 307 1 17 7 174 1
10117 373 1 54 53 43 18
5999 497 1 187 52 81 3
5860 143 2 130 39 477 9
6103 596 2 185 47 475 4
9614 455 5 158 27 507 18
0 360 6 538 53 398 18
220 155 4 110 40 100 6
2625 414 1 142 42 542 15
2197 157 1 22 22 166 19
2200 434 1 14 32 352 17
6490 389 1 12 31 184 20
0 233 3 81 54 180 9
216 289 1 18 5 243 13
2757 727 1 75 22 262 6
9833 583 1 29 78 295 7
1957 388 2 81 34 313 20
6529 383 1 179 24 511 1
6500 290 2 190 43 370 7
9777 695 1 23 3 74 9
9234 288 4 387 33 616 5
5778 696 2 57 53 242 7
350 145 2 129 61 45 19
9361 618 1 41 57 78 15
2989 298 2 336 59 192 4
2337 710 2 59 21 769 15
5556 335 1 63 44 439 7
9040 671 4 284 14 373 14
9368 161 2 243 42 116 2
255 21 2 35 20 248 13
9276 521 4 183 65 71 19
5686 443 2 103 43 435 19
5566 175 2 41 6 152 4
0 471 1 38 37 77 4
270 92 2 40 17 231 17
164 682 4 106 62 482 8
142 131 1 41 57 290 7
6527 744 4 78 12 426 19
5572 613 1 43 25 434 2
0 692 2 24 3 87 19
6303 97 1 118 15 473 9
6034 617 2 55 78 728 1
2282 151 3 72 7 282 12
9966 619 1 24 8 289 2
1913 118 2 76 29 459 14
9360 418 1 267 48 729 10
9136 560 8 168 66 261 7
1838 292 2 149 50 417 1
330 21 2 144 19 313 19
2053 445 2 80 73 213 3
9661 485 2 373 71 381 19
9519 428 2 127 36 156 20
6576 594 2 108 73 220 1
5435 354 1 42 91 248 14
9008 464 3 40 13 116 4
2479 22 1 68 5 483 10
10054 382 4 85 52 228 2
9875 746 1 40 15 422 20
2119 646 1 136 119 604 13
6362 250 1 71 32 259 12
373 608 4 189 49 189 12
9360 720 1 198 54 95 7
2303 687 4 175 23 131 10
9166 599 1 52 73 309 18
5531 27 3 120 68 286 4
9879 52 2 213 43 440 17
0 95 1 173 17 156 2
9409 718 3 131 58 685 13
10139 686 5 157 59 401 19
0 263 1 180 29 415 12
9868 490 3 232 59 161 3
1910 487 1 25 10 277 10
231 639 3 189 24 342 9
1944 615 1 76 23 52 20
6112 642 7 264 32 78 1
6191 289 1 30 99 403 15
1935 698 1 23 6 136 11
368 82 1 23 52 572 16
10155 594 4 88 52 848 18
2935 418 1 22 31 89 20
2855 350 6 262 56 616 20
5560 529 1 54 29 242 13
0 152 1 62 68 301 4
9041 493 6 362 25 341 6
10108 301 1 92 57 60 7
6243 123 5 155 22 804 4
10108 635 2 45 9 336 14
1881 218 1 236 76 215 12
0 38 1 127 31 115 12
2203 223 1 43 70 334 1
5942 121 1 119 61 464 15
2312 634 4 63 6 133 17
0 129 2 143 19 169 16
9619 101 4 250 27 317 10
1963 102 1 289 74 427 1
0 318 5 229 123 178 15
0 510 6 470 56 354 7
9868 658 6 351 124 441 20
2956 655 2 45 5 176 15
9701 531 2 140 22 708 10
5490 489 2 48 32 200 5
5406 182 1 108 66 77 9
9112 178 1 19 8 720 2
14 438 4 71 24 125 4
6183 352 4 130 89 39 11
2411 241 4 215 27 312 8
9747 342 1 45 43 582 4
5615 104 3 204 59 144 13
2544 42 2 183 16 495 2
436 750 3 45 32 255 12
0 182 2 140 65 249 7
0 334 4 334 36 221 18
1910 738 1 11 48 242 10
0 624 1 23 14 464 19
565 535 1 47 113 692 9
186 489 3 35 13 479 19
0 350 1 213 19 421 13
6573 126 3 168 45 51 20
9536 714 2 65 31 280 20
9915 159 1 23 29 493 13
213 387 1 24 75 545 19
9042 426 1 309 73 118 12
0 377 2 51 81 690 17
0 98 1 47 58 366 20
2114 530 3 76 24 573 10
6563 737 2 143 42 202 7
6484 252 2 86 31 468 4
519 706 3 87 15 303 19
5824 724 2 42 19 652 2
0 532 3 287 69 128 17
0 428 4 130 82 436 1
2742 575 2 44 5 199 20
0 598 2 66 42 352 10
503 198 3 117 24 161 6
5880 568 1 29 54 217 9
9498 141 1 30 43 441 18
6288 577 3 162 61 313 13
2902 119 3 152 69 300 10
2273 317 1 76 114 171 14
0 29 3 185 47 376 2
2939 38 2 111 61 197 18
9713 707 1 62 41 95 2
6304 383 2 72 89 780 9
6348 604 5 103 65 330 7
1885 368 1 22 21 316 6
1989 91 3 70 47 119 15
2176 493 1 61 7 125 1
9979 107 1 17 32 203 19
10139 54 3 163 67 82 19
2096 586 3 332 12 405 19
6094 326 1 259 66 533 15
2844 354 2 150 20 398 14
2595 184 2 91 58 460 7
2660 354 1 93 115 556 1
2191 453 2 145 19 526 4
10072 668 6 120 27 304 5
2850 518 4 249 65 451 18
5506 207 3 50 16 694 13
10091 583 1 48 32 446 1
422 180 5 280 79 81 11
0 61 1 301 43 456 6
2557 356 3 134 19 529 14
0 22 1 235 14 76 6
5662 702 2 46 62 123 19
5 567 1 429 20 408 19
0 693 5 162 73 762 10
255 657 1 126 69 618 3
0 248 1 204 44 839 9
6574 472 4 175 44 467 13
6255 150 1 307 61 181 16
509 124 1 169 46 156 7
5947 88 2 136 45 24 11
256 22 1 25 27 99 13
5949 672 3 135 27 407 14
0 79 1 27 21 238 6
88 39 1 19 52 421 19
1880 68 1 34 47 326 18
0 637 1 52 38 728 14
6508 357 2 59 46 574 15
5646 730 1 49 15 149 13
5848 297 1 22 9 91 12
2272 265 1 39 27 258 3
2283 239 1 29 10 381 17
5946 624 1 15 5 94 6
6117 281 1 65 7 22 10
5590 51 2 52 12 158 18
9029 200 2 246 91 512 10
5954 562 6 230 26 364 10
6424 571 1 19 36 225 9
6411 550 1 65 13 58 14
0 465 3 87 23 387 13
2974 567 4 123 35 325 12
1813 24 1 23 88 716 9
9186 645 2 48 31 445 17
2419 108 1 25 27 72 19
6418 445 2 286 66 229 7
365 182 5 151 66 85 1
9408 262 2 56 37 32 19
0 714 4 90 32 442 3
9476 315 1 33 62 248 18
2413 254 3 85 94 463 3
5645 292 1 21 80 518 20
2683 298 3 148 47 394 2
9796 535 1 123 59 531 18
9350 141 1 17 36 78 2
9394 234 1 212 38 66 20
6130 704 1 24 39 144 17
0 199 1 12 13 155 13
10139 352 1 14 31 146 7
6370 63 5 236 16 455 9
6540 176 5 401 100 520 15
6352 374 1 213 66 442 13
5715 749 1 169 48 110 20
105 144 1 37 62 405 17
1963 333 3 116 70 345 18
242 112 5 117 37 414 7
6379 647 5 178 47 596 20
9462 117 2 40 9 88 10
0 675 4 214 60 118 11
0 641 1 42 23 242 11
5721 40 1 46 38 316 2
2108 457 2 54 49 374 17
1980 321 3 150 98 329 7
6330 580 2 79 71 428 19
2263 264 2 76 20 278 3
5514 290 1 136 45 47 16
9771 746 1 196 51 172 17
5532 337 2 321 42 604 14
420 118 2 76 87 513 11
0 495 4 198 48 213 15
9896 434 1 191 25 118 6
2469 64 2 85 28 455 10
6297 244 2 88 57 522 15
155 392 1 213 51 132 11
0 430 1 11 7 108 9
5748 288 2 159 52 449 10
9603 516 1 22 12 123 12
5973 40 4 97 88 410 7
426 507 8 286 92 448 2
10101 85 3 235 41 481 16
6080 111 1 30 7 117 13
9968 255 3 66 86 450 15
5988 568 1 16 20 45 13
5475 582 3 43 26 130 9
6275 381 1 87 98 367 8
9601 585 4 338 38 228 4
2439 437 2 56 32 70 6
9741 377 3 126 109 326 4
9657 645 7 382 75 369 19
2230 483 1 26 16 201 18
0 115 1 14 43 185 17
2192 374 1 87 24 195 20
9447 728 4 125 58 474 7
325 151 1 120 26 296 9
2588 512 2 70 15 208 13
6224 289 2 218 45 461 20
1989 279 1 22 56 189 15
500 81 3 231 24 387 11
6359 435 3 138 24 198 7
6420 732 1 43 14 70 8
2552 500 1 7 23 148 14
9096 440 2 39 18 170 2
5995 468 4 228 44 33 8
2600 236 1 192 25 572 8
5749 660 1 11 7 245 15
10163 621 4 291 32 366 14
9815 523 1 154 50 426 3
6438 324 2 43 15 205 5
2527 365 2 102 17 376 2
52 428 1 23 33 493 4
264 593 2 22 18 472 10
2087 165 1 250 26 85 8
9137 78 3 109 50 177 7
6232 154 2 45 6 90 12
5408 41 1 93 109 648 2
115 735 1 107 112 145 13
6259 31 4 160 10 796 11
6342 325 4 251 22 432 12
5431 104 2 148 97 270 1
0 237 3 97 41 141 7
6350 462 2 85 23 449 2
9789 339 3 71 20 372 16
2560 500 1 141 53 448 7
0 88 2 30 16 139 6
2273 76 3 137 46 135 12
2198 673 5 317 41 49 3
254 570 2 67 14 218 15
2449 216 2 62 54 426 7
0 720 2 157 33 325 12
6543 473 1 123 64 34 14
191 249 7 133 60 125 17
9103 567 4 138 30 178 16
2671 304 4 132 54 653 13
5723 499 2 37 50 309 8
2880 51 4 136 27 564 20
9799 446 1 113 56 190 10
9520 224 3 23 6 95 2
9162 161 1 13 117 257 16
2995 454 4 100 14 205 6
2505 240 2 78 41 84 10
10153 418 4 130 28 490 9
0 81 3 89 107 669 3
33 80 3 183 35 375 11
2635 523 4 312 13 553 18
2982 643 2 45 4 152 8
9564 507 1 63 76 367 5
9659 571 1 240 34 201 17
1854 148 6 275 80 349 19
12 659 1 32 65 123 6
147 119 2 47 47 183 14
5607 89 1 256 48 144 17
0 278 2 227 24 367 9
2803 711 2 450 71 296 13
1845 34 1 76 24 269 14
2576 365 1 28 63 353 18
2585 628 1 11 16 84 12
38 167 4 131 41 265 2
5901 356 3 142 42 581 11
540 274 1 19 35 122 13
0 424 1 19 6 107 5
6348 562 3 217 29 162 3
2227 239 1 38 8 202 18
9360 532 1 181 32 256 13
