32 579
8 64 64 288
5 48 56 384
5 32 92 880
3 64 124 896
2 48 28 448
7 48 84 848
8 40 52 752
8 80 36 224
1 16 8 208
7 48 72 880
3 16 64 320
4 32 116 656
7 64 124 432
7 40 56 976
7 40 40 1024
1 48 24 432
2 40 16 384
2 32 128 768
4 80 40 464
7 80 72 336
5 64 40 416
5 48 48 352
6 32 80 1024
3 32 20 272
4 40 16 512
6 48 80 320
7 40 76 720
5 48 68 720
6 80 56 592
2 40 44 128
4 24 56 384
2 48 68 144
6311 142 6 191 43 83 11
2030 38 1 45 24 178 12
2103 35 3 298 15 408 4
9650 597 2 88 61 391 20
9009 151 1 50 46 272 1
32 537 6 318 26 427 8
467 112 5 235 48 587 20
136 560 1 30 30 59 2
6430 193 3 129 53 426 5
0 724 2 98 7 413 5
9910 236 1 15 49 198 3
375 634 3 120 20 167 7
205 488 1 41 6 370 7
9155 382 2 34 30 630 5
0 334 2 61 111 318 5
6159 697 1 24 25 669 11
2330 370 6 399 9 137 5
6038 541 5 336 21 180 3
5806 574 1 158 52 588 13
5624 451 2 157 33 186 7
1805 58 1 225 32 394 9
0 561 3 161 40 265 2
6504 562 1 73 11 348 5
1997 506 1 30 38 587 10
2115 120 4 148 27 330 8
274 732 1 47 17 246 8
6266 137 4 248 60 216 16
2192 199 5 188 49 207 18
5914 162 1 26 34 88 16
6417 550 6 148 34 157 14
1915 590 1 35 19 602 9
6474 538 4 179 64 166 3
1966 554 2 109 48 204 8
1981 184 2 36 46 509 7
9732 67 2 47 60 160 8
5633 379 1 28 12 271 19
2697 118 3 154 25 651 9
10123 469 2 69 15 124 16
9810 633 6 224 31 265 5
0 749 3 142 17 535 6
6281 507 2 138 57 106 13
317 91 4 125 21 161 19
0 587 2 42 6 221 14
579 148 1 130 21 248 3
6235 589 1 39 6 273 13
9764 365 1 18 87 220 10
5405 350 1 153 34 205 19
5594 288 2 108 52 208 2
2443 41 1 27 85 321 5
78 315 1 78 82 545 13
0 593 4 201 56 703 3
5618 630 1 57 87 287 14
0 251 2 216 39 304 17
2584 282 2 45 24 284 18
10081 171 1 56 49 172 8
9490 527 1 47 10 425 12
9436 243 2 47 14 200 16
9685 401 1 146 47 530 5
6416 80 1 29 8 277 18
0 51 1 27 49 381 9
9680 225 3 136 53 162 14
9734 692 1 30 66 119 12
5729 439 2 79 34 361 7
0 682 4 113 31 318 7
0 549 1 227 13 63 13
9983 513 3 165 56 248 8
6018 428 1 445 14 81 5
5496 535 2 105 67 434 19
2493 536 3 84 79 223 20
0 696 1 27 11 264 13
9593 291 1 26 31 197 19
9445 362 3 112 11 159 19
54 741 1 26 28 313 12
9073 210 2 128 38 434 14
6424 647 1 31 20 337 13
301 627 1 172 27 463 18
9258 167 3 150 26 243 15
2582 583 3 116 37 108 6
347 529 4 245 46 546 15
2480 104 2 52 55 312 7
0 80 1 77 38 66 2
9349 642 2 185 79 545 5
10170 89 6 135 42 365 20
9164 437 1 34 31 214 2
2823 267 8 598 23 155 18
9179 137 1 47 10 167 6
0 650 3 222 39 446 8
6488 629 1 31 39 223 17
9842 516 1 86 44 66 18
0 471 2 390 26 65 4
10129 194 1 25 30 207 4
9386 155 1 8 7 63 16
245 729 5 204 24 681 6
213 339 2 100 11 195 3
2089 115 2 145 45 240 8
9845 116 1 39 36 38 3
5872 136 6 215 41 214 6
9067 338 1 12 5 97 14
1839 593 1 82 20 549 2
1993 69 1 96 20 79 18
9806 137 2 114 29 196 1
6101 37 2 142 58 671 14
5410 663 2 113 10 67 13
10081 384 1 71 16 400 4
2851 180 2 347 33 360 7
9297 668 3 123 24 492 11
6416 285 2 114 36 166 16
6243 73 5 237 82 312 17
9119 55 2 59 13 35 11
6002 695 1 130 39 150 17
6314 135 1 13 92 417 9
2933 715 1 80 10 594 16
246 107 1 100 29 229 12
6455 360 3 173 33 368 16
10183 464 1 32 44 113 4
9026 90 3 70 45 288 10
9645 109 1 94 23 276 18
597 310 3 76 56 370 12
9797 333 3 170 32 171 13
2687 491 2 76 56 272 14
9695 127 1 191 32 537 20
6380 465 1 379 19 172 3
5413 674 3 56 24 720 18
151 631 1 27 76 638 13
489 551 1 56 11 299 10
2355 143 4 288 77 342 15
2354 470 1 15 4 140 1
0 571 4 211 19 169 7
2072 557 1 35 9 211 15
5447 240 5 134 14 379 6
5781 677 1 40 65 109 13
6090 703 3 92 99 468 2
1906 166 4 83 25 244 9
368 421 2 59 38 412 9
2169 216 3 44 52 335 2
0 500 1 22 104 555 7
2292 661 5 384 34 505 12
9817 347 3 80 65 616 1
6380 322 3 119 56 646 11
0 422 1 44 30 87 11
9135 636 1 15 44 212 18
6177 413 1 18 29 255 5
0 404 4 517 36 84 4
69 328 1 8 5 68 18
432 644 1 43 17 229 2
9645 633 1 99 12 450 14
0 53 1 37 28 112 1
0 567 7 140 26 338 14
10134 123 2 196 31 281 11
0 584 1 8 6 78 1
5720 597 3 120 27 522 8
9146 455 1 100 70 700 17
2929 144 3 459 40 180 12
9734 442 3 330 33 196 1
9146 581 2 56 81 261 5
9010 139 1 103 19 270 13
9736 493 1 25 9 184 9
2290 119 2 52 41 316 3
6049 630 2 165 41 150 8
5544 546 1 90 38 149 10
10090 573 1 45 26 535 17
2740 129 1 588 23 200 9
1906 65 1 32 39 101 12
587 156 2 66 28 120 7
9993 587 1 72 45 302 1
5813 290 1 227 50 725 16
2183 734 5 229 26 303 10
248 337 2 115 57 812 19
9688 537 1 28 35 67 9
2267 532 1 25 40 239 5
2769 514 1 28 72 642 14
567 150 2 25 34 187 10
5519 486 7 355 26 200 4
1801 604 2 122 47 285 19
394 738 5 365 13 143 3
0 132 2 155 13 125 20
9686 396 1 52 20 334 6
9745 626 2 168 18 102 6
0 703 2 44 73 489 16
2075 173 2 143 16 115 18
0 747 2 89 15 876 5
0 45 5 494 21 118 4
2561 405 5 203 71 313 3
9638 110 1 44 73 548 20
1953 469 2 100 26 538 1
2407 456 2 171 61 333 4
5425 534 1 50 47 212 8
0 548 2 109 18 113 17
190 267 1 52 34 35 10
6044 30 4 158 29 529 11
10023 466 6 590 23 123 15
2953 406 5 153 47 834 2
10177 176 7 306 39 331 3
0 429 1 200 15 447 16
2187 103 1 9 6 185 8
1812 55 3 113 15 557 8
310 581 1 33 70 584 4
2167 517 2 126 20 287 9
6273 572 1 40 7 239 1
5804 35 1 25 16 179 9
6213 736 1 35 23 298 6
254 637 2 65 43 690 10
0 203 1 39 9 325 9
5778 532 1 190 39 293 12
2953 92 2 166 18 342 14
1889 64 1 110 28 262 2
2600 362 2 216 28 174 15
2349 596 1 18 13 188 9
2645 168 1 20 48 81 4
2736 469 2 67 22 128 16
5638 116 2 202 49 190 18
9785 160 1 8 4 119 18
10082 87 2 45 47 99 8
0 453 1 43 35 234 6
2260 166 3 104 50 507 17
2843 631 1 47 116 287 17
334 709 2 67 43 187 13
9302 226 1 33 16 243 13
5548 471 1 22 5 152 16
9038 30 4 77 36 276 14
0 611 2 100 24 520 7
1990 377 1 11 4 154 4
2535 509 1 29 10 223 14
2077 152 2 169 23 260 14
2920 258 5 303 40 149 3
5876 565 1 31 36 276 11
327 305 2 19 58 70 1
9166 183 4 169 70 180 19
0 307 2 80 26 295 7
0 254 1 74 22 125 17
2229 482 1 9 5 116 5
9549 202 1 15 3 159 6
5537 158 1 13 5 102 11
9863 248 1 26 49 131 2
5817 573 3 196 24 711 5
444 738 1 12 8 186 4
10161 237 4 268 83 237 11
5803 522 2 42 30 141 7
5840 595 3 139 21 210 16
0 345 1 60 17 323 20
0 533 2 96 17 133 4
2360 639 5 205 20 681 9
9309 148 2 47 44 196 6
9707 89 2 109 8 160 5
9750 397 4 96 26 277 19
5809 215 1 35 36 687 17
9625 163 1 147 34 189 5
1982 710 1 140 58 623 4
5617 352 4 148 49 195 18
9105 33 1 155 10 302 6
1806 657 2 99 26 194 16
0 393 2 65 35 516 11
2828 461 5 203 42 226 14
530 406 2 141 49 233 20
9805 61 5 246 11 201 17
9596 547 2 159 91 740 19
5850 512 1 58 11 325 4
0 374 2 55 68 610 7
9056 30 2 50 34 44 19
5570 57 3 440 32 161 12
6550 225 1 176 39 398 16
2180 310 2 159 52 576 5
6243 265 4 222 21 699 12
5972 349 3 114 62 219 16
0 160 1 24 10 60 19
9069 629 4 147 66 428 3
5949 403 1 89 40 412 2
5442 541 1 40 14 149 11
1855 269 3 184 22 387 11
9969 529 2 76 40 122 15
9347 656 1 31 28 570 9
9331 273 1 11 5 104 3
2634 323 1 29 12 340 14
2246 477 1 59 6 288 8
5993 119 4 139 48 199 8
9442 202 1 41 10 331 16
0 419 1 99 39 194 6
5411 702 3 147 18 132 3
2861 295 1 25 19 158 12
9580 41 1 27 26 48 20
1898 655 1 81 33 184 20
0 59 1 21 34 196 6
238 251 5 235 38 235 5
9067 609 2 132 23 307 13
10015 308 1 19 10 133 8
9234 261 2 189 37 624 15
2092 592 1 92 80 417 7
0 367 1 384 25 123 5
9075 230 1 63 37 71 10
475 690 1 8 5 91 16
474 661 3 92 51 299 18
531 345 1 37 12 293 4
6144 163 1 30 17 107 7
5706 722 2 126 99 558 1
5916 133 5 456 18 367 7
2852 432 6 484 25 188 9
6247 529 1 94 24 110 8
9355 88 1 50 69 443 3
5590 116 2 121 33 333 4
9547 483 1 12 43 298 15
2147 547 1 135 52 210 13
2383 681 4 188 23 287 10
0 349 3 21 20 108 14
6378 328 2 77 16 88 5
9567 428 1 19 18 364 13
2893 713 4 283 10 148 6
0 687 2 120 23 85 4
10089 539 3 101 42 180 8
2599 483 4 101 70 703 8
5679 102 1 45 40 712 17
10177 358 3 35 61 199 13
0 318 2 66 19 105 16
9041 31 1 104 57 225 10
80 528 1 42 9 221 3
5935 295 1 33 12 121 13
2395 484 3 213 51 194 12
6382 445 1 25 52 70 1
5560 700 1 25 34 401 6
9931 744 3 109 19 570 7
9603 267 1 69 65 862 7
6406 257 1 40 17 304 20
6339 225 1 15 14 273 18
9792 637 4 158 36 173 19
5471 598 5 213 19 402 13
6503 434 2 143 81 339 8
0 189 1 225 50 287 17
9853 313 2 179 65 641 12
2664 297 1 38 12 161 6
0 671 6 233 55 222 2
5677 140 3 103 70 327 4
272 525 2 52 60 334 12
2121 489 4 246 41 416 17
533 655 3 136 40 405 5
589 135 1 73 25 86 20
1992 172 1 22 36 366 16
6275 323 1 15 40 115 2
9538 450 1 386 50 332 1
10179 548 3 122 50 196 9
0 130 2 155 24 218 2
2422 505 5 172 50 386 17
9847 72 1 78 18 130 4
0 102 1 34 42 192 8
544 550 3 152 40 678 6
5752 682 5 177 26 919 3
10122 616 1 204 57 243 13
0 333 1 41 47 241 13
0 48 3 106 31 502 8
2030 705 1 70 39 663 5
428 408 6 389 36 138 20
2799 108 1 31 11 359 14
2479 63 1 8 33 224 17
9784 148 1 19 122 734 11
6184 391 4 226 39 440 6
6038 644 1 66 14 317 1
10028 524 4 240 19 602 18
0 273 1 53 27 170 16
0 364 1 211 50 196 9
6000 721 2 180 22 209 9
2946 160 2 124 31 176 4
2810 212 2 385 22 137 1
0 500 5 116 46 377 7
9203 131 5 317 74 721 6
2449 522 1 112 36 268 3
2831 78 1 63 29 185 1
2825 39 4 36 32 256 2
5747 746 2 99 29 232 3
0 113 1 19 56 615 14
502 484 2 47 59 415 5
0 666 1 140 27 232 3
9654 701 2 34 36 578 14
0 365 1 99 67 873 9
5486 190 1 20 63 135 6
569 190 1 31 16 691 9
9722 264 2 173 11 194 2
6437 152 3 255 24 266 13
9493 112 1 64 11 289 14
2684 560 2 88 15 263 12
2778 329 2 125 34 404 8
0 110 1 85 27 123 2
2611 43 2 188 29 713 11
0 347 5 232 61 242 14
5412 430 3 72 18 147 7
0 712 2 114 50 249 5
2233 492 1 33 15 98 20
0 21 1 189 33 116 1
1985 165 1 309 24 227 13
6306 725 2 56 91 212 4
2409 373 2 49 23 79 7
6114 194 3 156 19 567 1
9825 710 4 106 64 91 10
5786 210 1 63 55 230 1
309 193 1 54 17 148 10
0 495 2 59 45 405 2
6418 357 1 23 5 291 6
2755 334 2 142 20 166 3
2055 527 1 45 22 298 7
9563 382 1 32 16 113 5
5698 569 2 37 19 231 7
5602 320 2 193 65 527 12
9019 104 1 46 23 143 9
9296 308 5 183 43 457 4
0 168 6 260 59 697 16
10139 59 1 97 19 374 9
9892 510 1 147 34 552 20
2154 374 2 124 61 216 1
9489 289 1 267 42 431 9
6238 351 1 41 9 214 19
2131 319 4 71 69 215 11
6371 134 1 143 25 207 15
6478 341 1 278 73 340 2
0 176 3 180 56 702 8
9992 737 3 129 31 574 14
113 289 2 129 26 683 1
0 92 1 101 22 716 11
9573 589 1 184 18 74 3
6240 274 3 269 34 214 14
6564 40 5 238 28 539 3
76 325 2 270 65 234 4
2542 592 1 30 25 163 1
66 124 3 29 29 235 7
2153 131 4 350 36 84 15
6456 578 4 245 52 445 3
0 160 1 63 34 349 12
9675 371 2 148 76 251 15
0 288 1 26 10 243 15
2254 626 2 240 25 240 6
5682 212 4 56 15 307 2
9687 235 3 124 15 211 9
9731 435 1 68 6 133 19
20 151 1 58 113 221 13
2057 559 1 25 6 364 17
10017 53 2 171 19 231 8
307 600 1 440 34 431 14
6195 490 1 33 22 57 15
2058 675 5 190 19 793 11
6004 156 2 190 43 162 17
5721 269 1 44 70 167 3
10068 613 2 41 9 197 2
252 716 1 28 8 135 13
572 621 1 42 12 368 20
2402 39 1 59 5 236 15
6480 561 3 203 33 220 10
9704 666 1 22 43 206 2
5533 404 1 54 58 91 12
10147 653 4 44 32 129 19
1960 326 2 99 90 776 19
9631 604 2 36 95 595 5
9540 87 2 81 22 484 9
531 463 1 121 49 662 14
9920 689 4 100 18 537 14
1865 488 2 244 23 525 10
2595 525 1 41 19 260 6
2911 654 5 352 20 83 14
0 24 1 90 53 251 7
5492 113 4 159 18 348 19
6091 309 1 53 23 304 10
2853 101 2 154 31 855 15
2933 680 3 41 12 177 15
10067 58 1 87 14 158 15
2023 536 3 191 41 194 12
9782 550 4 157 43 589 8
5580 473 2 50 11 127 2
6500 261 4 176 57 208 7
2475 533 2 23 39 163 9
5456 473 4 304 28 146 9
82 507 1 82 75 381 16
2671 376 1 50 44 319 2
6367 240 2 68 73 628 5
9703 224 1 160 46 326 12
0 431 3 72 63 338 14
2057 319 4 117 33 891 11
248 643 1 39 9 411 15
549 625 1 23 68 410 11
2284 691 2 111 26 651 16
9105 678 3 253 26 371 5
0 332 4 143 64 183 14
0 177 5 157 52 397 11
0 515 1 34 6 391 18
9758 357 5 314 40 146 12
1890 599 1 305 36 203 6
5528 699 5 280 21 584 3
9178 546 2 233 20 358 7
0 379 3 65 64 418 19
575 675 1 21 67 361 12
6598 494 3 162 67 214 13
457 721 2 98 40 183 7
5901 435 3 306 16 75 17
6068 164 1 12 4 145 17
9782 738 1 35 30 192 15
5529 700 1 10 52 111 16
5419 529 1 17 45 388 8
9563 167 1 33 31 127 9
2127 372 1 17 17 329 5
224 175 1 105 22 167 10
2864 740 2 64 9 199 16
2772 291 1 26 9 227 18
67 477 2 48 9 108 16
2986 164 2 200 46 210 19
9239 339 5 158 36 369 1
9861 231 6 434 17 191 4
0 278 1 49 79 258 4
0 715 1 12 5 124 5
0 603 1 14 33 191 6
0 528 1 29 46 175 13
9243 657 3 111 35 453 11
170 729 1 37 46 235 3
2201 178 6 171 39 362 15
0 275 6 273 66 187 19
2803 449 2 50 81 298 1
2437 677 1 36 10 231 3
2263 407 1 22 39 170 6
0 307 2 187 35 638 17
9212 677 2 131 27 333 3
6433 737 1 95 23 343 1
9215 278 3 77 48 647 9
9734 398 1 51 24 591 7
6312 581 1 172 33 155 8
6384 337 2 100 14 669 12
9955 119 2 80 5 147 9
2039 78 3 63 35 719 18
0 30 1 68 15 301 6
63 341 2 79 26 122 6
0 643 5 195 36 300 17
2617 85 1 222 67 154 11
6306 510 1 23 12 227 2
9675 110 6 422 53 76 7
5518 720 1 51 37 73 17
6231 426 2 222 25 96 12
2448 722 1 62 6 193 4
2402 271 2 59 21 534 17
9996 590 4 132 19 445 15
9642 326 2 81 28 260 13
5978 380 2 171 15 168 9
5915 731 1 63 118 356 2
181 615 1 74 55 543 3
10076 343 1 38 24 479 3
0 83 1 21 6 258 15
5501 417 2 78 46 525 13
9239 29 3 189 27 580 7
0 385 1 188 30 104 11
5592 384 2 104 40 977 9
2192 445 1 73 8 228 20
0 430 1 31 10 399 10
2255 396 1 33 19 72 7
1898 568 1 91 91 443 13
9619 695 1 59 13 180 1
176 30 1 32 34 185 20
5757 324 3 83 72 629 8
5407 512 2 26 41 157 17
9623 64 1 116 56 496 18
407 205 3 369 21 138 12
5920 130 1 23 71 415 10
10080 57 1 110 33 768 20
6014 134 5 466 24 118 20
144 388 2 129 38 545 18
6183 277 4 103 35 643 8
6100 553 1 64 31 137 2
6513 90 4 165 25 570 8
1827 626 1 558 31 132 16
1885 514 2 235 40 93 11
5420 146 1 146 27 153 19
2341 337 2 75 17 379 16
1899 304 1 30 20 300 7
232 215 6 287 51 268 14
9017 728 3 97 46 278 16
451 390 1 50 23 131 1
5694 712 2 101 18 178 12
10032 647 2 62 27 114 13
5516 207 1 105 67 632 10
9218 481 5 184 27 317 11
5966 184 1 98 67 641 5
2934 25 3 152 26 607 8
2523 627 5 153 67 228 4
174 465 1 215 24 92 17
5414 654 1 100 32 483 10
2855 312 2 119 106 207 10
1856 732 1 35 54 568 9
9565 36 1 34 21 85 14
5976 250 3 239 25 347 11
