50 970
8 24 24 624
8 48 120 560
6 80 44 448
5 32 24 192
4 24 116 208
6 48 124 480
8 48 68 848
2 40 68 192
6 40 36 320
4 40 64 384
2 64 120 800
7 40 100 640
7 48 40 208
4 48 36 224
8 64 116 576
7 48 60 832
2 64 28 112
4 24 100 928
6 32 28 720
3 48 72 560
8 24 68 800
5 24 124 656
5 64 68 448
3 48 128 768
4 64 108 400
3 40 100 352
5 80 24 512
8 40 92 880
5 48 68 176
8 24 128 416
4 80 60 880
2 40 108 480
6 64 128 448
8 48 48 672
5 32 40 672
4 80 28 528
3 80 120 624
4 32 24 528
6 40 100 304
4 40 36 240
3 40 68 880
4 80 48 688
3 40 68 544
7 24 120 752
3 48 48 128
8 48 88 128
8 64 24 464
2 24 104 320
6 80 100 416
6 32 124 880
4074 109 1 23 86 373 10
1206 357 1 39 55 128 2
3712 498 1 27 75 408 17
10446 211 2 56 40 140 15
4460 357 1 60 9 172 3
6628 175 2 121 47 286 17
2907 612 2 113 19 516 6
90 110 1 9 73 437 15
11704 415 5 326 85 121 14
6037 224 2 215 9 254 20
1873 507 3 78 32 40 9
1444 185 1 19 14 92 15
2414 604 2 26 30 672 18
3945 598 2 154 10 102 14
5597 452 1 82 10 212 13
85 133 1 174 29 362 3
2476 523 6 213 17 482 7
178 183 1 35 26 117 10
2878 357 3 67 62 384 18
8425 147 1 26 17 162 13
11029 548 2 51 22 558 15
9240 471 1 60 25 156 6
5852 146 1 25 50 98 18
5755 348 2 53 15 61 3
8603 499 3 78 21 164 13
8301 173 1 18 27 57 5
1694 623 1 60 44 420 2
2154 246 5 135 16 103 15
8171 609 1 31 50 171 7
11583 604 1 20 50 119 13
4271 532 2 33 25 151 2
4616 53 2 54 15 165 6
8327 337 1 169 10 296 7
487 44 1 26 40 59 4
10206 576 1 73 49 60 19
8117 486 4 89 19 401 20
3622 491 1 85 26 206 19
1068 216 1 20 43 185 9
6029 493 2 24 21 161 10
8996 453 3 55 10 454 5
878 376 2 68 70 456 7
246 515 2 177 22 235 2
3271 480 3 194 24 403 15
3020 36 2 61 21 343 7
4061 75 1 24 17 166 20
522 448 1 150 35 267 11
3383 27 3 130 45 255 8
1887 589 1 15 46 153 11
1702 293 3 124 27 319 2
326 34 1 58 29 185 15
1540 109 2 63 15 98 1
4836 532 2 95 41 124 10
2205 621 2 37 19 559 16
8434 521 1 20 59 113 18
11487 69 3 47 24 281 20
888 176 2 57 32 334 12
11870 575 3 106 65 490 2
10702 28 1 18 42 103 11
5636 68 1 62 14 159 1
11409 448 2 68 20 146 5
3188 396 1 23 42 178 14
7487 192 3 38 55 489 16
2894 567 1 17 12 199 10
4455 224 2 92 24 194 4
2998 157 2 214 37 237 10
5697 314 2 82 27 275 12
10542 132 1 64 36 263 13
2275 210 3 77 66 143 10
9120 107 5 114 36 223 9
5390 34 1 31 23 87 7
11787 99 2 56 36 68 7
1451 185 1 10 41 464 10
3869 598 1 43 42 210 3
504 567 2 40 37 39 10
2606 324 1 59 28 302 3
8134 79 1 130 10 142 15
4680 459 3 157 31 57 16
9644 359 5 85 15 427 10
1827 80 1 43 20 78 17
7669 198 3 158 50 260 19
401 474 2 131 31 463 15
818 134 2 72 29 197 3
6667 128 2 103 86 505 7
10010 398 2 114 24 166 15
7415 412 2 58 37 287 3
2400 132 2 161 34 59 13
307 276 3 151 23 184 11
2328 396 2 18 66 312 9
5133 286 4 251 17 320 15
6264 58 2 72 41 283 6
7816 227 1 127 25 202 13
8939 240 1 59 8 114 13
3228 573 1 88 7 289 6
5462 580 4 101 46 51 11
299 189 1 53 41 312 18
5700 244 2 145 35 127 14
3684 430 1 155 21 95 17
10001 400 1 63 20 328 9
96 370 2 20 41 457 10
10368 292 1 109 16 86 2
471 245 1 22 27 200 5
6373 526 1 67 39 95 10
3642 38 1 79 14 170 20
1930 397 3 59 19 145 9
11813 518 1 47 21 125 1
6609 458 4 76 30 69 14
870 649 1 17 63 341 10
7960 26 1 25 14 237 9
11318 346 1 106 30 58 16
6785 552 2 45 28 41 2
1841 262 2 189 11 261 9
11435 558 5 84 15 193 4
11318 364 3 150 32 277 9
8388 29 5 213 39 78 17
3512 570 2 74 30 362 19
6365 520 1 39 40 140 18
8752 558 1 75 34 152 16
1955 545 2 74 8 470 7
736 80 2 95 32 320 15
10426 209 2 129 31 59 18
5093 392 4 230 17 624 20
3010 428 5 182 44 102 17
8352 534 6 207 16 145 7
8686 300 1 52 26 35 11
10678 136 1 47 10 45 10
3003 207 1 13 37 533 19
3966 623 1 101 38 222 2
2863 141 1 161 36 330 13
4115 573 3 95 43 321 16
4045 265 4 55 39 108 6
7188 617 4 156 62 65 19
636 624 3 147 18 147 12
9115 597 2 57 8 75 14
2879 57 1 104 45 327 8
9884 479 4 72 19 307 6
3827 157 3 116 17 316 17
9659 531 1 43 35 147 1
11766 387 1 44 25 178 4
684 54 1 23 47 235 20
6375 532 3 186 26 409 17
7920 613 3 39 71 85 15
3530 127 1 183 17 367 14
38 166 4 134 66 351 11
10257 638 2 70 81 466 11
7847 579 1 23 44 386 14
1046 367 2 80 29 521 11
8888 388 1 14 44 322 15
11679 388 2 64 34 270 12
5826 574 4 73 15 313 1
4121 16 1 31 34 50 4
4714 193 2 43 48 114 18
6490 61 1 66 32 98 6
8373 535 2 69 26 90 5
11827 485 1 68 23 256 1
7950 487 3 204 33 339 18
7656 185 2 199 9 357 8
8397 132 1 65 29 78 10
11489 408 5 53 25 525 2
2663 182 7 115 76 152 9
7552 73 1 77 16 532 10
8772 438 6 64 84 173 16
2606 585 2 60 20 47 5
6351 410 1 43 11 94 6
4254 516 3 264 29 156 7
11159 490 2 44 21 83 20
7096 218 1 49 22 161 14
880 296 1 34 44 78 8
8102 219 1 199 23 220 13
2669 533 1 32 25 248 16
11961 438 1 32 42 595 2
7896 197 2 69 33 73 2
6821 86 1 74 14 301 17
9847 391 1 141 58 337 11
10346 125 1 23 33 256 13
716 493 3 162 60 165 18
2083 54 1 48 43 153 8
10842 225 1 17 54 241 19
6262 334 1 132 20 607 3
3893 526 1 13 23 182 20
9853 491 2 62 58 76 18
8432 86 2 81 19 453 20
9776 646 1 105 22 330 6
2263 50 2 56 20 115 19
5540 442 3 72 27 267 11
2334 489 3 116 79 302 4
10404 541 1 49 7 104 2
2479 83 2 83 41 136 18
7821 325 4 146 13 566 13
6262 508 2 93 68 219 4
5106 450 1 28 35 189 15
2745 173 3 133 84 385 1
1232 337 1 101 51 173 10
8895 373 1 124 27 467 13
1404 210 3 41 43 189 17
8581 552 3 118 47 284 9
4822 366 2 200 19 296 5
11567 508 1 14 30 571 7
4168 602 1 106 56 216 6
9983 557 2 102 29 604 20
6680 368 1 99 16 545 19
447 588 1 130 18 466 16
4638 175 2 41 45 138 13
2437 364 1 106 20 48 17
913 434 1 25 10 93 19
1570 554 3 43 39 510 6
851 434 2 40 37 75 16
6249 340 1 14 18 251 15
7309 135 2 59 67 379 14
10266 94 3 78 12 160 15
10392 416 3 317 13 289 5
8241 93 1 31 22 555 16
4413 367 1 25 80 395 18
9893 172 3 92 10 224 10
5682 461 2 115 48 84 15
1090 313 4 111 12 229 3
11282 516 1 70 29 293 5
7315 90 1 62 8 250 9
6149 275 1 21 17 433 11
5689 86 2 57 12 350 10
11525 166 1 29 19 51 17
228 514 5 218 6 150 18
6872 121 1 20 23 111 9
7056 446 1 25 39 115 5
9250 128 1 92 24 228 5
10448 83 2 155 22 504 15
2735 638 1 14 72 120 5
6781 136 1 66 6 39 11
11505 62 5 92 12 274 15
8736 441 3 268 12 141 15
1617 175 2 124 21 232 15
10975 175 1 31 34 224 18
222 390 1 23 18 254 1
9988 582 2 41 13 438 13
5057 287 4 75 10 80 9
11496 19 3 77 75 155 9
5738 485 4 112 32 219 17
834 597 3 89 28 369 19
1697 648 4 248 70 238 3
8497 143 3 138 45 300 14
11393 571 3 76 73 139 11
9120 98 1 46 31 29 4
1062 430 1 183 26 224 17
4913 163 3 155 16 298 13
6787 170 2 91 28 252 16
6782 179 4 84 22 77 8
9936 580 1 177 12 224 13
10196 371 1 58 24 67 17
8731 378 2 59 20 105 18
6846 565 2 23 38 204 5
6994 149 2 65 10 235 3
2088 97 3 116 26 394 20
4626 628 4 127 18 179 10
11647 144 3 93 12 152 4
6854 613 1 114 9 106 5
300 163 1 24 60 171 11
8765 70 2 64 83 232 2
10816 534 3 157 22 358 10
1220 644 1 40 15 385 15
2114 553 2 125 9 269 11
7088 129 1 30 40 133 13
91 362 3 149 25 92 8
3445 326 1 50 19 44 3
648 85 1 30 19 70 17
99 256 1 35 24 113 10
3060 30 3 179 34 303 10
4405 482 1 186 58 258 4
11791 63 3 49 8 494 7
407 411 1 22 60 222 17
3172 516 3 99 33 40 6
11682 476 3 196 23 121 4
7621 178 5 74 44 291 18
4576 424 7 83 82 532 17
9948 604 2 184 25 292 2
2231 509 3 133 73 171 16
3626 209 3 124 30 408 10
9800 548 1 68 15 58 17
8450 475 1 64 17 130 14
3739 185 1 64 27 325 10
3526 531 1 52 22 168 8
2536 373 1 13 39 480 13
6093 148 1 14 15 170 8
2990 336 1 212 65 136 10
4320 633 1 96 78 275 2
9813 87 1 51 27 159 5
9065 154 1 98 18 152 15
11057 434 4 128 12 324 6
7540 232 1 98 61 111 11
7052 549 2 63 34 249 4
2097 292 2 195 80 340 8
6657 208 1 92 12 207 2
4102 526 1 85 32 402 2
11579 598 1 25 41 200 10
969 376 1 60 17 177 7
9792 181 1 60 42 139 18
2311 317 2 62 19 224 16
2965 533 2 27 53 97 12
8918 213 4 118 14 343 13
142 169 1 32 18 136 13
9166 580 1 90 89 256 7
2215 257 5 239 22 171 12
11073 64 2 100 18 55 9
2245 626 1 25 9 46 15
2023 215 2 75 22 583 6
1214 234 3 81 12 129 8
2657 470 1 18 34 97 10
11751 127 2 120 26 281 13
7205 440 5 149 14 64 2
5684 139 1 35 10 411 17
6495 559 4 124 17 119 19
11335 246 2 45 24 51 4
10924 575 5 140 44 436 17
8338 404 2 74 19 71 1
1891 299 3 70 29 313 9
2302 32 6 128 31 355 8
2971 457 1 68 11 419 2
3701 582 1 48 35 344 13
5309 34 1 44 31 412 16
5044 264 1 47 53 231 8
11876 395 1 254 31 105 11
249 508 1 145 57 196 12
5446 517 1 28 27 305 8
1575 161 1 82 32 618 13
9648 636 2 54 83 278 2
2850 592 1 90 28 252 16
5805 232 4 237 25 98 8
8686 574 7 256 22 199 10
7203 607 2 44 17 222 8
7967 518 1 94 27 426 20
5668 306 3 149 23 225 7
8738 233 1 94 19 328 14
1249 512 1 137 26 183 11
5253 574 1 50 44 280 2
8891 200 1 67 74 205 10
8689 414 1 29 41 135 20
11636 15 1 66 45 235 12
1181 100 1 80 19 295 14
3841 82 3 60 14 386 8
2000 625 5 124 43 258 13
4994 518 1 271 11 362 20
6370 423 1 26 6 116 16
2661 584 1 36 11 365 2
11542 638 2 94 68 154 8
5873 443 2 64 67 111 20
7922 316 2 31 42 119 4
7454 340 1 54 82 342 12
8265 497 5 78 65 269 10
420 136 1 157 26 358 2
10332 525 2 50 16 377 18
10924 459 3 178 45 107 20
4581 569 1 40 11 361 11
1464 277 4 77 25 97 4
1542 465 1 31 38 494 20
11500 385 1 31 69 256 7
10222 233 3 121 21 127 13
9772 52 1 24 40 185 20
4253 425 3 76 41 186 8
1746 217 2 94 23 67 5
9384 260 1 81 9 67 8
6227 435 1 34 21 104 5
2025 355 2 251 30 435 18
2109 75 3 46 38 223 7
3155 389 3 138 29 120 1
8954 14 4 95 9 283 4
8976 623 1 73 69 129 10
9111 466 1 55 50 326 9
3949 565 1 160 39 338 5
2419 411 1 20 9 144 13
2419 340 5 401 69 401 14
9279 539 2 40 5 117 10
9450 272 1 138 12 63 13
8470 271 1 60 12 63 15
11421 405 1 21 69 191 15
1755 538 2 124 30 116 15
5548 156 1 10 62 115 2
5724 439 2 66 17 70 13
11812 489 2 223 66 283 12
10018 38 2 103 25 261 16
65 367 1 45 21 625 9
1556 399 2 95 16 89 11
6108 159 1 18 20 114 19
6627 548 1 68 23 506 20
9579 592 5 209 26 332 8
4776 472 4 46 16 204 2
10110 506 8 230 53 46 7
10990 413 1 19 44 122 17
9179 121 1 17 15 214 8
8686 48 4 193 13 281 20
11195 420 2 87 53 541 7
5043 374 3 273 60 197 6
3898 148 1 109 46 138 1
3110 360 6 168 21 480 19
6474 525 2 72 34 59 16
5914 595 1 87 22 191 2
888 428 1 15 68 156 10
6375 173 6 250 15 445 3
10096 543 2 86 51 181 5
3535 423 1 98 16 90 16
5007 607 1 13 41 282 9
6978 252 2 77 37 152 13
2552 432 1 25 42 81 14
2758 330 2 89 32 322 17
9788 432 1 13 30 218 7
6613 326 2 23 5 255 1
5081 187 2 51 9 68 1
9900 156 5 329 53 207 18
3463 54 1 40 24 474 13
7569 389 3 248 67 228 3
3663 554 5 124 16 468 9
2599 121 1 215 16 359 15
7396 499 1 68 27 360 16
3510 450 1 34 29 299 8
7375 392 1 16 69 44 19
5670 341 1 166 31 144 20
2093 541 1 26 15 35 10
11988 400 2 92 31 465 7
9380 126 5 93 82 300 14
4862 644 1 24 58 95 1
7390 29 1 38 44 190 9
9308 472 1 35 14 66 14
2664 488 2 88 46 257 4
6430 323 1 54 44 141 11
11699 235 1 21 25 620 1
9420 77 1 134 9 335 17
6757 458 2 38 23 338 19
4398 285 2 54 22 349 19
7617 211 1 13 47 192 8
8490 346 4 182 31 136 10
4622 125 1 43 36 495 13
3143 131 2 113 26 143 8
9768 462 1 30 16 156 17
6842 439 1 46 28 148 17
2591 67 4 55 86 183 19
3949 538 1 26 23 236 12
7329 459 2 110 15 194 6
3785 422 1 225 8 166 2
6267 620 2 127 30 389 5
534 374 2 72 22 88 20
6033 395 2 216 26 340 11
3565 97 1 30 18 178 16
1903 313 1 167 12 166 15
9520 42 1 32 21 84 11
831 58 3 127 14 531 17
4600 376 1 25 18 46 13
9175 575 2 67 14 418 6
10471 185 3 153 45 191 10
10024 465 1 30 37 75 3
2049 185 2 33 7 372 12
8416 220 1 39 8 31 20
4189 574 1 104 15 336 4
1689 192 1 24 41 218 2
2527 379 1 85 26 174 9
2071 488 3 214 74 202 1
10302 204 1 18 24 251 8
7271 300 1 21 9 434 20
7219 437 1 142 14 235 19
2490 594 3 110 40 133 14
3608 569 3 97 42 577 9
6481 78 2 278 16 435 8
11599 111 2 73 34 116 1
5219 637 1 58 24 379 8
8421 355 2 78 20 327 16
2169 232 2 125 17 250 12
8418 554 1 28 16 145 9
11178 544 3 244 33 219 6
9677 613 1 24 23 176 14
1505 290 1 44 81 407 3
5322 537 1 26 39 184 15
1427 453 1 45 35 472 7
3065 121 1 41 12 123 4
4742 208 1 100 27 99 8
1060 323 1 125 10 62 9
5205 351 2 194 9 291 3
8918 17 4 48 34 283 17
6308 16 2 120 28 314 6
11572 547 1 45 13 473 8
8362 407 1 32 45 209 14
6486 425 1 15 67 93 8
10610 483 1 116 9 73 20
8470 635 3 84 33 455 3
3600 36 5 99 11 223 20
5751 288 6 90 7 351 19
879 331 2 98 20 156 4
586 310 2 65 24 29 2
11094 140 2 98 86 138 15
651 281 1 63 60 357 12
7600 635 1 105 46 572 10
2242 623 1 53 47 217 8
8285 272 1 43 8 71 4
9014 590 3 327 12 95 15
10822 411 1 44 15 215 12
3775 625 1 106 18 423 12
11351 556 1 125 25 204 10
2937 294 1 119 10 293 17
1485 19 2 44 40 337 17
5918 103 2 107 20 446 16
443 218 2 24 53 229 6
8894 203 3 244 18 43 17
1501 507 3 134 19 167 8
5493 188 2 165 68 285 12
4868 403 1 130 22 83 19
4399 138 1 30 13 90 4
4317 222 2 41 69 122 1
6137 270 2 147 39 159 15
9906 476 1 58 31 659 16
5363 366 1 21 21 302 15
11184 327 3 188 70 69 16
4378 368 1 40 10 197 5
2035 583 1 55 80 131 19
639 640 4 37 64 241 3
10359 435 2 63 11 78 18
9563 546 2 218 29 211 15
4243 11 4 115 18 333 8
8950 404 2 66 59 659 18
5825 263 3 45 51 175 3
7396 349 1 31 53 95 8
2627 481 2 54 25 99 18
932 502 3 165 9 159 11
3148 215 1 27 26 289 13
9835 502 1 114 30 217 6
10981 297 2 231 59 97 6
8605 519 1 54 49 181 14
1178 481 1 29 47 334 19
11128 426 1 14 13 225 18
2537 593 3 230 45 223 19
11285 436 2 52 17 340 19
1923 223 1 52 29 250 9
3717 31 2 89 48 366 10
5241 241 2 77 58 197 7
3621 445 1 24 33 51 5
6946 285 1 54 34 207 5
2945 127 1 30 70 518 10
7358 421 4 127 32 134 3
787 498 1 141 37 191 17
4752 421 1 81 29 297 10
7814 377 1 15 25 370 18
7523 286 1 89 20 586 3
3143 123 1 35 14 47 4
11778 459 2 46 16 101 2
5894 417 2 79 35 105 17
3388 151 6 189 65 184 18
926 282 3 41 76 218 19
3322 95 1 121 18 163 6
4072 128 2 123 32 325 11
8734 280 1 25 27 201 3
10083 493 1 67 38 624 14
2725 17 1 12 9 258 6
5309 408 4 174 25 88 17
8574 633 1 12 32 100 18
9158 408 4 136 27 441 3
8421 309 1 32 20 200 12
9485 464 1 189 26 470 13
10054 534 1 23 54 80 6
6912 119 3 80 18 566 19
9512 490 4 103 21 70 17
9130 162 1 51 12 100 3
6241 174 1 48 33 533 15
398 450 1 82 15 62 3
2454 432 1 60 63 108 16
1251 384 2 25 84 314 3
11752 123 1 54 19 94 2
6918 608 1 26 24 57 12
4621 185 2 61 48 291 14
7450 18 1 61 12 32 17
4804 594 1 37 29 72 3
9931 61 1 152 70 383 10
2478 358 2 154 21 520 20
5916 176 1 92 74 337 20
10948 614 1 39 71 347 1
2080 511 3 96 27 59 2
7811 202 3 37 63 362 1
8075 274 1 18 82 386 19
2130 339 1 99 29 291 7
6409 493 2 196 20 68 17
282 425 1 65 56 189 6
3621 506 6 214 19 262 1
6699 118 4 72 17 266 20
6011 78 1 36 53 415 14
11604 275 1 54 33 503 6
1635 567 3 199 67 202 7
4678 229 2 107 42 213 3
2678 632 1 18 32 545 18
11544 33 1 53 35 468 8
2703 101 1 29 28 283 13
11981 181 1 67 40 101 6
2283 299 5 265 56 219 11
3773 17 1 58 62 427 1
5322 380 4 195 52 236 5
7619 353 4 76 19 141 15
7027 560 1 27 54 462 13
4152 326 1 98 14 550 7
453 310 3 48 11 331 19
10169 602 1 16 18 52 18
11337 632 3 121 15 248 6
11204 233 2 80 34 489 20
6954 486 1 55 46 290 18
3713 310 1 28 16 114 7
9852 541 2 49 59 316 18
4179 533 4 126 24 219 12
2013 128 1 52 26 316 12
8682 575 2 119 63 225 3
4098 84 1 32 28 273 10
10148 112 2 53 33 195 11
7321 19 1 167 58 309 10
11298 22 1 157 73 135 19
2595 127 3 222 66 147 16
902 196 1 48 61 322 13
1517 569 1 25 43 212 17
8999 528 2 61 16 439 7
3782 648 6 207 25 223 16
5540 100 2 23 72 79 12
8757 211 1 17 48 76 13
10762 256 1 13 72 218 16
9943 129 2 139 25 103 16
5058 528 2 19 64 115 13
8220 596 3 47 18 142 17
2198 576 4 219 65 193 10
4613 221 2 95 63 498 4
4215 334 3 46 16 147 15
327 258 1 47 15 294 12
9921 154 1 123 47 280 16
2549 559 3 98 15 257 18
8718 384 3 107 33 143 17
5456 328 1 30 46 100 19
1741 321 1 141 23 465 1
7318 630 2 48 60 223 17
3790 21 2 307 70 209 10
8074 84 2 79 57 233 5
760 238 2 123 38 374 18
5640 625 3 108 44 327 11
11081 442 1 85 63 150 3
851 466 1 41 27 30 11
7313 535 2 79 34 268 12
4038 214 1 21 15 307 17
8566 164 1 90 29 491 8
1792 512 2 70 13 103 8
1455 648 1 327 27 297 12
2080 383 2 122 90 148 6
8958 499 1 39 69 257 15
6239 260 4 62 58 96 4
9546 163 1 14 67 342 5
5663 504 1 28 51 235 7
7642 299 1 46 75 329 12
11712 81 1 57 69 229 9
8208 258 7 215 53 622 2
5326 232 2 78 68 175 16
11157 20 6 283 22 92 11
2074 548 2 107 23 320 19
6371 150 2 170 32 68 8
10456 490 2 108 9 363 11
7455 105 1 39 76 583 19
4693 623 3 68 67 299 20
7960 615 3 104 9 219 13
8217 250 4 164 15 156 7
925 74 1 32 45 156 13
5359 136 1 32 46 100 4
936 434 2 52 27 307 8
5087 369 2 57 32 137 4
3950 498 1 15 24 136 19
5273 430 1 100 19 77 2
9020 478 5 242 41 194 20
4 240 6 139 66 260 14
11584 531 2 123 31 323 1
11458 279 2 144 43 81 12
4018 118 2 95 23 626 15
10355 101 1 64 41 228 10
9932 496 4 74 48 463 11
1791 196 1 28 45 159 5
3964 193 5 158 15 449 12
8536 509 2 93 19 34 7
11251 133 3 242 34 451 14
195 577 1 39 81 108 9
9538 249 2 101 54 447 6
1614 625 1 33 32 105 20
10037 392 1 17 77 454 15
11422 407 1 18 23 69 19
2194 422 1 85 31 93 14
1997 576 2 89 16 138 20
2488 229 1 29 70 114 5
6615 530 1 125 37 458 17
2324 47 1 167 43 289 12
9956 463 3 161 45 166 6
5035 270 1 40 26 72 18
2067 648 4 122 16 304 9
394 492 1 18 27 349 12
2625 59 3 196 12 477 10
10338 619 2 73 11 129 5
5498 525 2 84 41 223 4
7848 302 2 98 21 246 13
5312 392 2 46 41 264 4
3889 550 2 54 43 180 8
6859 322 2 118 20 114 10
2328 248 1 218 16 312 19
9627 604 3 107 42 382 17
9844 323 1 52 9 177 20
3496 404 1 37 27 89 6
11128 144 1 13 11 58 14
7035 117 5 192 21 472 14
9442 331 2 80 52 222 14
6973 258 1 24 12 42 7
2284 463 2 110 12 214 9
11996 124 1 34 42 388 16
3745 606 1 91 18 142 3
4721 423 1 30 62 85 11
2496 583 4 69 43 436 14
3865 480 1 76 21 295 7
913 38 1 41 41 516 15
5702 27 1 93 46 256 13
685 224 1 41 9 143 18
10704 497 2 26 63 251 14
10802 520 1 32 14 51 18
11889 175 1 44 78 233 18
7701 253 2 106 51 90 12
10392 644 1 48 23 159 20
8265 39 4 126 16 361 12
2691 596 1 37 36 637 17
1316 287 1 80 67 97 3
8763 635 2 19 34 333 5
8979 132 4 255 65 329 13
6455 61 1 57 59 227 3
5162 54 3 145 34 380 5
6327 258 3 73 8 202 12
1825 519 4 121 86 290 13
792 296 1 22 20 136 19
7082 45 2 61 29 473 7
1600 83 3 79 13 132 19
4017 510 1 35 37 508 11
5265 288 3 371 13 307 8
11356 593 4 57 12 143 17
301 75 2 104 41 411 20
1758 394 1 65 47 174 14
5024 514 1 27 38 173 9
9836 248 2 78 27 258 7
1211 578 3 162 48 62 16
8181 450 1 18 52 395 20
1046 475 1 68 19 130 11
7707 201 1 91 30 496 3
8978 87 1 51 27 494 2
5687 455 1 93 62 490 17
9895 642 1 40 19 228 19
1334 231 2 29 30 185 13
1499 301 1 30 14 98 12
448 533 2 92 8 154 6
2475 214 4 81 47 72 1
6945 278 1 41 40 455 10
10220 101 1 163 43 285 19
5074 23 2 109 35 554 10
3535 176 1 20 12 143 6
9284 386 1 28 70 407 4
1398 259 2 159 40 172 14
3043 216 2 41 36 417 13
3383 211 3 125 23 123 17
3186 577 1 27 41 333 9
1482 75 1 147 15 614 5
5925 625 2 102 62 203 13
3034 569 2 71 42 186 2
8111 587 2 44 14 375 15
5727 166 1 174 19 514 17
10129 366 2 34 58 578 8
5803 25 3 95 63 169 4
4690 271 1 66 19 99 6
11632 312 2 57 57 332 18
4440 470 2 103 79 569 11
11090 517 1 37 16 135 12
9799 374 1 22 26 46 5
8444 416 1 27 17 71 1
9679 316 1 116 52 160 18
10729 557 2 97 41 144 18
11751 281 4 80 53 303 8
9236 532 2 47 45 335 17
7579 100 3 137 57 343 9
3976 460 1 53 28 151 3
9883 465 3 113 12 135 5
11465 168 2 72 31 248 6
3796 595 1 10 24 108 10
1337 495 2 81 46 217 6
149 373 1 23 34 231 8
8432 359 2 60 35 210 16
5284 623 2 159 22 299 6
5625 219 2 98 11 121 18
4454 568 1 9 67 247 11
2151 424 3 50 30 560 19
9291 22 2 84 32 162 11
7287 299 1 19 46 154 6
1934 307 1 60 35 73 4
9275 447 3 175 31 109 12
5518 467 1 47 46 86 6
1239 613 5 185 32 357 14
4201 610 1 34 33 256 15
9845 164 1 28 31 102 16
265 221 1 18 26 191 8
7984 111 3 254 9 251 11
3247 409 2 138 13 310 19
9021 408 1 46 37 608 5
3238 648 3 36 71 237 20
1623 411 2 107 26 303 13
1050 89 1 36 18 118 12
8030 366 3 97 12 264 16
272 582 1 25 60 55 17
8360 453 4 105 29 119 18
3873 128 1 40 23 325 11
764 355 5 167 46 353 12
2832 278 1 17 31 62 7
2948 268 3 408 63 269 19
719 226 3 97 31 128 9
11403 497 1 24 15 193 5
6053 497 1 24 14 280 16
8427 340 1 48 14 134 16
3086 463 3 50 69 537 20
16 192 1 62 72 353 5
10063 518 2 42 25 212 20
207 506 7 251 25 235 9
10637 381 1 58 67 338 20
6947 372 1 46 16 74 17
2287 522 2 99 35 217 13
7502 80 1 34 40 251 16
4655 105 1 180 11 202 3
4110 488 1 170 77 166 18
8869 61 3 156 37 246 12
237 511 3 58 19 107 20
9386 244 1 66 11 175 12
10559 250 6 157 45 365 11
1716 32 1 51 9 46 5
1525 350 3 209 26 149 4
11571 506 1 31 30 263 8
2959 11 1 83 29 85 3
10638 133 1 38 62 193 18
10934 89 4 160 46 468 9
1159 23 1 21 75 281 5
10998 199 7 88 75 212 9
5921 378 4 62 12 89 1
1015 494 1 78 16 296 7
11517 57 1 151 20 335 15
7018 396 1 42 32 371 10
6959 625 2 85 74 167 6
5307 240 3 225 24 268 3
7655 251 1 38 57 243 1
5861 81 1 89 86 213 9
11781 634 1 22 42 195 7
9250 600 1 20 71 528 19
9089 310 4 89 9 282 14
1385 245 2 84 36 189 15
4354 401 5 217 72 234 17
9709 524 1 18 28 456 2
4382 239 2 55 26 357 18
2317 381 1 108 31 500 11
10535 554 5 306 7 197 16
4960 349 2 63 55 136 5
4931 207 1 179 27 102 6
3881 444 3 74 85 505 14
1073 79 1 110 69 276 17
3286 127 1 10 58 231 10
9191 71 1 60 30 208 17
1141 344 5 227 32 315 9
5285 648 1 34 11 260 8
5812 377 2 31 26 178 5
9622 397 1 16 31 229 7
9154 357 1 40 8 288 2
6122 357 1 17 61 238 16
7145 460 5 318 11 228 20
5012 450 4 171 16 176 6
8925 337 3 144 68 183 20
723 357 5 164 50 87 18
6855 367 1 67 34 48 2
11896 319 1 33 40 399 4
10599 252 1 10 73 155 4
910 613 1 38 23 62 12
60 377 3 69 13 297 1
4577 552 2 153 19 171 15
6211 39 1 115 53 278 8
3895 619 1 48 44 493 4
8445 617 2 89 34 551 14
10788 494 1 65 46 253 1
939 259 1 67 40 391 1
9885 213 2 78 43 175 18
10778 604 1 86 45 204 8
7218 254 3 216 52 89 11
7086 38 4 47 75 148 13
8421 515 1 27 53 358 16
11224 439 3 132 12 126 16
2716 205 3 88 48 205 3
1243 409 1 65 13 101 5
6928 103 2 41 25 539 17
7583 524 1 20 25 411 9
4487 470 1 144 55 106 16
6596 525 2 193 6 327 19
8402 308 1 19 13 358 2
6883 240 1 167 13 223 15
7795 455 2 80 36 130 15
1811 360 2 119 63 375 15
8975 134 3 84 29 76 4
10912 25 1 58 9 360 6
11683 555 2 31 21 195 12
523 55 2 120 31 58 11
4748 588 1 43 10 116 17
6130 531 1 58 24 246 1
238 294 2 29 52 116 8
2131 185 3 166 8 363 3
10202 647 4 38 49 330 6
5797 137 1 211 37 260 19
5726 26 1 18 35 227 17
7699 336 3 117 28 384 5
1021 199 2 42 10 84 10
6396 92 2 61 20 88 12
10947 32 1 114 54 256 7
1546 636 2 77 52 455 4
8668 439 1 74 56 293 15
264 507 1 117 28 91 15
8019 541 2 84 24 71 6
10095 80 1 39 41 253 13
4867 119 2 140 68 251 5
2387 576 1 21 19 152 10
895 75 6 219 19 85 10
6759 394 1 19 19 95 5
1463 474 1 28 8 23 11
7514 236 1 31 41 328 2
11289 127 4 119 44 188 20
2087 140 1 36 73 237 17
6344 496 1 77 9 123 15
7732 335 1 38 23 195 14
5168 251 2 106 38 214 8
10520 194 1 83 9 97 1
8448 29 1 100 38 251 10
872 650 1 59 14 162 9
1084 367 2 85 8 194 8
5735 212 1 26 10 70 16
3824 150 2 41 28 137 4
11819 470 1 37 64 111 14
8985 287 1 28 62 116 9
7393 513 2 31 17 575 10
11955 504 1 63 47 110 16
10946 629 1 149 52 225 18
9501 485 3 58 84 492 1
3817 106 1 18 26 161 20
873 650 3 152 62 54 13
688 505 1 163 54 241 13
10670 457 3 98 36 370 4
1563 222 4 118 37 348 19
10717 394 2 160 66 296 5
902 55 1 17 40 52 16
1036 259 2 73 14 71 9
332 136 3 208 55 202 18
4524 71 1 19 71 182 16
10529 355 1 35 43 245 8
5170 43 1 32 42 79 13
1635 568 2 75 79 335 15
4186 261 4 252 23 563 7
7250 155 1 58 8 230 11
4182 408 7 96 8 284 4
9273 408 4 102 34 329 18
4912 25 1 19 58 207 8
4827 597 2 72 13 79 9
8806 258 2 51 24 191 13
993 237 4 189 45 202 14
11314 605 1 55 32 405 2
2929 62 2 98 46 270 15
3726 522 1 48 38 193 10
11687 420 2 119 35 395 10
10062 445 4 180 28 235 12
2434 620 3 134 30 278 9
2462 260 1 155 60 324 6
3740 141 2 87 20 195 13
3567 100 2 89 20 94 17
9974 19 1 38 21 125 14
11347 397 2 45 10 84 19
2276 256 2 94 51 258 17
7381 357 1 41 24 61 14
8541 155 1 134 14 179 17
2483 31 1 58 13 129 7
7614 463 1 26 49 156 7
6915 588 1 40 50 117 12
