12 117
3 64 24 624
6 80 36 208
2 32 44 160
8 48 48 800
8 40 32 336
5 32 68 768
4 64 52 784
4 24 64 848
5 80 72 480
7 40 24 624
4 24 116 192
8 32 28 240
217 197 1 47 7 411 7
6988 282 1 27 76 79 1
3762 549 2 129 17 122 19
5349 32 1 94 33 467 1
4247 504 3 149 35 551 3
5023 33 1 41 33 311 6
1043 143 1 146 16 255 2
8563 464 2 121 23 159 7
4927 499 1 77 9 239 4
9831 324 3 119 43 398 5
11503 208 1 25 40 325 3
2188 342 2 100 19 286 6
3650 376 2 33 20 493 4
2575 13 1 49 35 272 17
10211 343 4 153 14 200 18
2905 140 8 126 18 101 15
3355 178 1 151 14 81 7
8203 336 2 122 16 149 1
987 466 1 36 65 137 3
7763 171 2 120 13 177 2
3739 52 2 51 15 93 2
172 316 2 29 30 114 2
3265 541 3 124 8 102 4
898 48 2 23 54 40 3
8412 21 1 34 8 381 17
5363 325 2 18 29 402 15
3536 402 1 149 11 324 7
11420 24 1 212 17 193 2
200 279 5 104 16 73 15
10062 382 5 121 7 180 4
958 421 2 107 39 122 7
9789 200 4 132 23 224 20
4938 390 2 229 25 120 16
8735 345 1 40 33 497 5
2117 280 1 37 27 105 7
407 64 1 38 27 455 4
811 296 1 67 8 103 7
6945 304 1 191 23 240 4
2026 187 1 37 29 321 20
459 197 5 334 39 348 5
508 190 1 21 9 354 6
5306 455 2 92 30 189 18
3137 549 2 72 12 162 4
336 143 1 21 18 50 16
1087 379 1 109 7 226 4
9258 288 1 92 8 455 3
8265 346 2 85 9 136 1
10496 364 2 35 29 304 6
405 427 1 23 8 53 7
9271 346 2 21 33 587 7
3651 476 1 47 16 164 7
538 480 4 111 36 277 2
7486 54 1 18 9 76 7
3093 344 5 277 12 350 5
8202 503 5 210 18 148 15
368 254 2 127 15 522 2
9630 433 6 192 15 59 20
3733 229 1 69 38 349 7
4301 433 2 126 12 406 7
5400 86 7 215 11 127 18
357 148 5 207 18 137 1
10398 270 1 133 50 100 18
8183 53 1 20 16 233 5
10966 308 1 22 24 40 4
6491 352 1 48 45 410 20
6748 156 3 73 20 317 6
2478 482 1 174 39 221 2
10927 281 1 20 14 106 7
3650 520 1 13 15 86 18
9977 100 5 267 22 125 5
11707 236 3 117 17 411 3
11833 425 1 24 20 207 18
11289 208 2 147 32 525 7
5674 242 3 151 22 91 2
10821 526 2 97 16 164 19
2314 426 1 36 22 98 2
5563 221 2 167 16 357 1
11565 81 2 34 15 69 20
9338 86 1 143 24 61 1
8336 280 5 260 47 119 7
9683 346 4 130 35 465 2
3447 535 1 15 13 140 7
2440 102 1 47 11 184 4
10556 190 1 19 68 144 20
4831 425 1 25 16 428 18
239 93 2 104 31 215 4
6187 109 2 111 20 61 17
9093 316 1 43 7 269 2
9866 24 1 115 16 207 7
5591 205 2 104 13 507 6
9833 128 1 34 17 64 3
5069 218 2 139 22 244 7
11109 428 2 198 49 176 7
1525 128 3 219 16 571 17
6753 69 2 47 21 323 3
11484 262 4 97 18 434 2
2596 537 2 52 28 347 20
3645 122 3 147 33 467 1
7708 298 1 58 48 130 1
2010 144 2 126 13 409 5
1800 462 2 29 10 99 5
942 342 4 130 15 93 3
4274 303 2 54 42 407 7
7192 265 1 15 22 62 18
9856 528 2 46 48 329 17
7043 466 1 11 28 107 2
8021 77 1 41 24 518 20
7630 297 1 133 35 419 6
3346 243 1 142 15 302 19
8571 272 2 131 28 536 3
6103 190 2 184 20 115 2
3966 174 2 35 47 53 1
2095 157 1 37 9 431 2
4228 170 1 31 25 528 6
3933 544 2 49 13 72 3
7269 139 1 19 41 76 4
6224 284 1 50 80 130 20
