74 3198
8 80 96 320
3 24 80 736
2 32 128 816
5 32 40 800
7 24 100 128
2 24 24 656
2 64 64 672
6 24 104 432
2 64 108 336
7 48 124 144
4 32 84 192
3 64 128 848
6 32 24 688
7 32 48 176
6 40 68 160
6 48 128 976
4 80 56 992
6 48 68 384
4 48 104 512
6 64 108 304
6 48 96 704
6 24 40 800
6 24 24 656
7 32 72 864
7 32 128 880
2 64 128 768
6 64 60 608
4 24 104 832
6 32 120 736
5 64 64 480
8 48 84 464
4 48 72 192
6 80 28 752
2 80 76 464
4 48 104 288
8 40 44 624
7 64 124 976
3 48 92 976
5 64 84 368
5 24 80 1008
3 40 80 480
5 64 32 224
3 24 28 464
7 24 120 192
5 64 68 608
6 40 52 864
5 40 84 480
7 40 64 384
3 80 96 784
2 80 88 592
5 64 60 656
5 64 76 160
4 40 108 160
2 64 128 720
6 32 116 896
4 80 44 720
4 32 60 752
5 32 68 544
6 32 92 736
3 80 92 128
7 24 120 464
6 64 40 784
7 80 60 1024
2 40 96 304
5 64 116 192
5 40 80 848
5 48 76 432
4 64 40 1008
6 32 68 752
3 32 116 896
8 24 40 976
7 32 128 640
5 24 104 192
5 24 80 352
7766 255 2 155 68 500 18
2211 1000 3 148 76 157 5
3472 222 6 160 49 501 3
2633 222 2 85 94 512 19
14423 346 2 48 78 115 6
11814 211 2 185 50 578 3
14850 328 3 145 99 126 11
4564 34 6 132 91 841 1
11842 91 3 258 96 683 7
6949 63 1 104 51 607 4
6518 782 1 189 72 265 12
7304 818 2 176 48 932 12
10279 157 2 95 74 311 5
2740 685 1 18 24 472 8
9115 764 4 91 65 655 14
7622 188 1 30 60 282 7
11663 965 4 153 56 555 19
3789 738 1 45 119 679 10
1719 953 3 60 55 428 1
10068 215 1 91 26 173 15
10615 200 4 227 48 181 18
9723 126 4 105 19 431 2
3635 232 1 69 75 150 8
1589 63 2 186 89 236 5
7603 143 1 52 104 809 7
11213 102 3 241 34 527 5
1577 129 3 120 70 262 11
3551 349 3 134 39 454 9
3260 631 4 150 36 853 13
4967 970 2 83 86 581 3
3715 173 3 264 84 426 20
10151 82 3 179 48 265 17
985 93 5 279 25 395 9
4033 143 4 179 54 663 18
7902 746 1 109 48 580 18
3621 101 2 60 45 717 17
10531 284 4 138 78 230 13
10898 73 4 177 50 598 16
10246 628 1 48 16 530 19
14123 310 3 204 70 922 17
8519 286 1 110 64 306 15
12752 175 4 111 84 483 7
5806 201 2 115 34 395 4
10113 56 1 109 15 376 20
11522 259 3 72 32 796 10
6597 289 4 236 76 374 3
8874 269 6 288 102 138 4
2399 321 3 87 67 336 8
5240 290 2 127 65 135 15
8225 86 3 84 78 610 19
8544 219 3 218 35 478 10
11375 203 3 86 41 475 18
8981 300 3 135 118 881 3
12415 289 4 134 52 848 1
1908 751 3 173 49 191 11
12580 27 2 123 47 211 7
2529 150 3 66 92 134 13
9709 173 1 75 91 477 10
1265 287 3 79 55 352 16
6591 70 4 196 118 768 12
8400 796 4 186 61 356 1
9214 143 3 123 41 112 1
13278 52 3 111 67 814 6
4747 125 4 311 25 523 4
13578 215 3 92 115 393 2
6823 625 1 84 112 591 11
1175 70 3 248 33 345 7
1421 267 3 70 89 476 14
14161 211 4 174 36 506 5
8943 969 4 144 37 469 19
6179 325 3 140 48 160 20
4820 321 1 58 117 809 6
1989 273 1 148 52 314 15
3091 957 3 65 15 346 17
9160 797 1 96 70 184 5
1229 166 3 217 44 586 2
6330 337 1 55 96 207 11
650 638 4 152 33 176 8
4492 74 3 88 42 637 5
1561 182 2 144 70 556 7
8721 176 1 78 65 357 8
7499 314 3 75 67 342 14
7811 213 2 76 64 418 9
11552 958 2 59 74 769 17
6281 124 4 160 45 619 1
9294 752 3 75 20 440 20
9982 89 3 78 56 614 16
6395 290 7 292 59 228 4
7165 164 1 51 42 640 6
11616 109 3 84 101 747 4
13669 690 6 130 51 85 3
4805 720 2 69 67 445 16
4386 125 1 106 78 340 6
9428 157 2 144 34 319 1
6790 129 4 258 76 733 7
7411 137 2 130 38 104 20
10482 663 4 284 68 193 3
276 63 4 137 96 613 16
7618 881 3 228 77 265 17
8751 25 3 63 27 563 2
13855 61 7 152 128 490 6
1635 140 6 183 25 139 5
6042 71 3 133 22 557 7
2543 287 3 91 43 156 19
8886 172 2 88 96 87 18
3129 336 1 49 127 736 18
3462 330 6 198 92 745 6
7880 124 4 220 45 355 7
3322 158 3 87 44 715 18
2086 820 2 175 40 363 6
3334 299 1 46 56 390 15
1895 288 1 75 63 286 16
4691 34 6 153 80 273 6
1087 75 4 188 62 262 18
10895 235 3 96 60 400 6
3874 761 3 299 62 296 18
5695 81 3 70 58 862 16
11117 194 3 94 20 540 3
1493 221 2 50 50 349 12
4316 162 5 133 117 652 14
2891 138 3 150 19 127 3
567 648 4 91 12 582 13
3041 348 2 97 102 264 19
13396 312 5 164 12 588 2
6990 168 3 55 59 596 15
1965 215 3 178 33 592 16
7530 138 5 114 63 184 20
10995 784 5 195 49 126 10
2669 16 6 118 98 74 1
11493 164 1 135 38 261 15
11059 315 5 125 68 262 12
5935 759 5 141 33 750 2
14917 302 1 62 51 514 12
9390 673 2 112 85 674 18
775 300 1 70 66 421 7
7101 80 1 47 45 645 11
2274 26 5 124 58 649 19
13389 230 1 145 50 119 12
14261 985 6 126 56 587 8
704 313 1 112 26 788 4
5295 337 5 120 46 95 3
12252 177 1 57 24 600 9
14367 291 1 81 72 125 16
3700 23 3 175 71 617 3
3585 88 3 93 50 328 15
14986 10 5 166 43 105 15
6048 239 1 101 33 469 10
8030 63 1 57 80 707 13
360 266 5 183 43 377 1
10207 19 4 230 45 500 11
12812 111 1 53 60 121 8
14667 187 4 314 38 229 12
1158 176 1 67 43 387 11
8067 316 3 112 40 583 16
5321 330 2 48 19 549 8
14266 336 2 57 57 852 4
2790 164 1 73 75 294 2
11048 722 1 52 98 344 8
12901 305 1 66 75 546 6
5275 123 3 57 68 560 4
1911 212 4 139 11 639 18
2298 23 1 22 65 496 19
14700 67 2 168 38 307 1
6618 266 1 118 68 280 17
7295 715 1 231 32 617 9
12585 324 2 115 103 207 17
10788 209 1 51 102 681 15
12145 267 2 42 49 672 8
5975 305 4 118 62 482 9
9396 178 3 106 78 374 20
13398 211 1 84 76 291 15
126 20 1 17 17 310 16
10681 57 3 59 66 243 11
14038 713 4 103 38 668 8
3406 191 3 178 102 273 5
14328 157 1 63 41 147 19
3940 242 2 73 106 127 2
5497 69 2 34 94 826 9
6508 136 5 303 40 309 19
7127 274 3 104 58 97 15
8927 44 4 96 81 502 17
9925 278 1 70 66 149 15
6066 635 2 81 25 505 19
1320 317 5 296 28 670 16
13210 91 4 79 100 350 17
7442 163 3 157 58 122 15
9802 27 4 112 58 418 13
8409 852 2 125 66 282 11
10194 283 4 118 45 537 11
5810 258 3 174 103 277 2
5775 218 4 122 120 528 10
14083 881 1 44 84 148 12
2176 235 2 56 21 413 4
6223 132 4 85 99 370 15
395 241 1 120 66 251 16
8874 314 1 121 82 255 6
5499 132 4 106 33 687 14
6456 214 5 377 49 582 3
5387 284 1 23 28 417 11
11682 219 6 212 60 122 12
10600 918 5 173 52 251 13
1796 90 4 125 20 501 2
2516 12 2 70 98 307 13
4513 777 7 195 109 844 1
10068 348 4 280 67 270 5
13075 119 6 139 71 377 9
1844 642 4 79 66 169 12
13259 31 2 65 106 290 18
10909 49 2 95 64 131 5
3489 74 6 399 67 165 11
962 894 3 123 24 624 2
2944 66 2 229 21 560 18
13502 91 2 130 19 199 8
14824 25 2 88 80 326 17
13821 229 1 48 103 376 17
11748 158 6 282 41 375 18
14696 316 5 375 59 554 6
3630 260 2 134 40 311 19
5970 631 2 88 34 430 13
9461 157 1 151 83 265 9
3731 260 1 100 32 424 4
10909 154 3 116 45 329 8
1253 55 4 276 40 276 13
8496 273 1 136 96 445 3
2527 298 1 100 68 424 5
8339 114 4 154 38 327 16
11960 292 2 68 74 157 20
5605 272 1 61 47 101 9
5055 100 3 105 98 407 1
685 277 1 122 102 593 19
9028 202 6 272 69 351 8
3452 45 1 218 48 973 19
726 115 2 48 60 290 14
10309 950 2 76 47 163 5
11987 46 2 159 30 784 12
686 963 2 69 68 405 18
14482 159 1 119 46 62 4
12413 275 3 127 26 761 3
7507 792 1 47 118 674 6
9053 755 2 92 60 678 13
13181 306 3 71 70 219 13
5716 176 3 52 55 444 6
13472 39 2 200 80 133 5
5596 318 1 70 87 816 7
7252 18 7 140 33 453 13
6027 80 1 66 93 74 9
11459 975 5 132 55 119 1
8728 290 3 184 62 204 17
13808 142 2 72 100 143 9
5319 225 3 243 60 745 4
6926 164 5 141 124 473 6
1798 258 3 158 43 192 19
13319 145 2 196 70 123 16
13956 157 2 111 53 455 3
6624 168 1 77 17 400 9
3594 84 3 87 104 579 8
13041 34 5 311 101 100 2
7848 603 2 212 43 669 1
1876 195 6 163 88 802 19
5563 128 1 94 102 255 2
3182 970 5 133 30 363 15
5136 308 1 298 104 560 4
7913 28 4 113 39 179 10
9584 956 7 279 63 377 2
173 910 4 84 34 555 1
2780 171 3 87 56 350 3
12727 934 2 70 65 509 15
4221 98 1 60 49 476 4
12801 232 4 205 73 98 7
8155 839 4 92 62 170 8
9658 286 7 159 37 950 16
2566 105 4 113 74 594 9
5549 136 3 75 86 82 7
10396 26 4 176 62 244 3
8744 190 2 57 30 544 14
9899 326 4 86 13 340 18
4668 123 2 118 80 160 18
13536 120 5 152 39 537 17
1462 267 3 98 47 541 18
10224 90 2 50 20 538 8
5429 154 4 235 45 471 14
4937 299 1 33 67 462 8
9041 105 2 160 52 111 14
4309 898 5 158 61 314 10
4494 320 2 90 72 141 13
3484 202 7 193 48 109 6
10489 259 1 20 65 613 15
13051 52 1 50 80 706 15
12567 155 2 69 58 219 1
3234 830 5 99 57 229 19
6246 935 3 109 109 403 14
1375 272 3 149 54 226 4
11164 213 3 86 45 201 11
7485 135 5 177 66 560 19
11434 757 1 89 41 678 20
12702 619 5 125 101 177 17
14443 158 2 52 77 358 9
7366 291 3 197 94 205 15
1277 208 6 148 35 167 18
12146 65 3 116 77 357 15
5335 140 5 159 47 583 5
12868 293 6 122 25 813 11
1228 145 2 201 70 114 18
3311 795 2 120 39 391 4
8357 293 1 112 46 222 14
6503 774 4 113 104 755 17
6061 778 3 172 34 423 4
4864 49 1 44 74 543 3
10418 349 3 193 70 600 1
4427 219 3 253 39 586 4
8176 32 5 276 91 71 4
2345 89 4 120 45 418 15
1657 35 3 114 63 427 16
5716 126 3 186 29 766 11
9202 299 2 147 43 321 8
14049 38 3 147 40 100 9
9786 657 6 326 40 375 9
3868 44 1 55 72 170 4
7223 46 1 127 118 565 16
11692 31 2 62 61 147 11
1621 51 4 189 36 184 16
10679 312 5 171 84 533 9
6799 96 2 66 74 140 16
2986 97 4 92 21 852 2
7647 250 1 48 56 129 17
5491 291 4 526 55 791 6
14106 305 1 52 73 318 5
9151 101 2 96 102 578 19
6829 303 2 108 43 407 18
10751 124 2 67 63 496 11
9922 23 2 181 27 117 9
1851 210 5 331 96 274 11
12372 62 4 184 105 922 16
14845 633 3 248 40 495 20
13667 949 3 179 41 304 12
8924 304 1 168 36 480 11
5754 650 4 193 38 617 17
27 330 2 148 68 481 7
12305 271 1 68 90 456 9
6591 139 3 140 94 94 20
3291 179 1 72 52 236 13
8022 159 2 225 23 647 2
6474 133 3 57 70 608 18
11620 76 4 110 107 451 11
1923 247 2 96 53 373 13
7929 282 3 95 65 335 11
12413 212 1 57 77 649 20
12136 181 3 175 30 146 5
4135 141 2 36 85 770 19
7614 211 3 75 14 333 11
3147 341 1 43 106 350 4
12219 262 3 96 47 690 17
4371 57 3 70 59 370 16
11230 14 1 49 65 847 4
4244 286 5 269 87 278 14
6479 210 2 66 105 93 18
1064 746 6 376 36 967 14
11530 299 5 89 46 704 9
11873 225 3 158 32 528 9
7548 91 4 74 32 406 6
1658 901 1 61 68 343 15
5465 92 4 186 51 393 14
12569 90 1 38 53 231 6
12720 813 5 130 28 777 14
9593 304 3 102 41 598 15
8834 295 1 18 54 589 1
6913 11 4 287 108 141 2
7797 212 1 153 75 622 5
8936 62 1 57 94 383 4
10065 197 5 294 21 175 1
7513 308 3 108 67 527 5
14155 85 2 103 59 401 18
14527 242 2 99 37 172 15
349 326 2 87 26 948 12
13342 122 3 146 59 189 15
13928 810 1 72 47 565 9
13870 337 2 178 58 448 15
10822 212 1 68 56 480 2
12577 65 3 112 70 366 2
7199 140 4 236 41 484 10
14843 662 4 228 110 562 3
14319 44 4 148 81 72 7
9012 31 5 217 53 322 2
756 170 4 109 107 98 13
7788 241 5 135 21 652 5
7464 64 3 117 56 851 18
1296 282 6 168 44 298 10
9180 48 2 78 47 238 7
7162 178 3 67 63 298 1
14777 44 4 123 38 243 13
11868 43 5 245 34 381 11
11469 281 5 337 82 273 12
882 250 2 96 50 553 20
12618 247 2 50 52 644 6
7296 153 2 51 94 497 16
11183 135 2 205 24 144 5
11914 329 1 55 60 301 14
6240 288 1 20 39 601 19
4785 186 5 112 29 742 7
7554 38 1 34 13 337 20
13633 238 5 270 65 307 16
1538 709 3 205 26 597 7
8646 13 5 159 38 802 13
10919 290 1 34 75 146 12
2478 121 1 104 49 743 16
866 290 2 116 24 478 4
8583 118 3 94 49 609 17
1948 180 5 137 37 495 19
13748 121 1 27 90 433 6
5298 634 1 38 92 279 7
7697 628 6 153 59 484 12
11596 181 2 116 54 382 4
8264 178 5 165 35 388 15
9960 299 1 71 78 449 7
9038 846 4 138 26 621 2
6370 82 1 31 103 663 10
3546 174 3 120 73 405 4
2405 218 1 142 49 459 6
13853 191 6 194 122 480 15
4686 30 3 142 38 594 18
7681 182 4 211 57 215 1
10986 292 3 122 99 205 20
5902 85 4 66 32 552 18
3302 185 3 166 17 503 5
7766 655 1 125 88 101 14
12367 136 1 33 90 620 13
10429 285 4 237 77 191 17
11848 281 4 148 73 229 7
9245 344 1 155 64 262 7
8155 19 2 140 69 245 5
3702 336 1 79 76 309 2
2813 964 2 33 81 178 10
6471 58 2 76 53 498 7
4523 325 3 136 81 967 5
12644 170 2 183 57 397 3
1841 184 5 242 36 405 7
6820 327 1 74 72 321 17
11877 98 1 111 40 235 16
10370 221 1 182 25 133 16
3047 148 2 73 38 91 5
1198 93 1 40 14 518 19
5174 622 2 48 55 518 10
14366 337 3 76 70 654 3
8831 178 1 113 98 588 2
8447 80 4 113 99 517 16
5273 156 2 112 32 185 17
8312 126 1 37 15 613 14
14130 657 2 148 27 211 9
869 888 2 53 83 186 9
13640 152 1 306 49 623 15
10250 164 1 52 42 287 6
5283 853 2 66 59 416 16
6535 60 3 177 59 362 2
13766 318 4 135 66 123 8
10720 247 1 207 56 705 12
8531 346 1 141 66 112 13
7806 219 2 52 67 563 2
2813 261 6 298 52 515 8
14692 235 2 166 59 439 13
415 214 1 54 92 701 10
1168 45 3 125 75 178 4
4902 108 2 125 59 608 20
361 283 1 63 54 529 14
6560 162 1 64 82 172 10
13923 207 3 99 69 426 7
8606 291 1 47 71 726 6
5079 333 2 177 28 538 20
3704 336 1 56 50 502 13
11600 75 3 183 53 200 20
8780 139 4 230 26 392 15
12889 251 6 127 22 488 15
2276 82 1 22 46 417 2
10432 14 4 79 78 121 10
13269 172 5 132 63 696 2
6450 331 1 53 92 196 16
12018 264 2 149 30 702 3
10071 727 6 177 58 138 15
9713 623 1 41 16 591 2
12289 316 1 158 113 891 18
9033 71 6 301 118 615 2
5329 177 4 226 76 339 18
6022 19 2 144 39 918 20
13943 106 3 268 40 396 16
6789 294 2 206 35 858 6
4518 111 1 66 77 447 5
13296 921 4 201 55 436 13
710 119 5 195 60 327 9
13235 95 4 96 62 408 8
9491 59 3 172 70 438 2
14707 703 1 226 65 160 20
4230 263 3 153 47 325 20
94 128 1 53 57 343 18
1158 282 1 49 32 652 1
9955 223 3 205 30 197 12
10941 261 2 107 37 121 16
12598 872 2 232 92 95 19
3416 42 5 117 96 355 13
13613 72 2 120 86 470 15
12410 835 2 139 65 324 16
8726 109 1 22 64 634 9
9024 915 3 304 22 542 19
3461 115 2 141 74 177 7
5037 183 7 420 41 911 2
87 142 5 149 33 164 13
13036 27 4 319 39 816 16
10883 59 1 69 43 381 8
13183 284 1 47 57 256 8
5952 21 6 269 43 375 14
4328 63 3 148 56 462 17
14440 154 2 170 36 574 4
2258 310 1 126 13 477 17
12530 986 5 290 58 771 20
4630 238 2 407 52 167 7
5369 170 1 65 89 149 5
735 232 4 315 38 274 6
11320 77 6 204 35 176 20
3407 53 2 70 28 732 7
2973 764 3 181 48 560 18
13907 203 3 113 20 568 15
4966 177 2 75 58 749 7
10295 21 5 126 71 518 17
9080 180 1 66 27 367 14
6664 51 5 324 59 153 6
7323 67 6 165 86 187 17
13255 331 1 55 81 81 16
2289 249 4 238 57 190 6
8118 37 2 162 90 555 18
12984 193 2 140 43 747 9
3613 92 3 156 29 724 8
7132 262 4 280 57 203 12
8145 684 5 195 39 384 17
10531 813 2 179 55 113 16
13328 260 3 115 84 109 10
8370 169 6 110 23 477 6
14724 186 1 89 83 152 10
4662 197 3 65 29 602 20
3026 15 3 130 26 511 19
960 84 4 148 58 749 7
13570 283 1 55 33 435 1
7828 111 1 46 83 718 17
9246 341 3 122 110 345 9
13109 121 4 263 84 263 2
6941 198 5 125 48 663 15
4255 27 5 161 42 769 2
451 334 4 166 41 303 10
703 230 4 82 39 464 5
3443 267 1 97 77 261 8
10426 337 6 450 50 592 20
5748 662 2 147 36 517 13
6303 115 1 62 63 222 16
686 291 5 174 105 887 2
119 200 2 48 39 692 13
14366 178 1 189 65 151 10
12075 118 3 101 53 251 19
8726 65 1 37 47 322 9
7029 138 4 112 54 719 5
5070 31 3 102 72 101 8
12391 144 1 133 64 89 15
13772 310 3 105 35 544 7
14643 237 5 99 80 935 1
12272 601 4 298 59 271 20
13381 926 1 181 63 668 13
12235 295 6 136 24 157 11
358 60 1 133 32 251 1
4936 138 3 108 47 87 17
3072 188 2 124 48 665 11
14492 949 1 31 81 237 7
12447 164 2 60 88 68 19
801 286 1 63 88 73 2
418 736 4 313 84 191 1
14186 205 1 48 53 944 6
7598 76 1 29 95 886 12
2236 75 3 110 76 225 8
4793 15 7 203 39 163 1
6835 833 1 117 55 127 8
11716 178 3 195 53 532 20
556 206 2 153 44 556 9
5133 101 3 84 17 647 15
5773 851 4 147 47 339 7
13415 933 5 141 36 80 11
2979 277 1 257 103 119 4
1185 29 1 20 11 452 5
3174 58 1 144 63 254 7
5580 289 2 152 51 360 8
2818 721 1 84 68 307 15
9056 283 3 145 82 484 13
10884 172 5 139 54 624 6
2314 25 1 354 94 281 1
4263 977 3 197 97 174 5
3109 309 4 91 91 144 15
1240 205 2 126 117 812 4
4183 851 4 69 49 281 10
6558 327 3 81 74 436 20
76 338 6 338 38 630 14
5215 867 2 339 58 256 9
8282 229 1 73 96 260 12
4106 824 3 145 75 209 19
13145 260 5 257 73 307 16
11772 730 4 274 82 616 17
14459 988 3 256 48 435 18
14809 30 2 113 62 411 10
14096 348 2 88 55 408 16
5370 23 3 204 65 561 9
10404 84 2 93 47 777 14
12134 26 2 49 53 153 15
10803 700 2 48 119 545 15
7792 155 3 136 50 546 1
11463 178 2 95 60 634 17
8431 913 2 52 93 541 9
1029 28 4 140 45 151 15
3244 127 6 138 35 700 14
3304 142 2 134 26 521 10
7802 350 5 310 112 137 4
2692 14 4 89 78 97 16
2325 803 1 75 48 424 17
1103 210 2 120 43 255 1
14205 25 3 86 41 162 2
3906 688 1 56 105 520 16
3737 201 4 198 37 355 6
1087 169 2 92 51 100 19
2296 320 3 236 55 412 9
3888 151 3 112 56 110 12
5056 226 1 94 61 644 7
6239 64 1 93 67 930 11
333 166 6 221 60 428 12
3976 331 2 151 34 447 17
12098 312 2 71 111 704 1
985 85 3 49 14 456 2
13942 343 1 385 24 631 6
8783 269 3 99 79 271 17
14565 18 5 90 87 406 3
10711 287 3 184 33 317 6
7233 99 4 252 110 744 4
11279 164 7 178 82 438 17
1317 306 2 124 71 352 19
11975 115 4 268 49 847 10
10444 715 3 99 91 85 5
13372 191 2 125 39 350 18
6041 166 2 119 52 448 19
12865 271 4 332 14 744 9
7357 112 4 124 42 452 19
8141 199 1 146 79 78 16
5779 238 8 135 19 723 13
2626 250 2 62 46 294 9
4283 211 1 123 78 381 14
5108 253 4 206 73 138 19
7319 291 4 93 13 404 17
7077 82 4 233 32 645 10
8918 217 6 95 21 478 15
6201 958 2 105 101 676 6
1910 763 7 408 57 796 18
6151 926 3 125 67 147 1
6 231 4 234 36 380 18
9370 260 3 116 75 700 9
7854 126 2 130 43 143 19
14758 109 1 37 55 305 2
14316 121 4 80 66 731 7
6958 175 2 135 63 157 19
10737 320 3 76 44 529 17
4402 164 2 67 68 706 18
6722 170 6 267 56 547 14
10355 183 1 44 95 617 9
7901 330 3 225 48 655 9
2701 57 4 194 67 227 17
846 106 1 43 38 299 19
12327 309 5 109 57 600 11
4607 157 4 155 91 100 6
6390 60 3 390 38 630 11
5398 309 1 124 17 453 15
3666 298 5 299 79 274 6
11289 108 2 91 49 179 7
1036 272 3 115 65 173 4
11756 226 4 95 53 972 8
14353 289 2 43 78 482 15
10466 346 2 63 47 340 15
5995 43 3 168 30 496 2
5694 891 3 122 25 475 2
3818 11 2 83 36 276 20
14990 76 6 137 111 99 9
7957 256 5 276 38 287 14
4437 300 6 142 79 167 12
625 77 6 211 23 113 16
11176 327 3 259 108 925 15
13918 203 2 164 15 444 20
1906 256 1 78 82 266 3
11085 247 1 18 44 683 9
402 166 4 137 90 81 7
10109 649 1 64 62 543 9
8036 771 6 98 24 495 2
14132 252 3 76 58 287 19
8734 48 3 127 59 339 12
2832 347 3 182 67 394 13
12246 102 1 24 23 534 19
13808 224 1 124 88 285 18
6658 213 6 100 65 256 4
1104 195 3 310 27 655 1
611 11 3 196 16 381 17
1241 337 3 289 19 594 20
7034 161 1 48 40 206 14
5050 296 3 216 53 581 19
8675 277 4 296 28 156 15
2991 223 2 311 21 530 11
12118 97 3 86 26 604 19
14212 289 1 56 73 471 8
9294 194 2 176 58 126 7
13542 341 1 59 60 196 3
11452 103 4 182 79 143 14
7340 103 1 91 42 245 19
7420 161 3 79 60 424 19
11367 329 1 110 87 250 17
10831 249 6 230 43 235 2
12913 192 1 89 58 257 10
5958 350 1 280 82 925 2
8786 68 2 106 62 140 5
6839 248 5 138 28 605 12
7956 61 3 139 101 99 10
9968 241 1 20 14 329 5
13062 333 1 125 73 553 5
1781 242 6 197 33 273 20
11582 259 3 120 40 528 7
1034 109 3 89 51 677 16
10108 13 4 100 55 108 9
10352 96 1 45 109 654 13
6287 155 3 98 25 517 9
13520 200 4 183 46 203 16
14196 189 1 124 120 410 8
9417 180 3 88 105 288 4
14736 262 2 50 41 569 10
4565 180 2 68 117 443 19
8052 254 7 254 43 515 10
8040 53 1 89 61 740 7
14331 120 4 128 42 365 6
6668 696 2 255 82 112 20
11141 682 4 75 35 457 9
1307 334 4 208 59 228 15
5310 757 1 105 27 453 7
2243 350 2 54 92 191 6
7790 254 1 73 43 416 8
13090 160 5 244 122 926 7
3099 190 3 65 17 427 6
2313 75 1 159 74 398 11
13646 225 3 140 91 81 19
14942 14 3 95 56 499 11
5951 174 1 85 87 467 11
11700 1000 5 415 21 567 13
2478 687 2 54 58 154 20
14266 155 1 141 77 397 13
9028 136 3 147 109 459 9
6773 189 3 53 46 522 6
11614 648 1 95 44 90 6
4001 200 4 79 55 867 6
13094 62 3 195 65 422 20
12931 328 2 160 74 128 10
13950 211 3 96 48 196 10
3532 858 2 73 94 608 5
13717 332 1 56 58 457 13
7884 75 2 191 47 85 14
3485 59 3 99 45 144 20
14867 56 3 126 26 757 3
3557 675 3 162 88 731 3
14636 93 8 365 79 349 12
9418 180 2 240 27 771 4
6493 922 2 42 58 402 8
1070 334 1 90 61 175 12
8577 344 3 93 103 509 9
13930 120 3 161 42 311 9
10909 212 1 58 48 175 5
1780 293 1 58 62 103 11
2052 341 4 245 50 503 4
11746 725 3 156 123 602 17
14815 290 5 184 59 676 14
1272 283 4 311 40 394 12
5598 104 1 94 67 760 15
8147 898 3 123 115 106 2
4643 615 1 112 91 554 7
5846 248 2 65 28 706 1
13215 16 1 119 113 542 18
12138 62 5 83 90 118 3
7484 676 3 186 52 747 16
12912 49 5 135 18 349 16
14109 46 4 228 68 358 1
641 85 4 137 50 452 4
10514 48 4 96 14 465 5
9968 935 6 147 19 947 2
2451 10 1 98 50 618 10
11029 29 1 90 42 272 7
7431 830 2 78 59 185 10
11955 143 6 223 103 743 20
14065 25 1 74 31 629 7
9858 148 5 260 57 608 1
5142 94 3 209 85 461 6
6157 246 1 68 71 785 17
14803 77 3 96 15 440 13
9306 67 1 109 46 594 20
6307 324 2 149 70 116 7
9408 260 1 37 41 512 4
7888 213 1 191 63 386 7
3948 230 2 210 48 494 18
13678 181 3 74 26 721 18
809 658 1 68 118 513 14
2562 876 6 345 87 958 13
4207 77 5 217 103 498 18
8005 310 3 176 39 1007 8
7561 178 3 88 104 386 9
8192 31 3 65 83 681 10
10421 13 2 125 61 138 17
2419 313 3 73 119 490 17
12403 122 1 80 69 289 11
2317 310 1 96 69 209 1
3030 163 1 19 22 605 13
7398 77 4 84 55 89 17
2010 99 1 110 115 502 6
12671 75 2 68 92 165 12
3379 271 6 171 45 244 18
3769 221 1 84 34 113 4
1368 336 3 155 66 131 18
3844 881 4 137 33 306 11
14978 938 1 97 36 529 7
2018 15 1 57 58 249 4
3931 224 3 290 41 940 19
2662 327 3 153 106 116 14
13890 44 7 361 58 329 14
7711 137 1 114 89 718 20
1941 316 4 102 35 403 3
1330 190 3 96 22 378 11
7575 21 6 283 83 156 10
3266 95 1 49 53 589 17
11227 249 3 160 37 175 8
7950 98 6 187 66 528 13
10061 149 5 187 49 383 12
7045 348 3 527 61 152 6
4545 10 2 238 65 545 19
2491 636 2 137 35 511 8
7647 88 3 82 13 501 2
14902 820 1 102 34 572 5
5223 148 6 236 71 298 13
9855 327 1 22 23 549 9
2880 10 2 106 24 588 19
14196 299 1 55 49 499 11
11732 23 1 121 66 400 13
13442 211 5 375 20 344 16
11889 336 3 123 77 542 17
11091 239 1 54 38 745 12
11313 238 6 197 22 159 9
1179 286 2 135 28 187 17
5368 211 7 541 75 303 15
756 91 5 218 41 811 16
3531 337 4 386 44 238 15
7871 126 1 55 62 505 11
443 52 5 297 36 419 12
14940 250 1 120 25 830 10
14669 989 4 184 39 335 4
11120 136 5 91 27 867 17
4393 172 1 32 57 259 19
11197 30 6 176 47 169 20
2469 667 1 79 62 102 19
10919 326 1 68 53 178 15
1527 131 1 70 49 291 16
6078 779 1 40 66 237 13
2662 21 2 252 60 312 6
10948 195 3 202 100 786 7
6697 114 1 60 114 753 18
10473 763 1 29 125 393 13
8142 265 5 321 72 862 18
5346 60 5 157 79 305 17
14609 246 3 253 19 558 17
5308 169 1 29 109 640 8
5626 269 4 155 58 180 5
614 175 4 253 76 240 1
2357 943 2 38 97 656 17
795 745 1 79 76 701 10
1034 247 2 36 55 657 11
9322 284 3 96 44 188 9
3825 199 2 158 114 686 12
12995 880 3 71 54 319 8
14912 208 1 61 64 770 1
12373 88 4 89 48 287 12
5588 203 4 76 28 481 12
4705 107 4 131 41 514 9
12605 334 3 70 32 653 16
6370 320 3 302 27 479 14
5036 337 4 127 36 826 3
9090 144 1 63 100 368 5
4315 267 2 98 32 333 17
6518 680 2 65 24 86 15
14316 23 2 121 21 154 5
12166 14 3 153 59 376 20
8619 830 2 60 106 594 4
4724 305 1 300 27 739 10
2512 43 3 56 73 111 2
14336 807 4 134 44 350 3
14836 91 1 63 107 370 1
5731 77 2 139 24 458 18
12677 332 1 30 71 581 2
5461 222 3 273 35 494 10
11662 30 1 84 64 340 8
9690 265 2 127 25 643 14
4988 43 3 90 52 549 19
9848 150 3 92 75 674 13
14347 279 4 247 56 334 16
14552 271 3 106 43 126 2
14203 331 1 265 47 90 6
8332 313 6 511 95 252 20
1333 134 4 305 29 456 17
891 30 3 70 60 431 7
5955 260 7 224 87 723 3
7180 37 1 122 55 120 14
12473 140 4 176 60 368 5
1162 67 2 64 99 343 12
13620 248 2 111 74 668 12
2598 88 2 60 62 405 13
14536 174 3 213 56 369 11
1738 946 2 61 22 233 7
1235 91 4 133 53 271 4
13420 292 1 83 56 146 4
5861 300 3 232 69 288 8
6599 123 2 288 56 637 19
1415 162 4 151 43 291 20
14644 289 1 56 88 651 8
1435 171 3 219 68 652 4
1116 305 4 176 61 266 1
9688 64 2 122 104 447 4
9364 315 2 60 106 806 20
2355 871 4 106 79 676 11
4341 152 4 192 33 317 20
10723 272 3 79 13 345 8
9409 195 4 86 42 181 3
9068 226 2 87 64 465 20
6705 109 4 185 38 94 3
4081 265 2 77 69 266 9
7076 815 1 40 67 456 18
8165 202 2 121 85 681 17
6822 122 4 300 36 801 2
8557 634 3 157 36 521 13
9050 349 3 175 65 282 2
8125 255 2 59 89 420 13
773 309 1 47 74 619 8
8206 158 2 90 120 699 15
14657 256 2 116 64 118 5
138 957 6 247 58 312 15
2026 263 4 128 104 728 8
3113 40 1 16 23 378 14
6623 311 3 116 30 451 10
11864 751 1 61 91 667 14
12892 248 3 68 78 292 9
10935 228 3 62 16 521 15
14188 25 2 88 19 651 12
9233 15 1 104 97 194 16
12449 122 4 112 70 87 7
4442 310 5 194 93 740 1
1061 300 3 102 103 362 12
14419 719 4 100 71 295 18
2291 35 3 74 75 387 19
14946 270 2 101 102 193 17
9576 156 4 126 80 453 11
5446 164 3 57 20 397 8
7537 230 2 155 29 552 1
7925 974 1 118 44 765 15
12463 170 1 190 59 392 3
8522 287 1 23 128 623 4
3808 110 5 96 112 136 13
7232 163 5 320 64 199 18
905 123 1 63 73 79 3
4458 694 1 106 67 212 19
505 92 3 96 42 163 10
10561 308 3 91 47 187 9
14317 259 2 223 24 607 14
12048 179 2 64 17 338 6
1947 298 3 268 15 625 6
10500 98 7 164 78 111 6
14961 188 1 140 38 546 10
5064 345 2 35 21 591 4
10081 38 2 101 42 592 18
12240 103 2 155 58 400 3
4945 73 1 46 64 635 6
11445 261 5 302 44 648 2
8524 150 1 64 53 179 11
2465 138 3 143 80 449 20
11964 793 1 23 56 476 7
9190 25 4 267 61 269 3
14867 199 2 57 39 610 5
10012 927 4 146 54 96 13
9739 267 3 179 52 648 4
14040 320 2 124 36 571 6
11022 106 1 34 66 199 2
11454 688 2 80 93 162 2
12594 167 1 137 48 424 11
3012 306 2 68 21 416 13
11211 247 3 109 101 449 3
12399 193 3 63 32 551 2
10514 87 2 54 60 652 17
7808 701 1 23 78 756 14
11389 109 2 151 48 151 14
12218 39 1 95 68 412 4
4326 143 5 319 62 96 17
5537 308 1 49 99 209 18
14256 115 7 201 44 388 1
13257 146 7 243 36 621 11
8958 310 4 126 121 479 12
12388 930 3 96 90 551 17
9206 229 4 295 60 272 15
14949 154 3 91 72 588 2
4491 80 5 144 70 463 6
12348 670 3 87 78 423 11
1032 46 3 130 77 646 7
9698 242 1 27 46 226 17
8171 242 5 120 29 692 12
3530 59 1 66 62 516 6
14542 250 7 258 26 310 3
9519 218 2 83 79 108 7
13500 876 5 207 54 296 7
12251 284 4 124 48 350 20
4656 161 4 235 95 183 7
13295 134 2 47 65 180 20
14486 315 2 211 44 364 2
10507 286 4 189 80 266 9
4369 866 4 193 45 697 16
10856 124 2 140 45 797 16
7968 43 1 237 50 432 11
13652 216 1 38 82 154 10
14105 135 4 142 54 374 15
4098 275 2 59 57 343 12
14884 191 1 137 49 157 1
7979 842 5 386 85 249 13
5561 47 6 114 97 410 5
10217 689 2 112 69 363 17
9692 17 2 99 60 189 19
2928 112 3 134 92 105 15
4269 764 3 115 40 598 7
12251 119 1 33 54 440 20
14519 236 3 180 75 230 8
2774 101 2 91 50 485 19
10112 113 3 115 45 368 15
2228 135 4 302 52 301 10
7713 54 2 126 57 449 6
336 272 3 155 111 646 19
8318 897 2 116 61 114 13
4648 313 2 213 70 94 15
1551 298 2 134 74 455 8
3741 984 2 98 82 502 14
4373 66 2 74 73 238 20
7498 945 2 176 32 450 12
923 651 3 72 25 612 11
3332 14 5 96 11 428 17
7492 217 2 99 75 127 7
11494 786 5 134 67 589 3
9715 641 1 91 22 112 16
14105 95 4 77 77 919 3
8196 64 3 113 31 588 15
5132 975 1 125 108 107 18
12931 114 1 48 47 478 18
9386 189 2 42 49 780 12
127 125 2 88 120 582 15
319 258 3 278 103 665 14
14110 85 3 81 56 492 3
3294 333 2 140 43 828 7
4120 314 3 173 61 440 16
9598 321 3 88 41 413 14
13145 793 1 58 124 428 1
9943 337 4 139 34 329 19
5882 222 5 251 35 336 2
1366 10 8 191 24 917 2
6728 126 7 143 50 74 4
9608 293 2 75 77 504 3
14331 278 3 142 88 555 11
7912 750 4 156 63 252 10
4556 232 2 210 63 376 10
2341 751 1 45 104 194 9
1465 340 1 223 39 153 9
6368 141 4 84 64 670 16
8940 677 1 40 92 207 2
9845 153 3 84 40 91 1
5701 327 2 69 54 390 15
13750 82 6 168 92 538 4
8827 287 4 183 97 171 19
6541 605 2 87 43 132 10
8399 241 3 145 81 347 5
9239 294 3 88 65 387 20
3463 777 3 63 31 422 10
13957 324 3 86 85 499 9
9784 677 1 33 54 566 19
8817 63 3 142 49 283 6
9296 236 1 120 124 640 20
3399 79 3 85 68 420 7
1212 187 5 235 68 967 4
806 132 6 237 119 92 20
1827 862 2 55 115 732 15
12778 12 6 312 21 656 11
532 347 5 177 51 605 7
9143 233 1 56 62 91 14
786 346 2 75 62 178 1
10916 58 5 238 96 275 10
3614 260 1 95 66 463 5
12328 133 6 137 56 130 4
9267 325 4 98 48 374 4
13581 182 5 353 49 463 19
10923 129 2 151 63 549 1
5784 17 5 219 113 66 13
1019 295 4 248 81 737 15
5745 24 2 109 35 363 17
8678 236 1 30 72 425 18
11641 28 4 275 27 600 5
7756 57 4 291 67 292 3
5675 90 2 118 47 226 8
14215 296 4 310 92 239 19
8031 706 2 74 92 455 7
10184 783 2 70 57 134 17
8082 327 2 104 21 442 8
11951 771 4 79 67 346 7
1227 741 5 225 77 140 12
13563 315 5 270 28 182 8
6053 27 8 374 58 281 2
14302 309 1 60 112 736 1
13130 310 3 192 43 236 18
2071 26 2 91 44 542 4
9983 620 2 71 70 260 5
7143 870 1 94 40 134 10
1823 953 1 69 88 566 18
6020 83 1 54 70 599 1
1032 620 3 86 36 799 2
12799 82 7 188 33 307 16
12802 266 3 111 59 384 16
3286 178 6 136 32 870 1
6340 144 1 84 22 614 15
10103 139 2 58 42 171 4
5702 894 3 120 100 519 17
8888 164 2 132 68 125 5
12002 225 1 154 77 219 10
3779 281 1 76 70 281 5
251 656 1 295 21 717 12
13000 759 4 153 54 589 16
7809 98 3 160 56 464 16
7902 124 1 56 56 300 14
9904 172 4 178 34 329 14
972 174 5 103 96 62 3
11176 146 2 112 74 171 13
11286 58 5 107 64 659 7
3982 95 6 345 16 680 16
4476 998 2 115 54 186 18
6446 16 2 118 40 557 20
13931 824 4 202 41 316 12
11119 324 3 155 112 479 3
3262 604 3 385 24 702 20
13218 62 3 363 82 218 6
13418 111 2 85 95 858 12
5081 207 2 71 59 461 3
5288 958 3 224 47 436 3
4943 192 3 233 40 1005 14
12537 337 1 39 83 867 15
13453 784 1 23 79 566 17
10519 279 1 103 33 623 5
9951 734 5 188 55 296 6
3590 148 1 75 81 711 12
1728 921 7 197 64 709 13
12714 51 2 89 64 150 8
5807 43 7 496 49 807 7
11463 679 2 130 90 944 10
4436 129 2 94 77 661 7
4037 108 6 230 37 621 11
380 308 2 72 50 372 4
10759 317 5 143 40 740 18
10522 269 1 36 67 286 9
836 281 1 93 90 167 13
8216 319 5 111 14 596 13
9036 881 1 75 49 288 8
3398 153 2 105 27 122 3
7233 39 2 114 40 361 4
8891 334 3 125 52 128 19
7879 106 1 87 86 510 15
3175 143 3 64 41 469 2
4688 133 1 133 91 444 19
971 153 1 70 80 99 1
4886 134 4 135 35 633 7
1766 263 2 104 26 686 3
371 273 1 50 106 744 9
14665 328 2 96 55 629 3
6697 321 3 64 18 411 20
2500 190 6 277 56 342 4
10633 45 1 52 113 599 5
11055 646 1 78 66 264 1
7286 313 3 141 98 313 3
4289 108 2 68 79 165 11
962 267 6 191 19 685 16
12514 298 5 244 89 692 3
4632 670 1 76 40 542 3
8649 225 1 36 51 157 11
4696 338 3 150 57 92 7
10771 209 3 100 44 360 18
8365 198 1 42 100 136 13
10902 59 1 170 77 108 10
2997 57 1 72 65 278 7
4046 71 2 112 70 165 19
860 130 4 115 45 123 6
1147 100 7 129 36 861 13
5065 249 3 245 42 389 20
5047 92 1 31 61 799 6
6235 97 1 121 38 556 20
6617 274 2 108 45 849 18
11763 15 1 146 84 240 15
2666 217 4 140 68 99 8
1242 22 2 143 54 291 10
14490 927 1 17 71 525 16
1275 922 1 122 63 160 5
4905 233 3 216 90 66 7
4790 142 2 124 68 276 4
7787 270 4 136 36 762 19
10842 120 4 228 104 185 13
2950 84 3 90 30 413 14
9048 132 3 98 93 892 11
11685 343 4 171 78 246 10
1276 33 1 76 42 461 12
5464 215 3 95 57 269 3
11170 223 3 192 124 783 17
7196 332 4 134 55 384 15
14902 41 2 227 44 293 2
13022 825 2 122 36 648 1
1321 319 1 82 78 654 11
7450 72 4 78 101 174 13
8954 283 3 72 56 215 4
14980 928 3 79 12 557 1
7874 163 2 158 57 203 10
3639 208 4 88 97 84 2
1389 113 3 185 50 726 7
2513 31 1 138 93 370 14
11391 232 3 67 58 382 7
5611 166 3 115 94 135 3
10562 99 3 108 75 383 19
3322 910 4 113 104 448 12
11954 171 2 112 55 647 1
14978 109 1 187 14 412 5
1736 218 5 267 53 336 16
12635 71 3 240 35 433 15
9995 141 1 96 40 625 4
6276 107 2 72 51 403 20
10951 982 5 177 114 497 8
12342 261 5 101 40 745 16
8097 205 2 171 29 214 4
10660 43 2 55 66 521 8
849 141 1 62 69 677 4
4041 143 4 213 59 393 15
7394 825 2 89 112 401 3
3657 150 5 258 49 588 3
1849 174 2 48 97 817 6
13702 224 3 171 66 203 3
3791 301 1 24 20 274 17
8319 614 2 51 94 154 13
2126 293 3 72 21 662 12
9465 348 2 46 13 344 4
7158 211 5 98 47 833 20
7269 336 4 146 67 683 13
11845 267 4 127 66 359 6
12961 14 2 103 63 590 11
232 155 3 54 39 508 16
3560 25 2 64 40 612 16
14117 224 6 124 96 156 14
13100 237 6 189 63 416 13
8503 250 3 134 91 214 14
14026 336 4 151 36 215 16
14835 910 5 225 26 664 15
12533 39 2 204 85 166 10
6002 805 1 58 111 336 3
13920 164 1 18 16 440 18
8150 820 2 120 24 698 2
12149 63 2 129 58 277 4
13513 48 6 135 100 565 6
2388 275 4 235 23 200 12
10393 338 1 20 13 537 18
737 326 2 85 52 486 6
3857 196 4 82 45 746 12
5690 110 4 218 60 76 3
5291 163 3 158 52 331 4
9336 126 2 47 126 714 3
3729 182 1 51 67 268 7
5824 132 2 189 32 611 2
10367 60 5 85 86 102 18
2666 283 4 273 59 862 4
10351 870 2 132 67 429 20
5214 337 5 175 43 323 17
10701 171 3 172 63 428 8
9523 988 2 197 50 104 13
2672 277 3 111 65 334 12
4607 234 2 107 97 66 6
7947 333 4 92 60 183 20
2529 232 1 82 40 102 5
13050 182 2 73 50 451 6
10800 302 4 200 45 310 10
4307 260 4 155 52 146 4
10707 49 1 38 61 445 19
10270 846 1 291 37 621 19
12354 180 1 76 56 680 12
9347 893 6 262 106 76 1
5285 62 5 111 116 340 15
11392 256 3 49 57 152 16
5735 86 6 124 78 227 1
6623 49 2 136 66 716 3
1660 658 1 41 21 590 3
7424 226 1 97 126 369 20
11031 328 6 116 69 171 16
14562 158 3 117 36 652 13
7494 846 3 122 61 313 3
12646 107 2 106 37 154 10
4917 183 4 174 36 456 16
2334 95 3 126 79 663 4
1416 672 5 223 36 286 1
7522 321 2 89 28 570 19
3261 901 3 126 58 439 17
998 321 1 32 71 407 15
5615 280 3 54 73 710 8
10315 241 6 507 36 806 1
14608 19 2 83 55 205 16
7554 123 1 99 61 167 18
8616 70 5 132 52 542 7
7403 652 6 372 55 144 20
4566 138 3 91 67 520 6
5975 228 3 141 102 886 12
10164 110 3 137 36 620 12
8079 139 1 61 123 499 15
12499 209 1 106 64 252 3
9537 146 1 17 47 639 5
4023 228 5 141 35 713 19
9557 290 5 250 54 311 6
13819 153 1 44 25 310 4
9474 347 3 58 94 202 15
4215 199 1 52 76 764 4
9145 315 3 164 54 332 7
1508 12 2 47 22 589 14
2720 157 3 152 39 731 16
5510 290 3 127 79 346 15
11097 161 1 48 14 341 19
10255 50 3 72 13 343 20
6311 124 2 189 68 717 12
4404 896 1 56 78 81 2
12675 83 2 62 47 150 3
12571 149 2 78 52 279 3
9286 336 1 69 42 278 19
4708 651 3 70 115 557 4
4313 91 7 365 41 886 12
7793 97 4 207 26 573 6
2884 199 2 129 38 564 17
2800 349 3 79 51 582 4
4014 68 1 56 62 356 14
711 167 4 135 88 287 16
13017 90 2 276 102 975 15
12925 212 1 73 58 598 6
10462 183 2 138 78 447 19
13000 20 8 488 72 199 18
13977 277 8 171 34 871 2
11630 94 2 84 51 597 10
0 200 3 77 43 224 12
1227 248 6 438 88 202 5
9472 316 6 401 67 249 5
14605 40 3 304 16 477 19
14774 692 4 277 56 344 19
72 331 2 159 43 432 15
1344 762 4 117 90 477 7
11451 272 2 85 76 308 7
664 78 1 57 123 554 11
12319 324 2 73 67 222 15
7851 281 2 93 62 420 1
3088 92 1 45 117 822 16
8788 206 1 37 72 466 11
6823 76 5 121 93 872 13
12807 285 1 23 13 642 12
6100 326 3 151 76 226 4
3830 856 4 189 56 392 4
845 29 7 264 40 362 14
7503 158 3 99 70 297 12
6340 97 2 70 66 489 17
10796 135 2 64 92 848 2
13996 309 2 144 38 127 15
7532 243 7 215 69 600 20
2244 958 2 198 41 380 15
5654 168 2 190 125 759 7
10073 269 1 46 72 321 6
13420 93 3 56 80 987 5
1252 953 5 87 91 217 17
5994 860 4 314 64 961 16
9846 31 6 373 34 717 5
9102 144 3 67 16 582 15
3142 98 2 47 58 144 14
11342 895 2 112 79 273 3
9216 39 4 153 44 442 18
14864 286 6 196 39 163 6
10269 299 6 167 33 133 1
14906 603 1 426 16 682 10
4232 85 3 133 44 327 6
9231 653 1 56 56 401 6
7686 976 1 105 66 628 18
11243 11 7 219 25 594 2
13090 26 6 285 56 474 18
7436 182 2 96 93 710 18
12569 57 5 315 37 646 3
9481 128 4 123 24 375 7
2594 147 6 328 70 439 3
11616 870 2 161 33 742 13
3222 139 1 80 67 654 9
12839 164 3 89 80 322 9
10333 59 1 55 49 404 1
2020 991 1 46 19 537 17
5880 637 1 63 75 271 4
2611 926 2 64 111 451 13
441 68 2 180 45 436 7
13348 143 1 51 83 588 6
9566 46 4 137 40 623 18
8514 250 2 104 49 239 20
2939 167 3 141 81 157 12
1418 792 2 96 43 421 3
11947 17 5 151 112 739 5
12181 193 3 48 13 424 17
11673 267 4 136 104 844 17
4333 160 1 118 57 427 1
13605 311 3 97 79 475 5
1504 291 5 292 57 288 18
13466 274 1 41 71 469 13
5175 265 5 340 49 597 6
8259 325 3 120 37 411 2
2543 288 3 210 19 584 16
8107 84 3 82 55 323 9
9838 986 3 139 27 124 3
13349 340 2 78 50 610 15
13818 293 1 49 116 392 18
9998 288 1 44 37 365 12
1783 277 4 84 76 138 2
5299 58 3 172 67 111 14
391 107 4 187 53 587 18
1631 260 2 65 95 823 4
8295 766 1 71 65 94 5
5461 80 2 76 48 401 8
14992 282 4 306 38 475 9
5066 767 5 200 81 664 3
1576 19 1 66 55 483 3
5735 54 2 176 56 419 15
8751 149 2 80 102 409 5
7206 303 4 184 76 852 8
7429 100 2 91 51 444 6
3323 342 2 226 60 583 6
7455 22 3 252 62 295 4
11374 235 1 98 32 351 2
6245 242 2 39 15 458 14
5822 136 1 91 70 222 2
11723 165 4 114 127 576 2
3060 307 3 120 62 107 11
415 146 2 68 125 584 19
1887 37 4 204 42 325 9
5906 781 1 81 62 158 11
14859 57 5 129 109 254 10
611 248 5 157 49 363 14
11335 288 4 174 73 661 20
7612 48 3 166 86 215 11
5465 103 3 138 76 519 2
9660 165 5 196 123 707 13
102 675 5 107 20 486 11
4764 112 3 138 21 116 6
12698 45 3 79 68 679 18
8790 342 1 60 64 553 8
9346 169 5 152 100 638 12
1046 80 1 52 108 548 12
4820 299 1 121 62 535 9
236 27 4 117 67 270 16
2248 126 4 220 56 178 18
7658 247 2 182 49 604 9
7618 75 6 184 45 674 18
12813 288 5 178 79 801 3
14140 302 1 56 24 477 3
3415 918 3 81 48 567 13
14418 90 2 110 41 227 9
1091 88 1 58 56 375 11
5862 87 3 95 38 788 7
759 142 2 114 59 370 16
13280 34 4 148 49 245 8
13763 283 5 141 28 161 8
430 848 1 86 38 630 14
14879 253 4 348 32 514 16
7369 308 3 85 17 414 17
7617 64 1 39 40 231 15
12881 289 6 168 33 572 13
10189 916 1 69 47 362 18
9661 261 3 228 28 473 10
6881 177 4 106 22 579 19
2593 884 4 144 127 668 12
11715 211 4 142 37 667 7
1067 13 5 228 102 105 11
1128 143 2 68 40 302 8
5485 78 3 117 61 190 5
26 211 2 54 115 795 16
10583 321 4 248 47 318 16
868 132 1 35 79 876 4
5010 198 5 254 64 296 2
1081 77 1 148 48 972 16
8745 273 1 69 44 249 13
12913 1000 3 137 32 444 18
4800 986 2 72 80 386 16
14681 687 7 239 38 446 16
10802 151 4 159 63 333 9
14789 150 5 274 64 470 17
8922 169 5 158 83 350 18
6491 734 3 128 20 418 4
11785 212 4 104 63 247 13
9714 246 3 58 68 173 13
4271 86 3 105 37 213 4
13661 885 3 92 101 496 9
9319 243 2 111 41 361 11
1360 290 2 129 56 210 20
10214 342 3 235 22 167 17
429 60 3 119 79 132 15
644 934 3 180 77 196 13
12538 96 1 52 83 308 12
1201 269 4 285 26 510 14
12113 233 3 71 57 477 11
10149 346 3 164 57 424 4
8592 13 3 163 53 470 16
7258 653 3 93 28 670 11
561 135 1 136 37 217 17
10513 236 3 75 86 448 20
9602 200 2 108 88 236 15
9125 113 3 191 20 736 19
877 166 1 216 54 391 14
12470 257 1 93 99 78 20
4085 255 5 291 35 492 18
13601 124 6 155 27 610 6
1869 128 2 127 84 184 11
6435 24 2 119 59 359 20
2142 27 5 297 45 250 18
14326 117 4 230 26 551 19
2793 215 1 21 57 682 9
14642 325 1 66 64 590 4
4203 342 6 443 55 764 15
14116 964 1 129 59 105 12
8307 66 6 110 69 258 1
10419 76 3 133 56 145 12
2211 127 4 281 14 594 20
5128 231 5 115 54 292 10
2377 24 4 88 92 177 20
5573 101 3 313 93 302 16
14319 211 4 114 53 173 10
4375 65 5 154 36 623 7
1998 150 4 114 33 503 16
4547 617 2 42 67 540 7
12551 172 7 223 39 372 19
13723 830 4 113 59 503 14
8106 175 4 163 44 466 10
8545 328 3 110 48 745 13
3705 30 5 298 48 173 10
13881 139 2 263 17 651 15
9403 229 1 124 60 375 14
6610 93 4 175 50 248 20
14051 21 3 110 92 75 1
10523 103 4 247 17 159 11
10969 261 1 45 63 174 15
1816 249 1 69 54 82 17
12272 318 1 27 98 559 3
10146 328 5 222 78 357 2
3688 276 3 103 105 881 10
9932 175 5 292 17 122 16
5385 284 1 59 69 295 11
10957 329 5 238 50 433 11
14310 745 3 107 65 93 19
1400 147 4 128 84 152 5
10333 258 1 56 92 310 14
9181 17 1 95 100 394 12
1969 58 5 213 36 362 3
13190 686 3 102 45 183 3
5519 268 6 144 90 142 3
10931 327 2 74 59 432 9
12428 77 4 216 41 404 1
8978 303 4 92 59 640 10
14840 213 1 46 24 339 14
12189 229 4 136 66 333 10
471 107 2 67 71 926 19
12669 895 1 148 20 719 16
1886 173 2 95 32 789 11
12463 105 4 270 60 156 1
14713 62 1 33 15 546 8
339 648 5 146 60 725 10
4509 192 7 112 115 90 10
1065 256 2 132 99 187 2
10411 752 2 130 29 643 15
10756 786 2 96 58 547 8
698 126 2 151 75 468 6
1794 121 3 77 63 191 9
5939 174 2 95 52 693 2
11506 196 1 45 44 428 7
8699 142 1 22 97 634 20
9208 768 1 36 79 221 18
3753 67 1 54 56 424 9
509 812 4 128 58 757 13
7107 166 1 87 52 200 9
335 243 3 194 69 88 18
95 120 3 72 13 424 10
703 350 5 128 46 356 17
703 210 5 91 111 241 19
10382 316 1 68 103 502 4
7288 221 4 95 39 570 13
514 288 1 20 23 370 6
4596 340 1 54 65 373 14
11419 198 2 84 39 355 5
7004 219 4 118 31 688 3
3563 314 5 226 25 493 15
9595 139 3 65 86 820 7
11947 615 5 354 24 442 14
189 248 5 134 79 544 16
5710 882 6 172 50 493 20
5261 26 5 342 65 211 2
3598 233 3 191 75 170 19
7891 50 1 68 87 244 9
14534 110 4 120 100 553 2
1982 177 5 95 52 178 1
1771 51 1 82 43 682 9
12939 53 1 70 55 116 7
13825 225 3 90 69 567 7
8826 67 2 86 108 637 2
8115 142 4 150 123 105 20
660 57 4 89 37 90 18
12442 236 2 134 51 328 20
1039 242 6 230 36 331 13
831 248 1 19 19 529 18
10375 59 1 53 58 425 1
9715 315 2 141 60 410 4
14660 904 2 160 64 408 9
1982 307 4 123 37 279 10
11712 348 5 268 61 215 3
1329 221 2 44 51 210 2
11227 252 4 92 71 211 7
11526 48 2 178 52 595 12
12756 317 4 92 76 123 10
14666 325 7 554 89 283 12
4202 167 3 199 26 506 2
4458 830 2 95 49 437 6
10159 875 4 182 104 515 1
5474 79 1 25 111 760 3
1322 154 2 96 50 732 17
9382 224 1 34 17 440 2
8067 132 5 218 31 467 2
10495 76 5 142 110 822 8
5256 238 1 116 34 688 6
7965 850 2 205 53 410 7
8412 279 1 128 62 60 4
51 314 3 86 36 280 2
7020 297 1 21 58 529 14
1921 243 1 101 44 446 9
2727 985 6 133 16 418 12
14819 158 1 108 19 148 20
10624 236 6 419 73 299 18
3872 293 1 37 63 812 4
7782 41 3 129 53 142 11
11799 259 3 77 50 764 16
10957 223 1 252 58 381 20
3072 221 5 177 72 815 19
11397 108 2 115 54 464 7
10544 284 4 277 80 305 17
14949 95 1 90 68 139 18
4184 1000 2 116 50 496 6
6778 92 2 55 72 773 13
7643 755 2 106 33 651 14
8597 743 1 53 101 611 4
9752 826 4 209 64 218 3
789 297 4 124 52 400 15
6626 711 3 143 45 91 12
6839 110 1 56 80 78 13
1071 31 6 161 66 452 5
10984 347 2 186 54 401 3
5873 19 3 149 50 394 10
6642 252 1 80 77 446 4
325 221 8 239 34 398 4
14815 204 2 72 25 429 9
14886 74 4 230 44 109 17
10620 807 1 115 54 395 15
1137 20 1 92 40 374 18
12183 265 5 161 74 345 10
7255 92 3 87 70 737 16
7257 42 2 238 96 136 17
5802 224 2 86 99 162 9
9209 213 1 316 30 523 13
2678 952 1 43 41 456 1
8913 217 2 104 39 745 13
9091 62 4 245 15 428 15
9230 28 1 110 98 506 7
10321 207 4 96 60 413 20
795 325 3 227 38 550 9
4439 315 5 225 34 137 13
582 48 4 233 23 214 13
12961 792 1 147 63 281 20
2847 218 6 184 82 885 20
6432 796 1 63 65 431 9
4733 858 3 282 96 579 19
12389 306 2 106 30 655 5
8432 711 5 105 48 175 18
7334 345 4 135 21 512 14
7094 263 4 93 30 659 19
10967 287 4 178 35 438 15
8335 192 3 107 76 783 10
2957 104 1 115 66 316 4
8104 930 2 283 32 209 1
3804 292 3 141 47 93 2
5882 115 4 115 19 373 19
10565 43 1 109 35 331 19
2478 690 6 219 36 505 8
4345 792 1 20 14 322 3
12327 652 1 42 91 172 11
11827 93 1 21 18 377 16
7072 961 2 86 106 159 5
9253 242 4 83 51 355 6
8682 89 4 192 24 386 7
6776 855 6 143 56 650 5
5366 274 3 104 109 526 19
3926 47 2 59 91 157 18
13281 286 5 270 53 223 15
4129 156 3 197 60 385 15
14518 278 3 68 18 657 4
3887 182 3 191 70 210 13
4513 228 2 78 54 831 10
1504 334 4 305 63 267 1
10582 250 4 176 60 835 16
2861 281 1 37 15 351 3
14451 726 2 165 48 243 6
1755 297 1 51 112 655 20
9188 307 2 149 59 381 4
4831 105 1 63 75 117 10
11123 127 1 85 54 655 8
13784 339 2 146 34 378 3
12102 188 1 56 79 437 13
408 128 1 27 117 667 5
13391 76 2 169 53 451 4
1712 342 3 176 37 697 18
14889 339 2 83 56 473 18
10724 101 4 90 30 446 7
893 293 1 35 66 693 19
2588 745 6 203 56 204 7
721 133 3 116 47 102 11
12272 45 3 244 25 531 20
3009 319 4 174 26 662 8
6972 233 2 114 105 303 3
817 309 2 170 32 121 10
10369 126 2 65 60 95 10
271 310 3 220 31 171 12
13830 51 6 259 39 509 8
12358 124 1 109 41 412 16
11429 173 5 235 36 365 19
10308 14 3 100 35 198 2
3709 108 1 51 52 660 18
851 709 2 156 25 369 15
4922 778 3 79 24 643 2
7897 991 4 169 33 372 9
741 349 4 318 38 78 16
13504 137 4 127 66 504 14
290 201 2 289 50 426 13
14172 130 4 179 110 838 2
10039 215 1 144 78 596 15
4269 80 2 142 72 782 6
11975 53 2 97 111 420 11
2750 296 5 184 45 597 12
4579 286 3 84 60 123 4
10879 123 2 61 95 695 11
14628 337 3 125 82 453 2
11447 886 2 96 23 758 2
12154 223 2 138 38 420 19
4762 292 4 464 60 675 3
13797 276 3 94 114 823 19
997 131 1 195 37 376 7
6604 872 3 84 43 120 4
11956 162 5 196 104 100 5
6453 929 1 48 97 103 3
1957 64 4 152 48 240 18
3558 180 1 102 61 79 2
373 774 5 130 87 370 9
12409 996 5 183 65 394 2
8432 271 3 104 57 380 6
7794 28 2 111 51 404 11
8862 273 5 230 62 310 7
9554 265 2 108 122 402 8
6321 289 2 69 81 298 14
13100 225 4 186 65 276 19
5067 815 2 127 56 373 3
12906 300 3 91 59 271 16
7193 644 1 55 60 712 10
4579 254 1 34 44 628 9
6247 327 2 110 87 109 14
4232 171 5 99 67 509 15
14099 42 3 96 91 466 20
6530 879 1 73 52 458 18
10808 350 2 48 63 173 20
12093 314 2 368 29 610 2
8958 61 1 57 53 109 7
3557 828 5 139 92 119 2
990 272 1 95 64 420 5
14923 149 3 183 20 152 8
5474 137 5 158 33 370 14
9155 324 2 119 41 517 4
3174 114 4 159 93 155 18
4936 842 3 139 70 636 15
1761 869 2 48 73 94 7
3743 96 1 90 53 604 15
10154 164 4 155 58 849 10
3858 33 4 220 101 144 19
14561 184 1 172 82 402 18
13066 738 4 212 44 396 9
2342 264 2 107 67 558 20
3218 255 3 127 36 498 13
710 774 4 233 56 336 15
11599 342 6 111 88 133 1
3925 195 1 345 56 944 13
4698 159 4 90 29 775 9
12411 32 2 85 69 490 11
8627 168 4 86 40 799 15
3590 112 1 40 20 381 15
6190 252 4 226 107 146 12
3466 671 3 120 67 112 11
6465 178 5 166 43 400 14
11438 349 4 76 86 104 14
5521 141 3 192 65 159 3
11647 695 4 90 77 141 9
1512 214 3 180 74 658 11
2109 972 2 41 19 477 11
7943 982 3 66 27 364 9
2827 191 4 172 30 635 2
9824 25 1 59 54 295 18
13746 182 4 190 65 252 8
1021 312 6 261 24 315 5
12362 347 3 301 33 661 1
11225 57 3 66 74 626 19
12865 192 3 160 61 840 17
7617 333 2 99 108 709 8
13980 345 1 94 78 138 1
13850 170 2 142 76 406 11
3855 245 2 80 63 424 17
13017 920 1 114 99 427 20
12563 254 2 116 60 289 6
11854 784 4 89 21 389 10
3426 849 3 72 34 544 20
10134 283 3 223 82 121 17
2380 200 4 234 51 470 7
10974 75 3 68 73 680 12
6907 292 2 91 35 102 19
12762 232 3 192 23 149 12
9458 112 2 143 34 879 17
8070 91 3 95 93 455 13
1367 114 3 88 48 343 14
8449 130 1 51 42 499 14
2923 195 1 54 59 152 13
8247 350 2 116 36 435 6
13240 912 3 183 53 108 18
558 908 2 103 52 681 13
375 135 1 35 91 150 16
5197 331 2 202 92 592 20
8387 63 1 76 87 285 12
3319 120 6 265 50 301 16
5232 925 2 54 89 167 12
7903 814 2 236 62 182 9
6934 308 2 95 43 431 7
6523 47 2 88 48 604 15
3097 280 3 176 24 168 10
6018 322 2 53 40 262 1
8850 21 1 22 24 367 9
12626 10 3 182 52 534 8
7248 58 3 89 70 421 10
9898 330 2 66 95 250 3
8441 168 3 85 68 826 11
465 140 4 150 51 436 18
3913 105 2 83 67 483 7
10177 290 6 317 97 585 16
13953 230 3 54 38 456 9
14017 54 4 199 35 568 6
1303 266 2 92 120 292 10
11479 677 2 189 22 583 19
14697 59 1 41 45 334 20
9756 253 6 105 89 115 12
7560 202 4 237 56 1002 10
1095 330 5 256 46 382 20
11956 172 2 184 17 531 7
10353 53 4 115 69 424 18
7999 341 7 129 59 455 14
9802 277 2 158 28 565 16
2646 217 2 106 69 315 11
5207 695 4 182 58 250 20
13842 100 1 100 70 176 2
8992 776 4 63 22 418 5
7523 35 3 242 25 415 15
1598 143 1 45 102 588 3
6085 119 3 121 33 156 18
9652 344 3 86 98 719 9
732 295 2 128 103 355 7
10718 334 5 92 101 209 20
2551 342 2 46 101 463 17
9058 94 4 214 58 460 16
8600 270 2 226 63 121 9
7766 200 7 209 47 434 18
3456 105 5 92 20 455 5
12869 349 1 89 50 373 7
11402 230 3 60 97 523 11
459 19 3 165 71 235 17
4917 60 4 378 40 676 9
720 111 4 109 79 606 18
6356 302 1 137 40 442 17
6447 305 2 175 72 705 16
11988 606 1 80 61 432 6
14341 218 3 87 54 104 7
1421 248 2 137 66 446 2
7387 975 4 114 117 101 18
9428 129 1 63 68 619 2
1586 160 1 121 47 669 5
13467 222 2 223 28 218 5
5627 90 3 183 32 506 12
9537 323 1 57 115 606 2
1708 25 6 102 92 164 19
4848 269 2 104 95 672 10
4192 258 4 114 27 174 1
211 172 2 46 20 396 16
6346 627 3 103 49 131 13
10175 776 2 103 100 430 2
10985 257 1 208 28 504 5
142 132 2 188 39 597 3
7683 655 4 169 77 265 19
14349 109 2 199 35 533 17
11576 770 2 69 13 248 9
3941 342 2 42 22 631 17
9527 337 1 96 95 170 10
1737 831 4 145 107 621 18
9483 142 8 492 46 238 19
11362 142 3 112 41 725 10
3139 138 2 44 54 104 10
3587 54 4 193 76 267 7
11060 46 3 133 113 872 9
1180 275 2 42 13 535 2
12154 230 4 132 34 490 19
2911 220 4 84 64 142 8
3944 737 4 253 76 288 8
1487 263 1 78 42 353 7
4212 309 2 119 73 444 19
3157 140 2 87 53 480 16
4321 232 1 64 66 92 10
6089 193 2 86 26 398 6
5536 281 3 70 56 253 19
2049 167 1 298 57 990 15
1959 148 3 138 76 550 13
6216 284 1 75 100 132 11
4445 761 1 161 44 931 13
3482 283 7 500 57 516 8
13845 53 4 274 26 437 3
13376 223 4 129 65 84 20
13754 235 3 59 59 160 18
425 78 2 74 43 394 17
2857 223 3 150 63 112 16
5074 121 4 198 40 435 7
12844 76 2 129 94 254 20
12417 196 2 75 38 394 4
14653 324 5 217 50 294 16
4976 241 3 107 77 598 14
1406 160 4 234 69 78 2
691 174 2 190 36 287 7
9092 233 2 105 42 250 20
6693 16 4 109 26 435 20
1785 226 7 222 32 479 8
11704 14 2 57 64 95 4
5557 813 2 64 48 66 10
3043 45 2 126 56 404 7
6586 721 3 226 19 562 4
5127 130 3 178 72 956 12
14155 48 6 381 35 356 18
13654 102 3 213 120 973 18
6135 284 5 186 65 382 8
2159 205 2 58 51 236 6
5372 258 4 134 39 435 12
291 199 1 61 41 438 12
12536 327 3 315 27 542 9
14973 344 4 341 56 979 3
849 726 4 103 109 373 5
2699 767 2 235 62 72 13
1830 877 1 23 87 636 4
14964 179 3 286 35 569 12
8692 14 1 94 120 370 9
6073 131 1 37 51 680 18
14771 316 1 124 19 343 17
13045 136 5 131 38 127 12
11562 345 4 268 19 571 9
10712 105 4 120 22 545 20
3391 334 5 105 62 82 19
10487 95 2 104 78 94 1
1867 19 4 395 72 149 14
226 49 1 56 106 523 11
5924 131 6 98 87 303 18
9877 274 4 197 34 328 3
6168 236 4 242 53 649 17
10868 328 1 113 73 135 14
6243 163 2 64 49 134 18
11344 134 1 127 65 101 2
10093 63 3 249 35 877 6
13775 70 1 109 59 110 15
5251 193 7 222 48 131 13
14428 217 2 134 49 452 18
3977 11 4 95 78 602 17
11223 13 3 217 40 348 11
7110 183 1 48 26 231 6
1095 218 3 165 54 102 20
11128 797 1 89 116 127 10
12976 12 1 24 22 454 11
4625 22 2 137 120 405 4
11605 30 5 114 32 627 5
1625 33 1 64 29 444 11
3356 158 2 86 97 186 18
2442 236 3 170 63 241 6
5223 702 5 151 65 836 4
9801 58 2 144 44 385 17
11864 613 5 127 55 391 18
10217 68 3 105 49 88 18
9688 795 3 131 93 475 1
5726 110 3 123 88 837 6
1370 610 3 70 79 504 10
4108 10 2 357 65 452 19
7784 350 2 275 67 457 14
10092 180 4 152 74 307 5
13538 232 2 190 44 366 7
1072 703 6 162 37 342 17
9634 249 1 113 81 115 9
10825 342 1 90 63 157 11
2580 277 3 60 91 449 6
7782 283 4 319 59 197 5
5261 260 1 22 76 660 18
9773 288 1 66 76 390 4
9434 305 1 227 41 395 11
14906 318 3 71 15 324 15
3683 334 4 301 41 124 4
2102 337 4 170 86 183 2
9610 190 4 128 107 529 14
12157 110 1 49 93 255 12
5317 97 1 59 52 137 14
9831 287 3 103 26 136 17
4459 98 1 23 58 411 4
12519 639 3 115 40 151 6
11770 790 1 50 58 458 9
9893 35 3 145 68 116 9
14616 323 3 146 47 158 14
14643 276 4 126 68 155 9
4286 316 3 127 28 779 18
13294 164 2 70 45 165 8
4968 64 5 193 43 481 3
4710 300 4 123 14 578 5
9724 281 6 188 116 389 8
14170 281 4 106 34 525 12
13622 1000 3 52 59 308 7
12794 23 1 30 79 288 5
7407 188 2 107 57 507 10
7509 761 3 186 36 726 15
13564 339 2 146 51 277 7
1221 55 2 149 34 242 2
11322 138 1 145 83 294 9
7309 137 1 158 50 703 11
342 301 1 16 24 384 3
9740 265 1 156 47 532 8
1076 865 2 124 32 217 20
1439 32 2 80 14 586 9
4932 307 2 80 76 453 5
7148 833 1 56 126 515 8
11018 112 2 39 21 415 11
14861 15 5 89 20 469 8
14034 79 3 83 46 174 16
1577 948 2 81 55 83 16
14977 310 4 86 13 564 14
366 172 4 184 68 126 6
10144 176 2 157 104 382 16
3815 191 3 118 89 369 8
9314 203 1 22 63 466 18
10994 83 1 133 42 240 8
1958 19 5 150 117 531 1
11107 111 2 53 44 214 7
6693 300 1 24 78 612 12
7236 177 2 154 70 647 13
11678 218 1 46 39 585 16
2743 990 3 119 29 799 2
7160 307 1 35 52 183 17
11555 342 5 156 91 394 3
5096 259 1 117 39 549 14
1008 345 2 153 43 303 11
14584 219 1 81 103 772 3
9084 19 5 279 47 356 3
6460 187 2 141 86 482 6
9993 48 1 100 68 80 10
7942 77 3 117 46 530 1
1941 348 1 23 16 563 12
14734 885 5 164 33 696 20
10853 206 4 167 86 466 13
5831 46 1 18 17 383 3
1927 67 2 64 69 311 14
12894 12 2 73 47 536 4
9587 62 1 101 24 894 5
7717 87 3 136 35 234 18
4395 240 1 28 59 410 8
10628 348 6 168 72 94 15
9044 340 4 392 47 255 19
6919 173 2 94 70 560 11
14725 38 4 219 55 296 9
13477 329 1 304 41 929 10
2662 969 3 192 80 505 8
9275 35 1 22 17 451 18
1916 234 1 99 47 346 5
11005 120 5 266 69 202 1
4351 160 5 183 109 683 19
8543 854 3 96 76 460 12
14877 217 2 34 19 305 4
1307 72 3 109 69 722 2
13958 341 3 195 41 451 18
13569 249 3 95 56 540 2
14266 171 4 157 23 790 15
1611 308 4 138 64 136 16
589 150 4 93 63 546 10
12368 136 3 189 18 195 19
5833 314 5 170 52 284 16
2721 671 3 108 75 426 19
10816 183 3 114 33 556 4
1651 39 5 384 90 232 5
6836 333 1 108 44 304 9
5862 228 3 259 43 432 4
13910 247 1 141 37 465 3
10465 54 7 212 86 416 15
2646 344 4 85 87 472 13
6165 310 4 625 58 181 11
9607 140 1 89 34 632 16
5096 286 2 75 84 232 8
12324 184 3 104 64 357 15
7360 64 2 67 49 144 11
8584 301 2 78 40 462 6
6016 893 3 113 76 132 13
1406 334 4 164 120 485 13
6675 310 4 111 49 341 6
13997 55 6 163 27 150 16
12380 170 5 308 55 144 1
2300 15 2 51 103 154 18
2852 76 7 252 53 464 17
10543 12 3 168 78 354 1
9309 608 2 176 45 472 18
2080 131 2 90 15 305 15
6691 136 3 82 21 594 19
12700 103 3 83 49 281 1
8125 323 3 147 45 289 8
8081 821 2 212 70 679 14
381 12 1 28 101 790 10
8535 278 2 78 72 570 2
6664 247 1 49 72 450 4
4080 764 4 95 14 670 9
8442 149 1 50 64 145 16
14373 679 1 240 107 216 15
12863 181 2 108 100 175 14
1165 62 3 192 60 382 9
14174 344 2 67 83 597 20
8315 80 2 95 96 466 6
1883 71 1 25 107 567 13
2518 31 5 273 116 574 11
9287 932 5 203 55 358 17
12910 292 2 61 88 142 5
8591 183 1 38 61 545 15
13234 71 5 157 54 249 9
1092 301 4 120 32 382 3
10120 121 1 212 75 195 9
125 167 3 107 28 800 4
7612 253 5 151 61 561 9
12857 84 1 135 53 107 7
14859 187 3 124 54 461 9
7840 172 3 182 40 584 20
5394 127 4 79 93 144 18
12043 28 1 54 75 341 13
13275 118 4 143 39 234 17
9310 330 3 101 29 95 16
9920 997 3 227 63 626 7
4934 185 1 63 61 200 10
3371 319 3 72 83 377 6
9330 334 4 273 42 345 11
2179 122 3 118 73 526 13
520 94 1 57 110 539 11
529 232 1 64 68 763 1
4601 258 6 260 73 96 16
14462 249 5 114 58 170 19
8954 333 2 158 72 574 8
7900 705 4 96 78 168 3
10842 832 2 119 74 524 15
7442 838 1 178 55 589 20
1425 322 2 90 45 477 19
1659 763 1 81 84 375 18
4278 309 3 90 33 709 3
8509 250 4 116 72 570 14
2834 222 3 307 39 559 1
11788 134 1 63 68 277 3
5797 19 4 145 72 315 19
5144 205 1 48 107 563 20
2273 793 3 67 79 725 6
9466 65 4 111 26 166 9
8503 228 3 165 90 208 11
6611 252 4 128 46 384 8
3773 90 2 60 71 667 16
5750 122 5 187 39 447 2
14290 299 3 117 49 551 4
2007 745 4 226 39 330 5
10791 12 6 171 67 704 5
7645 995 3 104 51 336 4
9662 163 6 113 69 162 14
14911 329 3 293 43 338 7
3474 179 3 80 37 853 20
4639 116 2 91 53 391 14
6758 208 3 162 42 558 11
1263 993 3 123 31 269 20
10834 87 1 72 104 253 10
3593 296 2 71 86 281 4
8663 129 5 319 23 405 13
5607 746 1 24 13 296 18
241 971 1 60 76 504 6
14483 275 3 80 64 371 19
10650 187 1 64 59 452 7
3625 50 6 312 124 523 1
9843 310 4 178 65 344 11
14526 272 1 37 64 928 7
3711 636 1 95 45 435 8
12893 313 1 98 70 259 14
3678 709 1 117 112 482 8
6961 151 2 157 59 158 17
8995 39 1 131 37 388 1
12680 312 5 178 86 960 1
5981 670 1 123 38 157 11
3255 199 2 454 89 207 16
4141 311 5 228 58 358 19
12665 926 3 306 33 662 15
8272 78 4 145 43 77 20
5507 30 3 96 57 605 19
7421 771 1 84 40 365 6
5752 302 3 209 33 764 14
5426 46 4 93 81 159 7
8545 24 3 156 24 90 19
5477 844 3 224 68 101 6
7549 846 4 163 87 621 6
14039 693 5 187 58 294 12
14656 114 3 132 34 111 14
7459 199 1 91 105 122 19
13285 33 2 84 45 638 1
6917 302 5 181 60 740 17
12391 340 5 196 69 138 15
1583 775 1 116 21 702 12
10945 140 2 126 50 909 10
13804 883 3 71 36 752 9
4639 59 3 127 35 607 9
14180 151 4 182 40 655 12
10105 104 4 159 47 283 7
1697 190 2 88 55 376 12
1507 913 1 103 95 102 9
10542 195 4 159 119 540 2
12477 994 1 111 99 722 3
10909 788 1 22 24 480 3
4496 152 5 85 48 953 3
5382 755 2 134 51 537 8
870 87 2 35 72 823 3
10790 26 3 93 60 171 10
7816 112 2 94 66 236 12
14363 29 3 267 27 532 13
7389 309 2 104 54 246 9
11077 127 2 77 65 445 10
39 137 6 144 83 460 11
5161 173 5 246 49 359 13
9714 89 5 120 74 260 18
8691 291 1 116 36 523 14
4156 203 1 35 77 221 20
6316 43 3 246 19 438 8
9110 346 6 237 62 425 17
11064 262 5 180 37 94 4
6720 225 4 101 63 74 13
6902 221 2 145 55 645 3
13517 639 4 310 58 114 13
2708 34 3 91 85 364 9
10910 924 1 198 47 569 3
6862 52 2 78 117 320 20
5187 154 2 118 38 213 20
8087 182 5 149 18 446 4
13232 95 6 141 57 60 7
330 181 3 190 57 227 12
2722 76 2 97 47 657 16
8873 237 1 57 19 405 4
11600 970 2 238 41 120 8
10580 274 2 91 86 141 20
13039 162 3 82 103 106 2
7690 682 1 63 86 263 15
7323 176 2 127 101 537 1
12552 758 3 127 66 137 3
1275 189 2 89 45 96 2
2034 740 1 28 55 419 12
14437 681 5 198 67 294 20
8086 236 1 34 63 687 15
6894 55 3 110 71 453 13
10539 49 1 112 25 696 13
13926 312 2 139 47 437 9
3257 817 2 133 61 135 14
14557 231 1 97 58 584 19
12173 32 5 236 44 93 15
4510 163 1 32 90 472 3
1202 246 1 39 67 395 1
6185 15 3 122 83 455 5
9583 269 6 153 84 807 5
1669 235 4 103 20 625 12
14188 134 2 178 47 403 5
10032 192 1 105 52 473 3
2895 72 6 444 110 826 3
5994 615 2 78 87 224 4
9868 677 1 62 42 646 19
5522 320 3 187 35 608 9
7919 115 3 133 115 412 12
2653 66 3 134 36 400 16
6463 27 4 281 48 367 4
406 62 6 412 80 172 2
5912 109 1 52 113 480 12
13351 873 3 68 90 560 11
12247 294 1 41 45 630 9
10961 46 4 84 49 220 4
3902 319 2 128 71 291 6
990 923 4 186 62 842 17
2869 153 5 270 40 379 18
13575 238 2 142 49 335 17
6043 326 6 267 37 336 11
8043 219 2 186 42 90 15
11726 829 3 49 20 385 13
7351 34 2 88 42 509 7
5750 202 1 155 74 641 2
12648 13 2 117 54 468 6
5301 128 1 71 84 684 9
6179 290 2 93 67 486 1
8894 626 2 105 125 628 18
2046 223 2 102 57 361 5
7695 192 4 102 22 640 16
10971 120 5 129 13 644 13
2884 34 6 186 65 576 9
7261 16 1 241 19 577 10
77 974 1 49 40 509 13
5042 141 1 52 76 210 7
1534 843 1 40 12 498 13
14484 201 4 235 28 172 16
2158 141 1 128 26 727 5
13963 113 2 186 48 300 18
6402 157 3 69 37 388 16
5326 255 3 90 21 718 3
4608 725 2 84 72 185 2
2317 29 1 48 53 310 5
7886 252 5 250 40 280 16
13041 203 2 235 57 627 12
827 304 3 175 36 484 14
2469 274 1 47 72 432 15
14141 605 1 140 44 784 17
6197 277 6 156 89 591 1
4264 140 2 64 47 272 5
5304 937 1 102 73 641 20
6050 157 5 256 51 212 13
7033 182 2 49 72 994 6
3766 115 3 66 114 133 15
13734 91 2 79 22 402 19
3392 156 5 94 62 235 20
8554 76 2 215 44 795 19
8107 233 3 108 37 80 17
11448 76 3 192 80 767 9
2334 161 1 60 105 452 17
14320 146 8 178 28 918 10
10012 866 4 121 27 615 11
11594 313 2 111 95 109 1
7123 104 2 103 58 153 16
13554 190 7 134 25 965 19
8886 300 6 184 34 834 6
2240 328 1 60 109 482 17
8856 127 3 205 79 268 14
3869 40 1 120 76 464 17
8078 37 1 24 22 334 19
7251 105 4 139 39 440 5
1176 314 2 97 48 232 5
12575 89 5 98 57 272 3
5925 206 3 81 100 473 16
6825 223 2 100 100 233 18
9991 349 2 65 67 693 12
7533 285 1 28 76 735 2
3837 191 2 140 45 582 9
10301 778 1 67 22 367 16
2137 19 2 126 46 145 4
5155 141 1 128 34 133 1
13012 82 1 255 74 299 6
10500 120 4 208 40 214 15
6593 191 2 120 30 895 19
12484 328 5 281 82 67 14
2713 32 2 133 29 594 7
1146 176 2 39 57 522 10
7049 797 2 52 32 403 6
12330 84 1 114 35 355 18
12793 273 3 135 57 298 13
13270 42 1 69 47 322 3
1002 634 3 233 32 876 3
9635 297 1 45 96 640 1
2407 280 3 96 72 677 18
11441 121 2 40 26 324 3
4805 838 1 70 56 300 13
4980 126 1 248 26 416 5
2455 201 3 63 20 450 16
14326 710 3 72 73 478 1
1572 307 3 86 84 262 1
4626 137 6 222 57 149 2
10000 177 1 64 66 622 4
43 143 6 205 43 554 6
13709 145 3 66 21 211 17
8216 913 3 55 25 652 4
12464 196 5 278 46 329 9
5847 106 4 113 107 444 11
13595 281 1 61 49 369 10
8050 170 1 31 81 774 8
3530 124 5 218 48 325 19
4642 261 2 180 120 918 12
9865 324 1 84 96 246 17
7792 157 1 56 54 435 14
802 116 1 78 85 106 18
14046 323 6 193 38 404 4
3825 335 1 27 78 197 7
2581 275 2 175 57 478 15
8143 303 2 293 31 507 12
333 254 3 109 14 628 17
14758 17 1 67 77 283 12
11757 739 1 72 52 270 20
1683 344 3 187 47 717 10
4056 124 2 107 54 416 10
3172 232 1 69 48 238 13
11942 266 1 96 27 677 15
13187 39 1 109 24 614 11
8613 33 3 204 46 523 6
2082 257 4 165 95 574 13
3395 278 3 106 71 824 16
7899 335 1 111 33 717 12
12508 43 4 117 53 119 12
295 15 7 265 43 621 6
14682 189 3 192 40 216 14
158 277 2 103 68 479 17
2768 958 4 92 75 310 16
7278 211 5 171 85 507 16
1618 229 2 130 67 147 9
9121 289 2 105 46 310 12
11196 187 4 198 49 425 8
1726 316 2 159 38 324 14
4339 239 3 95 47 400 8
3744 184 8 251 67 266 17
6078 939 6 301 28 595 6
8107 206 4 198 46 280 11
1121 143 2 91 38 586 8
1646 81 3 72 22 381 7
12649 293 3 140 32 308 16
10716 944 3 64 21 215 3
7816 346 1 216 24 193 10
10882 135 2 111 43 742 10
9309 12 4 249 44 538 5
11532 309 5 150 38 607 15
8699 316 1 24 37 539 4
12883 145 3 150 19 525 12
1219 852 4 210 24 711 13
2455 273 3 148 86 116 5
392 39 1 63 50 136 5
4154 257 1 47 97 520 19
2129 622 3 84 52 149 11
11631 289 2 94 40 436 14
7867 60 2 85 75 816 15
9833 283 5 145 75 613 5
12686 680 3 189 35 465 2
5390 1000 3 190 55 363 15
4331 39 4 192 19 200 6
253 172 2 127 48 112 18
725 261 3 112 41 116 5
7722 710 2 141 75 632 7
13450 48 6 239 121 804 3
11841 25 4 241 34 475 2
2738 190 4 145 65 429 6
3027 138 1 76 50 434 20
11932 601 5 139 28 755 4
1673 680 6 348 29 385 8
3388 306 4 169 42 619 2
12512 174 2 102 20 717 3
8399 349 1 39 26 347 17
13318 281 5 238 82 231 10
4966 308 3 90 54 166 14
6469 166 3 143 63 158 1
7090 131 2 91 90 568 20
7844 29 3 248 88 214 1
968 629 3 92 65 188 10
12609 348 2 44 63 143 5
9385 123 1 35 20 441 15
3631 323 1 196 63 336 9
10750 185 5 192 38 96 19
6422 74 1 85 115 779 7
9553 138 2 173 28 645 19
9969 268 4 222 65 427 8
11926 222 5 135 61 226 17
12710 178 1 111 81 364 19
10361 187 2 120 63 683 6
3160 671 6 201 46 124 1
9742 220 3 100 46 105 4
918 106 2 100 87 276 5
14207 247 3 88 49 604 11
11403 35 1 35 48 499 16
6972 27 3 65 38 508 10
1799 758 2 78 90 145 16
7399 736 7 284 48 334 16
7943 740 3 72 60 877 9
6677 91 3 96 30 697 19
4046 275 1 34 17 230 15
11391 100 3 59 75 505 9
10868 246 2 108 68 139 15
11430 259 3 203 67 113 1
8054 260 1 21 14 375 14
11567 838 4 308 40 380 14
16 106 5 214 109 532 4
8662 158 2 128 16 134 19
2162 50 6 472 88 257 15
13730 248 3 102 78 311 13
11791 198 3 158 63 942 3
8092 35 2 139 44 491 13
1675 288 4 113 51 408 16
4342 15 1 109 77 272 3
7398 251 5 298 69 263 7
5285 321 7 150 33 572 11
4066 346 2 135 87 271 12
14215 220 5 244 47 532 11
5964 209 2 210 56 869 3
14852 280 5 88 120 374 19
7761 126 1 34 85 242 14
6508 237 5 88 24 537 20
7784 97 1 105 81 298 14
12096 63 1 118 123 588 2
1114 111 6 183 12 649 5
6371 934 8 248 23 430 16
4945 226 1 85 81 213 7
14405 318 4 221 15 138 17
5752 146 2 95 54 150 6
13576 622 1 75 31 647 19
12653 45 2 142 125 807 19
8454 144 1 78 66 323 15
8626 118 5 347 41 305 11
6575 59 5 225 43 477 18
592 332 6 411 70 614 12
13707 168 1 41 74 604 12
3570 287 5 110 58 230 13
9242 342 3 158 99 836 6
872 345 4 275 51 188 19
14213 957 2 138 64 183 2
13965 265 1 42 100 720 14
14124 11 4 122 42 260 6
12275 186 3 93 37 735 1
14597 84 4 297 54 76 5
10454 263 2 75 46 600 7
3180 660 1 61 52 580 8
14707 312 4 223 18 106 8
5134 72 1 62 53 525 6
8102 325 3 155 31 640 3
12564 73 4 180 43 696 6
4986 202 3 233 45 505 10
10486 159 2 77 34 329 12
1783 192 5 107 104 225 12
2235 920 2 116 81 802 12
14200 346 4 69 68 115 3
882 62 5 275 48 184 5
14148 324 7 202 54 419 16
9969 277 3 75 68 339 17
3281 125 3 126 118 547 14
3971 93 3 114 47 339 3
12545 32 4 158 28 528 18
4060 991 1 49 109 766 9
5311 313 3 72 80 854 8
5307 682 4 69 29 627 13
3404 870 5 227 58 430 9
7005 821 5 296 24 686 18
8346 155 5 382 70 794 15
3884 188 1 76 89 60 9
8688 312 3 133 48 163 18
10109 998 6 536 49 195 11
10552 246 2 68 40 430 5
476 334 1 127 93 589 4
7061 136 5 286 80 300 19
2288 200 2 82 23 703 15
14773 227 5 282 71 424 18
10409 155 3 179 57 622 16
3126 280 2 199 56 571 13
2551 15 5 158 118 684 9
4927 46 1 71 72 441 20
13250 155 3 125 78 330 14
5446 133 1 43 51 297 1
6324 977 6 173 91 463 10
9676 121 1 47 58 685 8
8097 743 2 64 86 494 12
8167 706 1 38 21 256 9
7957 83 1 302 37 480 7
401 253 2 121 67 317 19
14036 116 1 54 89 617 6
6569 159 4 158 33 136 5
255 333 1 23 69 573 20
4816 642 4 241 38 509 15
9798 225 1 22 42 672 6
5095 179 3 232 42 247 11
12626 260 5 185 30 183 7
6551 943 3 160 123 715 3
12108 49 2 245 120 912 2
14705 970 3 118 38 354 18
5943 760 3 116 65 700 17
13636 308 6 156 67 406 2
5420 24 3 51 64 252 17
242 91 1 88 53 416 1
3861 790 4 313 35 873 11
13756 157 1 24 110 718 15
11824 164 3 65 12 326 14
1834 227 1 103 34 713 4
9539 134 6 187 27 158 18
10010 83 3 178 69 167 14
11008 157 1 125 96 378 16
8912 849 1 76 73 236 2
3578 277 4 83 89 444 8
14084 294 4 80 71 99 9
12301 759 2 57 52 167 11
7516 232 4 81 55 106 15
8562 219 7 204 55 448 16
2946 343 4 122 53 141 19
6828 167 2 167 104 316 11
13309 681 1 56 66 467 11
13891 910 2 91 98 143 14
2669 91 3 96 46 618 19
11934 742 2 142 108 106 16
520 348 2 128 44 540 15
8391 212 3 132 67 255 19
14407 247 3 63 65 302 11
491 323 2 108 68 98 14
6200 794 6 110 31 758 19
13516 310 3 95 103 641 8
6547 948 1 143 54 506 15
9975 873 2 94 43 706 20
274 213 4 177 36 502 3
1848 840 4 258 52 586 19
7676 110 4 283 33 837 6
5325 343 2 74 13 586 9
2526 24 1 108 87 432 16
5368 184 4 123 69 295 16
4460 318 4 120 22 349 5
3548 50 4 82 61 744 6
12117 747 4 144 54 541 19
13846 89 1 56 81 152 7
14022 205 1 85 50 251 4
2024 660 1 45 60 479 4
11275 170 4 143 113 484 2
1796 144 1 69 89 61 20
4357 973 4 108 118 449 10
12135 273 3 107 22 313 1
8630 349 4 156 82 333 9
14453 168 3 136 50 343 19
13257 192 2 172 50 317 18
2413 94 4 186 21 467 9
10956 254 1 94 42 98 17
6875 105 1 23 23 455 13
4265 828 2 57 57 519 9
1846 206 2 77 18 358 19
13942 307 2 123 51 613 15
291 148 2 108 53 186 6
6083 927 5 285 59 514 6
10547 32 1 94 79 327 10
14683 136 1 43 87 158 14
14113 605 6 212 38 286 16
3633 170 2 76 72 377 7
9734 222 1 21 18 379 19
503 762 2 73 85 567 9
1019 334 2 177 43 430 1
10530 131 1 196 55 605 16
11912 296 2 87 64 720 10
6155 338 1 84 48 451 14
1580 78 7 257 42 452 18
14390 240 1 64 116 524 20
4263 109 1 22 64 541 17
6863 167 1 37 19 431 6
2640 689 1 70 71 403 4
967 932 2 142 19 1000 18
5126 290 1 70 71 124 10
11919 226 2 82 38 141 5
13221 153 1 63 20 372 7
6995 85 4 95 123 443 6
10350 255 1 110 66 451 10
3494 246 1 58 45 385 5
3772 266 1 53 83 283 18
7038 267 2 71 85 497 1
1788 309 2 106 115 581 7
9349 22 5 190 85 439 20
11964 275 3 129 114 235 20
3345 110 4 157 21 379 13
10709 143 4 209 54 166 5
5445 110 7 151 34 456 3
14911 655 2 165 100 743 17
10268 996 7 231 40 217 9
5362 343 2 182 23 683 17
10864 228 5 219 81 174 11
14301 203 3 119 119 809 6
12770 235 2 106 93 629 2
2314 994 3 91 97 561 13
5657 285 4 114 48 317 2
13424 324 5 157 84 486 20
3882 165 3 224 78 611 1
226 72 4 107 56 398 4
2048 65 4 177 67 144 17
7489 26 2 126 94 102 16
1710 272 2 159 23 678 18
4109 612 1 68 75 548 16
7648 713 5 169 51 213 6
2647 115 2 137 47 889 5
10174 42 3 198 34 690 4
13091 117 1 64 61 255 11
8090 122 1 32 70 387 6
6803 11 6 274 81 84 11
5144 328 2 37 47 644 15
13851 249 1 90 66 157 2
6313 207 2 141 57 308 2
4160 299 4 154 79 244 13
13670 64 5 192 52 460 9
1833 346 2 81 80 655 19
10135 297 2 172 39 150 11
2642 215 3 106 110 320 18
2280 121 5 188 76 287 6
971 87 8 219 24 478 20
4820 635 3 112 21 608 16
533 732 4 174 38 113 4
13944 156 1 22 17 265 11
13060 176 3 195 58 468 17
12541 992 6 173 34 97 2
5554 94 1 20 13 608 8
7070 206 1 111 39 265 11
11370 307 1 70 37 385 18
14917 109 1 116 103 570 13
11041 37 1 17 13 531 17
822 113 3 186 71 390 13
10736 20 2 34 47 191 6
12971 132 6 233 55 174 11
8861 341 3 132 23 816 13
488 688 3 132 34 134 7
13427 328 6 161 51 620 16
6052 340 1 151 36 358 17
6830 85 1 59 55 413 12
4786 714 3 98 26 471 9
14981 171 4 214 62 485 16
9237 176 2 152 23 468 4
5567 205 1 108 74 412 1
11843 115 6 212 32 829 4
10968 262 2 150 63 258 1
8278 652 4 100 47 698 1
2556 319 3 254 71 169 17
5789 310 5 179 17 595 18
4894 310 2 89 33 381 18
9087 79 1 59 46 486 8
3170 130 5 180 68 711 15
138 201 3 63 59 687 9
826 234 1 62 82 691 5
2029 34 1 74 41 316 14
6424 39 1 60 108 211 8
10271 924 3 96 64 656 10
9069 324 1 154 42 300 2
5824 723 4 397 56 910 6
626 262 1 31 55 531 9
7222 177 2 96 33 288 18
812 347 4 119 48 110 4
8840 252 3 64 76 666 12
3224 288 1 94 95 124 3
13838 127 4 124 34 404 6
12807 21 1 78 60 753 16
7038 70 2 51 53 406 19
11177 269 2 125 51 200 6
5369 642 1 63 53 451 1
215 787 3 114 64 367 12
11613 218 6 127 46 701 7
7756 135 2 42 19 329 8
7685 910 2 33 54 567 2
3059 97 3 117 45 74 5
7171 689 4 120 30 778 5
4719 318 1 57 87 738 16
6550 170 3 130 90 490 6
9218 263 4 164 96 350 4
8459 242 6 109 55 92 14
10472 130 3 204 80 343 8
8393 162 1 92 85 563 5
10742 951 4 91 39 240 6
5752 268 1 53 60 689 13
8865 317 1 102 64 404 9
3393 330 2 37 47 662 6
10849 784 3 114 45 315 1
3608 332 4 170 44 136 7
3647 84 1 76 69 850 7
14114 191 4 265 25 685 16
14030 228 4 81 71 190 17
9132 51 3 169 89 640 20
9563 346 5 170 44 91 19
14939 30 1 43 102 110 20
8876 93 3 113 58 671 18
3574 291 1 75 77 735 12
13472 127 3 300 23 726 7
6804 623 3 89 38 883 9
4633 169 2 119 50 74 10
1282 36 2 117 81 277 14
4462 208 4 179 61 113 16
3465 192 4 155 45 711 4
166 198 3 95 82 95 14
7274 30 2 45 56 907 16
8090 56 6 146 119 261 7
6875 66 2 195 65 114 2
6322 23 2 94 53 112 20
2657 137 1 60 108 193 7
10931 323 2 89 85 326 8
2654 182 4 302 70 807 7
9142 991 1 80 98 270 11
6429 194 1 93 51 489 2
4324 190 4 77 73 252 8
278 223 1 131 117 419 5
4686 31 1 60 69 292 16
5711 37 1 64 66 511 10
3985 87 1 29 89 218 4
12193 681 4 85 94 257 2
14937 86 2 62 124 499 8
7270 11 2 253 59 237 16
13943 282 2 45 127 496 17
12095 761 2 132 51 386 3
7115 72 5 175 39 496 4
5561 324 3 165 34 783 11
6976 286 1 137 42 216 2
6411 251 1 107 52 556 2
3774 119 4 154 30 658 6
6369 53 5 109 89 482 20
7579 46 1 219 80 171 20
8953 119 2 121 127 702 7
14802 610 4 128 63 376 6
12062 318 3 183 57 512 3
13910 784 3 152 32 424 12
2772 258 1 120 59 480 18
5128 736 2 101 76 158 20
11951 56 1 107 37 337 9
2498 56 3 184 114 108 19
9246 97 7 280 69 411 7
14041 109 5 302 40 498 1
6865 245 4 194 74 235 7
574 874 1 53 58 643 17
1149 868 2 37 83 592 18
1798 74 2 150 34 499 12
1878 76 1 63 116 514 14
4739 803 2 230 76 124 17
4609 176 5 148 112 662 7
6537 796 3 131 89 122 17
845 310 2 57 15 402 18
7534 931 4 283 27 399 14
10793 275 5 79 57 127 3
10666 188 4 70 60 564 2
3493 333 4 225 88 154 16
3996 200 3 90 95 504 17
7944 74 1 221 66 725 17
11929 275 4 87 117 405 4
4075 269 2 56 68 625 7
6337 86 3 81 92 355 18
5875 223 2 103 50 639 16
7379 241 1 27 82 559 5
13766 621 3 129 82 587 2
3377 601 1 68 51 847 4
10199 19 1 56 67 455 20
11552 933 1 18 62 696 14
5816 15 3 189 42 76 19
14642 233 1 55 94 819 11
1634 100 1 154 35 359 2
8491 339 3 164 35 620 16
2823 788 2 432 18 675 19
13305 315 4 72 21 564 14
553 272 6 191 80 462 11
1799 109 2 87 45 402 13
8127 74 3 103 82 836 6
12755 148 2 125 69 120 14
7532 248 1 53 86 530 4
5250 188 3 111 94 406 10
6573 58 1 111 22 441 2
12690 246 6 375 42 349 5
11981 757 2 221 40 148 11
6499 243 6 100 30 787 20
10085 343 2 65 58 587 4
8705 47 1 77 47 442 6
11618 246 3 186 45 350 15
13563 121 3 80 49 381 9
1718 254 1 277 59 747 3
10118 290 5 120 93 161 15
5402 210 1 43 49 726 19
6188 215 1 225 37 284 9
14876 783 1 63 56 333 13
14058 165 1 29 58 763 18
10793 44 4 134 80 460 18
8758 883 5 118 76 1008 9
4765 170 3 72 69 110 15
2705 166 6 116 94 334 3
658 690 5 259 93 635 6
13680 158 1 72 89 111 19
14437 289 2 119 77 271 11
5179 342 3 86 24 537 4
145 66 4 129 125 762 11
10609 608 2 105 88 715 18
3180 73 1 52 92 202 13
1385 946 1 95 24 533 3
7774 983 2 88 47 574 9
6747 307 2 65 62 475 18
10823 158 4 66 59 167 19
7659 717 4 208 84 143 8
14977 334 1 35 50 149 14
6033 829 5 100 25 647 11
1916 199 5 178 35 185 11
6857 344 5 237 48 125 1
10080 262 3 102 45 719 2
1257 30 4 126 81 115 7
4463 82 6 385 15 544 5
7852 636 1 307 44 438 2
9968 720 5 252 72 654 1
1657 169 4 134 56 142 12
4566 83 2 144 77 517 4
13398 669 1 113 18 147 4
9048 87 1 119 58 519 15
1216 85 5 184 82 454 1
12275 232 3 192 80 313 15
9000 119 1 103 68 355 16
5679 956 5 139 58 410 10
5712 93 1 109 77 600 5
285 34 2 94 50 297 17
2778 347 4 122 36 410 1
1239 976 1 42 24 389 3
14973 162 3 95 73 221 9
5759 250 3 87 112 773 7
3938 275 6 120 21 820 3
7885 164 2 62 99 246 3
8170 202 3 84 23 338 17
12440 275 2 56 63 261 18
572 846 2 71 75 342 15
5571 156 2 60 68 527 8
5458 93 2 105 127 400 9
7866 220 2 162 58 838 6
13068 894 3 207 37 847 18
13372 44 3 105 58 360 16
14766 652 2 72 97 106 14
12307 252 3 85 70 672 1
13459 82 5 295 56 252 3
1988 185 5 212 95 529 6
3892 35 3 228 13 449 4
10283 89 4 131 88 119 1
8581 324 4 119 61 525 15
12695 336 3 60 60 725 18
4522 195 3 191 80 397 4
4545 279 5 246 50 413 10
11550 347 2 141 87 659 5
7180 243 3 84 110 394 8
13150 32 4 171 75 208 17
9820 277 2 202 50 897 4
11305 218 3 80 77 559 2
5217 227 5 207 85 123 2
13605 80 1 79 43 587 2
6503 135 3 188 53 478 16
9117 181 2 37 13 495 17
7884 10 2 219 36 490 6
993 185 5 149 58 462 10
12468 29 1 73 98 697 6
2365 142 6 213 57 81 13
14193 11 2 120 34 530 3
6126 294 3 156 57 240 6
11261 182 1 82 77 334 10
8458 226 7 193 52 479 20
1858 892 3 156 27 196 20
9922 853 5 175 64 612 3
816 184 1 150 76 73 4
9494 262 2 116 82 414 12
1394 946 2 62 14 354 12
2855 86 2 79 98 141 17
1346 22 6 175 68 157 3
166 223 2 195 66 379 5
12409 625 4 124 27 691 14
14515 600 2 63 82 140 15
12718 647 1 38 11 453 16
3614 94 6 133 84 549 4
12371 42 1 108 104 776 5
2001 35 3 165 34 396 4
4699 718 1 32 110 614 13
1808 121 2 119 32 403 4
374 128 6 113 74 176 5
2927 283 6 129 36 529 20
13272 62 2 110 105 277 13
9749 936 2 78 46 166 5
12936 659 1 47 65 87 6
4409 737 1 24 60 586 14
7463 232 7 228 54 311 3
8787 52 1 39 44 303 11
7941 275 4 94 57 551 8
2517 121 3 101 46 369 9
2996 77 3 236 26 1006 8
14420 243 4 124 16 469 7
9383 200 6 124 37 544 16
8697 34 2 163 108 680 15
4929 266 1 55 68 447 8
953 91 1 65 61 443 10
13816 102 3 197 25 904 14
2811 33 3 155 126 784 7
11689 256 1 30 82 179 9
9585 842 4 209 66 595 13
12123 235 1 106 84 387 16
12523 330 2 67 44 182 3
4637 179 2 150 62 280 8
12389 649 2 35 61 679 14
13029 223 4 130 94 565 2
10059 148 1 34 17 328 20
9702 53 1 83 68 476 12
7518 863 2 112 68 699 9
8150 157 4 118 28 138 1
12326 278 2 120 61 733 14
10639 164 4 119 63 332 8
7968 170 3 108 77 167 16
8051 234 5 159 58 485 12
6981 308 1 27 79 505 2
5754 30 5 397 58 244 13
12536 297 3 167 34 521 15
6853 145 5 210 91 883 3
5994 620 4 159 63 285 16
13352 147 2 115 85 623 14
1673 77 1 44 113 434 16
11053 70 3 197 40 321 4
5884 149 2 83 59 257 4
10134 967 2 114 98 558 14
13435 136 2 60 43 869 14
4600 228 2 100 85 585 19
5799 231 3 278 27 627 4
130 70 1 50 74 152 19
8160 85 1 142 25 416 16
13076 203 4 183 89 247 10
6650 332 6 211 45 822 20
8502 240 2 78 69 277 10
7675 742 4 215 16 187 8
13924 54 2 134 26 737 1
10074 164 1 39 53 250 2
328 664 6 167 94 91 19
7282 694 1 41 43 964 8
6730 39 1 61 55 404 16
13778 727 1 70 62 292 18
1129 84 2 46 75 118 20
3465 91 2 94 61 436 20
13955 859 1 114 62 78 11
12720 794 3 315 27 618 7
2555 208 1 59 127 635 5
12954 831 2 63 68 677 9
9316 231 2 66 88 686 3
4139 294 1 70 39 137 20
11652 959 6 138 56 137 1
6286 75 1 66 101 158 2
11641 57 4 120 13 435 6
10332 147 1 142 61 454 5
6736 268 2 46 59 578 7
1542 966 3 68 69 102 20
3828 739 3 141 38 145 4
7707 309 4 95 103 339 16
8384 318 4 276 44 427 19
14814 944 2 243 59 109 17
14083 337 4 141 43 92 3
4482 228 1 221 37 714 11
11580 265 2 47 65 89 20
8020 347 3 80 65 739 7
14727 272 3 132 20 547 2
11231 342 3 129 66 484 12
9085 274 2 108 86 373 16
11475 63 3 107 75 306 14
11885 611 1 89 75 815 10
42 200 5 102 26 510 6
12019 174 1 26 85 439 10
12133 180 2 62 78 72 19
5963 936 5 139 53 700 7
3456 42 2 64 53 267 4
785 56 1 93 24 211 1
11052 619 1 130 62 541 19
9627 332 2 158 35 504 19
9322 60 5 172 109 72 6
14044 108 2 308 15 490 1
8178 212 2 98 86 139 6
10954 800 2 63 28 564 6
8469 101 4 132 88 350 16
3902 55 3 244 92 234 6
2607 199 3 160 83 115 13
5191 120 6 129 98 571 11
11917 668 1 27 105 482 10
8 322 2 116 93 624 15
14355 100 5 314 52 302 6
3049 329 4 93 25 523 12
12991 271 1 146 76 365 12
7646 274 3 94 76 363 18
4154 270 2 199 54 607 2
1308 283 3 119 33 629 4
9115 224 3 80 91 702 1
282 42 2 134 116 789 20
1955 148 4 146 24 543 13
1214 281 3 96 92 922 6
5166 132 2 150 36 351 4
2101 206 2 91 74 486 4
3866 86 2 71 30 570 2
11632 989 5 204 28 691 5
1638 84 1 90 41 973 8
1853 338 5 119 74 591 1
706 822 7 329 56 140 8
14387 274 2 122 70 171 8
10738 342 1 179 37 348 2
12382 615 4 80 59 704 9
10806 176 5 147 61 237 5
12919 21 1 53 41 414 15
10820 288 2 77 58 265 7
11170 814 4 114 52 428 5
10334 65 2 86 54 330 13
2713 263 7 114 116 328 13
3773 312 1 108 58 226 7
5562 127 4 127 66 690 7
2640 253 3 435 46 610 6
4273 139 4 233 35 502 1
14847 215 1 47 95 842 3
10682 140 2 108 67 631 18
1994 679 1 86 29 408 11
13286 242 6 198 66 904 11
982 683 5 187 48 413 8
12833 86 1 19 28 288 4
4414 77 3 97 76 634 17
1744 215 2 51 22 516 14
6310 92 2 139 37 255 3
7491 23 1 70 65 427 10
8656 849 3 281 21 674 5
9940 792 5 128 18 401 11
1075 292 1 119 71 598 5
9897 290 1 60 125 541 6
355 187 2 103 20 534 9
12007 887 2 104 42 305 19
6926 55 5 117 18 541 13
14917 241 3 85 71 424 20
9126 347 4 109 32 584 19
86 154 3 115 45 216 7
12589 154 1 70 67 493 17
4363 98 1 125 22 580 10
3416 256 5 241 98 88 4
13356 313 2 160 26 452 2
10559 147 4 176 49 388 11
9741 142 1 64 77 456 11
14090 840 4 186 52 142 11
3417 887 3 160 58 316 11
7849 301 6 157 63 705 9
12351 210 2 122 31 423 3
7912 135 1 103 30 447 2
10257 72 4 138 28 527 3
14988 112 3 101 59 501 6
4822 146 1 89 46 491 15
2027 180 2 289 30 668 3
3940 110 3 119 62 110 5
7144 64 5 104 49 333 20
12467 102 6 266 37 476 10
7632 272 2 69 65 293 16
9937 172 6 222 41 358 7
1565 795 2 61 125 601 2
10968 201 3 219 56 826 4
10982 666 3 168 30 1013 7
9189 308 3 113 42 361 8
10367 28 1 89 76 230 12
9471 617 2 67 67 874 8
13511 346 3 134 37 609 7
5566 211 3 90 86 658 2
14073 23 3 241 24 190 17
8701 265 2 123 115 173 11
10457 196 1 44 27 288 7
1744 265 1 35 16 253 20
11365 337 3 60 24 403 18
14771 29 5 217 37 278 20
14293 126 5 192 23 641 9
7979 234 4 156 50 395 4
9567 110 1 19 56 386 8
3267 326 3 92 27 95 6
2112 307 2 127 32 616 6
1956 299 6 346 78 224 20
4086 121 2 116 78 372 9
11728 36 2 162 50 603 13
2357 142 1 42 95 382 16
163 87 2 32 102 714 17
12650 829 3 85 88 415 17
4046 667 3 176 64 137 15
11864 137 3 85 70 150 15
3017 34 1 49 50 202 16
3307 672 2 206 45 675 5
2237 198 1 73 95 174 1
7321 258 1 126 18 163 20
2335 345 1 30 127 652 3
12271 133 5 127 92 209 17
3964 910 3 81 114 585 5
7172 76 2 157 81 97 7
9871 72 1 91 41 365 3
14824 892 8 160 32 728 15
9302 82 3 53 64 245 1
7230 116 2 75 68 536 15
1554 155 3 246 41 588 18
6800 23 3 94 81 690 2
11801 31 1 43 29 591 20
12077 116 1 174 40 369 17
235 222 1 107 63 754 6
9178 220 2 61 20 358 19
10895 621 6 158 73 598 18
6775 87 2 47 78 585 2
1388 214 4 189 29 330 11
5784 145 3 142 74 183 15
5332 74 1 88 53 96 18
12156 329 1 49 51 574 12
1442 325 5 226 51 350 1
9650 211 2 48 53 118 15
1583 102 1 45 16 446 19
1426 172 2 65 40 835 14
570 237 1 137 68 160 2
4483 156 4 198 30 146 4
