53 1142
4 24 44 192
2 32 48 48
1 16 8 256
8 80 96 624
2 24 32 208
6 64 108 976
1 32 36 160
8 80 112 608
7 64 100 896
1 16 20 112
8 80 128 944
3 32 16 160
1 32 40 192
8 64 108 640
4 32 40 256
1 32 32 208
4 32 40 240
1 32 16 240
4 16 40 96
4 32 20 160
2 16 32 112
7 64 124 688
3 32 24 160
2 16 20 224
1 24 20 192
7 64 120 912
3 16 28 96
4 16 28 64
1 24 40 240
1 32 12 144
1 32 24 144
3 32 16 144
8 80 104 592
4 16 16 32
3 24 36 176
8 64 96 688
4 16 40 208
4 32 24 80
3 24 16 176
2 32 12 112
2 24 36 208
2 16 40 80
3 16 44 224
4 24 48 208
4 24 12 128
2 16 24 144
1 32 20 224
3 16 20 208
2 32 12 256
2 32 12 48
2 32 16 48
1 32 44 192
4 24 32 224
2347 127 7 463 59 679 5
0 786 6 374 74 540 18
0 208 7 538 76 507 8
0 844 8 454 101 612 18
5154 420 7 607 90 853 8
107 684 6 380 70 810 7
10341 793 8 367 58 519 10
4676 652 7 569 56 467 9
0 461 7 626 60 361 18
10194 857 7 350 66 410 19
1810 235 7 527 106 942 20
4612 756 6 355 89 444 5
0 431 6 272 96 548 11
2102 372 7 418 82 294 19
253 979 7 342 74 519 7
4938 207 7 367 95 632 9
9704 407 6 507 89 582 20
10283 455 7 385 58 504 9
9722 713 6 303 53 504 8
10205 734 6 393 90 571 19
9946 626 8 546 94 806 20
4736 721 6 515 49 339 10
5326 998 7 493 50 340 4
2035 918 7 423 70 754 19
0 291 6 372 120 738 10
2173 738 7 505 108 555 16
0 932 7 369 87 414 6
347 236 7 444 85 551 10
2186 533 8 511 80 496 5
0 673 8 438 77 426 12
0 909 7 611 87 472 1
5391 710 8 369 62 439 20
5120 697 8 429 68 362 19
2220 307 5 311 78 772 2
9700 259 8 503 74 547 7
5116 824 7 403 95 555 8
9705 799 6 373 62 628 16
1997 570 7 513 83 475 8
2289 247 8 548 89 567 4
10119 356 7 379 77 850 4
2289 824 6 371 80 593 6
2158 570 7 540 63 300 11
1901 905 8 449 94 828 17
2205 746 7 493 85 323 1
1839 863 6 255 66 609 19
136 468 6 382 70 825 8
5269 888 6 535 57 370 16
2277 808 7 464 86 760 11
10310 476 7 410 76 392 11
158 729 6 351 58 515 20
5239 546 6 467 91 394 19
4906 947 7 472 53 286 4
4634 266 7 380 88 541 18
4903 762 6 405 46 522 3
2030 276 6 315 103 574 18
154 842 7 370 88 434 7
1730 776 8 591 50 472 16
10088 204 5 272 59 525 20
2306 564 6 514 71 736 8
5277 664 7 538 90 884 8
0 728 5 271 66 892 18
10009 881 5 371 63 893 8
10059 208 6 382 60 324 2
5335 705 7 461 114 732 10
1823 351 7 497 51 541 2
4670 802 8 406 105 348 17
4809 311 8 466 88 544 10
4745 809 7 443 54 429 8
1737 732 8 622 50 576 17
113 319 6 519 91 596 20
4981 531 8 367 60 429 3
4985 521 6 443 90 781 17
390 500 6 342 63 464 9
1612 528 7 581 71 892 16
9731 915 6 469 55 435 9
5294 793 6 403 112 732 20
0 276 6 418 49 355 11
0 527 7 469 88 315 7
1723 867 5 379 72 848 6
0 168 6 398 88 630 20
391 869 7 388 53 395 6
0 162 7 441 78 667 7
10073 732 7 417 64 864 17
397 972 7 380 87 318 8
5067 330 6 464 93 353 17
5306 378 7 317 70 858 6
2172 703 6 444 97 934 19
0 546 7 459 92 437 18
9767 963 7 583 105 400 7
0 223 6 390 81 364 10
4890 576 7 400 65 668 2
10165 729 6 451 70 582 9
144 212 8 359 80 383 3
4978 506 8 393 80 636 4
1632 407 8 552 64 446 19
10036 533 7 416 81 514 11
33 830 8 601 59 458 7
282 165 6 450 96 710 17
5165 961 7 566 65 548 1
2082 934 7 356 56 507 6
323 706 8 481 96 426 5
9943 978 6 414 96 899 18
1948 313 7 429 57 313 20
37 536 6 446 99 520 2
0 723 7 438 90 510 16
80 886 7 380 69 415 16
1866 897 6 366 101 312 11
2225 933 8 603 101 455 18
5365 928 5 270 93 513 5
4976 706 8 612 58 386 20
2233 653 5 255 58 751 16
2142 586 8 529 65 359 12
196 716 6 445 52 564 12
9841 343 6 436 96 398 4
10071 844 7 370 94 628 16
9633 852 6 521 76 353 11
0 672 7 511 52 312 17
99 882 6 494 62 790 16
5143 736 8 557 67 304 10
9785 652 7 436 82 506 17
1827 768 6 522 84 567 16
4608 859 7 416 61 780 16
0 664 8 528 81 531 19
1823 732 6 315 79 350 20
4821 415 7 425 50 431 16
5114 328 8 502 79 328 20
1740 827 7 451 68 342 5
1917 624 6 360 63 501 11
9716 208 7 377 106 566 16
1752 950 7 368 76 462 19
5200 814 7 310 77 874 5
0 217 7 443 72 527 11
10104 797 7 370 95 687 19
351 144 7 422 111 604 3
205 499 7 629 101 484 8
9877 794 7 497 110 354 7
4607 652 6 293 97 716 18
5036 621 6 432 74 768 16
2052 907 7 336 71 552 8
2359 156 6 451 93 458 12
10197 459 7 333 98 866 12
4689 794 8 386 58 509 18
5004 480 6 414 71 502 19
4666 217 6 338 81 659 1
101 805 8 444 109 469 17
0 320 8 447 100 788 10
6 290 6 311 91 411 4
2197 830 7 394 63 682 5
2071 796 7 313 55 556 7
154 324 7 601 72 305 11
9603 833 5 261 100 652 10
0 910 7 418 55 563 10
10217 533 6 469 81 340 8
4664 821 7 418 59 430 9
1622 971 7 559 60 298 2
9722 344 8 633 88 493 16
9707 522 7 431 76 528 6
2389 372 8 423 65 416 12
0 993 6 524 76 511 7
109 902 8 347 52 366 18
10385 718 6 486 100 418 4
10387 751 6 430 60 312 3
2090 900 8 586 52 580 16
5010 400 7 338 118 792 3
5201 800 7 307 90 627 3
4832 772 6 426 47 435 9
2326 870 7 483 95 449 19
5152 493 6 347 105 404 19
0 768 8 441 57 603 9
4947 711 6 475 99 399 1
2207 657 8 434 86 324 8
10327 633 7 486 61 373 3
10256 862 8 501 55 518 19
5261 553 8 482 95 610 19
9949 172 8 510 103 304 9
2287 770 6 292 79 742 8
9846 169 6 388 56 607 17
5036 323 8 370 107 468 18
4705 804 6 423 55 375 18
4964 975 7 440 98 524 11
2365 778 7 365 102 574 8
2230 815 6 455 106 477 17
4691 731 6 317 73 796 4
9 768 5 267 77 475 10
4688 215 7 313 67 541 6
4806 929 5 351 66 577 2
0 825 8 545 54 351 16
9705 929 7 347 74 299 5
10115 818 5 321 92 706 3
1734 473 8 631 51 398 8
5057 919 7 413 66 584 9
10006 642 6 546 61 451 9
1820 503 6 471 66 802 5
4673 804 6 266 81 684 2
0 783 7 511 77 528 19
0 648 7 415 105 334 11
1705 718 7 520 65 526 5
9985 610 7 430 103 449 18
2307 601 7 369 50 428 11
0 347 8 414 48 338 11
9642 320 7 562 77 445 1
9984 972 8 607 109 716 9
10377 574 6 376 54 769 17
10165 184 7 474 64 601 8
4707 237 8 560 86 381 20
63 200 7 396 93 318 19
4761 341 8 435 50 626 12
10318 165 6 426 86 365 11
2027 980 6 420 49 516 12
10303 950 8 442 79 319 8
5315 771 7 518 55 343 16
1980 719 6 383 51 465 19
0 592 5 344 82 609 1
0 724 8 413 50 337 7
5283 245 5 308 57 682 18
5272 961 7 371 71 330 8
10311 600 6 374 85 350 9
39 804 8 336 45 332 17
235 724 8 500 76 436 16
0 163 7 483 73 467 1
4836 912 8 532 77 807 3
4788 485 7 439 61 599 4
40 204 8 515 97 458 20
5184 627 7 545 114 436 17
10293 897 7 405 89 464 11
153 263 7 494 80 524 6
2191 839 7 323 94 606 5
1964 952 6 485 110 520 5
4750 337 8 585 112 594 19
300 560 7 371 101 567 20
0 688 6 401 72 770 19
9878 800 5 349 108 587 2
2084 424 7 377 96 570 16
145 291 7 468 67 520 19
2014 378 6 378 92 725 10
5257 423 7 545 67 305 18
4887 885 7 493 59 596 20
10321 762 6 357 96 349 11
142 646 7 335 67 430 1
1780 461 6 317 84 712 3
207 680 6 306 67 891 16
9823 174 6 380 87 344 1
9656 800 7 373 96 769 10
5065 889 7 378 84 619 11
5168 728 7 367 70 459 1
10257 857 7 475 45 410 19
5172 669 6 410 67 712 2
1931 143 6 445 97 623 3
249 544 8 482 65 445 16
1771 754 7 308 95 335 3
4806 998 8 419 88 463 11
110 358 6 461 55 534 18
1631 740 6 543 102 541 18
1798 494 7 403 83 538 2
0 924 8 410 94 345 20
4864 651 6 267 75 842 4
2103 414 7 434 70 516 6
10313 755 7 317 104 354 18
328 623 6 442 78 379 2
123 944 7 597 76 532 17
5245 798 7 424 92 442 7
10340 407 6 320 56 896 3
10360 882 6 319 81 459 5
5127 762 6 325 66 851 1
10391 930 7 433 73 548 6
177 739 8 561 93 312 20
9735 349 6 421 51 456 20
1945 516 5 281 76 822 12
5041 530 6 426 125 516 7
5168 752 7 547 95 774 17
4682 695 6 400 76 386 18
119 873 7 304 51 804 20
9641 968 7 535 98 401 10
10373 461 7 546 78 351 12
1817 701 6 419 54 457 17
2009 989 7 558 112 330 2
9739 834 8 444 96 520 9
4650 893 6 503 85 595 17
343 846 7 395 53 398 11
1635 184 7 459 63 941 6
5365 186 6 381 62 290 5
5174 913 6 343 101 818 9
5314 143 6 447 93 452 17
10309 695 8 525 53 360 11
0 833 6 423 85 662 4
1911 817 7 540 52 319 6
135 881 7 420 65 345 11
10046 725 7 465 126 572 9
10323 549 7 396 60 371 5
10282 843 8 462 87 597 3
2024 814 8 500 117 925 18
4613 782 7 547 62 355 2
9606 371 8 417 49 491 19
2294 882 7 450 84 825 9
2206 710 7 411 68 515 4
1887 585 6 405 92 583 11
9917 263 8 369 56 544 18
5139 653 7 556 101 449 17
5185 749 6 265 86 534 19
5269 305 8 510 98 664 17
2091 589 6 371 98 793 18
4996 728 6 391 98 793 6
173 742 8 465 92 363 6
2189 952 6 517 113 601 16
9990 177 7 516 87 471 20
5227 961 6 526 59 641 20
10249 833 7 380 68 501 6
10156 898 6 404 72 437 12
10098 281 7 401 96 639 4
291 529 6 375 66 875 6
0 676 8 534 101 279 18
206 453 6 447 95 668 20
1774 924 6 316 89 671 3
4764 372 7 495 55 628 12
4659 471 6 364 102 772 12
2062 218 7 440 80 430 19
9821 801 6 309 84 448 10
4984 733 7 506 81 295 16
4729 866 6 318 52 405 19
9622 124 7 375 70 345 11
1926 234 6 379 115 679 17
0 746 6 437 116 650 11
2175 759 6 514 98 269 18
5353 772 6 290 112 817 5
2231 794 7 378 65 383 19
0 758 7 348 46 487 6
2041 529 6 405 49 880 3
10289 599 7 377 111 854 17
5259 957 7 606 109 369 1
2025 171 7 377 96 427 17
10341 791 8 533 79 530 4
10200 733 7 398 102 569 11
4777 745 8 509 51 657 16
1746 711 7 422 60 411 6
1941 911 6 267 49 485 11
2352 777 7 635 64 522 2
1895 996 8 541 105 780 5
5317 678 8 472 84 565 1
9659 636 6 359 54 601 20
1959 861 5 279 120 662 17
0 355 7 336 103 582 12
4902 428 5 324 88 709 17
258 579 8 343 63 613 20
1863 701 7 357 60 342 18
2257 576 8 368 93 545 6
5187 421 7 427 58 571 19
4764 929 6 391 114 775 20
5066 264 7 395 68 295 3
2203 341 8 435 88 617 6
9774 405 6 419 83 574 9
2253 180 8 598 52 365 16
9665 791 6 481 114 533 16
1638 415 7 551 84 493 16
4896 272 7 424 95 476 20
0 742 6 416 112 748 17
10334 716 7 381 70 647 7
0 422 8 624 52 551 12
4774 879 6 422 90 802 16
0 756 8 427 89 495 1
9809 203 6 429 67 424 10
4861 277 6 379 89 349 8
5209 390 7 383 62 372 1
0 769 8 605 61 415 18
33 913 7 504 83 396 17
5107 529 7 432 49 458 12
5264 265 6 476 115 699 18
9994 692 6 439 77 810 12
9904 811 8 402 82 388 1
9905 591 7 446 85 482 17
10089 685 8 459 119 579 18
64 597 7 536 60 497 4
324 357 8 547 72 594 20
2089 221 6 297 70 431 16
2260 394 7 474 85 365 6
47 571 6 468 83 422 17
10253 315 6 376 63 528 12
5137 785 7 499 69 353 20
362 718 6 541 74 310 9
2368 477 6 305 117 902 17
0 544 7 387 90 632 11
10039 813 7 432 86 284 12
4654 412 6 321 76 417 8
0 566 7 541 74 489 4
5155 879 6 446 45 334 16
9986 170 8 449 84 300 11
5191 387 8 568 64 315 19
10230 436 6 285 88 628 1
2061 457 6 298 89 424 2
9874 741 7 477 84 525 6
2093 771 7 528 88 441 10
1727 970 7 557 99 534 8
9781 707 7 494 74 397 7
1931 610 7 537 68 864 2
4637 133 6 384 66 851 11
190 599 7 439 53 472 6
5337 847 7 498 97 353 7
5234 545 8 428 59 520 18
1669 751 8 509 101 378 6
1603 881 7 297 74 693 3
0 943 8 340 59 341 20
331 701 6 458 57 453 19
4897 464 6 322 52 635 12
9864 561 7 445 86 371 12
9776 849 5 313 86 565 10
5005 841 8 508 71 383 9
2336 669 7 599 62 582 17
9700 613 6 399 51 395 8
367 980 7 398 87 557 4
9794 781 7 495 89 507 16
2102 762 7 377 52 539 12
9708 211 6 354 61 482 9
1721 906 6 347 59 588 4
5106 439 7 332 82 502 4
4600 273 7 508 124 493 2
105 175 6 440 101 467 19
5334 638 8 456 74 492 3
4657 744 7 469 96 586 11
5380 442 8 544 103 627 1
4902 528 7 302 72 474 16
1917 484 7 535 107 546 6
5248 454 7 435 62 654 20
4645 603 8 603 71 341 7
4634 171 8 469 94 305 5
5008 772 8 514 126 904 5
4647 954 7 393 73 313 4
0 621 5 375 114 547 5
1900 333 7 624 87 625 20
0 738 5 292 110 898 7
2055 907 8 457 124 746 2
10002 441 7 302 46 520 2
5379 447 7 375 97 503 11
10362 652 6 307 104 475 16
10211 396 6 376 92 704 19
2061 704 5 251 88 726 18
0 465 7 487 86 419 7
9878 554 7 530 86 305 7
1707 213 7 333 108 561 5
2171 343 7 419 87 536 1
0 715 6 308 59 462 18
9840 186 6 522 84 402 8
1842 408 8 625 108 647 19
4672 758 7 628 63 599 3
2000 844 8 615 104 513 18
4918 968 6 488 44 367 8
0 905 7 402 96 413 3
1966 355 6 541 93 448 12
296 910 6 320 80 815 20
10018 787 8 439 71 917 7
46 974 6 437 97 376 5
9831 290 5 274 107 753 10
9868 752 8 436 103 557 17
229 934 7 374 87 363 17
10329 131 7 419 60 513 16
1853 420 8 357 87 566 1
9803 939 8 507 81 475 9
1715 861 8 397 48 318 19
275 234 8 497 87 357 3
5375 398 6 378 52 392 11
10335 313 7 421 79 475 20
0 828 6 382 100 574 11
5082 924 7 445 107 326 20
2046 121 6 362 98 721 7
10128 832 6 364 105 447 16
0 667 5 354 55 748 17
2213 768 6 490 62 449 5
5124 227 6 467 68 593 19
1999 822 7 507 81 426 6
9695 757 7 376 76 543 16
378 738 7 392 87 472 19
75 736 5 298 85 478 20
2299 924 6 405 58 411 2
4664 914 8 547 82 297 18
4651 848 6 299 103 631 18
1859 513 8 505 63 398 19
1705 487 7 387 65 576 7
355 629 8 501 53 305 2
9626 697 7 440 54 560 5
10001 968 7 467 65 386 9
0 979 8 554 90 317 5
9755 487 6 487 90 488 17
5361 790 7 436 63 367 16
5109 240 7 433 127 828 9
2049 174 6 326 94 396 12
295 516 6 391 48 271 20
10028 826 5 374 51 830 6
4933 189 5 258 71 505 10
0 829 7 363 60 553 4
4711 255 6 307 73 911 7
0 724 7 490 83 559 6
10324 435 6 539 64 402 20
2232 813 7 476 62 329 16
1830 873 8 637 119 671 6
4843 384 8 438 104 332 1
5150 248 8 611 117 657 16
10046 728 7 437 62 549 12
319 449 6 429 76 380 18
4653 745 8 486 85 306 12
1968 964 7 441 74 382 20
4645 862 7 429 88 463 6
4618 667 8 521 98 458 6
2309 634 6 434 86 616 20
40 800 7 416 68 276 3
2214 286 8 424 110 485 19
2131 965 7 429 72 458 18
2361 550 7 487 58 390 17
4678 968 6 434 82 330 19
5379 696 6 369 87 494 7
1867 720 7 428 54 457 4
9910 756 5 289 102 592 7
9771 485 7 511 120 581 18
10234 731 7 392 60 434 8
102 417 6 439 101 650 3
1785 933 6 323 113 762 6
1600 204 8 367 93 637 1
0 265 7 423 69 597 4
9682 356 6 449 90 341 20
1963 747 8 595 81 906 3
2112 847 6 444 80 860 9
2308 543 6 409 48 552 12
0 397 7 511 128 602 5
4700 565 8 493 90 414 17
5364 946 7 527 89 604 11
2055 149 8 510 101 798 4
174 941 8 464 60 578 4
10153 795 7 370 77 619 7
9857 740 7 512 59 317 9
5191 293 5 349 118 418 8
5009 898 7 459 64 447 16
9754 886 6 351 48 511 2
67 661 7 320 61 522 2
9620 599 6 491 97 355 6
1675 527 7 482 93 318 16
9975 445 6 314 63 752 19
5177 663 6 331 85 479 18
5099 602 7 555 81 437 10
2351 407 7 503 60 461 7
343 837 6 509 105 840 9
9809 982 7 533 97 525 17
257 257 7 552 72 334 8
1904 590 7 370 77 487 8
246 245 7 379 58 671 11
4883 825 6 347 69 709 2
5163 799 8 364 71 622 16
1631 722 7 554 112 505 1
10370 230 7 391 119 512 19
2350 887 6 305 100 669 4
1921 630 7 397 76 393 3
2308 824 5 351 107 886 10
42 574 5 252 78 639 11
0 835 7 608 95 467 2
0 129 7 347 62 399 12
5293 829 7 368 62 552 17
2131 302 6 311 119 527 20
9804 731 7 338 97 805 10
5232 659 7 351 62 910 19
4986 436 6 371 62 644 3
2130 747 6 448 69 337 4
395 168 7 391 97 761 2
170 884 8 539 68 435 8
0 711 6 490 75 497 20
0 632 5 283 65 765 9
2159 370 6 386 82 434 16
340 759 7 347 56 654 17
10120 289 6 417 106 618 1
5171 413 6 548 70 425 1
0 164 5 272 47 561 3
9732 461 8 480 63 463 2
0 710 7 363 59 648 18
1811 868 6 266 47 431 8
5363 858 7 382 54 369 17
238 506 8 414 67 464 3
362 664 5 297 74 571 1
0 752 8 488 89 563 19
1701 553 7 554 67 448 19
2046 341 7 545 78 276 12
0 436 8 491 81 417 7
9768 421 7 512 89 557 17
9630 516 6 418 57 822 18
2064 546 7 425 102 796 12
1645 574 7 377 86 478 10
10114 855 7 387 112 858 8
2207 798 7 475 122 664 18
5193 665 8 631 74 481 19
381 254 6 346 62 721 11
10094 651 7 478 89 327 12
5183 830 7 330 78 560 5
4825 799 8 628 67 478 18
1987 604 6 423 66 891 12
9609 617 7 479 69 326 10
1681 324 7 352 89 891 6
5363 483 8 447 69 363 6
17 754 6 406 44 558 11
4895 821 7 488 74 397 19
4830 829 7 352 119 837 16
0 778 8 590 65 405 7
10234 468 6 355 81 424 1
5379 455 8 572 90 300 3
28 210 6 518 71 532 10
0 198 8 340 56 477 20
9837 942 7 462 77 376 12
9940 456 6 339 73 898 16
2036 745 6 415 73 413 7
10265 766 7 472 64 571 10
2002 626 5 277 66 486 18
4627 875 8 447 53 412 1
393 726 7 495 66 517 17
4923 636 7 390 65 680 20
5048 815 6 272 87 714 16
10395 881 7 476 68 415 11
9786 971 6 384 75 520 4
212 629 5 340 79 592 19
9946 1000 5 326 72 450 4
9797 331 6 541 73 380 9
9763 742 8 431 78 388 2
10353 406 7 403 77 540 19
0 848 6 473 72 685 19
10174 936 7 586 116 570 20
1845 955 5 363 72 776 1
5156 200 6 443 81 596 8
9772 154 7 591 75 276 17
9696 551 7 445 120 712 7
5264 449 7 460 119 798 8
10253 760 7 520 102 336 3
2236 561 6 297 114 875 4
176 200 8 436 104 400 3
10324 536 7 362 55 600 17
210 413 8 409 44 323 1
154 639 7 530 71 553 9
4761 513 7 424 53 288 8
10053 354 7 409 91 374 11
5244 880 7 454 83 463 7
10357 361 7 422 79 405 9
4693 882 6 326 67 778 10
2337 756 8 470 94 343 17
0 919 7 403 79 426 12
2143 156 8 619 77 511 19
5145 215 8 623 72 311 20
4861 720 6 435 110 629 20
10299 754 7 448 100 393 6
2156 480 7 426 64 417 19
5010 369 6 302 58 744 1
9951 412 8 520 92 502 5
10070 269 6 528 48 470 20
10003 820 7 421 127 554 20
2066 703 7 350 79 507 2
5221 736 7 440 50 542 16
1988 544 6 386 60 809 11
2257 676 6 400 67 677 10
9985 699 7 327 49 541 11
5317 703 7 352 92 516 2
1818 137 5 333 66 660 9
312 455 6 471 82 288 16
236 271 6 382 93 349 6
9959 200 7 322 69 380 12
4871 941 7 631 53 391 11
1948 478 6 539 107 581 4
1961 138 6 442 96 410 10
5205 189 6 359 56 792 9
192 645 7 382 86 855 2
5394 322 7 393 85 589 10
0 946 8 564 107 702 9
2297 491 8 492 54 406 2
1789 807 7 462 96 573 19
0 861 5 284 51 559 1
0 533 8 417 58 451 9
10233 430 7 385 87 308 6
9713 502 8 481 87 414 17
5000 180 8 435 82 718 19
1609 771 7 406 57 604 12
5043 272 7 505 53 445 5
1733 234 7 472 76 642 5
4831 560 8 596 86 434 9
2351 809 6 328 78 631 18
10281 295 8 617 52 402 4
0 721 6 425 70 821 17
9612 624 7 536 58 298 17
9960 202 7 512 105 800 17
2042 911 7 508 69 508 16
5370 620 7 432 69 870 18
5058 683 7 522 88 590 9
9992 464 8 490 88 479 6
9625 252 7 540 83 388 16
4631 870 7 541 117 636 19
1944 988 6 367 88 662 18
9997 916 7 513 70 590 7
296 672 7 606 71 582 16
9905 168 8 379 76 619 16
44 839 6 468 108 344 10
4621 636 7 468 52 523 17
2120 936 6 452 45 403 6
2304 147 6 503 66 479 5
9943 190 6 396 54 492 1
339 148 6 389 69 654 10
1888 441 6 372 97 503 19
4870 485 7 584 69 474 6
0 924 8 473 108 510 6
112 705 6 394 54 609 5
9783 998 8 608 94 425 3
1756 800 7 429 93 447 19
1922 590 8 465 77 363 4
9916 713 6 299 105 484 19
9912 457 8 513 80 535 7
10267 333 6 339 84 439 6
133 734 7 608 67 313 17
5376 935 6 519 121 634 1
0 164 8 373 77 521 11
1975 828 7 466 115 762 16
1607 838 8 410 85 463 5
0 181 7 472 55 424 2
10367 197 7 634 61 323 12
5322 798 7 373 54 449 11
0 197 5 357 87 600 6
12 274 8 517 102 488 18
4984 156 7 392 92 613 12
284 792 8 628 84 534 18
5392 980 7 559 71 443 12
5245 939 8 503 83 562 17
1712 761 8 569 100 554 16
228 907 7 629 124 720 2
161 766 6 257 100 414 9
1745 957 6 434 98 421 10
0 431 6 374 83 516 5
9895 240 7 633 122 617 19
2060 762 7 450 86 313 19
9939 600 8 412 93 326 8
4869 644 7 406 63 475 18
332 356 7 440 87 412 4
5383 798 5 292 49 725 1
92 391 6 354 91 894 9
10051 493 8 603 60 459 1
356 667 7 332 75 720 8
4951 737 6 352 45 621 12
2140 887 6 501 108 433 5
72 749 7 452 92 519 11
2274 805 8 424 68 457 18
0 693 6 431 68 540 7
111 522 7 553 75 557 18
0 855 7 454 84 310 5
2255 300 6 353 47 605 7
1768 526 5 294 82 513 18
0 632 8 457 46 401 17
2040 969 7 436 65 705 16
0 580 7 410 85 589 9
1856 400 8 527 95 654 1
10232 443 6 424 100 458 1
2363 756 7 442 82 569 7
1771 804 7 412 120 611 16
355 492 6 311 98 856 18
5010 571 7 394 59 598 7
4971 962 7 396 95 779 5
366 237 7 379 57 809 11
5370 547 6 420 103 289 9
9930 678 7 342 84 374 19
10145 570 7 411 120 568 3
9924 688 7 399 86 382 19
4966 444 6 380 60 286 2
10258 479 6 440 89 578 19
0 529 6 449 97 528 10
0 545 6 428 79 325 18
10303 408 7 497 63 322 8
243 730 6 357 102 554 12
0 942 8 475 60 321 6
1609 158 7 449 58 506 19
9728 632 6 348 56 425 19
267 895 8 478 83 583 12
4853 195 5 360 68 616 8
10349 359 7 434 104 631 7
9970 343 8 618 82 589 11
0 184 6 314 102 576 7
1992 878 7 557 54 375 12
2059 428 7 472 57 383 9
1812 854 6 552 90 797 17
4923 186 6 400 125 849 5
0 778 6 499 91 297 19
4790 342 7 412 61 345 16
1693 820 8 522 99 834 9
375 372 6 473 66 538 3
9870 696 6 318 120 638 19
289 240 8 367 94 541 16
9749 803 7 526 60 468 20
5172 436 8 567 59 300 6
2063 914 5 296 119 801 18
1715 709 8 589 60 462 7
1664 784 5 379 64 440 3
9660 803 5 380 59 846 18
1683 246 8 561 86 437 6
146 717 6 409 120 716 12
1844 888 5 267 80 626 9
9755 242 7 432 78 592 4
9946 279 6 418 77 581 16
86 712 6 421 117 720 3
9854 829 8 426 96 379 8
211 231 7 527 128 894 3
2377 373 6 297 78 545 7
5262 537 6 368 72 834 11
9877 120 6 370 77 386 12
9836 521 8 480 68 492 3
0 722 7 512 120 705 8
1988 444 6 255 94 784 5
2287 556 6 510 103 422 3
0 893 6 446 69 273 7
9853 491 6 350 89 739 11
10242 304 7 314 58 323 19
1643 993 7 382 89 614 11
5334 181 7 545 124 824 18
54 785 8 516 120 514 4
0 557 6 413 98 540 20
0 480 6 433 73 563 1
5011 248 7 310 79 791 3
284 818 7 474 51 284 16
0 151 7 426 120 656 4
359 759 7 499 64 494 10
4883 777 8 612 74 518 16
10359 830 6 303 46 519 20
9943 124 8 551 60 629 17
395 770 7 406 79 398 10
156 992 5 259 58 767 17
329 361 8 345 88 452 17
4808 272 7 596 79 453 1
4915 232 8 497 58 623 11
0 870 7 466 61 440 19
9879 778 5 273 86 823 3
5004 872 6 421 62 397 17
10049 506 7 456 73 654 11
1609 743 6 371 76 883 3
5188 899 6 395 58 543 11
0 849 6 361 92 500 5
9706 713 7 378 79 518 1
0 294 8 454 57 333 2
2163 442 7 458 63 480 11
4691 760 7 504 59 648 16
0 878 5 305 118 781 18
74 760 7 498 106 458 8
0 770 7 303 118 755 19
1668 903 7 494 88 582 4
9905 797 8 559 86 290 1
5041 943 7 424 55 335 1
1617 698 7 586 65 533 7
0 729 8 605 94 389 19
5140 781 8 422 79 714 9
1616 427 7 367 58 528 5
1799 810 6 428 81 359 1
1683 710 7 414 100 476 5
4925 135 8 543 76 294 8
0 146 7 639 74 479 11
50 581 8 448 91 525 4
9670 470 5 337 86 799 20
1842 783 8 640 62 586 18
4874 280 6 431 82 889 1
2387 372 7 399 98 769 10
110 472 7 401 44 480 5
10185 484 6 363 75 406 6
10343 353 7 518 63 416 18
2334 905 6 350 105 300 18
9854 805 7 385 99 530 8
4986 234 7 378 89 886 4
9614 674 7 488 85 330 11
2258 846 7 347 60 640 9
2251 824 6 477 82 725 1
60 526 6 475 105 385 17
5100 462 8 624 64 872 11
10286 872 7 594 70 760 1
10079 642 5 307 113 801 3
4986 760 5 332 58 721 19
2017 878 7 421 53 283 3
364 943 6 340 111 634 20
88 782 6 376 61 575 20
2332 280 7 380 67 561 17
10189 779 6 433 80 742 1
5093 758 7 462 84 550 9
297 923 7 441 66 390 17
10191 884 7 497 47 469 18
9681 651 7 415 79 716 20
61 829 8 464 46 536 17
10198 915 7 298 56 870 1
2297 675 8 503 82 322 6
2029 295 5 259 72 734 9
4709 895 6 431 64 749 2
62 838 8 392 70 453 6
2288 273 7 586 79 618 6
9737 374 7 441 88 486 19
5092 732 7 445 71 331 16
10024 869 7 474 66 435 10
2207 124 7 639 75 427 6
0 824 7 492 61 514 20
9942 403 7 462 113 724 3
4745 731 7 504 61 420 11
0 830 7 381 52 527 2
9765 915 6 329 96 610 17
1713 672 7 354 57 344 3
1998 762 7 332 71 865 5
4758 444 6 349 93 414 5
4616 746 8 498 95 339 9
2043 317 7 429 78 807 18
9625 807 6 366 84 417 5
1646 655 7 426 83 375 18
4878 370 8 423 101 409 8
4999 215 6 485 126 526 12
0 708 7 636 57 432 10
2319 815 7 406 120 793 9
10320 339 7 626 52 548 5
5084 575 7 408 74 551 20
0 739 7 608 90 621 20
9818 512 6 349 113 423 10
0 959 7 385 95 573 5
218 581 7 295 106 544 5
9750 845 5 311 67 817 17
0 444 5 251 90 481 16
2146 917 8 422 94 317 2
2358 643 6 356 62 506 11
0 501 7 603 96 609 11
10354 811 6 383 108 303 17
4969 432 7 534 90 554 17
0 729 7 375 66 333 5
9614 808 8 344 86 502 7
0 383 7 488 61 500 20
9645 267 7 563 99 418 5
10001 871 8 523 103 300 9
2243 516 8 361 98 533 4
4901 554 8 629 47 544 18
9931 721 6 353 93 322 12
0 798 7 472 87 716 9
4812 296 7 617 84 398 20
10366 854 5 349 86 458 20
0 676 8 603 79 819 17
2134 762 7 431 73 634 10
9894 375 6 300 104 447 1
5205 441 7 414 77 344 2
9877 929 7 465 62 409 5
209 339 7 341 85 421 18
4877 170 7 434 119 566 17
5387 703 6 392 99 414 20
0 326 6 343 107 566 20
1979 946 8 572 55 589 7
351 295 7 511 57 435 19
1894 494 7 573 97 561 16
1826 989 8 570 111 350 7
4676 623 6 385 55 347 4
78 786 7 359 64 510 18
2137 831 7 321 78 452 18
5197 807 6 371 61 406 2
5314 273 7 480 63 424 17
4976 566 6 430 92 683 19
0 730 6 496 61 848 6
2137 837 6 296 56 639 7
0 785 6 315 74 784 9
2216 263 6 334 71 867 18
10004 683 7 579 64 289 16
10276 720 6 380 82 545 10
0 832 6 312 105 352 4
385 757 6 411 58 619 19
10240 285 5 264 89 669 12
5026 498 7 481 92 312 19
0 426 5 333 92 500 4
5147 650 8 335 74 527 10
4754 667 8 480 106 289 19
2086 949 6 261 71 574 3
1636 902 6 348 61 810 4
0 545 6 526 60 560 16
0 623 6 492 127 483 1
10260 916 8 613 92 308 5
9783 319 6 415 52 571 9
5138 128 8 478 93 933 19
2180 852 6 292 67 753 20
2313 915 5 350 94 547 3
1896 863 6 389 95 750 4
5183 430 7 500 86 489 18
310 842 6 298 82 616 8
1965 789 7 631 62 603 9
0 285 8 599 97 310 19
0 998 7 475 95 322 18
2190 933 7 379 82 778 6
0 980 8 564 64 291 3
1987 710 6 366 72 582 7
5344 263 7 563 54 306 7
105 296 8 338 94 345 9
0 743 7 384 57 543 1
10305 344 6 389 65 296 19
5162 180 7 378 78 535 17
9920 517 7 458 46 485 20
0 848 6 395 99 526 7
2353 325 6 251 104 676 19
1969 827 7 448 87 478 18
2013 943 7 550 69 484 9
9692 444 7 385 103 407 19
1864 594 6 398 84 524 10
10328 214 8 495 73 332 2
10211 743 7 403 56 411 10
10377 606 8 487 122 451 3
5341 751 7 571 79 572 3
0 742 7 492 74 921 17
0 233 5 304 55 629 16
5172 577 7 569 112 611 18
1907 469 6 315 88 672 20
10010 468 6 527 56 298 20
286 145 8 549 47 430 12
4864 887 7 614 81 389 2
10359 488 7 312 91 341 17
1709 757 5 302 59 708 1
10217 559 6 518 93 461 18
4672 987 7 518 79 284 16
2239 292 6 431 93 377 3
9781 961 7 477 121 830 8
398 812 7 423 60 541 9
0 805 7 370 77 573 3
10335 801 6 313 78 705 18
5015 189 7 588 101 383 7
9667 416 5 308 84 758 6
2086 298 7 496 81 478 16
343 666 7 447 104 269 11
5352 292 6 433 87 554 20
1703 790 6 359 81 585 8
10068 709 6 511 126 456 18
4864 775 7 380 61 461 16
2059 574 5 294 106 440 11
0 460 7 377 106 419 2
9988 372 6 371 69 392 3
10004 897 6 480 95 792 11
1996 840 7 520 90 305 10
0 134 7 302 57 630 5
1648 768 7 356 88 748 4
4940 588 7 396 87 485 19
4819 840 7 363 56 486 12
123 370 8 455 68 457 18
10178 518 7 300 90 619 1
0 842 6 523 68 486 19
2310 413 7 452 126 797 8
0 492 7 427 60 562 19
10214 562 7 301 92 604 4
4869 747 8 550 98 418 16
4715 756 7 296 59 599 10
4886 730 6 387 111 923 10
0 166 7 411 102 432 16
10080 596 5 384 85 642 4
0 254 8 635 59 440 20
0 980 7 426 57 502 12
5390 140 7 630 102 427 5
2015 803 7 294 62 624 7
2289 380 7 640 56 530 20
2078 721 8 482 85 353 9
244 607 6 257 67 865 16
10368 418 7 465 114 703 11
1780 799 8 456 51 268 1
10256 700 7 514 58 376 8
0 750 8 407 82 294 1
5119 843 7 419 55 630 20
5 264 6 400 75 458 12
5295 784 6 405 75 544 6
117 458 8 351 53 550 10
5102 762 7 494 62 449 20
1872 838 8 632 95 534 4
4666 185 8 494 83 448 16
5297 804 7 640 90 564 6
121 574 6 362 112 775 3
5361 253 8 420 65 400 11
10101 975 6 293 63 443 7
70 911 5 263 89 695 1
10036 893 7 317 52 458 20
2226 705 6 377 97 842 12
5073 207 8 598 73 829 7
9894 228 7 615 96 373 10
4612 734 8 492 57 526 3
1715 437 6 516 79 564 1
1942 644 6 537 86 853 18
10333 763 7 640 83 388 2
10083 467 6 537 88 341 2
9756 331 6 401 50 467 18
1854 802 7 355 94 304 10
5042 879 6 410 74 344 18
0 408 7 440 66 863 6
4841 713 6 429 89 671 20
128 650 7 337 69 479 10
1954 284 8 481 87 495 3
4868 923 6 436 88 437 9
10224 819 8 500 73 285 1
2149 306 6 281 82 889 10
1751 808 6 371 60 339 16
10377 318 5 278 112 518 12
10185 293 7 363 57 590 17
4795 907 5 367 87 538 1
5090 435 7 498 72 927 1
2273 798 8 392 107 617 2
10363 401 7 600 86 600 7
4963 566 7 378 95 443 19
4940 659 8 585 58 506 16
5273 259 8 447 63 773 6
0 890 7 458 110 928 17
5045 242 7 375 95 604 20
10080 736 7 512 58 512 18
4714 794 6 440 60 556 4
4817 997 6 356 59 566 2
4904 403 6 344 49 787 6
5261 991 7 467 62 401 16
4998 357 7 497 64 414 19
5016 464 8 635 65 324 18
9877 158 8 585 111 494 16
2374 880 6 256 66 405 19
1644 605 8 613 60 567 12
0 651 6 407 73 370 16
1711 533 7 483 63 442 7
4956 672 7 398 114 847 6
4677 732 7 527 82 679 5
1931 724 7 546 99 922 12
4842 722 7 471 71 458 6
10383 427 8 636 95 301 8
10274 999 7 300 60 487 16
392 706 7 374 55 359 8
9863 991 7 516 114 573 4
9733 821 7 468 100 440 7
1983 249 8 628 61 555 17
5031 821 6 265 77 802 19
354 431 7 361 102 638 18
5077 575 8 615 92 422 3
9960 729 7 452 65 415 16
10245 564 7 431 62 538 6
0 351 7 552 58 472 20
4998 549 8 377 53 462 10
1737 741 7 334 76 510 11
2374 384 7 372 57 361 7
9724 508 6 363 47 477 20
5288 341 7 561 53 379 3
5043 701 7 538 61 560 11
10012 940 7 419 58 311 18
2174 504 8 545 88 366 20
4972 216 7 394 72 457 17
10034 763 6 440 105 596 12
2244 362 7 489 59 331 16
4901 756 7 588 85 284 3
180 833 8 493 96 359 20
9885 823 8 355 72 663 8
4889 829 6 469 117 630 7
4913 764 7 408 100 755 11
0 926 7 390 62 859 16
4850 640 7 540 73 372 20
2298 758 8 624 89 502 1
4777 206 7 617 45 511 11
0 625 7 403 110 562 16
1736 770 5 287 79 843 18
90 479 7 314 50 396 6
9807 128 8 432 87 518 2
10237 495 7 299 66 842 5
10259 860 6 441 71 545 16
