80 3329
8 24 40 960
3 48 36 336
5 32 116 336
3 40 68 560
2 80 32 688
8 24 52 752
6 64 32 800
5 32 76 992
8 80 72 752
2 40 44 752
7 64 96 672
8 32 80 608
3 24 60 384
2 40 44 272
8 80 64 240
3 80 92 864
7 32 52 432
8 48 32 288
8 24 56 160
5 40 112 224
8 40 32 224
3 80 120 976
8 64 48 992
5 48 104 704
6 80 128 592
2 32 124 944
3 40 32 416
2 48 116 832
2 80 96 992
7 24 104 640
8 64 68 704
6 32 80 256
7 80 52 768
5 32 124 608
5 48 76 960
4 40 92 880
2 64 116 976
8 32 56 672
7 24 52 384
8 48 84 320
5 40 32 448
5 32 72 368
2 64 108 528
8 24 76 528
2 80 48 816
7 40 28 464
5 40 28 976
8 64 128 848
6 24 96 176
4 24 104 176
4 64 124 432
4 32 96 672
3 24 68 240
5 48 92 464
4 64 128 768
2 24 92 288
2 64 116 544
8 48 80 896
5 80 112 736
8 48 124 912
6 40 96 912
7 32 112 768
8 80 116 384
7 32 104 640
2 32 116 304
7 24 28 496
7 32 116 464
6 48 40 704
8 24 96 880
7 48 48 960
3 80 48 592
4 64 72 224
3 32 104 256
7 32 84 864
7 24 76 480
2 32 108 384
2 80 116 224
7 64 112 272
4 40 32 560
2 40 100 976
10739 328 1 28 46 542 16
6775 291 2 96 83 436 4
11346 37 5 132 56 196 14
8318 223 5 286 36 703 9
9305 88 1 28 27 345 5
3261 683 1 122 104 110 17
516 168 4 90 63 340 17
2986 794 2 90 29 203 2
7294 53 3 218 29 165 13
11182 134 3 144 42 708 4
13073 674 5 335 65 586 9
9054 789 6 278 49 891 15
7169 172 1 22 62 282 19
9162 636 1 72 36 271 4
11006 128 1 24 53 236 12
10242 201 3 163 20 479 5
6455 172 5 89 87 575 2
11022 100 6 141 78 561 19
3474 183 2 292 33 646 14
10482 704 1 65 63 513 20
14320 197 4 190 91 674 19
6475 252 4 182 53 435 5
2093 126 5 271 64 604 5
10320 66 8 126 43 362 15
8719 183 2 301 83 264 12
13522 72 3 160 43 374 8
2423 143 7 424 79 653 16
5357 298 1 56 54 555 19
9987 178 4 92 104 364 14
12539 103 3 203 52 764 19
7566 319 6 472 105 453 8
13554 250 4 154 70 186 15
11543 808 1 90 79 460 2
14648 250 1 53 56 275 18
5131 90 3 157 43 433 13
11245 826 1 27 98 147 8
9292 986 2 72 64 360 13
1152 877 3 142 37 494 16
6555 815 3 93 73 441 3
12186 159 2 46 55 160 17
8557 175 1 67 37 106 17
5810 58 2 137 35 573 15
4613 117 1 109 110 363 5
13768 55 1 76 63 161 8
174 64 1 33 89 599 16
12890 116 1 79 34 792 14
8882 265 7 135 40 258 18
6016 290 1 117 87 720 5
12881 190 4 79 63 244 6
9876 182 4 197 92 278 10
7326 28 1 77 28 549 15
4555 294 1 56 68 599 13
1055 126 4 222 23 591 5
899 813 2 116 73 289 18
937 76 3 93 64 413 17
4074 878 2 43 95 725 4
11746 56 1 151 52 759 8
11402 238 1 211 26 361 18
3642 305 3 82 108 588 14
10894 119 1 180 56 355 12
1680 856 7 274 21 179 20
4008 43 3 190 79 483 9
5077 849 4 175 115 696 17
4335 803 2 101 18 305 7
7844 999 1 63 31 359 18
9881 21 7 127 48 447 9
7577 717 5 212 75 642 20
6915 677 5 375 72 243 1
13014 159 1 138 63 265 16
10151 297 3 185 96 140 11
3253 229 2 113 92 198 9
770 29 3 226 45 807 12
6957 85 3 108 66 376 19
4449 131 4 198 19 451 20
13272 279 6 290 48 746 10
411 333 3 119 20 198 1
5072 325 2 118 90 534 12
1903 293 1 60 24 394 2
2803 23 4 193 62 775 5
9462 171 1 27 58 276 2
12430 38 1 312 61 615 7
1139 79 5 380 54 457 1
979 106 3 101 29 229 7
1487 276 3 123 61 338 16
13405 618 5 261 115 361 4
3818 75 8 149 34 88 15
12102 133 2 44 45 222 17
2533 820 1 84 79 341 2
6526 231 7 154 34 739 20
9800 40 2 74 60 723 10
7525 227 1 106 75 478 5
14919 306 4 118 90 428 8
6623 64 4 132 23 409 8
4659 117 1 109 18 338 10
7969 902 5 118 75 137 20
8337 156 1 106 19 526 5
7980 62 1 157 40 484 16
2686 35 4 266 45 468 19
4685 903 2 122 39 385 20
9109 644 4 130 101 280 10
3676 88 1 61 27 456 14
13962 54 3 67 94 101 9
14957 62 1 221 64 606 3
1239 317 1 18 42 231 12
5458 13 2 133 18 402 15
1022 989 4 151 41 183 5
2958 223 1 34 28 252 8
8120 270 5 159 73 582 9
7815 742 3 170 37 652 15
10082 341 2 110 110 796 9
14979 134 4 221 28 805 7
13631 43 1 91 103 576 17
13295 870 1 56 88 190 3
43 56 2 142 24 416 11
14480 302 1 98 36 260 18
8270 18 7 199 44 611 16
622 340 1 23 87 204 6
1883 638 2 137 43 301 8
5044 103 2 145 20 532 18
6203 211 1 173 27 215 19
4230 256 6 336 41 759 11
11723 74 6 136 47 135 11
7086 955 2 83 22 273 16
13696 600 7 367 119 910 18
2542 185 1 24 71 215 18
2102 82 3 247 48 127 16
7593 118 2 48 118 646 2
5086 328 1 112 80 258 12
7797 626 1 152 17 439 20
7689 256 3 137 30 855 16
6112 725 5 125 54 109 16
13816 57 4 132 93 403 20
5346 97 1 34 42 214 3
4090 306 1 43 77 517 20
12077 207 4 144 85 525 12
8308 300 1 110 21 195 9
5718 97 5 348 41 798 15
11070 87 1 149 29 349 18
6043 228 4 374 97 633 17
5557 115 3 241 71 158 11
10290 89 3 190 36 155 18
11959 284 2 96 82 398 6
11036 119 1 152 74 761 5
13409 332 7 327 103 237 19
12694 205 1 86 34 541 10
5879 332 6 266 56 507 2
2934 287 3 107 69 857 9
7743 325 4 192 45 898 2
5606 337 1 43 91 337 9
6660 782 1 36 44 403 11
13102 221 3 83 28 243 14
14163 162 2 80 83 214 19
14573 250 2 113 68 265 10
6586 319 1 32 108 182 10
4359 131 2 118 49 521 18
3518 265 2 93 109 526 14
5693 88 4 313 55 152 5
8592 246 5 369 63 145 5
7852 21 2 67 70 364 5
1889 280 2 145 56 287 12
5883 90 1 69 85 208 12
10331 111 1 85 51 525 9
7585 250 1 46 80 929 11
7542 937 3 69 68 162 13
11441 120 1 59 37 407 17
8313 340 2 124 67 362 18
450 224 1 128 66 200 2
9651 291 1 31 32 226 7
13826 237 1 137 68 756 2
7087 125 1 80 35 404 5
11965 332 1 19 59 380 2
1449 78 2 125 44 509 9
828 265 2 95 58 546 13
11994 146 5 365 121 788 13
4016 350 1 138 69 602 17
12480 218 1 74 65 671 15
9343 198 2 97 16 362 14
4080 10 4 151 79 184 5
10498 143 1 27 63 182 6
1961 880 5 145 77 463 11
2333 74 2 63 86 739 15
13042 99 3 113 22 240 7
7405 151 2 402 39 162 14
2753 273 5 269 122 507 3
1488 345 2 87 23 290 11
4256 297 2 116 33 918 15
13018 248 1 114 41 217 15
12510 257 4 154 24 479 9
14807 78 1 45 77 257 17
2118 256 8 418 74 496 16
1881 95 2 90 49 138 11
10777 137 1 85 15 357 12
8268 98 1 41 55 688 19
1508 262 6 124 38 244 17
351 94 5 129 63 329 18
11102 61 4 114 84 183 13
6895 111 1 182 122 218 2
12455 91 3 65 59 270 3
278 12 2 65 57 615 19
13013 887 5 235 104 692 11
6941 324 2 94 19 328 19
12836 259 1 66 90 239 9
12330 226 5 129 43 291 8
13384 293 1 55 95 398 16
7200 110 5 97 25 373 11
14551 220 1 56 81 155 13
381 224 1 74 42 518 20
2245 294 2 102 19 515 13
8439 247 5 108 52 752 13
4888 212 1 64 74 772 2
5903 68 3 148 78 434 17
722 320 4 107 25 354 8
8278 131 1 86 118 222 9
2674 25 5 117 36 591 15
14456 303 1 128 120 878 15
9701 179 6 105 74 460 10
12238 109 6 180 105 251 1
2390 776 1 46 53 422 15
12544 110 7 193 83 633 5
9367 224 4 83 53 299 18
6377 20 2 225 22 279 5
6506 202 3 485 92 435 10
14539 313 1 157 84 792 10
7106 74 7 369 46 504 9
13147 225 2 109 92 176 1
976 230 1 58 102 824 9
14441 85 1 20 68 228 1
4228 273 6 319 35 838 7
13970 63 4 91 50 167 20
4403 189 1 109 71 503 9
12918 62 7 299 116 581 9
11978 771 3 83 57 386 20
9356 57 1 29 103 320 12
2241 307 1 33 86 247 4
13301 146 1 63 66 820 18
1433 318 5 261 75 607 4
4995 109 4 137 72 230 17
7985 240 1 140 37 710 4
8980 230 5 293 68 519 9
6827 212 4 332 52 210 4
4000 328 1 64 31 514 6
11895 181 2 84 17 345 11
2159 304 4 133 82 422 15
9960 243 3 75 94 780 16
14461 198 6 139 84 519 1
13076 112 6 448 96 456 17
4732 179 1 59 80 165 10
6139 25 1 70 16 445 10
282 118 1 50 57 189 6
9823 197 1 20 81 280 15
2538 258 1 58 115 201 15
1396 179 1 62 77 817 15
8564 259 1 53 87 849 11
3398 946 3 107 26 415 18
840 274 3 91 18 292 7
2335 43 3 305 72 367 17
3402 983 5 163 80 461 10
4587 195 1 59 49 456 20
3152 622 3 140 80 499 7
6008 657 1 64 73 277 16
3734 130 2 78 72 610 16
5413 261 5 142 45 581 2
5432 256 2 122 32 530 11
6225 275 4 175 58 412 6
1810 39 3 90 17 431 9
14975 936 5 126 62 358 5
11668 204 2 109 95 220 6
4840 286 1 28 120 904 16
8369 724 1 67 62 617 9
283 136 2 246 115 528 10
8232 862 1 131 40 339 14
1608 204 3 76 93 150 1
5637 53 4 92 110 286 4
14753 268 5 169 63 690 18
7114 220 3 141 47 284 12
6026 133 1 24 60 261 3
3918 80 1 23 56 147 18
6349 108 7 555 98 290 6
3743 24 1 44 92 253 3
13111 135 1 76 86 797 13
14536 215 2 64 65 480 14
11686 283 7 333 67 595 1
444 117 3 246 40 599 15
11044 320 2 61 110 783 6
12133 671 4 125 52 471 18
13140 57 2 190 83 371 16
11874 224 2 65 22 189 6
2560 799 3 99 42 399 5
5709 100 2 143 50 794 12
9958 20 1 60 87 549 3
2609 61 1 32 41 262 4
2475 59 6 184 51 733 19
1522 656 5 146 60 399 3
2629 19 2 108 22 448 4
11203 84 8 375 109 722 9
14939 269 4 120 59 589 9
1172 291 3 85 69 163 6
14648 110 6 271 68 460 15
14508 149 3 71 72 103 16
4507 175 5 256 44 572 7
5529 336 1 64 71 306 13
9801 166 2 95 88 795 4
870 771 2 92 21 241 8
4415 345 2 89 33 236 1
8592 312 1 55 46 488 6
2635 311 4 94 62 295 18
8215 826 8 519 41 640 12
14104 330 1 57 25 462 20
8641 101 1 68 76 152 1
6172 333 5 176 22 157 9
6151 253 2 55 29 543 13
9801 320 7 174 43 555 14
124 191 1 23 38 234 20
7766 281 2 50 68 307 20
13115 42 2 60 37 735 20
1100 749 1 24 91 376 10
4080 187 6 198 98 664 6
3628 340 2 45 67 268 1
9223 344 8 542 95 378 1
14699 267 3 95 34 348 17
6961 227 1 29 28 246 3
12072 116 8 175 28 399 16
5674 307 3 243 117 604 5
11650 131 4 96 71 173 5
12972 266 7 130 90 698 13
13110 163 3 239 25 559 14
14313 749 2 145 74 394 18
12220 40 1 46 49 284 1
13808 174 2 139 55 136 7
1570 50 2 53 114 274 12
4083 172 7 113 35 160 5
3269 812 1 117 25 420 6
5754 813 3 83 41 326 7
11119 72 4 118 104 469 20
4139 263 4 160 30 159 2
6081 194 1 53 112 169 1
9630 168 4 93 76 288 16
14524 153 3 77 53 295 4
6178 311 1 164 110 632 19
13177 337 8 206 69 358 13
10779 61 2 123 95 397 17
4709 175 2 36 36 227 20
9114 101 1 124 100 173 12
4614 89 1 27 60 139 2
1946 946 1 113 47 332 6
7068 341 6 173 41 638 12
932 158 1 125 68 539 3
1395 826 2 123 89 122 16
12884 165 1 104 100 703 16
12451 283 2 127 85 380 17
1739 35 2 36 33 182 5
5579 10 7 120 35 516 13
3733 79 7 550 61 154 4
106 66 5 164 20 385 17
12711 306 2 34 59 102 13
10126 32 2 117 86 682 6
9913 681 5 158 83 799 13
13391 111 3 140 114 442 20
10641 130 5 459 97 591 7
2682 126 6 157 67 486 2
136 79 1 32 76 777 10
14519 114 1 76 53 569 11
14107 48 7 305 48 913 10
11793 346 6 129 77 596 16
12531 140 1 55 57 857 17
5191 84 3 73 85 381 20
3477 36 3 119 55 365 6
2737 98 2 92 18 482 16
11835 71 3 205 119 505 15
10157 49 8 438 51 219 18
1857 342 1 150 53 766 10
14958 179 1 36 86 676 17
13318 124 3 86 86 463 19
8906 292 3 93 70 144 9
3042 113 1 69 64 637 13
5430 135 4 98 34 650 13
3185 34 1 51 70 242 10
12155 157 1 78 39 507 1
14851 723 3 206 70 797 18
3028 92 1 22 71 265 3
10756 76 1 17 57 151 7
6101 269 1 27 75 263 6
4095 278 2 154 32 664 18
11963 264 6 147 14 487 5
8692 729 6 235 91 467 13
11589 206 4 95 81 565 12
5718 318 8 532 112 213 8
7840 248 1 27 62 204 19
8650 180 1 67 88 170 14
5997 958 3 181 37 312 14
3142 274 2 65 30 245 18
11373 718 7 520 103 333 20
13219 345 3 224 107 756 1
7745 46 2 55 110 719 9
13376 862 6 320 20 672 9
12907 348 3 67 103 191 16
12352 340 4 144 32 214 6
9746 176 4 224 49 140 3
6207 177 7 415 59 178 1
8562 286 3 71 75 118 5
7561 311 3 123 69 619 4
473 139 1 86 53 730 7
3035 28 6 201 16 376 9
5066 720 4 68 93 108 8
2337 345 5 390 72 359 11
6967 328 3 99 21 158 8
8049 746 2 130 26 564 18
10445 175 6 141 61 205 3
3771 327 1 94 95 675 17
6699 269 4 164 46 767 20
2833 38 2 114 68 644 8
14997 134 5 271 92 575 20
11885 102 3 84 112 557 7
3597 45 1 23 80 251 4
11082 790 2 168 96 537 10
11435 846 2 112 19 809 19
3869 328 5 276 44 466 15
9696 96 5 195 22 484 15
4086 103 2 55 56 179 6
10296 244 1 55 104 827 8
11457 145 1 60 98 163 2
2756 273 1 77 42 639 17
14307 613 1 28 40 159 19
12076 22 3 106 30 452 11
8043 181 2 48 46 200 11
13970 17 6 298 67 388 9
7277 114 5 325 50 668 2
6953 338 5 278 29 741 9
14751 117 1 119 49 463 4
3912 213 7 226 27 176 7
6379 993 3 202 45 443 19
6299 220 1 56 24 412 15
4199 125 2 97 84 736 16
1776 862 7 188 43 484 12
5369 964 2 93 63 827 4
10717 277 2 69 25 291 3
5520 605 2 89 20 342 12
2587 60 7 338 83 792 12
5653 241 4 196 55 166 14
5449 134 3 69 82 318 18
7898 53 2 113 23 629 19
14511 90 5 103 63 300 16
6948 899 7 368 86 147 2
6978 324 2 222 76 388 2
8708 285 5 175 71 633 3
5263 116 5 191 23 560 7
10223 344 3 107 60 476 10
13679 185 1 47 92 272 15
11137 223 4 120 51 334 5
14935 711 2 156 42 744 12
9680 657 2 45 76 253 6
7919 48 7 252 28 362 4
3336 154 2 38 75 233 19
11370 98 2 186 16 264 3
11733 69 4 97 43 369 20
6413 314 2 124 100 248 14
13094 163 2 49 87 867 4
11316 252 1 55 86 146 4
13546 957 4 358 38 645 5
12994 188 3 138 69 339 3
11507 199 1 37 36 542 1
13723 88 4 114 56 346 15
10781 198 8 131 27 575 5
952 41 6 232 120 841 2
1908 276 3 106 64 440 4
997 184 1 68 76 410 17
9937 156 1 51 49 354 10
2817 327 4 128 95 228 15
11526 266 1 61 73 639 18
12823 242 1 79 68 534 17
3136 316 2 456 32 215 20
476 108 2 115 21 243 9
10057 10 1 165 110 742 16
14376 240 8 378 39 547 5
14611 140 5 283 73 568 1
11119 128 1 40 37 198 11
2811 69 2 89 65 642 3
3918 124 1 23 86 129 10
5214 345 2 62 108 268 6
6071 107 2 137 72 372 4
12187 30 7 319 111 771 13
2845 132 1 22 48 225 12
9713 294 5 232 73 582 1
12829 284 3 101 46 421 17
2518 88 3 70 79 619 13
13130 285 1 62 23 283 4
3375 338 2 92 123 236 16
13299 78 2 69 52 316 12
7013 329 4 92 55 137 9
4146 280 5 184 69 435 18
9844 87 1 112 61 766 6
9614 184 4 100 48 458 12
10066 80 1 205 45 393 6
5666 328 3 124 42 875 7
6756 310 3 223 65 812 8
11894 121 4 392 41 620 3
4698 17 2 103 26 524 9
11323 939 5 141 35 331 7
7063 153 3 191 42 600 16
11849 944 3 164 40 447 6
5712 238 5 253 111 873 5
9667 697 1 44 87 631 1
14024 223 4 69 15 226 17
14173 942 1 24 51 285 8
285 256 6 193 22 156 7
3705 323 1 64 61 333 1
5029 189 4 78 94 96 11
13349 742 2 142 48 194 11
10898 346 3 111 27 304 15
2583 335 3 50 25 335 9
10614 141 2 121 69 690 5
12865 721 3 168 68 617 17
5985 147 2 108 92 383 20
993 311 5 266 51 677 16
4675 124 1 72 16 866 5
1060 214 1 54 33 543 4
4777 87 7 432 89 662 12
5015 69 6 127 86 548 16
14316 905 2 74 20 354 6
54 925 4 85 93 360 15
14071 11 2 46 55 230 4
9542 154 5 140 102 595 5
5649 608 4 231 77 172 15
2808 789 1 68 63 125 9
1043 945 1 125 68 634 3
2614 803 2 47 50 277 3
14233 214 4 140 19 358 1
11835 621 1 39 50 256 15
10372 55 2 55 82 371 1
656 308 5 306 77 347 4
4332 303 7 487 90 531 18
3806 100 2 74 41 263 7
14481 185 1 53 35 292 7
3683 767 3 448 42 705 9
5380 89 2 106 103 432 14
12521 206 3 77 51 227 11
14206 637 1 116 23 425 16
4198 618 2 91 90 713 18
9691 166 7 586 39 119 15
11417 50 3 144 56 202 19
3202 326 1 185 20 553 9
12694 35 7 492 41 410 6
2319 944 2 47 42 369 6
14537 214 2 180 68 584 2
8679 103 2 126 55 502 15
11685 820 2 85 62 716 1
7687 984 5 340 52 109 16
9641 326 1 63 55 93 17
7925 1000 2 118 68 386 20
2854 33 1 31 112 546 16
4097 915 2 48 68 604 18
10468 965 1 59 70 725 3
4629 625 1 189 65 381 15
3915 33 2 123 94 259 2
14306 33 2 86 56 303 7
3089 120 2 53 70 482 5
902 267 3 250 44 449 2
12578 191 1 66 90 752 18
4221 882 8 191 33 118 3
10219 173 4 282 93 639 5
745 894 2 188 48 675 13
1760 228 2 36 41 340 12
13453 214 2 122 56 273 13
6640 675 2 55 44 582 15
7380 27 5 115 27 469 5
13202 260 6 240 25 244 13
11525 350 1 427 54 346 6
544 183 7 339 54 782 6
13330 334 1 75 23 369 1
4206 325 6 192 42 816 17
6328 32 5 98 41 239 12
12582 863 1 236 34 371 14
13372 296 2 425 52 230 9
5249 81 2 113 45 793 5
12066 131 1 16 46 306 15
14660 253 1 46 99 815 14
12557 60 4 255 94 575 5
4841 164 1 373 20 132 16
10606 269 1 25 71 215 18
14184 71 1 150 62 738 5
9524 957 3 132 13 496 2
7662 629 2 75 104 458 4
7040 24 2 84 87 205 12
4656 76 1 47 48 326 12
11948 163 4 125 55 406 7
11823 63 3 71 109 177 19
1915 245 4 259 101 322 20
12921 196 3 119 102 619 18
6647 710 1 73 50 761 9
9251 685 1 62 94 192 11
3198 59 5 151 21 447 4
14310 262 5 170 79 491 19
1560 792 3 91 35 386 4
8561 125 1 82 72 123 19
12896 154 2 112 21 344 15
13634 269 1 66 60 583 13
762 224 2 188 17 480 10
9808 216 5 202 80 211 4
1879 316 3 199 48 863 8
4258 40 6 389 37 537 3
11680 337 4 117 57 588 14
6815 253 2 363 88 180 19
9833 952 4 211 63 300 3
8019 754 2 100 72 171 2
5679 278 2 200 28 689 5
6498 660 5 187 78 401 8
10006 90 2 130 41 544 12
3439 931 4 124 71 485 11
7845 654 3 152 19 902 9
11776 186 1 30 121 533 7
8189 111 4 368 25 935 2
3878 218 6 386 34 764 10
4942 52 3 79 20 698 7
840 96 4 143 18 327 15
5462 897 4 128 24 226 17
6509 141 4 134 88 86 7
8718 33 1 207 76 507 16
2869 87 1 53 48 539 10
3362 82 2 51 102 179 11
4024 774 4 113 30 284 14
14103 245 1 76 62 932 6
13912 174 2 152 58 196 6
13029 772 3 252 43 109 6
10036 252 7 306 28 230 20
11534 217 4 180 28 632 10
2223 311 3 231 30 551 10
13504 311 2 58 17 427 7
7515 302 3 116 66 207 8
1209 124 3 65 52 141 2
2672 755 4 132 30 616 2
11665 192 5 96 27 445 19
4781 46 3 69 47 490 19
1713 316 4 209 47 680 18
11331 965 4 220 100 355 8
33 162 6 248 24 257 3
3964 695 3 67 46 359 4
13824 931 1 70 29 268 4
4600 140 1 37 41 383 19
13792 15 4 185 59 674 8
4534 266 6 137 49 177 12
6745 673 5 465 52 731 2
7956 957 1 74 64 125 8
5593 94 3 61 42 218 7
9374 246 3 92 15 293 19
8174 84 5 126 31 218 6
7718 300 1 119 84 375 17
13733 246 6 208 40 332 10
11989 270 1 36 98 435 12
14526 345 5 84 37 99 20
374 49 1 29 38 226 1
3189 167 2 192 111 449 7
219 302 2 145 59 519 19
550 184 1 112 106 470 12
6256 42 2 75 71 454 13
9929 287 5 281 19 612 20
2117 70 1 36 30 176 9
7111 780 2 59 26 255 3
4807 117 7 213 76 589 19
5831 318 4 123 64 225 6
2260 154 7 139 78 514 6
14388 343 2 89 18 644 13
8713 21 4 178 23 166 16
9269 110 1 81 52 851 7
14162 310 2 78 53 305 5
7731 693 2 96 54 213 9
8417 288 5 267 69 186 4
10778 218 3 310 35 486 20
12437 731 4 108 66 299 3
14655 82 7 429 47 397 17
7505 290 1 31 66 287 17
3360 257 3 48 34 383 6
8757 67 1 77 54 105 18
12713 322 1 36 27 242 9
12145 743 4 462 49 526 3
1969 134 2 68 58 401 20
3874 309 2 121 25 268 10
7248 247 6 226 77 318 13
13766 269 2 142 86 767 5
13074 941 1 43 71 614 14
12603 182 1 112 54 175 9
4869 39 1 216 64 153 14
12608 164 2 115 56 688 7
5298 25 2 87 60 307 15
6430 148 3 156 22 267 2
5536 889 1 35 54 187 10
5061 279 2 409 43 714 19
6635 157 5 107 28 415 12
6936 958 1 39 16 349 20
1609 239 6 99 57 289 14
7142 773 2 84 44 114 18
4436 73 1 36 24 330 3
1259 199 4 151 58 352 8
3600 200 7 318 22 707 8
7374 700 6 308 32 160 9
4891 134 2 138 32 881 17
13412 304 7 193 80 520 7
12258 49 4 169 58 633 14
14478 240 4 260 35 557 11
1643 83 3 124 15 435 12
3696 209 4 114 52 355 3
9968 268 3 129 24 488 9
8947 112 6 111 73 117 20
14135 232 3 127 39 447 15
12280 97 2 146 99 732 9
13978 155 6 129 74 473 20
2889 224 1 55 13 893 4
4586 182 4 164 32 355 11
11296 251 5 317 39 514 7
1358 193 3 55 55 157 17
8416 233 3 190 100 569 14
918 132 6 157 54 360 11
7382 286 2 130 106 218 17
6089 233 4 106 82 669 5
2521 767 1 35 33 285 11
7898 201 2 85 27 356 8
14817 970 8 494 73 583 14
3089 242 2 82 53 169 11
1721 226 1 78 68 207 1
7238 158 5 384 67 250 11
12839 337 1 57 53 738 12
10998 262 1 24 49 193 15
589 271 7 385 35 502 9
7440 119 3 303 40 514 9
1444 64 5 115 37 573 8
10845 263 1 20 46 186 9
2870 182 2 105 24 565 9
8043 272 7 253 40 573 17
11179 338 2 71 48 367 20
13154 86 3 125 14 443 6
2936 840 1 28 56 288 17
8748 151 3 89 43 360 3
10050 229 7 147 47 77 19
1880 193 1 57 106 135 1
2199 310 7 268 25 251 3
10095 198 6 101 62 341 5
11700 87 6 465 53 260 5
13226 742 3 168 67 375 17
14082 816 3 141 51 558 18
9978 258 4 107 45 581 7
9731 31 3 158 112 169 9
11211 75 4 130 52 634 5
8586 842 4 107 59 311 11
7530 291 3 79 64 878 16
12704 11 6 314 119 416 6
4025 970 8 336 90 421 15
1255 23 1 59 73 187 18
4777 68 7 131 15 238 19
10660 18 1 53 65 538 6
3202 237 2 70 66 559 5
14507 259 2 115 70 725 10
9845 45 3 106 20 244 10
2221 76 2 65 96 347 8
4740 161 3 122 84 542 5
9823 324 2 114 28 367 9
8989 838 1 79 38 509 13
8810 27 3 385 41 552 2
7338 96 6 254 37 770 2
316 113 1 24 77 197 13
6967 244 5 114 16 347 4
5075 35 3 102 43 440 5
1338 343 1 24 43 140 3
3457 257 1 116 50 625 9
2191 964 3 92 20 195 4
1259 213 5 153 13 255 9
13736 22 2 92 62 538 5
6729 40 3 95 93 322 5
4055 242 4 76 15 279 3
293 247 3 111 41 386 17
9391 323 5 159 33 475 17
2830 349 2 72 25 273 16
7224 55 1 55 91 316 20
197 123 1 32 42 128 18
14084 126 7 208 56 425 11
180 1000 1 24 93 226 17
12667 319 5 228 52 931 11
13022 189 5 256 26 118 18
5374 292 4 143 78 604 2
13839 258 4 171 121 426 12
7192 346 1 60 48 492 14
14267 151 5 121 29 648 14
5376 860 2 67 66 249 10
7164 11 2 102 93 590 4
1493 177 4 140 16 282 1
2822 970 2 76 82 595 12
11693 200 1 64 99 360 17
14160 242 2 149 71 885 18
2828 95 3 171 111 574 18
9081 235 2 47 34 363 12
573 324 7 171 64 608 13
3396 13 1 64 71 332 5
3970 193 2 92 74 443 19
7305 36 4 89 25 250 8
9912 196 3 187 28 527 20
6575 276 1 43 92 260 1
4490 117 1 29 32 125 12
6369 202 6 146 55 99 13
3172 230 6 199 36 477 17
7138 327 5 157 72 275 13
11081 150 4 237 116 392 20
2011 302 1 63 53 460 9
2837 324 3 225 119 513 17
5918 79 4 185 66 353 8
3021 237 1 126 58 344 1
795 681 7 526 99 240 15
5010 921 4 110 69 331 11
9198 36 4 152 37 872 19
6503 44 2 113 37 409 18
9081 767 1 62 89 854 17
7261 167 4 498 51 210 18
6622 164 6 111 53 432 11
7863 295 1 67 78 690 14
14369 152 4 137 72 217 17
3635 136 4 153 22 764 5
12045 609 8 234 63 459 8
5023 90 4 110 61 375 12
12183 263 2 145 69 571 5
14542 249 1 39 24 153 17
13726 292 2 81 74 475 2
9734 310 3 195 26 137 7
13187 848 6 134 25 195 18
195 893 4 77 85 506 14
11877 948 8 129 65 686 13
14807 615 5 153 87 359 2
10129 115 5 234 36 374 16
3750 65 3 136 44 588 4
1241 216 1 43 72 796 20
11705 193 7 128 85 407 16
4008 118 1 40 35 228 10
13269 20 3 93 31 320 15
5507 637 5 250 43 699 1
2757 167 1 73 29 263 11
10225 29 2 51 74 173 17
14401 110 3 118 74 178 19
1783 339 4 191 21 246 19
10073 159 1 73 95 829 15
4975 340 2 36 37 236 10
11832 211 6 217 99 596 11
4382 823 1 76 29 172 19
14870 75 5 235 59 784 16
3081 325 1 30 44 343 16
12823 113 1 60 27 244 12
1921 618 5 173 24 190 3
5309 32 7 203 42 390 12
5545 965 3 64 50 160 4
8842 136 6 249 29 327 17
11732 256 1 44 116 964 5
3688 297 1 162 48 386 6
13183 23 6 149 60 184 13
4404 966 3 75 35 799 13
12117 710 5 112 52 413 14
3571 279 5 282 33 197 15
7608 310 3 120 51 218 20
996 754 1 28 97 288 6
1327 75 3 99 55 485 16
3439 105 6 116 88 111 9
11941 308 2 84 113 521 14
7331 133 1 58 97 494 13
11696 342 5 149 86 413 12
9835 765 3 172 25 746 15
7035 144 1 30 55 232 8
1733 755 1 131 34 709 5
5878 38 1 46 55 786 2
9588 189 5 109 25 311 8
4221 159 2 126 32 610 13
7666 50 8 367 58 716 15
9417 127 3 50 24 239 1
10039 762 1 49 63 365 6
8304 187 3 145 20 258 2
3321 154 1 38 25 240 13
5215 78 2 69 90 810 11
5048 189 2 49 44 557 2
10146 199 3 156 39 206 8
10642 908 1 67 31 574 3
14932 317 4 201 58 428 9
14604 302 3 92 89 585 8
4429 69 1 160 95 676 11
7533 192 2 119 29 804 19
9070 162 6 292 76 610 2
3462 206 4 122 75 186 1
12625 219 3 75 53 125 13
13480 102 1 69 77 836 10
170 284 1 117 57 137 1
1149 236 2 158 19 491 17
3148 132 1 20 92 221 20
8608 140 1 109 25 624 17
14165 338 1 61 34 566 1
14093 166 4 103 43 131 20
5999 117 2 299 15 590 7
9622 237 2 62 54 634 14
13288 332 2 238 114 514 13
759 52 2 85 60 399 13
11003 343 3 379 41 445 2
251 130 4 129 37 459 6
14170 255 4 132 16 539 15
10995 186 4 159 56 788 19
10347 23 3 152 61 512 20
11940 296 1 54 63 255 9
557 121 3 94 100 135 7
8712 249 3 94 25 496 1
8943 229 4 150 35 953 20
8099 16 2 62 82 356 2
10787 142 2 47 44 292 16
13709 867 2 49 77 544 12
7639 343 1 78 22 326 12
6387 179 2 79 65 637 1
9808 42 6 163 80 505 4
974 258 3 194 126 439 9
4901 223 8 339 45 728 11
11364 294 4 179 16 337 19
12968 137 1 62 56 334 17
1012 765 3 125 84 528 3
14070 119 2 147 66 328 10
2647 190 4 158 87 584 2
13526 245 5 264 40 595 19
5962 65 4 98 38 262 14
4541 115 4 386 66 544 18
12427 324 3 119 92 619 18
3961 265 5 132 56 180 9
1215 30 4 250 90 386 1
659 718 1 80 28 229 6
8398 297 2 82 72 819 8
13135 81 2 57 47 192 3
6125 272 2 61 79 423 18
7705 301 7 141 45 729 16
10822 619 5 163 25 938 12
9325 206 1 108 68 544 17
3864 937 1 138 80 481 20
4337 139 1 22 79 522 18
2444 682 2 41 48 159 16
5283 329 1 29 115 162 9
1018 86 6 202 80 674 8
3153 797 4 328 85 397 18
13996 274 1 202 63 265 19
13928 19 2 67 72 233 11
9255 66 4 109 51 155 19
10384 628 2 43 35 110 13
8279 987 1 38 27 731 11
10298 26 1 130 32 621 2
10952 37 6 363 40 409 14
6373 204 6 189 23 415 15
5600 45 5 108 106 433 16
8029 191 2 145 59 304 10
5467 338 8 183 26 85 11
4996 202 3 139 23 586 1
9707 197 4 87 34 319 14
4733 714 3 131 25 581 2
2291 311 4 172 109 793 4
10124 340 1 61 107 234 6
12004 123 6 224 44 826 5
3486 298 5 274 99 832 12
2657 333 3 72 85 580 15
8846 600 2 50 103 331 1
8568 198 4 66 63 105 9
13130 873 5 120 75 309 2
8628 20 5 233 48 830 14
10123 17 7 439 32 588 16
13240 265 3 105 16 715 9
2543 43 2 52 61 567 20
6206 825 1 79 67 367 8
12538 856 1 34 55 417 6
14424 338 2 83 62 508 13
3559 299 4 114 80 250 1
13504 817 3 221 69 383 19
11821 48 2 148 51 619 15
4206 239 3 239 57 372 10
4268 975 4 122 69 235 17
14711 296 6 153 92 404 1
1587 277 1 30 31 441 8
11340 349 7 276 68 423 12
139 292 3 138 17 550 9
10711 49 2 235 50 449 20
13273 28 3 200 91 263 18
10093 323 1 41 99 101 12
14793 321 8 290 85 912 14
1795 218 4 247 49 131 9
10061 161 1 123 28 450 9
6178 239 1 65 29 259 9
13766 10 2 66 50 183 4
5998 85 1 119 79 813 1
8512 305 7 216 61 574 16
4446 941 1 59 56 757 2
1376 201 1 41 91 151 19
9418 124 3 126 79 810 10
1447 38 1 123 116 669 5
14135 202 3 72 80 477 10
6664 305 1 54 97 755 4
14712 346 6 333 107 237 19
12725 32 3 75 108 229 17
7250 157 5 159 52 377 19
1054 203 1 61 56 224 16
718 53 7 502 48 540 11
3549 342 6 158 79 139 12
13466 129 1 102 106 397 2
5172 25 1 141 58 555 18
8100 48 3 54 57 214 20
6828 293 2 170 93 385 11
6519 76 4 377 74 373 15
9435 187 2 51 112 582 12
8858 345 5 197 44 849 5
1165 141 2 44 66 354 11
5102 44 1 71 46 386 3
3323 653 6 284 90 390 6
3007 146 1 53 15 583 14
10381 52 5 184 48 699 8
13338 339 7 427 74 343 10
6694 309 6 128 64 301 11
12330 745 3 89 39 291 6
8040 141 1 86 47 579 18
2722 74 4 148 30 295 1
1122 52 1 207 67 529 1
2445 43 1 167 27 351 19
5596 219 1 31 101 281 18
12906 670 3 72 103 155 6
9840 290 2 156 73 588 11
11562 289 1 54 96 245 5
6881 23 4 124 76 898 4
12463 205 1 40 70 146 4
11422 717 2 56 28 247 5
9367 71 1 140 73 377 18
9473 226 2 112 97 420 15
5438 35 2 80 63 352 3
5229 114 8 632 57 375 19
2783 299 1 28 66 257 10
6276 154 2 234 78 593 16
4381 129 4 136 33 440 17
5659 231 1 30 51 190 16
10196 233 2 90 80 484 6
715 121 3 145 30 598 16
7974 209 2 95 79 672 13
5180 185 3 150 93 404 11
14077 795 1 24 75 183 11
11405 186 3 104 25 287 16
3907 946 2 85 87 442 14
8084 311 2 74 55 605 4
16 81 1 58 40 181 9
6245 127 3 182 67 499 8
9630 115 1 59 107 684 12
8154 210 2 178 114 872 18
9472 303 4 132 43 375 13
10539 861 7 292 47 314 14
3530 265 2 68 25 199 7
4759 49 1 196 55 189 18
3036 15 3 113 43 364 13
3429 323 2 69 29 194 7
239 238 6 148 53 109 19
3068 203 2 63 80 245 19
8045 302 4 186 32 903 7
5407 295 2 154 44 506 10
14838 962 3 70 61 243 1
9445 769 3 121 78 574 12
14291 86 7 198 15 222 1
4710 723 1 30 22 657 8
14450 341 1 85 59 809 14
13998 197 1 36 33 457 19
7721 241 1 128 66 634 16
14943 47 1 55 109 606 18
14496 691 4 132 85 152 10
5238 161 4 84 89 380 5
10585 45 2 54 92 220 5
13075 30 2 44 58 133 20
412 308 5 79 76 273 17
6487 350 5 111 74 508 6
13061 29 1 153 74 779 8
1301 346 3 181 103 156 20
7881 808 5 164 21 519 10
2009 172 2 80 80 117 2
10252 717 3 158 21 796 2
10379 315 2 104 31 774 13
8268 229 2 55 110 245 19
6677 45 4 73 59 308 13
4352 21 7 171 33 141 17
2403 812 1 67 98 364 20
3713 242 1 94 59 743 5
9266 157 3 110 21 635 14
9234 10 4 381 108 484 18
7281 217 3 172 64 442 20
9118 101 4 94 63 206 5
5073 295 2 153 26 778 4
629 297 1 73 102 367 8
9180 44 2 72 96 714 9
10862 275 2 62 46 128 8
7949 348 1 238 75 716 6
2094 922 1 55 61 552 7
11690 280 2 68 21 245 12
229 716 7 240 25 179 7
436 688 2 163 126 493 6
9953 54 4 294 67 626 13
6913 747 7 376 88 322 7
13336 338 4 232 110 285 17
2481 779 6 553 108 296 7
14426 151 1 93 55 252 12
4997 147 3 138 52 421 13
5107 179 1 77 29 239 6
8706 178 2 128 89 524 13
13730 288 4 282 21 224 2
11278 125 1 27 77 324 9
1839 82 3 49 99 83 4
12324 305 5 182 53 101 18
5836 709 2 214 126 443 3
7709 69 2 178 35 751 3
13454 181 4 318 97 606 15
9942 349 3 596 41 356 1
6726 176 1 190 92 736 13
3373 124 3 81 25 253 5
13209 112 5 294 94 192 11
7485 921 4 191 24 221 4
5599 306 1 61 93 826 16
3996 115 3 99 48 833 6
4277 88 1 55 112 774 18
11546 54 1 32 49 466 4
8933 341 3 275 61 231 10
1405 158 2 86 76 548 6
10558 55 2 105 108 379 16
3514 125 5 150 108 376 6
12423 337 3 146 95 441 16
11959 229 2 203 18 138 4
9026 11 1 21 64 115 1
14479 225 1 56 22 671 1
1701 326 1 117 66 254 11
8988 338 1 95 79 365 8
7427 68 1 112 65 166 7
10719 167 1 53 24 461 7
3272 116 2 89 58 233 11
1233 325 2 118 73 275 1
12989 12 1 35 89 887 4
2398 249 1 20 81 265 18
8870 184 1 75 77 939 12
11726 97 1 25 55 205 13
8840 779 6 99 22 241 3
3103 112 2 65 65 361 10
974 43 2 65 88 817 10
7000 291 1 48 84 508 7
6933 103 5 127 89 333 19
9642 60 3 77 69 849 12
11900 105 2 94 80 156 18
3983 34 6 201 47 513 13
258 344 7 389 68 613 12
8294 125 1 96 123 307 16
14997 69 3 106 19 303 1
9324 32 2 37 83 113 20
211 321 4 117 78 648 1
2616 297 3 67 78 287 12
1244 179 2 87 65 391 20
7856 247 2 130 41 650 11
8425 14 1 71 37 221 11
8750 216 2 92 42 754 11
11981 247 5 83 47 437 9
13570 318 1 27 90 467 13
2327 262 1 93 33 177 6
1946 75 3 162 42 446 12
5736 10 2 138 60 962 16
6130 238 6 132 37 205 15
11705 49 6 150 86 376 8
11490 251 1 27 93 138 11
11040 258 1 151 50 438 7
966 110 6 356 43 422 16
6681 282 2 93 61 442 11
12424 287 1 42 57 654 10
3067 287 5 208 90 371 10
907 350 1 101 85 480 15
4628 181 1 61 74 591 14
12409 723 3 81 99 169 1
10646 307 2 111 26 171 19
9379 16 3 86 72 791 19
4869 308 1 228 44 635 1
6238 308 2 115 111 103 10
11884 30 1 32 73 316 1
12152 36 4 126 25 447 4
7338 165 2 62 69 289 5
7038 289 1 30 107 186 4
1154 162 1 210 89 938 18
4534 102 5 216 22 134 5
9481 700 2 76 29 246 18
1536 166 5 136 100 449 15
6971 643 3 123 91 518 18
12950 152 4 155 35 395 9
1131 161 7 504 110 348 6
13751 717 6 406 45 975 7
13845 117 1 77 62 705 14
12761 339 1 71 78 160 16
11796 97 5 144 53 114 17
5265 932 6 254 45 862 1
9220 65 5 129 86 92 19
8321 721 2 66 65 117 18
5005 69 2 87 26 174 8
14355 785 4 137 79 647 6
8272 258 4 192 59 350 4
2526 983 1 20 86 204 7
6683 38 5 307 38 465 17
5413 128 1 157 64 720 9
8519 181 1 93 70 241 19
1356 231 1 51 105 284 1
119 81 2 121 64 250 8
2893 323 2 61 80 119 15
7633 618 1 228 70 606 8
6715 775 3 98 28 446 20
7987 130 6 181 43 225 1
11620 136 1 73 22 594 19
7938 46 3 106 69 451 4
14675 77 1 111 37 575 11
10601 86 7 406 104 792 3
7037 136 6 188 17 195 6
6328 285 2 78 61 326 2
4689 234 4 299 109 467 16
13874 320 1 267 57 646 4
5885 83 2 47 108 334 11
6038 191 2 149 93 336 10
2838 246 2 71 76 643 20
5750 233 2 66 75 631 20
14613 16 1 47 67 312 13
10591 75 4 120 72 205 10
8106 100 1 114 96 786 3
4505 138 2 89 19 338 13
7213 674 1 131 63 858 11
10227 223 4 102 48 438 13
12319 873 3 274 113 316 4
9455 292 3 97 73 425 18
13579 304 2 59 66 215 16
1366 138 1 40 17 321 2
7510 308 2 184 69 193 7
6941 271 1 27 94 328 9
11836 292 4 160 54 244 18
6291 45 5 149 63 686 1
12050 132 1 38 43 370 12
3657 44 3 236 72 391 5
912 763 1 215 112 373 10
11102 855 3 227 102 737 6
5730 130 1 31 66 207 9
8660 101 5 109 14 298 13
748 147 1 44 115 534 18
2593 288 1 89 28 363 19
14338 154 3 86 72 599 13
6825 345 1 207 69 121 10
6665 177 2 61 55 164 7
1074 266 2 61 90 180 2
7337 13 1 117 119 260 5
3905 892 1 56 20 339 4
3184 289 1 69 74 514 6
4961 271 1 289 63 317 17
960 318 1 73 89 719 9
13675 89 6 331 51 825 17
13133 271 4 103 60 576 19
7461 638 2 42 44 188 3
7671 233 1 27 87 319 2
1857 256 1 123 117 730 1
12289 692 7 492 56 421 18
1811 163 2 134 17 453 6
1010 233 1 158 72 186 5
7865 164 5 107 23 576 18
8941 52 2 70 97 634 8
8986 183 3 63 67 586 12
8158 220 4 276 55 431 17
12714 193 4 180 76 308 17
1702 116 2 150 28 664 3
1537 85 1 60 37 431 7
5790 895 5 79 13 249 14
9728 316 4 70 104 89 20
1243 285 4 112 32 885 13
11933 146 1 33 95 598 18
7868 217 5 151 69 143 16
10283 265 2 94 101 391 19
967 100 2 85 99 107 13
8184 109 1 72 71 175 11
12359 145 3 220 50 551 18
3171 989 5 344 101 285 3
8097 641 5 132 21 336 15
8783 33 3 166 58 785 5
935 771 3 66 57 525 2
14315 330 3 226 83 198 3
478 776 1 122 53 445 14
6454 301 7 455 103 312 20
4714 110 6 162 46 270 8
13290 264 1 53 63 89 14
5006 977 5 88 47 158 5
3357 48 3 112 55 176 9
7379 973 2 130 37 609 14
4458 142 1 332 81 362 19
8609 348 4 307 41 116 13
14169 144 2 134 50 823 6
14945 306 1 77 69 804 17
10216 46 2 57 42 158 13
4715 860 1 289 86 318 13
7161 38 1 28 75 301 3
13691 99 5 232 55 476 12
5627 257 4 251 68 520 13
13914 243 3 162 79 588 2
4691 282 3 83 47 360 18
8938 74 2 53 87 841 17
629 683 8 445 40 178 6
8244 308 4 156 64 439 4
8235 142 2 44 103 538 17
5149 106 1 343 63 303 18
13503 187 3 49 47 270 4
3745 176 7 240 28 348 16
6238 929 1 72 23 708 16
1191 331 2 128 21 251 3
8450 318 3 72 27 414 3
4227 272 4 156 53 281 15
3664 70 1 24 108 226 12
12497 335 1 55 73 827 14
11377 180 2 172 83 397 16
3745 94 3 176 32 310 9
6806 885 3 127 59 990 17
14365 160 6 213 77 340 2
3912 236 2 85 79 604 19
10038 230 4 67 76 250 18
12600 958 1 31 103 734 2
13673 768 1 172 55 392 7
6832 178 2 85 87 551 15
4087 642 1 19 38 167 3
12141 199 1 40 49 270 12
14780 34 1 60 104 412 20
10845 200 7 285 25 171 20
12290 174 6 125 41 431 7
4331 786 1 33 21 398 20
4787 33 3 110 35 441 15
2003 92 2 134 30 168 19
8309 217 6 117 49 556 16
7949 99 1 56 31 565 1
10156 312 4 142 89 789 5
1988 167 2 51 61 115 16
8826 27 2 43 49 283 3
2360 629 2 126 80 245 11
11045 330 4 199 82 434 1
3567 217 1 73 53 114 2
11772 67 2 186 105 360 5
7844 200 4 157 89 543 18
8504 265 2 151 29 449 11
14690 328 4 150 63 441 20
8002 234 3 175 31 897 5
10632 135 8 347 79 786 3
11482 44 1 17 83 259 10
13843 139 7 301 46 546 17
11563 631 1 43 65 454 19
7074 207 2 48 82 897 2
12355 335 6 213 30 218 16
8888 189 7 470 37 745 10
716 749 5 141 87 568 16
10025 892 1 45 101 591 2
2675 292 3 86 63 251 9
3839 184 3 74 49 171 19
8234 176 2 54 74 592 4
2224 79 6 452 45 670 1
11078 335 5 289 61 324 15
838 131 1 58 94 709 3
4773 296 3 67 64 496 13
6838 823 8 605 61 217 12
3014 198 2 157 70 931 5
4401 189 5 363 47 732 10
360 131 6 195 26 257 16
8402 164 4 192 122 416 10
366 20 1 67 25 526 15
8016 73 1 113 39 361 6
1390 212 2 117 34 576 3
14147 63 4 376 52 595 17
9304 154 2 427 65 835 7
14822 252 4 220 48 240 3
11135 604 5 414 80 548 5
3142 662 1 26 107 153 19
5690 770 4 243 83 272 2
4159 80 2 48 35 252 1
4220 247 4 161 26 186 6
1211 24 5 387 44 614 17
8561 994 1 78 19 364 14
9784 54 1 55 77 745 20
1348 222 4 71 45 337 19
3737 332 4 77 22 895 18
6192 173 2 92 66 336 17
5788 286 1 132 17 179 12
8715 49 1 83 55 229 16
12251 105 6 219 15 204 10
13761 723 1 58 81 193 4
6945 69 3 151 15 422 17
5922 18 2 131 97 640 14
7187 80 5 116 56 378 11
2463 26 2 198 104 449 17
7228 316 1 61 75 538 15
11700 87 4 91 22 496 10
13958 235 3 239 104 622 12
7248 309 4 81 68 339 3
4960 27 7 178 51 624 9
14770 310 8 434 116 236 9
7033 150 7 124 72 508 10
4717 56 1 46 84 211 20
14816 176 1 44 66 165 16
3526 160 6 199 13 249 3
1449 249 1 67 111 649 11
7915 41 3 212 88 420 9
7577 963 2 59 110 867 5
2301 42 1 71 35 466 7
8698 272 4 269 27 213 13
10292 211 1 135 22 475 10
11669 16 1 118 34 471 6
6136 159 4 152 90 600 3
6450 200 1 50 90 470 2
7426 216 8 255 67 329 14
2673 259 1 77 38 506 4
8649 114 6 193 63 301 4
13356 338 1 44 66 106 13
7037 340 2 243 24 684 12
3387 184 6 131 49 746 17
8775 825 1 82 73 102 18
5668 29 4 113 48 253 14
1140 694 2 69 30 397 4
8368 333 2 57 76 196 15
5274 183 2 60 46 285 10
3248 924 5 149 46 710 5
4918 132 1 17 58 257 14
4434 220 2 142 57 924 10
1607 318 2 255 101 643 5
3149 169 2 111 35 160 7
13294 113 6 212 76 509 17
1663 282 2 96 49 348 10
12294 332 1 76 44 130 8
4311 800 5 223 25 448 7
4861 25 2 119 44 688 17
12289 209 3 119 29 495 2
7534 190 5 371 95 596 11
4294 286 7 132 38 156 13
2901 294 2 197 81 798 2
1498 773 4 187 73 380 14
390 286 1 17 59 351 19
7788 231 3 68 56 197 19
2988 197 1 18 50 256 5
5989 325 2 91 20 574 16
912 282 5 131 37 150 15
13706 340 1 123 80 405 16
10570 297 3 73 33 362 18
4654 235 2 70 19 376 5
14925 258 4 105 29 428 5
4968 32 6 475 43 209 2
11760 221 2 53 82 190 18
3123 154 3 93 36 263 9
13314 121 3 61 19 470 9
11432 35 1 176 74 386 6
11245 348 5 101 44 271 5
11940 79 1 61 59 414 15
10434 226 4 145 47 545 11
3193 83 6 166 61 159 10
12952 753 3 127 97 204 1
683 285 2 86 20 410 2
4003 330 2 64 49 315 16
7594 209 3 175 76 826 7
3836 656 5 196 45 909 7
10702 264 2 98 17 199 20
6511 643 1 22 61 208 6
5194 212 6 108 25 198 10
7022 159 2 54 88 170 8
13289 190 1 38 73 138 9
11871 209 6 166 95 683 7
5992 349 1 18 68 130 12
7386 313 4 212 55 885 16
7962 175 5 154 106 271 2
558 246 2 72 82 168 10
4069 716 1 67 33 412 17
3572 13 1 65 22 678 7
12542 240 4 88 35 189 7
10062 51 7 404 115 178 12
6909 110 6 361 35 926 1
14288 25 3 79 39 499 20
11254 178 1 41 55 341 2
191 269 2 109 73 482 18
7010 717 8 190 30 595 2
7117 19 3 280 48 720 5
13476 950 2 126 86 432 3
3844 660 1 53 89 613 20
14165 839 1 73 80 155 4
270 765 7 156 34 662 3
14388 260 1 223 67 519 11
4821 133 4 117 43 178 7
5122 141 1 53 31 801 15
10813 331 1 109 76 325 14
8188 108 4 89 67 289 11
326 232 3 314 33 624 20
10942 199 1 70 78 607 11
11869 965 3 118 60 571 18
3936 689 4 226 35 468 11
493 50 1 23 29 174 1
12874 93 2 135 42 595 13
9920 324 1 19 74 279 20
187 199 5 336 95 346 7
192 264 6 135 57 404 7
627 139 2 87 51 664 15
11937 44 4 86 27 751 11
10235 979 1 21 51 167 11
1156 986 1 80 27 228 3
14044 120 2 64 108 854 11
13041 70 1 94 110 416 3
1143 138 5 104 33 218 9
5473 82 5 139 67 461 7
2390 65 2 64 115 878 9
11458 289 8 340 55 275 14
14672 142 2 117 80 513 3
4200 297 4 178 22 603 6
5499 54 4 227 18 647 11
535 74 1 232 63 560 1
7363 190 1 78 70 716 4
4353 187 3 171 123 600 6
12811 325 1 53 93 190 6
14880 341 5 182 64 620 10
11337 48 4 190 63 414 8
8322 206 5 336 35 352 8
12469 295 3 95 32 203 20
12733 258 1 68 106 656 15
8120 77 1 44 103 383 3
2984 284 6 306 57 197 19
2736 235 2 174 82 581 13
10370 844 8 319 92 688 1
530 80 1 148 36 394 4
8519 323 1 115 46 469 18
12983 65 1 93 75 423 5
10160 14 1 60 81 658 3
2289 14 2 55 93 655 14
3920 102 3 100 98 402 10
10077 983 4 88 78 146 9
7502 265 2 107 104 511 3
5306 249 2 64 69 448 14
11563 24 7 408 40 607 18
6295 57 1 98 100 362 16
14993 199 7 150 71 396 20
5828 332 6 260 42 942 18
9597 280 2 94 28 189 17
4937 200 6 358 40 212 10
7361 740 5 160 72 571 7
11137 252 2 44 111 254 3
6676 805 8 141 54 342 1
7677 103 4 140 109 111 16
12915 652 5 91 17 282 18
8464 307 3 111 53 858 12
10969 66 1 73 112 577 7
6856 123 6 274 48 943 10
8445 106 5 196 30 929 7
11749 286 1 149 82 945 16
3767 203 1 53 92 394 1
2202 120 1 32 112 498 3
8912 281 3 64 54 409 2
1608 150 6 475 69 697 19
3897 310 1 128 44 524 9
463 230 4 238 64 314 11
12001 296 3 70 73 112 20
6034 970 1 225 110 511 5
10806 718 2 127 61 464 3
11156 203 3 117 25 265 10
983 328 1 138 19 489 10
11842 163 3 82 23 450 11
12836 201 3 120 81 613 1
12178 207 2 67 52 453 10
11296 60 2 119 97 402 10
6234 150 2 161 93 343 15
12684 173 2 48 56 551 11
3126 159 1 70 25 263 2
7953 286 2 98 86 435 12
10774 165 3 86 94 490 13
5094 315 7 211 103 394 1
13233 105 4 224 27 551 3
10460 116 2 106 36 569 6
4679 133 1 79 116 831 15
14475 125 1 30 38 181 15
16 33 1 44 54 165 16
11 110 2 80 36 422 3
4569 92 8 276 18 210 20
9563 317 5 266 54 599 3
12673 98 1 106 111 840 17
11038 85 1 83 75 210 8
7496 41 4 75 56 239 3
10537 167 7 390 26 475 2
13907 345 2 139 30 561 17
11729 279 1 66 51 148 14
7417 153 1 42 59 573 4
1377 297 3 257 89 419 8
7739 221 2 59 83 678 20
3982 105 4 153 46 219 5
6175 99 2 361 66 402 3
5051 157 1 30 96 509 7
3446 912 1 72 97 136 18
11545 185 5 366 79 772 16
4511 197 2 72 88 410 12
7450 220 7 331 75 386 14
9506 66 2 47 51 140 19
4897 344 6 438 40 181 1
14738 892 2 294 52 136 14
2783 74 2 204 78 541 7
7285 958 3 67 59 127 6
9450 26 3 182 62 373 18
636 237 5 125 57 482 2
8080 125 1 24 44 158 15
1799 309 4 135 49 569 1
8784 298 4 188 34 468 5
1070 47 1 326 26 535 15
1584 921 2 63 48 151 15
2833 191 8 170 39 669 9
12593 131 2 120 102 299 4
4198 295 2 174 47 741 20
7944 226 4 137 52 181 17
12111 815 1 29 94 668 20
8953 293 2 210 58 751 3
10684 189 8 595 37 160 19
10848 261 5 461 32 665 17
1973 743 4 120 74 150 11
14110 722 2 79 62 161 14
6008 266 1 158 102 544 19
5405 900 2 61 93 97 15
9086 339 1 127 104 326 19
6240 233 3 80 87 718 12
7874 187 2 65 71 619 19
8248 240 2 202 22 189 5
1335 170 4 89 55 97 7
11323 281 1 74 24 573 15
13405 260 7 456 34 467 15
12758 33 1 80 87 187 5
13878 177 4 148 26 527 18
6435 211 2 56 67 715 11
6140 184 6 149 57 492 18
10505 922 5 441 45 864 11
10854 334 1 154 107 322 7
6916 876 1 111 56 184 10
187 329 1 27 83 140 10
7864 164 4 124 18 371 5
14889 739 6 233 27 236 3
12632 349 2 127 112 105 5
3242 891 3 92 61 104 2
2893 186 4 171 40 543 12
11755 288 6 94 71 113 1
14707 341 2 118 111 385 8
10479 241 2 207 18 419 17
261 153 5 259 97 581 8
9945 73 3 106 49 483 18
3934 166 2 140 31 672 7
11145 51 1 107 57 240 20
1228 110 1 137 43 743 17
11149 330 4 108 65 121 6
14145 288 2 176 60 569 11
6925 313 6 272 120 640 14
13988 247 3 307 24 168 7
6692 328 5 371 42 633 8
9401 106 5 291 100 230 6
3066 800 1 44 89 616 1
12660 103 3 164 61 183 9
11588 214 5 239 25 214 18
8348 214 2 70 74 499 1
5521 91 3 65 26 300 17
14431 907 4 302 19 585 3
13072 71 4 306 66 324 16
12425 37 1 29 70 129 14
3010 310 6 139 102 534 19
339 170 4 111 27 401 4
2444 151 2 40 60 191 20
13705 227 2 152 55 843 16
13561 75 7 194 15 220 4
3049 310 3 160 48 467 1
1854 70 4 117 27 559 2
605 921 1 38 28 355 1
423 942 2 96 49 438 6
6326 910 1 43 71 407 14
1932 135 1 66 69 198 14
13651 64 2 93 17 264 17
2099 286 5 203 26 457 14
10606 97 8 473 100 777 14
4939 131 2 149 25 774 18
5821 704 5 110 76 164 4
1048 330 2 75 82 474 17
7632 786 2 269 25 716 9
5931 259 3 169 23 415 1
7947 14 3 96 54 281 1
4502 135 5 141 50 371 6
14633 162 6 168 50 402 10
6825 949 1 54 118 691 18
14118 121 1 26 113 598 6
8769 218 3 125 60 170 17
8912 307 5 122 70 223 17
2061 248 4 247 81 425 13
9098 136 7 381 75 186 8
10690 321 4 83 58 737 13
12484 984 2 63 55 194 5
4454 332 3 142 85 156 19
7492 990 1 61 95 819 19
362 251 5 194 79 571 12
9238 257 2 126 89 493 5
9608 110 2 133 63 129 16
9912 140 1 175 56 432 2
11402 31 2 65 24 157 14
2910 342 4 153 56 117 7
13019 308 6 305 118 748 5
1697 268 5 94 95 471 13
12826 43 1 17 43 117 6
968 100 5 239 42 351 14
5884 767 3 112 22 832 12
7835 704 4 211 32 398 1
7519 263 7 111 73 232 16
6570 279 2 48 58 289 7
4692 120 2 113 97 498 16
3269 73 1 69 27 643 9
4408 248 4 170 26 689 17
8566 350 2 130 34 140 15
13285 50 4 141 22 135 20
3891 28 2 133 38 429 19
3762 269 2 38 46 157 12
10994 131 1 89 48 356 9
4503 303 1 56 70 427 12
9475 300 3 135 50 455 1
3401 759 3 176 81 703 3
11177 779 2 171 60 650 11
6825 141 3 150 65 594 8
1021 113 6 121 21 614 5
7549 671 6 113 74 306 6
3574 763 2 205 108 480 17
2913 915 4 88 45 503 7
12037 126 1 58 15 307 11
11898 630 3 191 52 224 7
5525 255 1 72 87 476 5
7004 100 1 24 69 229 10
14916 163 3 246 46 666 16
7931 217 2 130 38 835 12
5527 139 6 226 19 190 15
6937 257 2 64 91 224 11
4627 89 1 53 80 746 1
1336 151 1 56 77 120 11
13156 317 6 262 25 209 13
9547 788 1 91 26 273 2
11394 321 3 90 30 187 15
9035 24 2 133 68 815 16
3438 794 3 149 14 779 18
763 37 3 184 60 512 20
9896 194 1 105 27 508 11
1345 170 2 63 26 252 20
10770 84 7 361 30 572 15
13928 45 4 109 80 635 18
11224 94 2 44 59 684 11
10638 997 1 26 112 730 20
3272 18 2 81 31 255 5
12588 210 5 161 54 509 13
12817 259 7 377 26 855 16
12707 331 1 139 73 441 14
8564 262 1 40 34 731 6
8036 891 7 183 36 86 11
11046 333 2 119 74 819 9
4010 247 3 190 82 262 16
9440 42 3 238 72 283 3
917 249 3 253 52 221 17
9284 215 1 26 108 882 17
14299 36 5 133 36 752 2
9447 195 3 99 70 176 11
2757 131 2 93 24 196 11
7025 14 7 421 98 843 19
12898 290 4 245 19 565 19
7219 191 2 270 80 163 10
4245 198 5 142 80 447 12
12859 322 1 36 72 537 4
14513 790 1 61 57 238 9
1398 148 4 192 66 726 17
13972 753 4 253 125 408 10
6108 137 3 292 42 419 18
3804 169 3 110 70 498 19
2265 177 2 62 91 219 9
428 69 3 162 23 235 10
4579 21 2 81 55 621 17
4278 156 4 80 30 467 10
11709 217 1 123 107 105 19
2251 245 5 315 39 437 4
14654 64 2 62 56 155 19
1428 229 7 298 38 523 12
14353 269 4 118 104 437 18
7274 263 1 66 62 826 2
2820 58 4 168 80 420 5
13680 796 3 141 54 572 20
2080 716 4 86 47 481 6
3266 212 7 230 18 463 16
9185 192 2 130 60 130 7
11899 208 2 61 92 357 11
13188 76 1 36 29 170 11
2330 194 4 314 67 586 3
12077 167 4 105 77 119 5
7927 805 1 123 78 380 11
1354 232 3 79 36 816 10
9697 929 2 219 114 519 10
5789 271 3 343 68 399 15
6245 314 4 292 106 742 1
3369 869 3 162 65 636 6
2178 19 2 190 89 274 15
14702 47 6 124 42 89 7
12824 111 2 89 59 667 9
11136 291 2 178 79 661 18
11781 302 5 264 46 461 3
3698 309 1 40 87 554 9
2513 679 3 172 82 559 6
949 42 7 161 34 144 6
12647 210 2 162 112 238 4
768 134 2 106 65 133 15
4083 31 4 249 70 177 4
14832 233 3 112 20 250 18
7975 711 4 88 14 307 10
7779 341 6 338 77 313 3
7026 825 6 361 128 732 18
6502 720 4 184 108 351 7
14289 158 2 101 77 597 11
8195 21 3 141 31 105 13
7538 29 2 79 84 781 19
3906 973 2 145 47 505 19
5428 123 3 120 52 538 3
3943 208 6 120 33 134 20
11257 193 1 90 64 258 3
989 91 4 127 62 576 20
13086 291 2 86 90 123 1
269 331 1 148 74 131 1
2561 225 5 365 58 141 19
9027 58 1 86 55 455 4
10538 257 1 63 113 284 10
1556 31 2 140 57 650 16
430 43 1 26 72 183 19
6426 614 4 118 54 523 6
5614 329 6 351 47 766 8
3634 231 3 90 54 332 4
5164 124 2 101 18 354 16
8349 131 7 394 34 806 8
5002 812 2 65 47 502 8
6751 263 1 60 55 830 3
8942 300 3 88 41 351 19
5808 276 7 252 34 530 5
7539 238 3 150 73 219 7
1661 250 3 92 51 296 12
2082 32 7 158 41 703 10
1714 857 4 178 28 344 15
8006 343 1 23 59 374 14
10760 136 1 86 62 826 4
1679 24 5 159 109 260 10
14607 318 2 252 19 456 1
2205 299 3 254 27 733 11
10512 981 7 230 25 763 7
6030 610 1 33 68 182 8
4930 186 5 226 106 419 7
12852 36 2 45 62 222 6
13405 155 4 115 78 135 7
2043 24 6 188 80 507 11
3930 313 6 328 66 436 15
1492 106 4 85 52 581 12
3969 61 4 147 23 408 14
13637 34 5 126 96 307 20
2598 210 3 67 67 269 3
12677 41 1 51 70 166 3
2770 241 5 186 72 130 3
6097 315 5 180 78 435 3
6400 225 1 44 45 845 2
8419 282 5 140 65 534 11
13637 152 5 464 70 535 12
1129 221 4 263 38 228 1
7544 38 1 76 34 580 5
13136 130 2 137 49 672 11
2090 893 2 268 30 185 2
5716 305 2 80 53 218 4
14728 75 2 88 66 610 7
8303 93 1 18 38 212 1
1201 154 4 217 45 702 15
8514 28 1 46 102 894 11
7341 96 2 153 75 422 18
11647 292 4 229 20 168 20
1434 47 1 415 24 518 18
1450 93 3 118 65 875 11
996 227 1 62 104 307 17
10272 124 2 66 76 506 16
12908 832 3 96 91 401 18
11770 334 1 22 86 468 17
10822 230 2 153 25 432 1
5357 602 4 290 31 749 20
5887 154 6 507 50 158 7
11116 342 5 144 58 627 13
219 349 5 203 42 228 12
9674 19 5 292 17 738 13
1767 323 5 164 26 272 4
4079 329 2 105 46 199 11
13150 102 3 143 78 413 17
9931 120 3 111 32 377 7
13377 59 4 92 34 724 20
2646 181 2 230 73 409 7
10232 218 3 72 60 243 13
710 242 4 201 33 962 1
9963 95 3 67 60 299 6
12393 337 4 106 96 138 4
10503 334 3 399 117 525 11
3106 278 1 29 83 176 7
2545 303 3 72 20 386 11
14920 334 3 156 108 159 2
6600 64 2 144 17 376 20
5415 279 2 48 62 206 3
13413 182 2 142 90 541 9
12691 628 2 34 104 156 13
1318 192 3 236 54 615 12
12173 132 1 39 54 425 15
10008 98 3 83 98 705 9
1176 996 1 40 92 860 3
8916 282 6 220 62 383 6
403 239 3 86 52 861 11
14211 307 6 145 52 229 14
5152 159 6 132 32 859 4
5699 130 1 19 90 134 5
2825 99 1 29 103 245 10
9452 305 2 58 100 247 5
8747 120 1 71 32 406 10
1737 247 5 80 57 283 1
5858 302 1 77 61 922 12
9788 246 1 200 55 563 13
5736 181 1 54 98 151 8
12330 795 7 143 61 740 15
12718 143 4 114 100 768 10
14828 335 1 70 30 537 20
12757 67 1 75 16 328 10
5105 704 4 321 61 317 18
2334 270 6 305 69 257 4
4466 104 1 144 63 935 1
1815 48 6 198 16 404 15
1983 624 3 69 57 296 13
12551 156 1 46 102 455 19
12275 71 1 157 49 534 12
13615 70 6 408 78 232 11
12518 129 1 38 67 375 4
351 240 2 108 38 518 1
6149 269 8 211 47 586 20
1939 162 1 31 38 307 8
965 165 1 62 41 210 12
3198 130 2 43 48 281 6
6618 279 4 79 91 527 10
5373 886 5 193 76 791 6
10109 11 3 181 31 206 7
1298 285 7 488 42 768 13
11525 206 1 279 79 289 18
904 606 1 44 85 231 20
4703 160 1 38 78 795 19
1599 966 1 141 46 472 6
9696 87 5 226 17 163 3
12718 664 2 101 96 764 4
9777 131 2 120 62 476 9
12314 103 2 78 113 421 20
5865 206 3 79 56 531 18
10026 345 3 60 44 325 4
14373 277 4 299 127 773 1
13475 65 2 52 67 168 19
10557 123 4 134 13 295 8
3335 77 7 349 60 347 12
9841 259 2 133 17 447 2
11871 741 2 62 79 327 20
13145 71 3 64 37 283 16
12190 275 4 86 39 317 5
2362 209 2 99 74 820 4
2241 229 3 74 68 209 12
2692 22 2 114 37 732 1
10656 117 2 122 72 981 10
4585 957 5 172 21 290 20
5331 311 1 35 49 604 15
3262 222 2 207 113 857 19
12508 289 2 58 46 317 4
5485 199 5 558 69 190 13
8930 164 5 300 22 868 9
4866 60 4 315 47 119 20
10154 144 3 85 55 488 18
3748 72 6 185 58 668 17
12517 769 2 142 29 512 16
13870 207 8 384 34 865 15
9121 334 4 115 68 573 12
2352 56 3 106 15 272 6
1770 112 1 55 78 801 17
5033 93 5 370 78 388 8
6036 151 4 158 111 674 10
4164 337 1 33 29 268 12
7732 228 1 206 50 383 6
12091 882 5 125 86 299 13
3799 288 7 452 45 734 11
3454 290 3 62 28 364 16
1822 693 5 226 71 865 9
14716 183 6 103 91 545 2
4937 754 3 74 54 778 18
3283 652 3 90 25 239 8
6218 205 5 307 97 160 8
7489 123 5 113 63 217 10
6181 84 2 63 51 213 12
7367 144 1 119 18 276 6
5944 753 2 57 110 247 2
1685 762 1 34 67 655 19
5303 758 4 84 50 186 15
115 134 1 59 88 378 20
5741 284 6 127 20 409 16
9871 188 2 41 78 248 10
11500 33 5 166 81 407 20
2554 728 2 110 43 675 13
13168 162 1 120 89 578 17
261 33 1 58 49 698 6
12698 144 2 100 18 609 10
6421 297 8 463 51 119 20
12436 342 4 258 78 173 18
2188 943 2 34 61 201 1
10002 125 1 34 56 104 8
2200 136 1 485 57 401 16
435 754 3 89 61 162 13
5471 970 5 258 16 559 17
7319 966 8 429 69 740 5
596 117 2 97 52 167 17
13858 290 2 146 23 376 16
1371 128 3 68 74 340 11
2584 267 2 54 23 146 2
10617 257 1 109 38 497 19
4124 28 2 197 62 830 12
11103 285 1 168 64 351 9
8424 256 2 84 25 560 19
5567 340 2 72 93 468 7
10848 286 2 148 89 195 8
963 703 1 24 114 249 8
5983 335 2 176 60 399 5
5035 201 1 51 37 293 20
892 311 1 51 55 476 4
7100 59 1 308 90 331 9
10167 122 1 24 68 217 5
4573 163 3 115 24 223 15
4548 144 1 49 71 528 14
11283 340 1 72 30 484 17
9108 295 2 68 19 570 15
2594 263 1 123 69 473 17
8950 164 1 38 66 720 18
6727 840 2 119 83 452 3
11635 605 6 168 38 363 10
6044 24 2 166 82 912 6
12911 152 3 183 56 733 12
8738 198 4 114 93 495 7
6101 72 1 38 48 338 7
1770 917 2 216 71 218 15
11862 896 1 17 32 365 3
12973 217 1 96 35 278 18
7097 167 2 219 79 374 19
3661 159 2 77 24 717 13
10268 141 4 124 32 338 5
13239 310 2 353 85 280 6
6847 244 6 288 27 662 6
9875 53 5 191 82 416 18
262 151 1 43 43 188 17
1433 252 2 184 63 280 9
9017 244 4 102 37 284 8
11209 314 3 88 31 550 6
2618 250 5 318 59 580 6
9539 711 1 35 67 774 8
9817 249 6 386 86 234 16
7499 126 2 60 45 112 12
14393 732 5 112 117 452 1
3177 251 2 96 63 647 11
8641 37 1 49 92 472 8
5252 39 1 124 55 465 16
10577 186 1 47 83 488 4
3131 43 6 348 88 365 16
5619 327 1 44 26 292 11
2135 346 1 130 77 653 5
655 111 1 60 84 487 17
13515 69 2 136 96 534 8
12983 318 3 184 48 729 3
5770 173 7 216 23 326 17
14263 861 1 44 113 745 6
14349 215 7 333 28 267 16
10768 295 4 352 102 584 15
10518 159 5 333 55 368 7
6150 189 3 75 87 156 14
7711 111 2 94 69 159 11
1917 838 1 77 30 525 7
13167 190 6 110 96 640 15
5882 305 3 106 48 705 14
6407 82 1 39 28 305 6
11078 280 2 184 20 276 13
12353 247 7 495 43 233 19
9016 277 2 73 51 337 12
13187 956 2 151 26 592 3
11757 104 2 70 55 174 18
14573 302 1 34 40 596 9
5462 318 1 69 84 177 14
9697 84 3 54 44 370 4
10645 22 2 56 67 397 16
14765 101 3 246 34 204 12
7977 56 1 70 38 583 15
2967 12 2 153 66 490 19
14356 11 1 39 72 821 8
3569 254 5 383 73 378 13
11776 198 1 63 91 664 3
10804 31 6 230 43 513 20
67 808 4 137 87 663 19
9097 122 2 74 46 250 8
6572 89 5 197 45 879 1
3874 312 1 49 110 575 1
14102 178 2 157 70 456 18
4483 862 1 61 18 369 6
2235 212 2 47 74 163 7
9113 140 2 96 30 305 19
10765 958 2 167 72 555 10
12352 44 1 173 124 753 4
5341 732 3 124 48 397 13
1462 74 3 195 77 953 4
10745 773 3 92 56 129 8
7177 735 1 87 33 475 11
11773 603 1 107 48 767 5
6830 27 1 114 80 724 19
1787 19 1 152 94 597 6
6730 281 7 324 93 862 1
2801 59 1 122 46 501 1
10274 350 2 135 93 212 15
3253 298 1 18 44 197 9
10708 50 7 258 27 198 14
3892 288 4 224 84 780 6
7821 864 2 57 27 699 10
6057 814 7 110 33 580 15
4457 221 5 115 59 243 5
3926 312 4 191 111 162 4
5107 298 1 110 51 362 9
9767 129 1 27 66 262 20
1847 196 2 48 79 883 19
12625 43 1 118 66 145 7
9132 67 1 35 22 230 14
8744 910 1 44 48 188 8
9470 49 3 64 64 517 3
13841 266 3 183 104 702 11
14490 126 1 147 116 158 12
8158 52 1 44 53 183 13
4479 186 5 203 19 534 7
3002 37 5 139 39 225 3
1640 47 7 358 84 259 7
5288 347 2 130 94 498 11
11328 322 4 238 87 155 8
14342 910 2 59 43 381 1
12128 42 7 433 70 593 20
8033 66 8 471 35 601 1
13914 147 1 53 24 599 20
14366 723 3 66 65 122 18
14656 116 1 60 84 634 15
41 45 3 263 30 519 12
10155 59 2 120 115 472 16
7789 118 4 88 70 735 19
8122 236 4 218 39 598 18
14551 815 2 121 43 102 3
5533 11 7 422 79 842 17
8739 119 1 25 79 649 9
1037 802 2 158 112 565 8
1056 325 3 72 90 254 8
12852 50 3 140 23 335 4
6251 44 5 114 95 129 4
8979 55 2 127 60 901 9
12624 67 7 455 41 555 7
11251 343 6 133 29 114 6
5472 203 4 146 28 889 18
2663 863 6 468 40 573 3
11406 906 2 69 70 333 6
11140 99 4 223 57 105 11
14885 225 6 133 56 343 20
538 668 1 134 81 437 1
8635 186 4 97 50 480 14
10890 200 4 134 19 784 11
14622 658 4 115 58 319 7
6976 844 1 24 98 154 20
10156 128 7 373 29 142 16
3016 166 2 48 52 313 11
12565 193 4 172 54 692 2
14905 210 2 49 54 418 12
7863 64 1 187 101 191 15
13156 93 2 102 37 626 20
4415 346 3 139 103 598 17
12550 328 7 378 79 818 5
13197 690 2 63 73 278 17
3220 287 2 55 28 541 8
8714 41 1 57 32 287 19
5135 790 5 162 87 673 15
6557 73 1 24 38 232 14
10874 345 3 61 45 382 9
5623 253 1 53 34 476 10
10890 108 1 74 57 741 17
896 277 4 113 65 615 7
14743 158 1 64 74 303 14
13636 139 2 123 29 597 7
7133 285 2 114 44 166 5
2190 303 3 156 16 691 19
14351 757 5 124 44 354 6
4916 11 6 259 56 420 11
14000 28 2 166 98 514 14
10732 97 5 124 58 225 5
7876 308 2 180 79 301 18
10652 144 5 123 49 399 1
4204 242 1 34 42 345 16
11135 190 1 87 72 384 1
12146 126 1 54 108 248 5
5400 20 1 60 108 917 18
2542 237 3 98 55 429 20
250 75 4 187 44 528 13
9064 307 1 45 53 167 14
10537 266 4 232 40 568 6
2289 201 3 84 22 443 4
14487 858 1 120 62 271 5
11178 298 3 89 53 128 6
11861 273 2 93 64 146 8
6210 295 5 86 27 484 13
9036 963 2 86 67 576 20
2621 231 2 57 85 96 18
4751 203 2 122 81 586 11
8636 896 3 202 31 416 17
8932 151 6 142 45 205 2
13349 131 1 73 77 565 8
11634 156 2 127 48 692 2
8648 151 2 59 24 321 12
4212 100 1 459 96 316 14
1616 122 7 316 73 805 4
1605 286 5 111 51 197 11
4595 227 2 219 60 670 15
3821 343 1 55 24 532 17
3749 255 3 91 38 221 17
13833 329 1 204 106 446 9
10194 615 4 367 30 494 12
13656 312 6 198 25 198 5
4813 277 4 176 59 537 11
14988 343 1 332 40 148 4
3460 689 1 91 110 296 13
618 686 2 71 27 387 13
8016 11 5 140 45 230 2
2613 330 2 54 83 634 5
3845 43 5 313 70 775 15
2724 313 6 239 25 284 7
10915 52 1 86 84 438 11
12025 41 2 61 86 204 14
899 27 2 130 89 131 9
2760 163 1 54 113 246 8
7545 964 1 16 60 221 6
12929 194 3 68 36 226 19
1224 263 2 115 16 468 3
8498 162 2 47 88 274 10
4326 168 4 104 37 256 12
9338 865 2 119 82 709 10
12987 66 1 40 86 588 7
13453 189 1 24 38 119 7
12444 229 1 68 28 382 12
13481 330 4 126 70 451 7
4306 272 1 228 61 385 17
12638 887 3 84 25 557 8
10636 867 5 138 53 112 3
376 175 7 314 62 148 6
14796 893 1 130 47 511 3
1566 279 1 64 68 651 2
12414 119 7 124 73 408 5
13375 287 1 26 120 621 16
110 66 3 268 103 650 2
12449 724 1 50 106 377 7
5040 183 4 116 27 340 3
2813 258 1 48 55 197 7
3322 188 3 244 80 128 20
8698 39 5 259 17 420 8
4970 806 3 112 55 678 13
6606 53 6 180 68 117 14
10901 32 1 76 32 205 9
2322 938 2 79 79 526 18
12550 994 5 230 23 146 12
4631 285 6 196 85 696 15
11688 28 4 346 55 138 11
771 345 1 43 78 280 1
9178 884 1 102 59 155 10
8300 263 4 83 25 174 3
7198 256 3 289 56 239 10
1855 205 3 223 108 490 6
13198 127 3 112 39 816 5
4048 323 1 120 106 479 3
7139 326 5 164 28 417 18
14948 234 3 56 52 353 3
9148 334 4 188 105 660 20
11259 903 3 95 41 227 18
7296 996 1 74 31 718 12
5625 87 2 136 75 572 19
11109 768 1 73 62 876 2
7234 324 1 56 91 271 1
11170 344 3 127 72 227 5
2330 20 1 63 32 667 2
6929 347 3 122 78 332 7
1741 180 1 49 60 341 12
8418 889 3 184 57 321 11
1489 675 4 68 43 525 10
1958 293 3 160 57 803 14
10324 63 6 158 20 929 15
4762 329 1 46 45 178 11
2564 43 3 143 13 372 18
4524 332 6 182 104 350 6
12856 27 1 22 63 122 17
14716 200 7 142 45 147 5
12763 127 5 118 31 888 17
11107 105 1 54 58 965 11
1071 284 4 390 53 215 17
10203 14 1 17 48 262 6
9595 89 3 130 29 719 12
9015 240 4 67 69 83 4
1545 950 3 179 91 589 3
3166 328 2 138 49 149 20
14954 349 3 221 67 381 12
7975 246 5 277 60 414 5
6635 43 6 323 22 489 16
2434 142 3 80 32 76 10
8218 345 4 188 38 643 11
14226 128 5 168 26 317 7
13314 115 5 109 28 367 6
13000 794 1 178 72 785 20
12657 827 4 84 82 151 19
7657 305 1 17 50 131 4
1681 738 1 47 110 171 9
10358 698 2 195 110 574 13
2184 137 2 122 106 752 12
13417 81 2 69 23 282 16
9320 301 4 128 76 824 7
579 131 8 418 44 144 5
6507 89 1 132 39 539 17
7820 909 3 143 97 431 2
3937 67 1 194 55 422 13
6591 162 2 263 18 541 13
11829 275 2 38 63 137 1
6635 170 2 223 28 351 2
8761 640 4 182 79 283 12
4727 10 1 169 75 660 19
12964 208 1 43 74 641 10
12317 240 5 99 83 150 6
9045 71 1 53 61 350 20
5888 269 4 226 105 750 11
9666 38 1 189 69 551 19
9009 19 1 433 62 383 6
7989 93 1 48 66 377 3
11266 159 1 61 38 413 5
4965 149 2 84 34 169 3
5380 115 5 355 55 149 10
10416 295 6 406 48 583 2
9108 202 5 451 122 380 17
6182 611 3 121 119 309 16
6884 77 1 278 24 180 8
4379 110 4 107 49 498 12
13389 321 3 56 87 320 20
4605 327 5 135 22 286 18
7047 725 1 28 33 237 6
2495 205 3 232 61 569 10
11380 51 4 85 25 242 14
13160 109 2 58 56 566 4
5544 103 3 160 22 513 17
8299 765 2 130 52 573 8
12568 195 1 18 46 267 17
12923 91 3 160 15 535 8
2280 11 3 236 90 475 10
262 955 5 109 48 123 2
5838 825 2 171 45 550 2
1532 42 1 23 55 165 12
5351 111 4 112 37 244 18
11490 132 4 266 95 305 13
9904 285 7 342 57 173 13
8145 652 2 37 31 142 10
6889 343 5 144 41 166 3
5478 49 1 181 58 622 13
13317 316 6 202 23 125 11
10196 806 1 258 55 150 15
14277 97 1 128 72 638 14
10046 195 1 48 56 488 9
1479 132 2 111 23 366 5
2646 678 6 244 80 789 19
7954 322 2 89 15 551 7
4977 916 4 123 72 902 13
10377 619 1 73 73 194 9
8896 142 6 224 17 247 6
5639 72 5 221 81 411 10
2582 68 2 112 76 667 19
4674 259 1 30 77 251 12
3261 45 3 68 52 618 10
14595 54 1 208 97 452 12
1965 843 4 248 31 564 6
3275 324 4 157 58 531 15
4557 150 4 88 104 136 5
13650 678 2 519 58 488 12
14947 325 2 174 112 208 9
13402 332 2 47 66 176 17
3761 190 2 205 32 211 13
9445 167 3 135 20 523 12
3697 785 2 70 74 148 3
7237 220 7 269 28 146 8
11128 132 2 48 59 302 12
3174 207 3 119 23 549 10
14043 90 1 89 74 369 18
6437 72 3 391 47 117 1
4814 70 4 198 15 698 17
12892 886 1 144 82 736 20
8645 653 2 145 78 634 12
2956 650 4 107 69 348 10
11204 18 3 119 34 273 18
3025 859 2 84 82 658 5
1623 274 3 130 14 768 9
10926 278 3 129 83 500 8
3096 126 3 59 77 356 4
546 48 1 58 85 501 12
8323 67 2 58 56 246 8
14165 785 8 546 30 164 9
13591 170 1 131 45 738 6
11725 268 4 202 69 517 6
14160 853 6 139 42 140 13
12500 105 2 90 50 448 14
8777 248 1 38 30 135 13
8538 251 2 120 80 616 17
4321 225 3 102 71 322 17
944 325 1 127 111 450 19
4800 272 1 138 16 882 8
7418 135 6 201 78 770 13
4637 112 6 157 64 513 3
12037 812 1 77 41 626 16
13149 852 7 359 41 615 12
10654 348 1 200 116 965 8
5230 861 4 92 63 521 17
11656 934 1 75 71 513 10
10517 958 6 117 64 231 9
13768 22 2 36 54 89 16
6521 28 1 91 64 513 10
14045 331 1 147 107 458 4
11763 700 3 90 25 302 11
6408 327 4 144 24 590 19
5662 54 4 111 89 567 6
9443 95 1 48 62 363 17
4050 37 6 155 78 252 7
594 79 4 99 67 245 19
8946 662 4 159 77 157 16
7001 288 6 128 48 431 18
10102 618 2 61 98 93 17
1370 338 1 63 87 163 15
11794 764 2 70 80 486 2
7778 931 2 158 24 299 5
11389 160 5 94 91 155 11
6663 11 4 112 16 209 11
1743 35 2 48 74 259 20
7025 150 5 193 37 697 13
1314 22 5 252 104 586 1
11160 633 5 366 72 250 1
5235 312 7 138 26 285 2
7696 98 4 145 71 376 2
9040 239 2 51 44 120 10
14841 107 3 136 55 667 6
4828 247 1 119 59 398 13
7729 10 1 122 68 920 16
12298 294 2 52 69 336 11
8859 120 2 80 49 363 14
4772 317 1 56 34 793 2
3133 194 4 347 27 471 11
9175 111 2 186 83 503 17
3967 890 1 130 34 290 15
12824 839 4 339 24 774 4
5245 789 3 87 52 251 14
9116 690 1 155 76 652 19
4 282 1 54 64 426 20
8270 162 4 100 71 424 13
13396 329 1 73 68 396 15
13433 308 2 144 31 644 1
3213 224 2 95 61 454 18
5388 993 2 86 29 187 4
10821 155 3 102 17 623 19
4902 251 3 84 27 460 7
10496 251 2 75 103 751 4
14712 329 1 285 105 330 15
9537 338 4 96 28 238 14
5568 257 3 225 45 558 10
4552 252 5 480 45 750 9
13026 45 1 31 64 266 1
1543 18 5 204 64 715 15
5601 279 3 148 61 152 15
6897 90 3 275 112 241 4
974 788 3 78 99 167 20
8481 285 3 116 68 786 2
8589 238 1 32 36 521 16
2055 958 5 98 72 84 11
4839 290 7 382 25 733 15
9833 830 6 129 28 789 9
1654 303 3 145 68 502 11
7796 156 2 55 41 285 14
239 281 3 261 26 145 7
4725 189 3 148 39 253 13
11691 251 1 93 34 200 9
13045 316 7 125 52 103 11
4899 349 3 233 78 302 9
13922 41 6 454 30 628 8
8136 99 2 100 25 280 10
734 247 1 204 80 663 20
9221 16 3 334 26 656 3
2515 223 8 340 61 494 13
1474 780 3 63 24 545 20
10959 874 3 90 100 126 8
4247 266 2 72 22 259 9
341 27 3 171 26 439 13
13782 181 3 243 26 597 2
5245 210 1 40 19 205 3
11036 198 1 62 98 431 13
611 121 2 62 90 361 11
4214 13 4 322 34 386 19
11310 249 1 74 90 390 14
2071 36 4 92 15 285 20
1356 930 5 179 70 425 19
8695 41 2 45 97 229 13
10850 128 1 37 25 477 14
7200 167 1 84 23 331 10
4127 214 1 94 61 129 20
5066 232 1 121 39 146 11
10774 263 1 56 103 742 19
6005 148 6 121 44 158 18
13281 925 3 81 54 130 3
451 832 4 116 41 252 12
3548 171 5 143 87 740 7
685 348 1 21 43 352 9
11383 300 2 133 19 326 5
5816 208 4 143 25 724 12
68 216 3 120 47 815 12
14144 10 3 176 54 484 16
3531 206 1 53 55 514 5
11588 921 1 73 21 306 3
12201 219 2 88 68 465 12
330 326 4 176 41 668 3
262 115 1 32 78 785 9
6649 278 4 119 76 564 9
5357 30 8 518 51 441 10
14766 773 2 130 106 631 13
5552 915 1 24 84 149 16
14178 826 6 199 74 635 1
6623 329 2 116 31 569 5
14692 322 3 153 90 557 18
13290 276 4 288 59 454 5
7912 679 1 303 87 568 13
13825 34 4 125 59 541 1
13803 640 5 111 60 316 6
4783 37 3 88 69 586 3
2589 319 1 78 67 893 18
12483 92 3 138 16 214 8
3543 170 2 119 28 251 19
2317 268 5 163 23 356 10
11751 27 6 283 30 215 16
62 152 1 28 35 174 5
5879 967 4 131 84 796 16
5457 308 1 29 41 150 7
5358 99 3 73 98 307 3
8017 723 4 111 80 809 16
12920 246 3 110 31 395 2
14633 348 2 47 68 281 3
6612 898 4 100 33 825 5
12808 326 3 160 87 642 3
5913 70 2 145 20 182 1
8882 732 1 55 55 197 16
7781 156 3 62 46 174 2
9226 190 6 113 47 317 15
3019 209 4 90 38 991 15
26 158 1 54 73 420 15
3184 142 1 79 28 274 1
9544 249 4 184 96 668 11
4785 289 2 228 112 330 6
9513 889 2 106 46 262 1
6539 77 2 85 62 381 2
10078 52 4 195 18 374 5
14916 291 1 50 54 801 10
11302 648 1 53 64 611 10
11248 111 2 267 44 578 7
1970 259 2 193 28 840 4
8996 218 1 22 74 636 19
11906 86 6 401 34 676 9
202 166 2 128 71 119 2
3502 258 2 184 89 700 15
8999 863 8 179 77 576 18
2576 129 2 67 34 96 17
4383 175 5 187 81 657 6
10377 265 3 101 36 291 7
1735 994 4 100 19 451 5
11447 39 1 61 66 102 14
460 290 6 161 41 477 6
3011 104 5 144 68 660 13
12643 849 3 135 74 591 17
5324 215 3 284 110 506 3
10039 78 1 128 108 325 4
8199 299 3 64 85 110 7
1196 67 3 78 59 173 14
12367 318 3 157 23 517 6
5403 209 6 468 30 162 12
9976 262 1 27 94 285 20
13841 11 3 89 53 589 15
6294 208 6 152 91 585 14
3110 161 5 120 27 234 18
14615 233 1 346 40 495 15
14467 761 1 63 56 444 15
1075 246 1 46 36 200 1
2078 907 2 131 71 422 1
2818 250 2 104 67 219 11
3651 338 4 138 14 653 18
5935 11 1 54 73 621 18
4375 25 6 126 55 135 1
2970 962 2 157 54 700 20
2994 336 4 83 45 416 10
4362 265 1 31 34 306 10
10754 310 5 274 34 225 3
9173 105 5 112 97 496 17
6697 315 4 335 41 450 7
7258 948 2 124 89 904 6
3493 83 6 118 38 363 5
11695 262 2 436 115 746 16
2058 191 2 82 59 123 5
261 38 1 35 54 643 13
801 144 3 165 121 268 9
10576 88 2 145 30 487 15
14823 77 2 43 62 347 7
6568 919 5 367 46 117 6
8365 281 1 48 80 648 9
13532 208 1 16 56 379 1
489 934 4 221 52 677 4
6908 81 1 81 89 824 3
10099 146 2 83 101 187 3
4872 225 3 83 22 370 2
11655 272 7 429 46 796 18
3807 777 1 45 63 545 1
461 759 4 148 37 250 5
8208 334 3 79 41 443 4
12847 267 2 123 56 538 19
4365 28 2 60 26 329 9
12526 215 4 268 109 419 19
3327 177 1 36 39 242 18
9742 95 1 77 16 332 7
7845 188 2 96 33 221 1
6908 311 1 40 60 491 9
9960 174 2 115 32 319 8
12705 151 1 68 60 718 6
3423 312 1 95 71 521 8
9346 888 5 187 77 230 15
259 986 1 66 38 375 10
1326 785 7 204 85 600 5
5675 967 1 61 35 554 1
10312 66 4 229 63 125 19
4985 225 2 65 22 750 10
13716 133 3 71 34 186 11
13978 80 2 93 74 320 20
2900 216 1 126 90 368 16
9038 335 3 221 56 549 8
6537 61 1 144 81 810 12
14967 192 2 91 45 370 19
8843 335 2 90 107 228 18
13338 312 5 103 66 693 3
3254 289 4 400 55 237 11
12143 333 2 126 69 393 9
9740 908 5 191 75 147 4
3534 159 2 87 29 265 18
5354 893 7 154 87 282 3
1480 641 8 486 67 647 7
13136 297 4 204 58 151 4
4153 140 2 51 96 659 1
658 40 1 156 19 568 17
9530 323 2 68 56 482 6
2768 114 1 57 115 124 1
3548 70 7 246 48 340 15
7297 133 1 30 73 249 11
416 342 1 46 77 461 16
633 188 5 191 27 402 9
2413 214 2 101 18 255 14
10619 199 7 459 56 352 15
11460 212 5 187 39 292 8
11601 746 4 290 85 626 13
12721 870 4 79 56 153 9
3030 346 2 65 31 720 2
2527 313 4 227 20 155 10
4557 11 6 206 94 381 20
1066 156 4 237 22 482 1
10268 320 4 130 82 470 15
9591 81 1 24 67 679 17
911 206 2 47 82 140 7
1743 39 6 98 18 277 14
10370 245 2 312 15 245 4
12230 11 2 56 33 647 3
4043 954 2 113 110 329 3
4487 933 1 65 89 800 9
9721 238 7 140 54 106 2
8577 225 3 87 59 618 19
7166 252 3 122 77 259 6
8827 134 3 181 53 670 4
6198 200 4 191 15 226 19
9362 258 3 168 108 511 12
14675 101 1 45 91 340 18
12541 163 1 77 92 594 9
8181 170 1 51 64 255 7
5497 300 5 213 58 381 14
10730 321 4 98 61 258 2
14022 103 3 153 122 656 4
4269 253 1 119 30 588 1
3612 778 6 122 35 265 19
13867 97 1 122 112 534 13
10120 226 3 152 62 412 7
7968 313 1 126 89 392 10
9004 74 4 88 82 119 3
7559 74 2 240 38 520 17
14875 128 6 127 54 484 3
11458 319 1 92 61 560 5
11900 84 3 85 67 283 6
13659 237 2 145 24 457 14
12887 75 1 80 99 798 11
7772 670 5 143 120 522 20
6933 289 3 176 69 229 9
3135 13 2 76 72 507 4
12641 138 2 116 27 383 13
1699 324 1 54 18 366 8
10499 300 2 57 20 955 2
6930 305 4 132 29 266 13
7744 180 1 157 42 493 9
10242 72 6 335 31 548 16
11584 970 6 234 58 275 4
5081 309 2 105 18 236 9
7861 129 3 80 76 652 15
1202 318 3 175 123 730 2
8809 288 5 180 112 269 7
6558 723 1 135 28 165 9
1970 312 2 164 63 327 1
3722 279 3 140 83 233 2
7084 235 6 278 76 269 11
10585 788 3 143 68 293 2
9936 212 1 38 50 164 14
2564 276 2 357 100 537 13
11762 235 3 266 21 222 13
14898 84 5 298 39 606 3
9074 296 3 61 75 288 5
12230 228 1 80 64 422 18
15 60 1 125 106 764 5
10436 156 2 70 40 197 5
8665 335 8 148 48 835 20
10516 96 1 34 21 411 14
9729 340 1 80 69 179 12
14754 342 2 189 65 171 15
13228 249 1 34 29 192 9
5139 286 4 92 85 105 12
5381 216 2 264 102 213 13
6744 181 1 86 21 239 16
3014 285 2 61 93 750 11
9053 187 2 64 54 184 9
6476 160 1 145 91 803 6
14225 178 3 97 20 309 16
6145 283 4 188 19 306 15
3125 253 1 27 95 957 14
5159 299 4 156 70 797 7
4524 789 4 96 54 97 10
12723 115 5 167 69 200 11
816 182 7 381 93 447 20
6554 208 3 176 15 218 8
14264 286 3 75 97 174 10
7717 839 1 63 59 496 18
9908 347 6 179 38 586 12
3486 191 4 120 66 424 1
2481 158 4 123 16 213 19
8911 15 1 46 58 171 1
13954 233 1 120 54 507 20
11471 766 6 180 73 574 7
1980 11 4 264 27 497 5
14106 264 4 279 40 660 12
11257 813 6 185 52 579 17
8408 349 5 252 59 355 4
13889 239 1 235 59 710 13
6372 134 4 293 60 448 14
11857 144 2 145 115 663 15
14856 693 4 300 39 387 15
13671 124 1 22 38 124 3
5173 68 2 88 42 557 14
6203 263 1 18 69 241 12
10878 96 2 118 106 491 12
7496 96 2 62 102 239 6
13956 130 1 38 56 264 19
7996 123 3 213 37 239 18
4681 257 1 66 52 866 10
861 972 2 71 20 503 16
340 111 3 213 91 384 3
11064 857 6 118 99 602 4
2060 227 1 342 49 635 16
11472 173 2 172 65 377 16
5253 115 1 210 44 965 13
6430 260 8 547 63 210 15
12639 329 4 283 82 623 2
3423 69 2 162 66 654 18
14912 53 1 75 24 497 19
7789 73 1 24 83 847 20
2558 39 8 225 51 580 18
8669 121 4 111 35 286 9
7621 142 1 58 77 203 20
7188 272 3 100 32 430 17
7017 15 2 109 26 204 6
3772 270 4 93 40 636 17
3215 111 4 108 65 187 7
1354 293 1 179 85 406 7
12947 844 2 113 76 528 20
1533 165 3 84 64 361 17
4915 16 3 145 114 689 5
13364 51 1 22 87 285 7
2744 17 3 128 78 798 12
9357 243 2 154 40 400 6
10890 126 6 223 45 487 6
2141 342 4 293 50 219 1
13229 167 3 82 40 226 15
1907 744 3 116 38 330 18
10048 131 2 86 61 639 2
3625 59 4 282 47 314 13
8594 148 3 93 18 308 13
261 219 2 134 60 813 2
4011 68 4 236 111 363 20
1868 241 1 58 14 383 6
14505 227 1 35 37 465 13
8211 126 3 135 119 671 9
7836 331 1 117 109 711 10
7838 746 3 68 47 349 1
4967 827 1 28 23 247 15
7538 102 3 61 24 383 14
9300 87 2 68 69 582 20
2904 122 3 77 28 453 12
10488 96 1 100 59 522 19
14741 184 4 137 35 467 5
7374 103 7 186 61 237 20
13262 199 1 39 50 458 9
3606 310 1 124 98 348 20
13033 245 3 137 71 433 19
2163 268 1 81 80 176 8
8595 727 2 68 18 373 12
11630 269 1 65 76 699 17
14280 161 8 420 42 758 19
8765 254 3 148 20 151 2
8139 215 5 108 55 424 4
2324 264 5 113 93 420 6
5485 798 1 63 76 779 11
5396 163 5 120 37 152 4
6241 102 6 284 30 377 11
11569 326 1 47 71 326 12
5940 893 4 264 44 373 19
5728 174 2 467 52 371 20
10889 185 3 150 88 133 6
1433 346 5 126 53 243 19
11066 942 2 137 50 430 12
11142 349 2 283 38 794 16
4185 221 6 134 27 485 8
8820 103 2 65 106 230 12
271 242 2 77 61 530 6
4680 176 8 342 42 530 4
7494 127 3 128 30 600 2
9740 28 2 76 30 376 1
9171 292 2 100 20 216 4
9131 167 5 187 17 542 8
7251 134 1 43 56 127 16
1057 145 1 21 59 137 17
6976 24 1 64 88 688 18
632 297 1 125 90 824 17
11189 134 1 101 61 402 7
10637 236 4 324 63 220 17
7728 665 2 64 88 178 1
7605 262 7 294 43 609 6
6956 153 3 67 50 93 8
7598 757 2 111 44 287 12
7629 627 1 58 16 428 1
13097 157 2 309 92 610 6
5334 17 2 69 39 320 20
13233 237 1 50 62 810 8
6119 175 1 55 31 510 12
6426 304 2 47 92 164 16
4785 214 4 391 43 198 9
2811 242 6 188 14 227 3
7711 146 2 59 71 828 12
4154 308 4 205 123 724 18
10311 275 5 98 63 408 11
14691 954 1 17 58 240 6
13053 738 1 62 105 152 20
3766 192 1 57 87 697 17
850 308 2 62 61 173 16
3565 943 3 149 75 232 20
6912 89 4 186 95 361 16
6917 42 4 64 24 441 6
6411 253 5 98 48 761 3
12250 985 2 78 62 482 12
8933 273 3 206 105 647 17
4163 16 5 96 40 430 5
14437 108 7 233 79 542 3
12442 70 4 73 92 541 15
6927 71 2 141 81 874 8
8861 846 4 369 94 510 9
8121 145 6 153 34 97 14
7773 685 6 234 54 492 12
4624 268 8 396 68 534 17
12573 113 4 137 49 635 9
3923 311 3 169 51 708 20
10732 85 2 114 94 546 15
6394 233 1 227 71 631 17
7024 298 1 105 44 458 8
4203 86 2 184 55 157 14
11259 163 4 161 23 245 14
10487 212 2 54 31 293 16
2290 227 1 77 26 535 11
6300 212 3 102 15 453 17
4992 275 2 121 61 715 11
4085 23 4 128 84 413 10
1444 282 3 73 35 75 12
2217 720 1 122 66 972 17
6756 307 4 191 34 438 20
760 193 1 58 64 338 7
7650 127 3 292 56 186 11
2097 58 3 254 114 729 10
2883 285 3 80 52 485 14
9955 75 2 145 46 647 20
13731 649 1 36 83 567 17
4035 272 1 120 96 868 2
14533 57 6 130 23 300 8
10499 139 5 240 18 532 3
517 322 8 304 47 310 13
8666 957 1 70 71 644 20
10598 63 4 256 39 532 4
2703 959 1 63 100 836 14
3354 995 2 123 105 761 10
2097 338 1 64 25 250 18
13425 184 4 140 25 264 14
13380 956 4 246 35 513 10
12957 22 2 223 86 725 4
6790 53 1 58 76 255 20
5419 349 7 110 52 324 6
6897 959 6 183 20 134 8
7005 22 3 80 60 494 5
4575 63 2 312 54 695 18
8521 908 1 58 69 299 1
6393 179 1 77 24 541 5
12075 107 1 63 77 305 7
6685 89 8 247 48 359 5
12214 900 1 49 94 820 14
9338 882 3 97 20 333 12
3384 938 2 77 19 350 7
5904 143 2 88 77 486 18
308 252 2 223 21 722 17
13794 209 6 179 88 353 15
10558 112 5 214 37 617 2
5237 70 4 192 65 812 7
5252 845 1 42 60 167 17
14810 297 6 221 47 666 18
924 224 4 159 57 483 4
11131 178 2 84 69 749 8
481 847 6 507 29 641 15
378 53 4 548 33 434 17
6250 333 2 117 103 527 18
4484 94 1 115 41 337 2
10238 174 3 69 31 341 18
409 663 2 45 83 282 13
3825 253 2 150 17 373 8
6155 81 1 48 99 247 12
8610 223 7 160 53 349 19
5365 122 4 244 53 157 4
2091 210 1 117 92 214 13
4435 181 1 61 71 798 3
4986 886 6 135 27 520 8
10388 262 3 56 28 182 17
7028 72 7 415 79 785 3
13512 28 3 82 79 93 2
2836 203 4 137 63 863 10
1060 797 7 142 30 689 15
13913 294 1 59 66 508 18
5790 149 3 188 44 276 11
6412 202 1 75 45 461 20
14681 975 1 37 26 125 18
4938 215 5 236 102 189 15
10569 316 1 62 29 445 3
9871 258 1 32 115 225 5
1077 89 7 192 34 565 6
3197 994 1 58 95 168 19
681 31 2 67 58 524 3
14377 268 3 76 84 461 6
13208 276 3 72 18 406 1
14578 161 1 75 41 624 5
738 59 3 84 67 117 20
1181 148 7 220 88 257 2
8612 37 2 52 65 288 1
8004 73 6 155 47 241 11
8463 252 1 39 36 646 8
12389 155 1 49 76 183 17
1632 22 4 125 86 320 9
2668 319 8 380 47 539 10
4690 276 1 134 52 672 15
862 130 2 103 42 765 10
4068 148 7 158 20 704 19
5681 120 2 117 23 369 20
8172 51 2 46 57 245 15
1308 128 7 258 21 137 15
13593 909 7 317 21 234 4
1289 806 8 135 43 350 4
3737 115 1 18 54 137 16
4183 917 5 620 63 566 13
4299 215 1 18 38 110 13
35 249 5 260 82 437 4
14799 948 1 71 30 468 16
14752 955 1 68 20 283 10
12160 121 2 205 81 282 7
7117 793 2 40 77 158 19
2395 345 4 181 67 701 17
14717 186 6 364 24 397 19
6836 684 4 220 43 628 18
7917 249 5 274 36 613 18
5294 332 3 565 37 638 19
6953 621 1 79 72 491 16
561 135 2 46 98 145 5
11054 167 2 211 63 448 12
2844 313 7 289 31 286 5
10113 239 1 135 20 298 1
14568 73 1 76 22 422 6
4502 179 2 332 41 770 1
9180 257 4 162 26 572 19
7862 881 2 47 73 193 19
8750 37 2 107 36 295 4
3169 151 3 74 45 90 17
3862 292 4 147 85 445 16
10115 912 6 146 71 571 17
10234 68 1 39 93 570 20
14400 290 3 82 27 421 14
8219 67 1 154 50 509 6
4835 826 1 184 116 277 9
4054 56 8 383 40 598 14
8235 620 3 153 76 682 11
14031 136 8 258 32 143 15
2641 47 5 170 77 402 16
1264 289 7 487 75 232 17
10198 176 3 146 52 955 14
12363 183 3 191 64 678 1
5431 212 3 284 45 693 17
9295 953 6 305 41 489 3
11944 185 5 192 76 543 17
3441 114 2 115 24 421 3
9319 61 3 162 68 396 18
2414 79 1 25 106 870 7
5849 88 2 46 53 150 2
11098 836 7 134 59 308 18
7989 109 6 136 35 728 2
12295 123 2 112 97 668 17
13141 192 5 243 24 655 3
10668 156 1 58 100 403 11
279 69 4 70 96 486 12
3041 206 4 325 120 569 14
3651 226 2 88 67 874 18
1566 346 4 131 27 706 4
12232 106 7 467 28 966 12
7232 932 1 104 18 379 7
13389 189 4 156 95 457 11
2822 269 3 197 72 765 8
1415 201 1 24 105 317 7
1607 304 1 53 95 373 20
9837 202 2 75 25 435 17
1678 227 3 116 124 292 4
2010 835 5 155 67 246 13
10527 920 2 61 59 127 18
877 67 3 190 52 427 20
2786 88 4 202 100 248 13
3118 188 1 17 38 364 12
13566 312 2 145 39 587 18
6737 299 6 346 105 217 2
10802 54 1 29 27 559 4
13740 43 4 224 72 380 10
6597 308 2 65 43 191 2
8013 162 6 331 25 927 20
8827 192 2 58 25 309 20
10662 57 2 159 100 484 18
14843 964 5 201 61 212 4
9650 45 1 53 72 109 9
11319 218 2 112 55 393 3
1987 101 3 77 58 640 5
5511 113 5 101 66 169 2
13978 69 5 208 22 557 17
6441 223 1 163 27 325 6
12322 243 1 65 86 876 4
9668 863 6 400 25 715 20
8997 229 4 114 82 432 3
6733 656 1 75 35 264 15
5375 190 6 103 63 397 2
9582 315 1 96 77 397 17
2208 30 1 27 58 431 8
4851 299 1 61 103 517 8
14105 62 4 72 48 740 9
2831 240 3 252 72 393 11
11106 350 4 161 17 296 5
3989 698 3 253 55 539 17
7497 642 4 139 26 723 18
11085 44 3 118 26 845 5
11143 102 2 126 78 464 3
1815 156 7 548 35 530 13
6220 182 2 96 35 340 18
1523 30 7 400 80 269 14
9223 845 2 158 57 213 7
4563 40 5 127 29 282 5
13205 348 3 66 35 209 2
643 226 2 65 83 194 9
1970 277 8 231 56 585 17
12806 331 1 17 31 214 10
3205 235 7 289 27 954 11
4737 284 2 46 91 87 4
12355 28 1 69 59 714 10
4103 98 6 113 64 461 8
1592 319 2 77 72 163 18
4188 58 1 64 27 432 13
5164 708 1 27 72 592 18
11966 295 4 188 61 738 7
9604 131 4 146 100 211 17
13973 741 8 140 41 367 19
7814 130 6 191 96 592 11
13384 111 6 134 98 348 18
12019 936 4 146 61 482 11
1441 341 1 64 94 548 14
2899 28 6 121 52 388 19
14457 762 4 237 68 158 14
3589 204 8 148 55 88 14
12796 77 7 241 23 211 9
2771 255 2 187 76 444 15
14837 258 2 73 27 235 9
8661 618 1 31 52 302 4
2071 345 1 128 98 902 20
12409 210 4 131 31 347 5
12036 42 4 84 41 90 10
5899 100 4 102 43 452 5
10053 867 1 44 69 486 3
11612 13 2 96 103 214 15
1941 609 6 258 78 581 13
14025 31 7 457 43 361 17
10350 285 3 183 69 208 6
2159 244 1 82 23 554 8
14068 173 2 145 25 525 1
1864 11 1 34 67 314 11
4441 172 1 18 52 207 20
7483 64 2 72 58 324 16
9471 333 1 149 57 641 2
10686 97 1 63 64 824 17
6983 969 2 91 71 751 5
9761 195 3 75 30 739 11
6092 127 7 246 69 888 15
12299 225 1 18 57 131 12
11555 295 2 127 32 506 10
4318 648 1 226 72 248 18
10276 168 2 37 40 226 19
4969 311 5 309 65 279 7
11774 305 5 223 56 416 9
1206 42 7 160 32 145 19
3426 171 5 197 64 240 19
5408 212 4 212 35 180 11
7003 340 2 183 100 107 11
8066 90 1 73 40 541 15
5940 150 4 116 93 501 19
11652 236 1 124 89 348 1
7748 325 6 426 30 721 16
1505 176 5 251 66 871 16
7730 751 1 38 24 327 10
2998 302 2 69 39 301 10
11350 186 7 139 73 311 3
13092 328 4 124 43 272 15
3701 98 1 47 97 390 5
2689 171 1 137 23 446 8
7050 620 2 148 32 207 11
9790 50 3 67 67 229 18
5315 278 2 108 16 292 19
6855 932 5 88 58 589 5
3642 32 4 137 79 182 5
14705 50 5 112 20 257 19
10641 796 1 87 77 271 13
1711 146 4 214 25 611 12
219 222 5 157 24 272 9
3798 131 6 127 40 79 5
8876 251 4 66 34 862 9
5786 316 3 281 33 656 8
14383 149 2 43 89 295 20
8222 250 1 69 56 632 19
8842 67 2 156 96 111 17
3625 201 7 528 32 147 9
4005 243 7 129 49 149 5
2029 166 3 129 14 355 5
9836 160 3 71 39 482 5
7091 270 1 124 67 444 20
14334 280 1 148 63 686 19
5580 264 1 63 86 252 15
11987 30 4 115 50 387 6
4098 100 6 260 26 760 2
12521 101 4 164 87 668 14
3407 184 5 113 49 485 6
2505 640 4 334 114 524 4
11600 162 4 176 33 390 1
9960 88 2 101 80 393 2
3754 340 2 92 18 318 18
7283 129 2 147 96 561 3
5758 109 1 142 24 311 17
5830 47 3 136 33 341 12
822 232 1 80 77 624 1
13441 802 5 115 60 498 1
6984 209 1 141 47 553 17
14162 350 1 63 21 240 5
2487 649 1 34 30 181 13
15000 21 1 45 33 359 9
11224 43 5 152 51 625 11
169 182 2 152 39 307 9
14602 308 1 19 76 201 16
726 276 1 125 58 458 10
7935 216 4 319 60 138 5
4451 801 2 169 72 583 20
8641 235 2 62 31 341 3
14229 869 1 131 79 617 20
10286 978 1 59 62 566 13
7284 806 1 59 73 393 9
12115 752 1 69 29 266 20
7572 56 1 106 115 294 13
5557 125 2 63 41 173 19
169 147 1 178 20 195 4
2734 995 1 72 96 580 11
1699 59 5 143 33 131 9
4765 269 3 79 18 274 9
7812 175 7 465 63 786 4
10888 801 2 83 90 438 3
2454 261 1 53 108 939 17
5867 91 2 115 100 474 16
11138 739 4 242 73 375 4
12195 26 5 290 88 177 12
10144 181 2 88 23 881 13
10124 79 4 230 28 247 12
11827 852 1 114 94 261 12
150 339 1 149 25 429 17
2844 195 4 76 83 169 3
1118 331 3 63 44 167 15
12095 277 2 35 75 186 18
3925 217 2 134 112 188 7
14286 887 1 84 109 268 4
9500 801 3 54 39 371 7
9921 215 5 163 97 652 12
9402 107 2 123 72 476 13
14456 733 1 51 87 472 20
3978 95 6 166 73 242 4
3147 311 1 152 22 557 14
941 336 2 117 47 835 3
6877 47 1 44 20 281 3
4219 653 4 166 21 700 5
13180 686 2 152 89 264 17
3753 276 2 79 13 601 8
7553 196 3 149 109 332 3
12564 125 3 157 60 261 17
13252 226 2 137 81 597 15
5208 328 4 368 36 233 5
8128 143 1 46 73 471 7
5516 13 3 74 55 341 17
836 54 2 105 75 144 6
14068 119 5 100 19 543 2
11695 921 1 22 81 179 19
10803 730 1 191 80 252 16
3366 349 1 206 76 452 3
5945 165 6 401 46 434 6
6195 230 2 174 70 537 17
3749 200 3 209 42 549 15
10730 346 3 190 45 943 5
14423 229 4 147 21 821 13
11312 279 3 241 71 442 4
472 270 2 110 111 600 3
6133 319 1 150 26 431 11
8540 138 2 124 72 533 1
4603 220 1 21 56 128 9
5575 207 4 176 22 312 10
11153 208 3 127 20 523 6
80 896 1 24 59 172 8
14849 689 3 116 102 205 7
3321 935 4 71 36 223 10
12453 46 8 312 41 417 1
7090 22 1 51 118 407 11
3399 603 3 125 112 160 15
10397 333 1 34 31 184 19
13661 90 7 130 20 904 7
5538 73 4 104 40 152 10
172 138 1 66 20 398 16
5513 237 4 105 85 216 6
12962 794 2 138 110 415 6
1304 204 3 309 44 355 10
14215 125 3 91 67 436 4
6288 197 2 68 34 474 4
1744 27 1 46 68 307 18
1107 874 2 236 85 976 20
9820 98 1 132 87 430 1
9144 146 2 76 14 441 12
10899 151 2 166 115 500 18
14821 252 3 95 52 527 5
10272 349 2 137 33 524 16
14384 82 5 155 25 279 1
11468 16 8 377 39 310 18
10308 303 5 167 21 279 18
14145 110 4 547 51 348 4
3919 108 6 123 39 119 2
8428 273 1 64 72 859 7
5080 34 2 60 31 321 3
6490 612 2 57 62 130 18
7649 78 1 18 59 360 9
14582 12 2 88 105 200 4
14555 269 2 96 80 468 13
9045 10 1 52 40 190 5
12493 64 3 506 43 368 12
285 799 2 59 49 498 3
14330 79 8 404 60 676 15
12263 136 1 161 39 150 8
204 782 4 112 31 850 9
5792 120 5 109 89 435 10
12477 127 1 168 47 121 13
5873 120 2 56 73 688 10
10810 10 4 130 47 479 20
10314 13 1 30 72 889 13
9651 305 1 37 35 175 5
1018 222 2 52 41 219 12
4067 313 4 145 116 426 19
8638 938 3 136 93 573 19
9257 320 5 178 44 916 18
11914 169 5 135 17 223 20
10471 62 4 148 49 731 2
751 152 7 133 50 88 17
14807 137 1 105 89 344 18
9112 915 3 141 37 555 15
1357 121 1 185 82 523 11
14412 315 3 135 42 132 1
13839 708 1 26 53 159 2
12591 230 1 92 76 886 5
2663 907 1 124 61 224 20
708 287 5 165 28 168 9
300 172 7 112 38 409 5
13552 132 3 178 72 443 3
6700 161 1 25 112 731 5
7499 108 2 128 77 430 5
4061 88 2 125 99 115 9
7978 864 1 60 13 777 6
6237 913 2 224 55 604 6
13809 326 1 73 42 575 7
10461 67 3 77 60 362 3
7048 730 4 144 54 811 19
8263 212 2 45 64 147 13
9153 348 1 59 83 160 5
12555 127 1 45 63 142 11
9519 62 2 128 48 862 13
3814 167 2 214 102 521 18
8042 164 2 278 58 341 5
3222 109 4 223 49 436 10
2211 227 3 260 93 406 2
3132 75 1 32 55 276 19
3553 340 7 198 80 283 4
3447 161 1 37 36 619 9
1787 70 2 92 90 592 13
6376 61 1 39 72 202 11
6808 261 8 151 74 525 1
10681 125 6 146 35 710 4
13052 266 7 602 62 466 10
13308 322 5 137 25 626 2
14389 20 4 169 28 409 13
12983 264 1 115 96 483 4
3967 640 2 52 102 258 20
12451 909 4 281 84 480 11
10593 716 1 23 53 153 1
