38 754
7 48 80 384
8 24 128 1008
4 64 80 416
6 80 80 288
5 24 68 96
2 24 116 464
4 48 124 272
6 32 108 400
5 32 48 176
8 32 116 896
2 64 32 592
5 24 100 672
5 48 108 880
7 40 24 256
6 32 68 864
6 32 128 560
6 80 28 416
7 32 68 736
3 48 32 720
2 80 112 512
6 48 128 128
6 80 48 176
7 64 124 704
5 48 116 624
3 24 68 944
6 48 48 128
2 24 108 112
2 48 36 128
4 24 124 320
6 64 100 368
7 40 56 912
3 64 108 112
7 32 64 288
4 32 44 848
3 80 52 432
2 48 96 624
5 64 88 256
2 64 40 304
7830 583 1 115 12 317 17
10110 459 2 53 19 95 12
6839 77 2 27 79 285 16
792 539 2 92 75 592 4
2662 343 1 12 37 454 6
7 444 2 78 14 100 16
8531 127 2 72 20 94 10
9608 304 5 76 37 191 3
10011 108 1 32 8 35 15
8998 205 2 104 11 281 13
2103 368 1 26 53 41 20
1804 506 1 56 13 47 13
5055 39 2 60 63 74 11
5288 97 2 96 38 350 15
9237 77 1 16 16 627 5
6907 136 1 22 35 188 7
1191 640 1 227 15 253 4
5844 450 1 64 48 122 17
1221 51 3 69 74 85 7
339 77 6 295 48 101 9
6987 241 1 25 33 157 1
1737 383 2 49 35 212 4
11588 251 2 76 79 119 6
5135 31 2 131 43 35 20
4705 464 1 97 43 46 7
11297 27 1 34 21 75 20
7614 613 2 49 25 34 4
5569 452 1 22 52 378 5
6312 426 1 109 57 37 17
2991 442 1 36 63 407 10
10684 485 2 132 15 28 18
3489 590 2 28 24 106 20
8176 402 1 91 35 129 9
10192 607 1 112 40 71 16
10710 329 2 68 18 294 7
1687 592 1 73 36 418 12
7849 457 4 148 72 237 19
11495 642 2 71 57 105 14
5104 213 2 61 22 177 17
9720 15 1 10 47 40 14
703 214 1 14 56 47 15
10721 554 1 31 20 331 3
3958 252 1 96 30 109 18
8861 581 2 68 31 198 16
1280 195 4 144 21 504 7
1602 582 1 35 40 382 7
10567 407 1 131 13 134 10
11190 483 3 32 45 375 2
1824 415 1 31 23 221 17
924 132 2 192 19 101 10
1090 294 2 151 6 238 11
1579 591 1 179 18 257 12
2841 204 2 98 28 39 2
10999 306 1 183 33 204 14
3108 642 1 27 54 137 8
9068 534 1 101 73 31 4
9208 332 1 42 49 87 2
2161 281 1 193 15 103 19
7263 417 1 43 9 73 13
2022 372 2 55 17 61 6
5136 501 1 124 19 187 10
10843 180 2 125 42 349 7
2804 348 1 76 30 33 4
2254 645 1 86 19 37 19
10354 639 2 77 28 77 6
2671 67 1 71 33 270 20
6454 169 1 33 22 392 7
1216 361 2 76 34 95 10
7810 436 1 146 54 162 4
8983 544 1 18 30 122 15
11069 403 1 55 13 56 20
2926 281 2 20 28 67 11
9099 168 1 29 13 164 16
1092 214 3 132 25 521 16
3957 179 1 36 32 152 6
8872 339 1 9 42 43 17
2558 606 1 40 44 272 15
7500 613 1 32 74 375 9
10964 432 2 24 29 422 17
4527 582 2 48 47 583 1
9603 403 1 237 56 104 6
6593 341 1 12 41 56 14
2864 184 2 297 46 261 16
5332 202 3 120 29 44 12
284 16 1 71 47 156 1
3243 635 1 45 33 26 13
1954 252 1 64 53 165 2
7132 618 2 93 67 30 14
6462 320 1 31 56 235 14
3413 576 5 189 42 65 16
10888 210 1 53 25 287 6
3683 451 1 79 13 156 7
3103 572 7 141 28 157 18
6721 629 3 88 59 146 9
673 499 4 161 49 190 10
7449 240 1 44 56 25 14
1451 135 1 162 34 249 16
7670 587 1 247 53 149 3
464 238 2 47 73 366 5
10788 289 1 14 34 54 9
7954 595 1 69 37 613 18
3973 393 1 18 31 503 8
4565 639 1 22 12 443 2
9617 176 1 121 45 107 19
7963 71 2 142 52 300 15
429 91 6 127 75 606 6
11428 406 2 87 18 71 13
1133 639 2 92 58 65 17
520 182 4 64 31 210 13
9841 180 1 87 13 306 2
3459 306 5 127 60 27 17
4486 582 1 69 21 347 14
5660 222 1 111 12 95 20
8300 422 2 45 61 432 10
79 594 2 68 22 189 12
9882 174 3 42 74 225 18
7669 295 2 108 15 134 20
11608 428 4 317 55 144 2
7480 355 6 108 5 87 19
420 525 3 88 15 226 3
4873 623 4 48 30 44 9
792 74 1 51 43 105 20
1846 601 1 15 16 590 17
9339 404 3 48 39 502 4
5946 617 4 104 24 65 9
7872 586 2 85 31 495 12
8478 102 1 30 55 54 20
7294 188 1 59 28 204 17
1592 586 3 32 38 337 3
8220 56 1 23 20 407 5
2978 543 3 132 13 118 13
1410 157 2 108 73 210 4
9447 529 1 13 24 92 11
5860 613 1 40 56 230 12
9057 528 2 116 15 270 15
5290 22 4 90 49 77 14
1201 364 2 57 45 343 3
4176 91 5 70 15 379 8
3877 489 1 55 20 131 3
4590 150 4 50 29 613 1
8496 489 2 299 54 131 15
8884 608 1 33 56 211 14
6101 269 4 271 43 88 5
3390 53 1 45 15 383 13
5062 46 1 50 67 31 6
4137 82 3 73 28 107 1
2810 297 2 68 31 77 11
307 123 3 38 28 441 2
3227 477 1 145 51 84 11
10640 197 2 60 72 279 12
10374 298 4 111 35 281 2
9769 268 1 20 57 106 16
3473 615 2 31 30 368 9
7342 516 1 32 45 257 14
405 364 1 21 77 92 9
11683 67 1 39 24 53 1
6258 227 1 9 49 112 11
10307 74 2 36 36 405 13
795 474 2 88 23 185 15
11944 158 1 62 69 249 20
5241 337 4 317 11 39 2
5432 84 2 166 22 101 2
3249 493 1 32 9 153 12
1696 202 1 64 21 49 2
2103 419 2 68 56 103 8
7937 616 1 56 17 213 10
1576 214 1 108 27 215 14
8926 89 1 88 24 190 15
3721 178 1 74 29 32 2
381 636 1 30 20 226 15
4216 488 1 165 50 340 15
338 228 1 25 63 378 1
502 521 1 71 37 602 7
1909 177 2 58 34 254 14
8408 366 1 96 11 136 18
6505 306 3 246 35 202 19
8839 538 4 143 57 177 8
4926 457 2 73 80 380 11
6659 370 4 267 42 290 6
1456 554 1 16 68 496 19
3056 243 5 63 36 127 10
6851 390 1 20 29 641 7
5277 273 2 24 37 59 19
9338 576 1 41 60 327 11
4224 643 1 47 10 119 6
8329 405 1 101 65 201 11
11612 266 1 45 54 467 17
4110 606 3 139 17 174 7
791 524 4 134 27 389 1
6229 288 1 113 37 90 7
8393 571 1 35 27 31 16
2156 527 3 266 15 132 10
3490 645 3 191 27 92 5
1089 428 2 78 29 339 7
3275 325 1 136 41 89 18
7511 570 3 47 50 237 15
1227 390 1 166 54 70 9
11899 544 5 120 39 203 15
7067 256 3 100 71 77 5
8298 229 1 21 44 273 9
3781 38 2 86 45 547 9
10444 143 1 89 33 418 10
3123 206 1 27 14 159 8
7266 586 2 78 62 73 19
9433 197 2 19 16 254 6
3708 31 3 236 17 38 18
5099 296 1 17 58 214 8
1370 68 4 231 58 167 10
6256 383 1 37 49 69 8
1565 248 2 29 31 449 5
9633 421 1 45 29 213 10
10572 38 2 48 25 152 14
9770 147 1 73 15 233 18
3255 328 1 212 45 261 14
2940 356 2 102 78 362 11
3621 549 4 213 34 499 13
1466 77 6 241 52 125 4
9251 444 1 28 22 68 19
3705 612 2 32 64 34 8
5107 305 5 113 55 457 1
7581 65 1 52 20 289 8
8259 418 2 81 34 280 3
9137 387 2 103 27 77 17
7798 449 1 26 34 95 9
9599 547 4 70 38 151 11
9673 257 1 25 20 393 5
11561 285 1 21 15 392 6
6797 125 4 102 12 114 10
11022 540 3 72 22 630 20
4445 118 2 93 16 35 7
1176 263 1 18 41 182 19
9977 284 2 157 74 188 10
9502 36 2 112 48 294 8
4778 175 1 35 9 461 12
8215 157 1 170 73 42 19
4354 331 4 69 82 441 4
10094 50 3 95 53 30 11
9892 25 2 52 22 49 10
1839 111 4 120 10 58 2
10724 146 1 51 11 297 3
4010 345 1 61 14 214 3
10200 397 1 49 18 63 18
11874 177 1 10 33 65 6
6558 469 1 93 44 624 12
10980 251 1 40 42 48 13
2096 122 1 79 43 375 3
11383 647 2 57 25 73 11
3818 249 2 49 38 558 17
4317 556 2 79 40 167 7
1459 38 1 104 31 352 10
284 409 1 19 47 76 18
7594 285 2 59 68 162 3
5555 190 1 30 26 366 10
2726 300 1 35 57 24 14
5735 16 1 20 22 37 3
11899 126 3 215 62 93 13
2915 124 3 224 70 307 5
5562 429 1 102 39 152 9
2657 605 2 78 32 32 16
7870 349 1 50 21 59 19
7595 587 4 112 54 225 4
6625 208 2 196 28 66 18
7474 425 1 18 80 245 12
4700 459 1 81 27 288 15
7722 77 1 106 24 374 5
4742 119 5 94 55 104 15
631 108 2 66 18 269 1
10410 463 2 70 41 259 11
6901 498 3 99 21 56 4
2082 161 2 50 65 451 9
9901 313 1 74 36 444 15
3993 472 1 41 27 237 14
3723 210 2 50 37 25 1
7752 636 2 185 48 258 16
3070 161 2 42 38 202 18
11512 556 1 71 34 170 7
3787 578 2 71 36 42 11
6116 465 1 35 20 216 9
4031 39 1 28 12 519 8
1391 228 1 38 23 54 1
714 527 3 95 21 664 5
11449 585 2 152 27 155 2
8357 382 2 130 39 576 9
10877 558 2 62 29 173 12
402 454 1 75 73 60 15
11878 471 2 68 69 293 2
3210 300 2 27 51 418 13
824 329 1 86 34 80 16
5651 459 1 78 12 223 10
11904 303 1 33 15 68 17
5260 248 2 20 77 225 9
9121 417 1 68 29 113 17
10799 638 3 99 15 459 16
228 63 2 90 54 410 19
11405 59 1 33 18 168 11
1080 37 3 151 9 194 10
8056 582 1 54 40 603 3
11619 622 3 94 73 235 9
7820 584 2 34 59 448 3
11730 303 1 22 32 44 15
3940 390 1 42 48 38 3
11462 302 2 109 14 48 12
2311 250 2 58 37 279 7
63 632 2 59 36 131 6
7800 440 1 102 14 85 13
9862 122 6 74 23 107 19
7099 383 2 103 32 342 7
10162 91 3 176 7 91 3
2613 552 1 112 66 44 16
1499 123 1 58 29 37 14
11261 375 1 18 41 363 5
8447 476 3 48 21 144 11
10483 454 3 186 35 279 4
8883 511 2 35 16 45 3
11724 647 4 177 75 349 19
3536 195 1 19 66 165 12
3509 231 2 64 55 96 15
1306 386 1 67 45 243 5
7875 257 1 33 50 117 5
2125 139 1 20 25 55 5
3157 547 1 32 22 59 11
10251 202 5 112 53 536 2
9461 622 5 109 35 698 2
8927 225 2 61 12 78 7
1320 571 1 290 42 278 3
11529 556 1 46 55 65 1
2865 411 1 41 32 134 3
5365 590 1 101 21 373 3
1627 622 3 82 18 146 10
10475 44 2 69 79 290 11
8617 610 1 38 52 211 2
7665 573 2 76 37 344 11
4855 230 2 293 19 168 15
9934 628 1 131 77 177 19
7989 421 5 69 73 185 10
10045 422 2 60 83 714 2
8709 629 1 48 31 396 9
5127 98 3 128 41 200 6
11944 103 1 62 43 217 6
5179 247 5 62 39 729 3
7275 114 2 74 53 483 14
430 544 1 16 86 191 7
1697 384 1 50 71 160 19
11742 71 1 76 64 132 10
8937 304 1 40 47 94 5
7434 606 2 60 67 263 10
8442 337 1 19 48 293 4
7897 382 1 78 44 210 15
4406 579 2 63 33 421 2
2836 544 3 51 82 79 3
2509 62 5 144 17 115 5
7508 131 1 46 30 636 12
7236 363 1 43 19 201 16
7887 356 5 140 7 106 11
377 556 1 23 89 163 1
3435 367 5 187 34 205 5
11682 97 1 224 28 343 2
4660 480 1 55 46 125 19
8573 512 1 33 37 145 10
1927 226 1 34 43 184 11
1465 60 2 235 39 536 4
5041 649 1 12 42 504 13
5541 422 1 32 44 225 14
10437 563 1 10 23 245 1
2474 492 2 77 39 189 2
220 192 4 85 44 627 3
7891 284 5 145 21 31 17
5707 243 2 125 7 155 11
9572 300 1 46 32 138 12
8222 550 2 138 65 243 6
964 627 3 71 69 354 7
998 382 4 66 47 486 17
1984 172 7 137 44 62 4
4052 73 2 80 16 118 15
2849 184 3 214 44 148 2
11166 514 2 77 73 281 11
4179 151 1 27 56 163 5
2613 334 3 82 20 225 19
820 215 3 340 22 99 4
10240 526 2 113 36 570 17
237 354 1 18 53 196 11
4166 114 1 16 37 96 13
5317 582 1 17 38 247 7
10181 223 1 65 13 104 17
11025 81 5 107 20 140 4
2154 148 1 10 30 37 4
10022 78 1 15 72 49 20
11979 603 1 30 15 487 19
1441 447 2 65 16 228 6
11321 279 1 63 43 316 5
5288 82 3 73 33 79 1
6737 625 1 75 54 127 12
739 34 1 15 26 627 20
3894 503 1 38 27 301 6
7264 498 1 58 18 262 14
7302 348 1 21 41 342 7
9125 211 6 122 72 315 9
9830 297 5 187 24 405 5
9178 590 5 107 55 202 13
2186 53 1 39 53 185 8
3434 613 1 63 32 164 17
5334 322 2 54 36 244 19
11622 292 2 76 45 246 16
1366 591 1 116 34 270 2
11266 630 1 15 32 49 17
4696 381 2 119 13 322 10
6032 578 2 317 6 148 10
637 301 1 21 25 536 9
8769 171 1 41 31 328 13
1918 208 2 103 44 283 9
10848 287 2 162 44 282 19
8349 430 1 70 56 149 10
6796 409 2 56 19 47 13
5750 168 1 28 19 146 9
10961 414 1 13 29 76 8
10454 491 3 49 32 256 4
3716 443 1 65 34 91 15
8440 457 5 61 31 165 8
2190 69 2 79 22 86 13
5860 202 1 63 28 177 20
3229 49 4 54 76 270 13
3463 325 1 27 46 67 12
8844 539 5 226 41 104 13
720 422 1 52 22 219 17
3686 169 2 41 73 329 6
9851 625 2 57 38 269 19
9164 302 1 17 64 325 5
3670 504 3 294 43 272 18
8040 505 1 10 52 73 7
1691 166 2 76 26 370 1
2640 376 1 148 34 182 12
3743 629 2 121 35 128 10
4277 567 2 51 66 349 16
10622 127 1 288 17 71 8
9609 211 1 42 11 327 5
4141 410 3 77 40 55 8
4090 343 4 78 44 63 14
1090 495 1 171 22 63 18
8349 263 1 25 11 155 19
5922 14 2 26 39 105 9
3882 225 3 91 55 200 19
7368 125 4 96 21 400 18
3269 47 2 33 14 323 18
8873 594 1 90 71 154 14
274 287 2 33 43 636 2
352 85 2 75 64 130 4
10892 93 1 26 16 592 9
3299 338 1 16 37 30 11
7156 27 5 79 12 102 5
7988 382 1 10 65 308 12
10404 312 2 161 17 125 1
11734 270 3 80 27 170 9
7359 463 2 114 33 78 3
1101 413 6 208 7 169 9
9645 481 3 105 25 147 5
9386 142 2 96 28 62 1
11406 505 2 102 38 103 17
4177 53 2 75 73 176 1
11071 636 2 88 66 190 12
6671 579 1 32 25 293 14
5748 398 1 40 14 105 18
10197 380 5 366 8 122 20
4245 427 1 18 25 197 17
5430 256 1 117 8 239 10
9329 12 1 79 29 90 17
6824 215 4 82 27 529 8
2254 52 1 17 41 22 6
8462 425 1 95 15 325 13
11909 64 1 12 30 45 1
9195 306 3 63 18 70 14
7274 601 1 32 31 43 18
853 58 2 43 23 426 20
10869 590 1 65 31 454 9
323 345 1 101 19 131 4
5046 549 3 61 44 286 14
7070 332 1 17 33 106 10
3716 479 2 89 8 303 7
6115 323 6 128 55 54 20
4260 471 1 55 18 179 6
2975 112 1 19 31 594 16
9530 40 3 119 29 445 5
5273 148 2 56 20 364 15
8865 349 1 90 26 63 11
8614 230 1 34 31 69 12
1140 404 1 44 16 54 3
243 131 3 160 46 218 10
104 205 2 27 55 288 13
7187 358 1 18 66 256 15
2661 51 5 108 58 66 15
8050 329 3 110 46 87 19
5996 116 1 120 40 333 4
3968 480 2 90 59 158 4
10253 542 3 99 35 602 17
965 387 3 256 6 141 9
4433 607 3 47 27 484 8
6115 396 1 36 56 240 4
1393 628 2 34 49 358 2
2893 594 6 314 26 336 20
5715 11 3 111 29 605 18
10934 503 3 44 39 35 6
5294 382 1 68 59 312 7
1479 504 5 189 29 112 5
7407 10 1 73 63 86 1
4461 441 1 65 33 178 14
8447 222 1 15 36 63 3
6831 54 1 14 33 272 5
6493 525 1 30 53 199 10
9881 28 2 66 74 225 3
9604 149 1 63 32 196 9
4242 65 4 53 22 69 11
6289 539 5 173 42 100 5
9963 332 1 17 20 130 16
6186 197 2 157 55 66 6
5480 543 4 91 17 94 3
10266 593 4 172 68 221 5
3737 296 1 54 31 331 18
10526 47 6 117 45 699 4
8218 312 2 197 29 236 9
11420 471 1 35 53 314 5
8115 445 2 198 38 377 19
11186 229 4 93 39 171 10
5728 11 2 210 52 309 5
10241 299 1 314 21 58 18
11672 314 4 98 24 502 12
384 329 1 20 45 149 20
2697 616 4 144 25 104 16
9638 461 1 28 22 143 17
3730 486 1 17 56 375 4
9722 434 1 257 10 185 1
8406 190 1 23 24 36 14
7753 255 1 35 25 194 13
8404 587 2 127 29 44 19
9554 542 2 106 19 179 8
170 439 1 250 13 40 16
6413 159 6 262 18 98 11
99 537 2 60 33 65 20
7181 431 1 14 28 143 13
1207 389 1 109 33 549 20
11268 21 3 92 58 511 6
4113 42 2 65 16 204 4
1416 412 1 97 60 188 2
9978 81 3 35 24 580 19
8025 49 2 36 46 425 7
4277 132 1 32 51 190 5
154 126 2 133 29 390 3
3454 373 3 106 34 60 9
8558 564 3 97 22 572 14
7483 161 3 79 21 276 18
5353 327 1 14 42 37 10
11540 634 1 36 39 115 12
1077 627 1 315 41 160 6
10031 441 1 9 48 41 2
556 375 2 146 26 152 18
11920 383 2 105 69 343 7
9415 454 4 71 28 593 1
11854 309 2 64 9 117 1
7190 575 1 206 51 138 19
718 494 4 86 14 54 15
3956 170 1 27 19 51 7
4826 174 1 53 9 151 18
10507 386 3 305 51 151 17
9400 97 2 31 87 157 16
9027 462 2 80 29 445 18
9166 109 1 64 30 106 14
3509 68 3 154 32 308 8
4606 185 2 31 80 261 8
11893 132 2 116 28 249 19
1976 14 2 183 63 110 14
3802 579 4 163 15 666 11
3226 353 1 56 74 274 4
4177 36 2 100 19 269 19
5865 444 1 163 32 100 6
11119 349 2 54 32 521 20
9443 482 3 160 48 72 3
5023 86 1 14 58 103 16
1450 590 1 131 42 234 8
7871 428 2 89 41 279 16
7473 557 1 38 72 174 16
768 301 2 52 24 219 15
10906 340 2 66 16 228 8
5347 187 1 11 62 24 16
11146 591 2 155 84 116 8
10978 329 4 83 18 210 9
2130 520 1 25 20 376 14
8055 355 2 78 28 414 6
9020 348 2 66 14 53 14
8865 135 1 15 34 184 15
2082 289 2 59 33 268 11
7910 266 2 27 38 326 18
9987 606 2 162 74 278 19
4659 246 3 90 40 379 10
2237 330 2 32 30 297 5
3378 74 4 190 48 135 13
11805 377 1 20 28 386 5
2478 515 2 159 41 191 10
6286 182 2 90 41 157 17
7433 275 1 65 16 393 4
1051 106 1 52 49 120 16
2057 35 1 59 14 77 20
2089 108 1 58 14 269 19
9226 235 1 31 21 59 7
11124 628 3 110 27 171 1
5973 16 4 58 49 539 15
2543 497 2 59 13 169 15
5641 526 1 49 20 105 7
3945 291 1 34 71 282 15
1847 313 2 52 12 34 11
1125 498 1 30 29 385 10
7874 537 1 67 15 494 19
6165 644 1 25 48 205 16
4198 228 1 24 41 183 2
11135 233 2 121 28 97 16
5898 448 2 25 22 68 1
1010 298 1 91 15 175 5
8898 157 1 122 82 153 13
4852 229 2 57 76 229 6
9661 342 3 81 36 82 16
5210 103 1 55 48 419 9
10833 527 5 145 34 107 16
8957 509 1 61 40 140 5
4394 468 2 119 53 160 8
3895 221 1 60 34 58 1
9476 392 1 39 25 96 5
10603 572 1 75 39 28 5
1530 267 1 43 18 68 20
8090 315 2 113 52 210 16
1006 53 1 18 31 28 13
506 11 1 116 19 39 16
2644 271 1 157 25 435 3
1261 480 1 31 49 154 3
93 189 3 64 28 621 9
7128 255 4 215 18 106 2
11059 380 2 125 39 246 11
11323 245 1 37 12 94 10
387 206 1 272 19 56 12
11829 364 2 54 47 201 17
8843 329 2 148 24 111 6
6312 117 2 155 58 155 1
3954 553 3 76 18 84 11
9218 624 2 20 69 66 4
4677 280 2 32 34 325 10
4867 321 2 72 30 455 2
5236 71 1 63 21 112 14
11250 433 1 11 31 478 4
6419 22 1 109 29 288 12
10607 373 1 72 56 344 2
5810 53 1 25 27 218 17
3679 194 3 153 30 100 1
6682 539 6 93 37 637 18
3574 209 1 26 13 89 14
11157 254 1 71 44 73 12
7054 461 2 75 65 347 8
4127 535 3 252 31 98 13
10789 429 1 18 71 212 19
4585 216 5 133 48 303 7
11292 184 3 72 37 360 19
6300 248 1 21 18 292 17
2608 185 1 206 70 190 18
6856 507 3 65 35 207 11
9341 338 1 152 49 43 17
5098 224 2 20 44 62 13
6414 146 2 71 7 253 11
4315 15 2 31 35 54 13
4969 62 2 25 78 225 15
5712 587 2 37 22 421 6
1170 487 1 23 75 334 4
6580 648 2 61 15 67 4
8031 57 1 28 21 90 9
1879 185 4 75 79 98 3
11592 75 1 22 56 415 18
6306 612 6 194 39 247 2
1607 267 2 43 18 84 11
8189 217 1 94 48 284 5
526 189 5 116 19 276 15
2322 584 3 37 24 403 20
9748 626 1 31 19 203 14
627 153 1 20 44 328 1
545 448 2 59 37 84 14
4732 578 1 88 10 314 9
380 415 1 49 18 274 20
7447 139 2 121 20 77 14
11473 73 1 14 54 114 14
3959 32 1 57 87 160 3
6467 513 1 83 40 153 12
887 557 6 133 79 589 3
4990 554 3 56 13 192 12
5056 449 1 148 22 158 5
9443 490 2 77 21 51 9
9881 357 2 128 34 274 14
379 560 1 110 45 194 4
5724 87 4 289 18 138 16
8001 447 1 33 21 127 1
791 409 1 23 30 544 4
3315 69 5 166 19 438 8
4885 449 1 72 11 211 18
8789 318 1 33 16 506 19
9195 393 1 17 88 468 8
5796 425 2 70 44 308 19
11637 589 1 49 11 274 3
11474 63 2 40 39 117 14
6196 648 1 50 82 165 20
11194 95 3 73 55 329 1
2176 115 2 99 28 308 13
9072 336 1 19 31 501 13
6299 323 2 109 14 277 8
10878 511 3 98 10 107 19
11906 500 2 39 43 169 18
2467 547 1 87 21 432 17
1201 389 1 27 67 202 19
3864 189 1 19 79 82 10
5249 315 2 58 54 136 13
5672 313 1 204 19 119 16
2382 60 1 68 15 301 7
1187 522 1 197 62 81 15
1421 310 1 20 45 197 2
2381 293 1 53 25 256 20
5167 170 1 61 83 569 3
7428 289 1 13 36 338 12
7736 89 1 89 19 206 3
4375 366 1 58 27 195 2
8090 407 1 53 15 425 1
11314 505 2 44 24 35 15
4285 577 1 12 33 188 7
7374 278 1 68 16 82 16
8956 45 1 62 17 103 10
9261 72 1 29 19 397 1
8445 242 2 37 57 177 14
3496 567 1 51 15 283 16
9445 269 3 102 16 366 18
6339 632 1 191 14 100 5
5537 14 2 99 39 252 4
7414 382 1 41 67 64 12
2244 83 3 100 71 108 5
6161 67 1 58 56 232 15
8523 352 2 145 27 175 13
10617 329 4 98 57 278 12
11765 80 1 119 8 168 7
10500 41 2 37 49 48 3
55 301 3 61 81 508 7
1522 202 2 107 23 72 13
1983 49 1 70 56 466 18
11214 33 4 160 16 248 8
5928 154 1 73 25 175 19
9367 379 7 175 52 152 20
8009 24 1 38 33 76 2
11806 610 2 92 15 175 18
8414 624 1 19 70 282 16
11623 21 3 84 19 128 12
2806 296 1 90 45 184 11
9941 23 1 33 20 191 19
4713 280 6 120 72 231 3
10632 292 1 44 18 73 13
10159 384 1 70 61 282 8
3343 404 1 40 56 403 6
