7 68
6 48 68 96
5 32 44 704
5 24 128 112
7 24 28 1024
6 32 108 976
6 80 112 1008
7 40 48 592
1846 525 3 366 52 222 4
517 249 1 54 19 519 10
504 321 1 46 29 504 15
587 419 3 100 15 443 4
1276 214 2 162 20 224 8
1473 128 5 99 31 159 6
746 286 4 52 62 82 20
284 37 1 13 18 675 6
443 544 3 48 46 54 14
2154 106 2 65 8 379 14
1515 531 3 166 37 365 4
356 240 2 73 20 279 12
720 293 1 52 58 692 3
2354 231 1 32 16 30 6
1217 228 5 209 15 42 16
1070 627 3 79 39 22 19
177 117 1 32 38 67 4
119 263 4 112 28 64 7
714 359 1 18 15 216 3
2018 165 2 53 10 715 2
2442 409 1 94 28 27 13
2059 248 1 54 13 374 14
151 189 3 46 43 269 12
1775 352 2 44 72 223 14
925 111 1 26 24 35 4
1326 453 2 43 17 227 10
1062 143 1 20 22 371 11
2149 537 5 123 22 213 1
2020 396 1 66 48 677 18
536 349 2 47 84 62 8
1250 505 1 20 12 522 20
2065 61 1 58 48 63 17
578 533 4 178 40 205 17
1152 432 1 57 66 660 12
762 580 1 257 31 400 10
2371 155 1 29 28 360 18
2050 20 1 20 18 458 16
399 440 1 56 41 276 17
1955 263 2 269 25 714 18
2319 585 1 67 22 35 1
1113 32 7 114 18 371 15
1123 509 1 183 74 663 17
2293 125 3 171 44 63 12
1248 571 1 21 22 36 19
1056 478 1 78 62 345 1
2066 531 3 117 22 430 3
758 293 4 103 41 525 9
2121 443 2 60 66 234 11
1246 414 4 57 13 518 18
2207 291 1 115 25 276 1
2080 372 1 88 18 159 5
2248 308 1 15 46 37 9
1712 553 1 54 10 435 10
1766 376 1 32 16 285 15
2316 195 2 65 67 558 15
1634 271 3 97 66 38 6
113 418 3 253 31 357 12
378 38 7 139 11 348 11
1991 16 1 43 23 435 10
1128 91 2 39 27 221 4
18 453 1 23 36 713 11
1162 86 4 254 49 252 1
2230 15 4 144 37 57 1
1155 581 1 165 26 286 7
2238 64 1 25 14 324 5
547 427 1 15 23 422 5
346 339 2 34 30 74 4
406 355 4 121 13 392 13
