59 1241
4 32 8 320
4 40 36 32
1 16 40 192
1 48 68 112
4 32 28 320
5 32 52 480
3 16 32 304
5 48 60 368
2 40 32 368
4 24 36 160
2 40 36 64
4 40 40 208
2 16 8 144
1 40 28 272
3 24 72 240
1 24 8 320
1 24 56 320
5 48 72 160
3 32 52 304
3 48 64 224
4 40 48 416
1 24 64 384
2 16 48 416
2 48 64 384
1 32 68 288
1 24 72 256
1 32 16 480
4 48 20 416
2 16 20 160
5 24 68 64
1 48 24 416
2 40 32 512
3 48 60 64
5 24 72 448
2 24 32 176
2 16 20 320
3 48 32 256
3 16 32 80
4 48 24 448
3 48 44 64
2 40 24 96
1 32 40 512
2 40 40 352
1 48 36 48
1 24 72 368
3 48 8 80
3 32 40 512
2 40 8 448
2 24 68 192
2 16 32 80
5 24 24 192
3 32 64 496
3 16 48 400
3 32 56 96
5 32 24 336
4 48 52 320
4 48 68 144
3 32 44 352
1 48 32 448
2913 559 3 40 30 205 11
2356 162 1 20 6 172 14
3018 359 1 20 43 122 17
1101 124 4 82 30 130 6
4902 739 2 86 34 121 16
3369 451 1 71 32 49 5
4278 904 1 61 30 295 3
1625 526 1 33 21 141 17
4742 746 1 15 34 375 3
3265 828 1 31 15 317 6
4697 505 2 44 45 341 4
2517 333 1 17 21 153 11
2226 986 4 109 63 42 16
3525 102 5 100 15 97 19
3271 226 2 24 46 222 12
4574 382 1 23 23 118 14
731 308 1 16 22 99 16
1734 106 1 30 25 259 11
3483 380 2 32 14 136 11
251 550 4 107 13 157 6
2440 174 4 124 20 165 18
4131 946 1 13 23 178 10
1548 349 1 34 16 57 18
3652 902 1 13 47 291 1
424 517 1 35 37 139 15
2567 866 1 45 18 158 11
2501 162 2 94 32 53 8
811 301 1 13 16 67 14
3557 471 2 123 45 270 5
2294 433 1 90 30 89 6
3344 167 2 31 18 220 4
4817 919 3 37 20 202 16
1851 423 3 70 36 87 3
1251 738 2 110 28 21 3
1458 585 1 30 19 84 6
1421 777 1 77 47 45 14
2360 804 2 40 61 37 1
1026 843 1 74 14 73 10
45 238 1 19 64 224 13
3761 624 2 31 13 127 16
3396 892 1 38 19 64 15
754 389 1 79 31 480 9
298 934 1 35 24 304 20
4301 969 1 43 28 126 14
2145 224 1 37 22 270 18
2189 581 2 41 23 154 12
2263 405 1 40 18 197 12
2741 495 1 12 15 71 16
811 790 1 22 7 274 3
4270 738 1 38 21 367 13
3107 269 2 74 56 58 20
4264 753 1 17 62 173 9
1366 348 1 26 9 333 5
169 776 2 30 16 38 2
2923 569 1 13 18 48 4
2508 975 1 23 9 378 13
4718 561 1 23 51 196 14
3668 246 2 26 30 216 20
2071 193 1 14 33 154 11
851 360 1 63 23 360 10
2732 984 1 28 14 310 7
3739 91 1 12 19 91 3
248 480 2 101 36 370 20
4212 272 1 37 25 225 3
2765 676 1 18 6 314 14
4025 949 1 24 41 303 20
1151 414 1 20 71 218 20
577 662 1 22 28 453 16
2610 156 1 15 33 91 15
2473 784 2 35 16 287 7
4079 930 1 83 6 40 1
3413 255 1 95 59 79 10
122 968 1 41 22 38 6
2054 283 1 24 10 132 15
3447 345 1 11 20 102 5
2296 299 1 30 16 95 8
4058 719 1 39 14 279 20
1859 125 1 18 26 263 3
1533 128 1 25 44 202 15
3991 475 1 13 18 158 6
1069 261 1 42 13 89 15
714 406 4 127 6 279 16
4940 507 1 11 18 56 17
774 455 1 22 62 123 13
1081 463 1 22 64 129 10
2166 336 1 19 52 96 1
3968 827 1 33 8 58 16
2477 684 1 26 11 77 11
3045 735 1 70 8 170 5
1497 424 1 15 41 398 6
2045 276 4 128 28 236 15
1074 865 1 22 4 202 5
2007 931 1 24 31 122 4
4796 697 1 35 16 407 19
3359 801 1 34 34 55 15
2725 940 1 29 39 459 18
3960 182 1 37 19 163 10
1846 778 1 42 57 138 8
2964 223 2 52 31 405 16
3238 313 1 47 36 148 20
1063 996 2 53 34 117 9
3122 823 1 12 34 98 10
3634 864 1 39 29 28 14
665 499 2 43 44 197 17
2134 906 2 46 31 46 15
2729 381 1 38 17 165 5
4825 206 1 32 31 36 19
2347 328 2 62 6 227 17
4808 531 1 22 54 141 12
3259 848 1 74 59 220 18
3112 255 1 40 32 28 7
230 254 1 14 15 39 14
4896 453 1 38 22 142 19
4140 545 3 93 7 312 8
2094 134 1 88 6 171 12
3578 782 2 32 16 260 5
2599 233 1 46 8 311 3
3841 325 1 37 19 30 17
4280 755 1 15 25 188 14
3112 233 2 47 31 130 8
1940 444 3 87 38 338 5
4421 851 2 65 29 125 3
4456 333 1 33 27 159 19
4095 214 2 30 32 79 11
1290 780 1 24 64 264 10
2170 752 1 21 20 139 6
4499 84 1 14 18 40 16
3176 841 1 22 6 314 16
1788 614 1 12 35 116 10
2106 569 1 12 19 45 1
3680 274 2 39 44 174 12
2096 177 2 60 15 92 5
1456 921 1 13 32 55 1
3035 219 1 32 15 208 1
2519 437 2 34 34 136 18
1780 836 2 101 19 31 11
4232 468 1 20 6 285 15
2647 717 2 111 5 54 18
4844 472 2 27 31 271 2
2761 347 1 48 29 264 3
1779 451 1 14 8 143 19
59 587 1 58 19 91 2
3303 740 2 32 27 298 8
4418 467 1 39 23 232 15
683 444 1 33 21 304 13
4228 289 1 23 46 148 5
1142 391 1 14 19 50 7
3604 221 2 25 11 106 4
2428 783 1 27 31 206 2
3768 318 1 29 11 310 1
157 80 1 24 29 126 14
1161 384 1 26 55 140 11
1443 632 1 25 15 97 11
2609 267 2 24 12 167 13
2108 882 2 170 72 127 13
4176 622 1 21 54 130 16
3508 908 3 69 24 252 4
2625 467 1 13 5 69 11
3845 362 2 97 7 47 13
2164 497 2 78 16 53 18
736 987 1 22 47 303 5
494 651 1 54 24 244 20
3182 201 1 16 7 137 14
2468 721 1 34 24 82 18
311 465 3 33 30 68 2
1093 408 1 58 19 227 20
3033 228 1 28 18 88 9
90 660 1 12 29 107 2
3182 820 2 34 46 229 1
3842 218 2 26 7 121 20
4607 859 1 22 23 130 12
648 846 3 35 31 215 3
4487 267 1 13 22 157 9
2974 782 1 14 25 181 14
4437 586 1 32 26 173 19
4422 713 1 48 35 45 8
2213 653 1 12 10 158 4
4186 564 1 77 22 31 11
4975 376 3 84 19 188 10
3047 116 1 11 29 59 18
4780 725 1 62 31 49 7
434 177 1 34 23 27 12
4196 932 1 77 25 308 11
1051 540 1 30 41 222 11
3126 95 1 47 52 78 15
1097 964 1 22 40 191 11
4673 499 1 40 24 148 8
911 877 1 78 17 31 3
3411 860 1 40 6 55 4
3065 776 1 40 57 106 17
734 785 1 12 26 70 13
3532 368 2 28 31 391 11
4208 94 1 17 46 155 15
4449 180 1 28 46 91 19
2348 438 1 32 28 139 17
3155 785 1 36 30 47 8
3346 154 1 27 21 136 17
1338 880 3 68 23 88 9
3261 921 1 24 15 54 1
2539 119 2 62 39 187 6
4200 773 2 26 32 219 6
4222 714 1 36 19 216 14
2645 593 2 66 26 289 15
122 134 1 14 13 207 16
2150 895 1 24 50 176 2
4160 633 3 97 8 206 2
1111 992 4 96 6 295 6
3181 751 1 38 28 185 15
2195 430 1 30 16 462 10
1848 870 1 57 23 64 15
1792 862 2 22 41 317 15
1894 557 1 38 27 113 2
1365 976 2 87 41 288 1
2620 939 1 39 18 141 4
3479 978 1 44 48 83 17
3750 499 1 34 26 40 7
2464 214 1 22 30 138 20
1230 141 1 40 23 53 3
1084 967 2 27 17 302 20
1575 924 1 14 28 190 11
1639 482 1 33 22 419 11
1699 203 1 26 15 288 16
539 394 1 41 15 303 15
4747 779 1 42 27 393 12
3870 285 2 29 5 119 3
4149 428 1 21 8 245 11
4477 988 1 23 69 137 20
4362 178 1 13 20 45 12
878 680 3 182 24 400 3
469 117 1 16 27 175 11
727 390 4 177 50 112 5
4213 403 1 39 19 30 5
4739 481 2 22 17 200 13
864 321 1 62 28 63 5
2975 245 1 43 45 100 12
1109 971 1 38 20 165 15
3131 619 1 13 15 133 16
1300 430 1 14 17 107 10
2350 769 1 24 13 320 16
2214 549 3 67 37 71 6
856 519 1 31 17 211 3
2217 273 2 93 7 73 18
3831 629 2 70 36 277 8
1906 971 1 19 6 185 11
2940 564 1 24 60 201 10
2399 596 2 23 17 174 3
2378 267 1 16 11 280 11
1606 991 1 30 24 258 16
4931 590 1 37 29 135 8
2338 399 1 45 18 315 9
3969 932 2 56 36 30 9
3097 473 1 11 31 78 3
200 353 3 64 21 105 16
3299 176 1 24 7 239 13
4152 599 1 153 10 399 13
4935 519 2 71 12 93 15
2980 801 1 14 23 190 7
4362 195 1 94 44 87 12
4424 242 2 33 23 279 18
951 911 1 62 18 96 2
4512 908 2 31 31 79 11
4940 906 1 22 4 242 18
4680 666 3 120 7 297 8
3326 970 1 57 8 268 8
4557 108 4 84 23 138 18
825 122 1 24 13 402 15
326 541 1 15 18 38 14
1339 257 1 31 26 33 15
900 104 1 13 20 159 7
2632 580 1 15 5 81 10
4010 735 3 127 14 261 2
2129 485 1 14 6 89 1
3889 926 1 30 25 45 7
2240 222 2 22 17 159 12
1438 171 4 152 23 28 2
1400 148 1 40 27 224 2
3410 449 1 12 22 92 8
4849 976 1 41 57 104 2
3119 957 1 15 19 191 17
680 197 2 55 46 54 17
1550 941 1 24 34 136 19
2134 534 1 48 14 259 7
3415 138 2 21 6 139 1
4400 714 1 33 19 209 1
1012 1000 1 56 30 239 13
2242 474 1 19 61 117 13
4805 267 1 41 36 98 16
1450 99 1 11 22 151 9
4841 865 3 89 17 92 11
2457 244 2 91 34 22 4
1365 946 1 12 34 106 18
1800 682 1 32 35 407 10
2502 184 1 31 29 43 4
4289 240 1 63 8 304 10
2340 882 2 76 31 31 12
2513 592 1 13 46 204 6
4970 926 1 48 32 205 17
3010 166 1 33 54 79 4
2317 159 2 72 16 72 13
1156 357 1 28 22 79 6
1175 948 1 30 18 69 17
1308 176 1 38 26 45 12
2843 870 1 37 34 32 2
2795 162 1 28 8 66 11
1084 834 1 35 22 59 5
3885 962 1 23 6 86 10
222 619 1 22 57 164 11
3461 534 1 48 22 126 1
4702 630 1 24 6 301 16
2966 211 1 15 16 152 2
3425 258 1 34 7 75 8
3742 752 1 41 34 42 13
886 676 1 69 33 53 11
4736 192 1 42 49 82 8
3897 617 1 27 7 98 19
2503 834 1 48 19 147 16
4023 364 1 23 43 148 11
113 481 1 40 24 329 14
4990 864 1 18 45 147 13
1344 671 1 15 11 96 1
2056 785 1 25 27 357 7
2497 858 2 42 20 148 6
4521 318 1 34 58 78 1
2498 699 1 31 9 251 12
4442 310 1 13 4 138 8
3302 142 1 39 23 394 10
829 870 1 12 18 70 10
3799 356 1 33 32 343 11
1340 910 3 76 39 233 14
1444 202 1 48 24 415 2
271 221 1 13 19 49 15
4019 746 1 37 59 393 7
3935 163 2 24 6 130 7
1823 815 4 101 6 166 17
27 757 1 25 40 199 19
958 855 1 24 8 286 17
2584 371 1 159 17 289 4
2108 511 1 13 16 47 14
3828 145 2 47 31 175 16
2998 668 2 32 31 200 9
1821 946 1 18 6 162 3
88 100 1 13 5 72 16
2934 901 1 21 7 196 20
1368 995 2 22 18 276 8
3662 541 1 11 30 72 20
1958 790 1 22 63 452 8
3573 725 1 82 5 77 3
3054 528 1 38 52 142 9
526 531 1 38 47 89 12
618 222 1 27 34 286 11
2483 632 2 86 53 50 14
709 595 1 27 17 301 20
3822 768 1 39 5 438 1
602 876 1 40 18 96 9
1159 695 1 12 25 94 9
3566 745 3 93 52 386 4
2379 310 1 71 25 43 12
2213 540 1 17 70 128 2
3123 989 1 36 7 72 2
4596 949 1 24 6 223 18
4571 227 1 26 37 283 15
1965 161 1 41 20 381 7
3713 320 1 72 4 231 16
2878 817 2 136 23 373 18
56 718 2 67 26 358 6
2485 776 1 22 57 163 4
1909 515 1 45 39 76 3
2285 907 2 32 46 365 19
1520 899 1 22 5 153 14
91 750 2 75 6 289 16
4224 318 1 19 7 317 13
1960 468 1 27 55 273 15
4648 823 1 14 11 141 9
1505 802 2 57 24 318 12
3927 609 1 33 24 267 14
206 752 1 23 34 179 20
1253 973 3 94 6 280 11
3583 583 1 20 64 163 6
1876 550 1 28 5 421 2
2584 83 1 33 22 305 20
3412 732 2 58 30 62 13
1912 955 1 24 5 172 2
628 441 1 40 22 268 15
2083 887 1 24 7 234 20
1054 559 2 31 24 75 14
3579 740 1 33 27 378 4
1842 306 1 23 13 372 14
4659 154 1 33 7 309 8
3472 607 2 66 26 45 9
2826 477 1 36 23 198 7
948 215 2 38 20 140 7
4107 962 1 28 42 239 11
3808 970 1 24 8 145 6
2658 627 1 29 12 409 1
4631 400 1 47 19 109 12
1192 465 1 70 21 191 2
4069 102 1 31 19 426 17
4480 199 1 18 42 310 11
2709 181 2 85 6 278 15
2501 322 1 53 6 411 16
1800 191 1 15 40 101 13
4439 536 1 70 19 80 3
2653 362 1 24 54 172 8
3188 617 1 39 17 32 1
2503 305 1 20 18 112 3
4236 905 3 113 34 17 18
947 973 1 31 38 248 18
1656 469 1 15 39 105 8
852 546 1 14 31 246 16
4844 971 1 47 15 300 8
190 416 1 19 51 234 4
293 395 2 40 45 55 16
2270 469 1 31 22 73 8
1710 871 1 139 31 17 11
3455 784 1 14 7 95 8
4089 93 2 31 25 245 5
280 972 1 23 25 155 15
3751 940 4 80 13 116 11
3822 86 1 22 21 282 7
909 630 1 12 32 173 15
2215 991 1 64 19 233 15
4358 194 2 23 19 242 9
3697 858 1 32 44 223 6
4614 366 1 27 32 249 6
1096 477 1 29 28 55 3
1297 399 1 56 6 263 18
2762 680 2 55 31 22 19
3425 295 1 14 22 122 3
2524 165 1 23 26 121 10
921 717 1 18 39 253 20
4840 366 1 14 15 158 17
797 199 1 34 17 212 7
1969 667 1 16 10 119 4
3423 931 1 64 34 50 19
1346 282 2 32 18 183 15
2244 821 2 132 23 431 15
4655 848 1 24 47 256 8
3093 815 1 17 24 128 3
3741 267 1 33 45 110 12
361 235 1 62 8 248 5
1166 171 2 48 16 57 13
4637 970 1 33 33 56 12
3663 277 2 21 17 296 1
4442 415 1 40 13 274 8
3131 902 1 15 32 41 19
2623 407 1 119 40 41 9
2752 814 1 28 9 321 4
2108 885 2 30 25 68 6
2542 623 1 32 8 39 15
2788 197 1 39 26 49 17
3646 116 4 138 35 24 2
776 462 1 27 27 171 8
1221 615 1 31 24 65 12
312 389 1 31 37 264 6
4462 592 3 80 26 93 12
1937 860 1 22 33 51 3
4247 889 3 104 56 366 2
2911 931 2 25 39 334 12
3149 442 1 72 21 230 2
520 419 1 15 32 177 14
1140 420 1 16 28 88 17
1230 830 1 30 8 100 8
2018 389 1 96 40 97 2
2040 971 3 38 24 39 13
2469 363 1 44 33 74 11
4050 544 1 24 15 62 13
2143 851 1 27 19 214 11
1368 212 1 38 18 41 11
4897 495 3 53 21 157 1
9 853 2 48 24 117 4
1927 897 1 44 21 87 8
381 934 1 18 43 169 3
2886 352 1 12 36 158 19
723 352 1 45 20 415 10
2188 850 1 42 28 84 20
1758 732 1 38 19 316 18
3577 112 1 30 22 229 13
668 849 1 38 24 354 20
1709 634 2 69 22 349 1
2635 786 2 54 7 308 16
3870 246 1 22 72 131 18
1847 499 1 25 51 80 1
3515 659 1 16 64 203 7
3242 519 1 31 14 389 12
1618 297 2 78 23 77 8
4090 148 1 12 7 67 18
890 586 5 88 21 124 10
1059 439 3 77 21 191 11
3951 743 4 123 18 32 14
4432 916 1 61 6 447 2
112 604 1 29 27 250 19
4270 202 1 71 18 53 10
4746 881 1 48 35 50 1
2889 364 1 38 15 182 8
273 876 1 27 18 194 11
3139 451 1 12 33 181 15
2328 740 2 37 23 61 16
570 749 1 16 14 222 5
1123 564 1 47 23 300 17
1594 836 1 48 17 152 6
4597 995 1 17 8 145 20
1029 877 1 16 37 172 11
1163 650 1 13 15 154 6
4479 218 1 33 25 152 7
1734 859 1 39 17 341 18
3369 662 1 61 48 68 16
2355 256 1 48 22 41 6
2733 735 2 44 62 42 17
3610 295 2 120 22 169 2
2084 475 1 44 67 91 4
1701 828 1 11 20 94 10
3139 964 1 35 20 188 18
1313 967 1 38 18 252 7
4784 308 1 58 15 71 6
1591 799 1 35 5 73 5
3529 388 1 48 36 104 10
4982 789 2 24 7 101 9
4905 308 2 84 24 273 2
4273 453 4 96 11 96 4
1383 111 2 70 49 95 11
3162 921 1 24 23 368 1
1291 162 1 32 18 336 10
4288 240 1 24 60 175 7
192 564 1 13 17 66 14
3421 700 1 23 49 197 4
467 933 1 14 18 161 17
2914 858 1 22 25 219 2
2005 750 1 48 17 28 11
3373 754 1 20 34 181 2
1041 103 1 40 28 109 16
1532 594 1 32 29 175 7
4230 893 1 37 27 244 17
4063 574 1 45 41 64 1
4586 376 2 47 6 253 3
211 772 1 24 12 453 3
911 675 1 45 20 414 16
4776 524 1 13 34 142 3
380 497 1 31 9 388 11
2727 232 1 37 16 201 16
611 297 1 29 24 68 1
4956 376 3 88 7 199 1
1813 188 1 32 19 165 2
4140 426 1 32 47 361 18
2253 802 2 60 17 170 11
3361 579 1 45 8 46 13
1394 141 1 17 7 161 17
3231 641 1 28 44 374 14
421 589 1 40 31 297 3
3141 564 2 88 5 222 16
4946 736 1 14 20 229 6
2353 360 1 77 23 284 16
1523 265 1 42 8 64 9
1835 547 2 92 29 21 2
776 716 1 13 24 213 19
2755 794 2 32 5 97 5
954 438 2 64 28 54 12
1233 620 1 12 26 187 2
1016 373 1 39 27 117 12
3588 438 2 36 29 73 8
4931 451 1 41 20 275 1
3098 907 1 21 37 117 13
1236 323 2 31 25 258 7
2574 862 3 99 30 27 15
2259 412 1 23 5 116 8
1253 235 1 24 24 393 13
1462 702 1 15 30 46 5
1093 363 3 92 51 60 2
3766 645 1 41 4 63 6
3089 449 1 38 42 42 11
2385 313 1 15 40 395 10
3657 388 1 40 18 247 20
357 120 1 57 7 245 9
1095 232 1 25 28 249 3
1697 934 1 32 25 61 3
3565 510 1 53 26 215 16
4560 684 1 13 19 232 15
4193 994 1 19 36 130 10
4585 751 1 43 41 63 10
2959 885 1 37 24 280 7
2461 168 1 21 39 362 5
357 376 1 19 41 238 13
3138 821 1 36 30 111 17
2526 493 1 30 21 60 7
2645 920 2 25 40 197 1
410 407 1 77 27 19 9
2787 407 1 16 61 212 4
352 123 1 23 26 325 19
747 945 2 31 47 207 19
3251 332 1 30 65 160 16
4037 283 1 18 5 155 9
4239 273 1 47 21 30 20
3068 722 1 43 20 45 5
3058 753 1 45 49 88 5
4117 852 3 75 46 447 14
4831 177 1 42 8 52 20
225 137 1 46 21 266 13
76 661 2 30 11 291 6
1603 943 4 102 34 61 19
4526 570 1 32 10 117 17
952 899 1 41 22 105 7
3248 257 1 22 31 146 15
4882 108 1 55 71 403 9
4210 463 1 40 8 271 17
1182 957 2 64 30 167 18
2413 629 1 56 31 425 8
3285 470 1 12 7 89 19
1725 205 1 39 25 320 3
1799 663 1 31 8 406 1
1005 676 1 35 24 55 19
4468 810 4 88 21 109 16
4793 655 1 15 23 286 7
2737 316 1 47 21 328 6
369 960 1 20 6 259 20
1738 158 1 27 30 63 15
2805 902 1 23 56 161 19
3276 350 2 26 24 74 17
4493 498 1 20 43 185 3
2130 472 1 74 27 62 14
2615 613 1 29 13 123 16
776 597 1 21 11 387 3
3175 168 1 30 20 87 4
993 854 1 43 21 217 9
3356 98 1 34 15 348 1
3733 995 1 39 22 140 3
1684 288 1 20 38 195 6
1397 932 1 21 57 128 12
911 237 1 16 23 87 4
1058 389 1 33 64 149 3
257 447 1 32 28 53 10
2403 594 1 18 58 186 17
1805 430 1 79 50 266 8
1943 851 1 13 31 42 1
3953 456 1 22 11 252 8
4206 775 1 48 54 103 2
350 278 2 50 7 260 4
256 433 1 14 35 123 10
2536 446 2 77 26 16 2
4875 826 1 37 24 61 10
2858 422 1 39 17 43 11
1554 617 2 47 22 120 1
4069 753 1 42 19 308 15
3600 629 1 16 18 185 16
587 782 1 35 57 64 10
3728 284 1 38 17 236 18
189 194 3 144 49 66 15
4920 543 1 16 17 46 13
4324 311 3 47 32 42 9
4034 520 2 58 28 56 19
3894 713 3 116 12 140 19
799 209 1 39 48 189 4
1254 591 1 45 32 79 7
2050 517 1 37 27 30 2
3855 501 1 20 42 294 20
2714 747 1 37 25 171 5
1677 249 2 43 18 146 20
1651 568 1 39 57 194 17
4579 85 1 22 8 246 19
504 652 1 48 47 84 2
4962 794 1 30 19 74 6
3096 224 1 36 26 351 19
141 572 1 30 19 151 11
2027 960 1 47 31 95 13
1771 680 1 39 16 337 2
1774 418 1 29 27 41 7
4502 202 1 31 21 193 4
3627 280 4 149 31 15 18
3371 597 2 65 32 78 18
3894 203 1 16 23 117 4
2821 828 3 49 21 130 7
3724 148 2 28 10 196 7
4215 413 3 32 45 365 3
885 772 1 30 19 72 20
2742 547 1 48 16 329 7
483 795 1 13 16 72 5
3795 539 1 12 33 161 2
3532 608 1 22 24 78 6
2783 852 1 33 16 254 11
1344 790 1 13 19 268 5
2151 378 2 42 28 130 14
3548 415 1 13 17 291 11
1868 644 3 33 27 233 14
1953 274 1 64 66 113 18
1660 839 1 24 7 147 3
469 353 1 22 10 469 15
607 515 3 67 34 105 20
4041 757 1 29 8 445 4
3789 634 1 45 23 282 3
2364 530 1 42 30 111 6
3310 359 1 23 46 195 2
724 591 2 55 49 71 2
1198 923 1 26 23 69 3
2817 124 1 12 27 173 9
1634 501 2 34 14 187 8
3453 343 2 76 34 397 19
3057 278 1 39 12 342 11
982 989 1 33 6 313 6
4258 440 1 35 56 86 15
2407 413 1 43 24 389 3
3052 501 2 28 14 111 5
4674 947 1 13 17 302 5
2239 815 1 53 22 310 14
1637 661 1 22 47 111 15
2126 490 2 113 28 18 11
21 122 1 32 25 170 17
2011 391 3 100 20 329 18
677 509 1 32 7 233 11
4637 216 1 18 59 248 2
1520 406 1 28 34 60 10
1481 393 1 72 20 185 13
3288 742 1 19 38 290 1
3994 834 1 54 29 67 12
1950 441 2 79 26 302 19
3253 504 1 31 8 288 7
4083 361 2 61 5 315 16
2514 670 1 19 39 250 1
4974 626 1 31 35 239 1
3383 906 2 49 23 155 14
693 408 3 106 5 300 3
937 92 1 29 7 88 16
191 283 1 20 52 157 4
2554 866 1 15 36 385 19
4457 686 1 41 25 336 4
4652 527 3 45 30 185 18
2898 524 1 22 15 391 5
1736 295 1 56 30 388 18
118 715 1 36 27 63 1
1967 148 1 14 25 200 3
592 334 1 19 68 157 6
302 950 3 111 5 58 17
1924 785 1 16 44 265 14
1570 460 1 36 7 387 2
4833 165 3 86 42 226 2
4982 161 1 38 30 231 4
1980 214 1 47 19 264 20
843 676 1 16 12 152 18
4007 665 1 27 17 223 9
1760 239 1 19 32 381 12
2067 188 1 27 19 236 5
937 879 1 11 26 118 19
1755 577 1 16 14 189 16
2094 988 1 15 18 165 3
2841 681 2 76 23 202 16
2810 984 1 45 17 37 11
3198 258 2 28 29 378 11
4175 464 1 16 6 166 17
2473 891 1 37 15 72 17
1045 341 1 39 14 384 5
4519 761 1 32 10 241 15
819 826 1 21 34 191 19
2033 911 3 58 22 177 3
3878 569 2 22 13 102 1
2168 899 1 41 16 358 8
983 649 1 31 46 68 14
3528 370 2 55 20 63 3
1314 703 1 20 28 174 5
4979 226 3 43 17 79 20
1950 855 1 34 31 84 3
2332 914 1 25 14 356 6
1712 246 2 41 58 215 3
4636 461 1 42 12 345 13
3996 416 1 16 32 224 17
3420 847 1 48 32 35 5
1114 376 1 66 50 202 13
3245 699 3 68 8 274 3
2533 816 1 25 16 243 5
1582 604 1 16 27 152 11
3993 433 1 51 20 185 19
80 506 1 85 36 294 4
3290 224 1 24 13 399 1
11 365 3 52 21 153 6
678 605 1 15 39 130 9
3369 751 1 47 38 93 15
2473 126 1 25 11 287 15
3014 835 1 50 19 107 6
3490 614 3 106 17 23 16
3336 303 1 47 52 112 14
2645 765 1 13 5 88 12
3915 152 4 124 28 16 19
900 260 1 26 16 423 11
552 815 1 15 24 113 10
1370 389 3 110 27 27 12
2346 537 1 14 38 277 4
1297 795 1 21 38 134 16
3155 725 1 59 5 223 11
4529 315 1 45 38 70 7
2450 333 1 21 54 233 2
4330 587 1 12 7 130 2
3955 988 2 22 25 66 6
2868 223 1 16 38 247 13
640 632 1 48 23 256 4
2134 958 1 17 57 150 2
3254 706 1 29 25 265 1
1992 143 2 107 42 120 9
526 874 1 13 19 181 18
2533 152 1 72 32 16 1
1005 901 1 13 24 211 17
433 572 2 36 27 259 13
618 339 1 17 26 94 2
4292 384 1 20 52 163 19
4104 218 3 70 16 108 19
4376 845 1 34 22 397 10
331 807 1 21 64 315 14
821 499 2 26 46 279 7
369 275 1 12 32 131 5
4974 905 1 15 43 370 11
2702 199 2 60 26 135 16
3981 292 1 14 25 276 10
147 832 1 24 25 165 7
700 445 2 54 17 363 18
2029 720 1 34 28 46 7
2367 490 3 116 32 30 14
3462 263 1 29 32 251 12
2080 848 3 45 16 287 19
711 821 2 77 32 333 12
3408 765 2 35 31 267 4
3884 590 1 18 5 217 16
1873 339 1 81 36 155 13
4143 359 1 31 7 124 3
4040 247 1 21 5 189 18
2077 747 1 68 53 94 17
1280 554 1 16 40 108 4
1923 226 1 33 28 175 15
2292 948 1 54 14 76 8
4124 486 1 24 51 165 18
3001 355 1 15 20 211 1
2838 593 1 48 34 24 6
4001 467 1 33 6 223 8
3258 252 1 23 10 265 16
3130 292 1 30 28 301 16
309 350 2 209 39 222 19
937 734 2 22 18 80 11
1618 457 1 34 55 183 2
3348 789 2 75 6 70 11
3282 676 1 57 13 83 10
1444 580 1 35 23 77 15
1493 130 2 67 31 299 16
792 983 1 21 7 272 18
743 520 1 76 16 60 14
4218 774 1 25 10 413 1
264 602 1 44 18 344 15
4062 958 1 34 32 34 13
2033 218 2 100 27 36 7
4668 531 1 39 17 57 13
3875 855 1 28 14 403 12
1065 531 3 46 32 69 1
1410 706 2 25 13 294 17
692 433 1 13 20 177 16
574 763 2 59 15 186 19
404 861 1 32 13 445 4
3882 928 1 29 6 125 4
4621 932 1 39 13 296 8
782 542 1 17 7 242 11
2815 318 2 63 29 116 15
3142 339 1 34 37 96 18
2782 174 1 15 31 234 5
2831 638 1 12 24 194 20
4176 623 3 66 34 125 18
4382 477 1 48 17 403 2
1970 485 1 32 18 151 14
4631 978 1 46 24 241 2
1629 944 1 15 31 79 13
3812 958 1 18 30 186 9
21 246 2 37 41 108 14
1060 444 1 33 20 340 14
4511 477 1 43 27 157 13
3388 489 2 36 34 77 12
653 769 2 27 19 127 10
3026 137 2 22 20 71 7
1059 533 1 22 19 91 4
1985 136 3 136 43 127 2
3714 165 1 23 14 443 10
2134 187 1 40 30 25 6
3924 634 3 84 71 372 10
3813 921 1 31 20 76 1
2198 812 1 16 13 91 14
4077 128 2 23 17 128 10
3860 216 1 21 50 231 11
3407 95 1 64 12 62 3
2149 575 3 106 25 27 13
62 872 1 20 29 172 14
3505 894 1 76 27 57 17
355 96 1 19 57 119 20
45 803 3 84 19 180 14
1523 877 1 26 16 385 9
3555 530 1 46 17 313 18
3761 915 2 71 29 319 6
1554 395 1 13 33 368 3
158 946 5 105 20 170 12
4832 881 1 75 22 68 8
2488 801 1 44 40 53 9
857 365 5 234 49 111 7
871 454 1 20 27 227 1
4190 996 1 88 51 140 3
1570 510 1 11 27 185 16
119 410 2 69 21 95 19
4378 526 1 35 13 95 20
1416 622 1 33 32 82 7
2127 502 1 24 7 190 11
1820 274 2 140 33 170 17
4180 595 1 23 31 130 15
999 484 1 33 56 327 8
2506 113 2 79 7 260 8
2155 369 3 118 23 94 9
1656 759 2 92 8 66 1
3837 220 1 66 17 294 11
1231 1000 1 18 5 315 19
71 755 1 40 29 42 19
468 649 1 19 59 145 10
2816 353 1 30 7 315 18
759 423 2 30 48 311 1
1451 953 1 19 7 185 16
4150 240 1 37 21 47 19
2534 508 1 28 32 415 20
1332 271 1 36 22 27 13
2787 748 1 30 21 285 12
3525 386 3 118 21 20 7
3276 697 3 67 27 113 8
4264 760 3 74 4 206 12
3778 586 1 58 21 24 7
1326 153 1 45 25 133 5
4360 100 2 83 13 219 6
4134 186 2 54 7 441 6
132 505 3 109 32 23 17
1356 531 1 21 49 163 17
4240 545 2 49 12 242 1
3383 903 1 63 26 46 8
3028 647 1 30 40 290 10
2424 515 1 27 23 292 7
3913 727 1 24 48 183 5
74 833 1 44 17 260 17
2955 778 1 33 24 187 12
1555 928 2 55 8 301 20
3490 454 2 35 44 165 8
3683 711 1 68 20 115 5
4361 289 2 64 5 154 16
4123 621 4 114 14 259 19
2465 720 4 99 12 102 7
3168 212 1 22 64 167 10
3399 322 2 32 35 374 9
2641 885 1 23 37 126 2
3153 613 1 38 7 337 14
44 772 4 122 25 177 17
3747 685 1 40 22 55 2
618 636 2 108 7 80 11
808 123 2 25 15 127 2
4242 450 3 96 20 106 2
502 672 2 31 45 411 9
784 680 1 32 24 337 8
2884 237 1 14 16 265 12
1951 95 1 45 23 280 19
567 879 1 14 7 92 3
4737 926 1 40 55 141 13
3299 309 1 39 16 191 5
3273 623 1 24 29 230 6
200 712 1 15 5 69 13
312 438 4 86 5 243 20
2961 294 1 14 39 176 2
169 386 3 111 32 27 16
3039 104 1 15 31 205 18
1626 820 1 32 58 77 5
4490 118 1 17 46 310 6
2461 436 1 48 5 251 13
2969 902 1 37 24 329 5
4562 868 4 88 21 133 11
4351 699 1 25 45 157 11
2249 407 1 39 13 54 4
1264 581 2 45 68 177 18
2261 700 1 46 6 53 17
485 962 1 34 61 82 15
3915 718 1 46 23 297 11
3987 335 2 83 29 60 16
3910 881 1 40 62 64 17
1256 486 1 28 22 193 20
2206 704 1 21 31 212 13
4356 548 1 30 18 243 13
689 895 1 16 16 144 20
215 203 2 123 17 203 19
3442 689 3 39 32 270 2
96 93 2 63 32 352 1
1749 549 1 15 22 254 15
1538 413 2 30 18 308 5
3164 872 1 40 34 307 18
3255 360 2 78 6 205 4
3151 340 1 57 23 39 15
2214 137 1 37 14 112 8
4787 935 1 16 29 291 6
3603 178 1 113 40 266 19
3769 195 1 40 53 145 7
4369 438 1 37 39 100 7
3442 551 1 32 26 341 11
2440 391 2 32 5 136 7
3620 204 1 18 50 300 9
3103 594 2 75 35 30 4
4059 974 1 24 22 348 20
3326 708 2 79 18 21 15
2767 342 1 42 30 26 19
2720 279 3 115 21 157 13
18 716 1 19 59 116 12
3634 834 1 44 32 312 16
2303 658 1 20 63 198 10
4379 534 1 62 11 111 2
2452 519 1 42 60 76 6
4933 154 1 46 45 152 17
4546 323 2 94 53 374 18
3621 466 1 41 30 342 10
1550 476 2 48 35 42 8
720 477 1 62 8 288 5
2657 982 1 41 34 31 2
3670 498 1 37 19 59 14
2531 149 2 72 46 249 14
461 158 1 39 11 392 10
3361 737 1 28 29 324 4
3333 770 2 35 25 189 17
86 800 1 11 19 265 19
3016 517 3 129 11 275 2
31 196 2 30 5 108 14
2194 999 2 80 29 97 20
3321 141 1 71 42 177 20
1263 131 1 47 18 213 11
4130 730 1 24 8 233 7
54 793 1 34 13 405 17
3103 617 1 36 21 84 16
1691 270 4 143 36 30 17
415 875 2 53 23 197 11
3118 436 1 14 36 301 13
1361 434 3 120 34 18 16
3152 642 1 24 31 192 7
1420 768 1 66 17 55 7
208 86 1 21 8 187 14
1890 999 1 45 15 202 20
4439 454 1 27 28 304 1
3634 471 1 13 43 245 1
1352 252 3 46 27 224 13
2400 956 2 33 35 127 4
4375 295 1 40 36 180 16
4256 450 1 14 36 118 16
3896 101 1 32 15 454 14
1030 617 1 105 44 140 1
3034 331 1 29 27 217 14
4634 784 1 38 21 38 9
2032 469 4 77 12 99 11
3911 306 1 22 8 339 18
444 493 1 22 12 343 11
1642 890 1 26 17 258 15
2697 807 1 40 61 93 20
1818 326 2 28 19 116 8
2814 361 1 33 48 185 9
4565 316 1 24 36 328 4
956 715 1 22 33 407 18
2702 340 2 53 24 224 20
1252 511 1 22 43 109 2
651 235 1 46 19 23 19
1956 486 1 22 11 240 8
3042 400 1 78 19 32 19
4084 655 1 32 56 78 19
1768 136 1 48 30 46 2
4689 137 1 33 19 243 1
1332 603 2 37 23 107 9
741 790 2 77 29 268 15
4536 154 1 20 38 311 6
2807 800 1 46 26 85 19
735 436 1 15 11 115 18
2740 930 1 35 20 413 18
1396 309 2 22 23 140 5
305 881 1 48 33 389 9
4554 614 1 22 22 258 7
310 773 3 109 32 31 18
693 987 1 28 48 333 6
1867 666 1 44 26 93 7
3754 176 2 32 31 226 1
1619 387 1 37 56 88 6
4427 376 2 21 40 254 1
1072 287 1 31 5 105 13
15 312 1 15 27 55 2
2297 411 1 43 15 114 15
3134 273 1 23 47 187 4
2347 122 3 104 47 376 19
4633 166 1 35 19 54 17
2682 714 1 56 46 279 15
795 701 2 129 35 296 2
782 117 1 43 28 97 5
1581 201 1 39 23 96 3
2442 654 1 37 23 232 10
3673 797 1 40 57 146 16
2125 727 1 11 20 169 8
2175 456 1 69 30 48 3
1921 911 1 14 35 279 12
4511 332 1 17 70 120 18
206 782 1 43 35 113 6
2309 249 1 24 6 285 2
3486 888 1 48 64 57 3
2596 784 1 23 37 173 9
3711 737 1 12 34 352 14
1031 747 1 27 17 212 5
2537 788 1 24 6 254 2
3448 599 1 25 36 263 18
2575 605 1 15 6 67 12
2140 470 1 32 17 181 12
1618 200 2 31 27 42 17
2589 693 1 39 22 340 13
2883 290 1 30 19 136 3
2409 330 1 92 51 324 14
3560 927 1 13 31 136 16
4877 773 1 23 8 437 16
825 762 3 86 27 70 6
902 832 2 75 30 318 15
2461 366 3 82 30 97 17
2084 890 1 131 7 62 11
513 627 1 42 33 92 2
2786 565 1 30 32 79 10
3800 239 1 13 39 115 18
1646 727 1 22 52 126 8
3399 894 1 40 16 105 6
1287 842 2 83 56 239 1
2307 551 1 64 4 374 20
943 209 1 57 8 194 7
2488 647 2 29 21 201 20
3361 690 1 50 23 223 9
4311 868 1 21 45 262 17
900 738 4 164 21 425 7
877 212 3 111 33 131 3
1181 166 1 32 21 177 14
3943 291 1 13 24 65 6
2713 158 1 14 24 155 7
336 675 1 17 6 299 7
2071 929 2 61 17 118 12
1423 465 1 19 53 281 19
288 503 1 13 26 98 8
4546 504 3 80 20 30 16
2748 829 3 48 56 227 14
2037 83 1 12 22 292 4
4833 896 2 35 27 76 20
2237 136 1 27 19 61 1
4952 130 1 32 31 113 9
3799 767 3 96 53 85 3
2572 168 1 24 46 275 3
863 999 1 44 8 233 14
567 609 1 29 37 213 2
2354 700 1 19 4 279 7
3899 607 2 52 6 234 20
2499 745 1 24 10 340 15
3776 879 1 39 31 25 16
4497 567 1 15 23 144 18
741 794 1 60 35 25 4
4940 798 1 31 13 131 1
2594 315 1 76 24 19 13
3674 395 2 30 27 46 9
991 325 1 15 24 60 3
1570 576 1 59 34 80 11
462 648 2 38 62 164 18
2802 976 1 39 35 32 16
191 826 1 17 30 264 20
3674 840 1 21 29 140 8
4567 546 1 34 5 45 3
1797 383 1 62 32 57 4
3260 143 2 44 22 157 7
1948 633 1 32 19 40 10
4632 695 1 20 50 236 14
2012 465 1 16 13 107 16
773 686 1 20 51 166 17
2827 654 1 25 10 463 19
3063 156 1 60 18 271 11
540 451 1 40 13 407 7
1005 721 1 11 46 374 10
3375 859 4 172 61 82 7
3873 583 1 36 21 341 15
3149 951 1 26 37 217 20
4594 484 1 46 23 234 17
1727 208 1 24 33 171 6
3845 386 1 78 26 18 4
2917 310 1 15 29 394 17
2615 727 1 28 6 381 14
1576 369 1 21 56 158 2
1418 462 2 45 48 77 19
1066 523 1 40 38 336 8
4717 402 2 32 6 115 17
200 98 1 43 29 28 4
2374 208 1 40 31 307 9
2029 354 3 143 40 302 13
101 587 1 17 5 265 8
4447 566 1 22 43 59 9
3384 763 2 33 16 147 12
158 568 4 88 21 157 11
3717 942 3 99 52 161 6
3036 579 1 15 36 308 1
2706 974 2 92 63 101 15
2256 598 1 20 16 140 5
3491 936 1 21 69 223 2
4195 690 1 39 21 76 16
3357 485 3 144 50 64 13
2027 260 1 26 27 185 8
4953 174 1 20 5 294 3
1734 839 1 12 25 192 1
4935 238 1 74 8 340 18
3360 510 1 22 58 133 8
2765 714 2 120 5 50 3
2385 674 3 119 60 104 2
1407 925 1 25 58 246 19
3383 180 1 132 15 246 4
4806 808 1 18 57 232 5
2021 419 1 35 18 58 16
3373 971 3 92 26 24 8
3548 440 2 122 6 199 4
1161 638 3 106 5 262 3
4856 498 1 14 25 165 5
4185 441 1 48 55 73 11
3930 935 1 23 6 269 19
4212 849 1 49 23 492 16
2755 589 1 17 50 149 9
3820 503 1 34 8 252 13
259 891 1 19 29 292 11
1531 221 2 28 18 140 15
2726 488 1 24 28 278 9
997 888 1 22 16 86 4
2062 985 1 25 8 244 11
1618 538 2 48 18 118 5
1340 493 1 23 5 310 15
4576 284 1 191 15 376 1
4210 681 1 17 31 203 2
2299 98 3 39 24 59 16
1845 841 1 30 32 202 6
621 847 1 20 44 348 11
4878 740 1 26 10 414 8
1614 426 1 18 55 312 4
813 846 1 45 28 213 20
1934 437 2 24 17 231 2
4183 381 1 22 11 255 18
288 326 1 28 15 267 4
2994 628 1 22 21 114 12
2681 959 1 42 20 77 17
4012 247 1 55 35 396 19
4004 344 1 31 18 75 5
4233 98 1 22 41 239 6
2746 522 1 12 22 74 2
490 293 1 24 52 95 8
4170 507 1 31 15 257 10
999 354 3 38 23 242 13
4850 652 1 35 24 306 19
1822 634 2 78 23 51 16
3131 947 1 19 7 176 1
4655 530 2 48 17 119 7
