35 684
7 32 80 848
6 32 56 288
6 64 84 656
6 24 76 624
4 24 68 608
6 32 48 368
8 80 88 288
3 48 60 752
8 40 64 96
2 24 80 512
3 80 72 128
7 24 68 368
7 40 96 240
3 64 44 592
3 64 120 928
3 80 88 928
8 48 128 1008
7 64 40 704
3 64 28 928
2 80 44 976
8 80 116 432
8 48 68 288
4 48 120 944
2 64 64 256
8 80 44 880
3 32 128 720
8 48 108 304
7 40 112 160
4 32 104 944
3 40 92 992
4 24 124 928
7 80 64 976
3 64 64 400
4 64 104 544
2 80 60 448
7587 361 2 34 33 377 3
11003 281 1 65 17 375 1
5097 121 1 54 21 63 3
9086 419 2 40 37 447 7
5822 213 2 92 39 463 18
4197 21 1 41 26 297 18
8824 304 4 204 23 319 16
8782 396 1 13 26 97 6
6636 512 1 101 14 201 20
869 497 1 33 24 48 5
7119 315 5 82 20 214 6
3515 464 5 106 25 147 4
2261 81 1 273 26 214 4
11872 525 1 96 33 155 4
2014 59 1 31 42 138 6
10089 102 2 114 22 244 4
2678 451 3 145 46 59 5
8022 198 3 218 59 212 7
1061 123 2 150 60 142 15
3347 547 1 13 22 243 3
6219 30 4 49 30 225 3
10414 434 1 95 44 109 3
5712 120 1 24 73 534 5
9074 202 2 113 16 68 19
11957 376 1 40 36 456 1
2226 127 2 79 19 153 6
11561 384 1 143 10 492 4
7562 76 3 156 23 118 1
5442 271 3 177 38 714 6
8415 251 1 28 65 56 5
1665 186 2 31 14 39 1
9204 263 1 56 19 433 3
7038 481 1 66 26 252 1
5522 153 1 56 19 268 6
1325 491 2 38 36 397 15
9538 43 1 13 38 145 20
8082 115 1 36 30 181 3
591 253 2 104 36 210 6
9073 83 2 82 21 108 3
7529 112 1 182 36 329 17
2790 275 1 37 18 456 18
11734 72 2 89 26 236 2
2136 165 1 54 17 255 18
4208 331 1 47 48 268 16
8602 202 1 48 37 331 16
2911 51 2 26 25 454 20
300 528 3 77 83 469 18
5467 512 4 307 45 131 7
6877 337 1 157 39 225 6
538 440 1 61 32 164 5
8535 162 2 106 50 44 20
11524 77 6 267 58 212 2
1165 457 1 21 13 299 20
8078 325 4 58 49 296 2
6434 533 1 29 47 350 1
869 478 1 82 21 92 6
3581 33 1 30 12 201 1
1204 466 1 38 39 461 3
2970 531 1 12 41 421 7
8733 358 2 218 32 345 5
1926 402 1 73 34 359 5
8693 192 1 78 50 667 17
1390 189 4 95 33 277 7
9678 280 1 32 62 357 18
7433 175 1 44 33 482 5
2780 418 1 20 60 625 1
9947 309 2 38 13 186 3
39 409 1 18 53 491 6
2100 114 1 16 19 99 20
7205 111 2 85 55 193 2
5009 19 5 200 18 186 4
7386 547 2 198 36 618 20
4009 489 3 140 15 469 20
539 329 2 96 41 414 18
10423 550 6 128 72 49 5
9208 157 2 58 14 187 16
3455 239 1 114 82 214 18
3317 440 1 31 66 269 5
1896 109 6 212 46 121 4
9583 253 5 127 16 110 4
8072 475 1 25 73 305 3
6286 34 5 129 47 499 2
4106 215 1 53 29 248 5
5750 416 2 64 78 98 1
5624 181 3 142 77 332 4
1551 319 2 191 42 137 15
6387 121 2 24 26 138 16
4642 514 3 88 60 130 18
11960 534 2 95 69 307 7
5909 129 3 151 45 320 15
4806 462 1 68 23 384 3
10311 199 1 54 20 81 1
9824 181 2 66 37 362 19
3734 377 4 158 82 443 16
2025 316 1 143 24 73 6
4994 171 1 17 45 386 4
334 198 2 69 30 396 19
6258 533 1 66 14 496 5
6132 410 1 14 19 154 5
8177 105 2 39 33 168 1
10454 176 2 28 39 102 7
6026 542 1 58 25 630 5
7964 330 1 45 21 244 16
2326 489 1 33 39 172 4
2898 252 1 41 39 117 7
3211 42 1 10 48 455 2
4863 308 3 100 21 245 19
9119 51 1 20 18 191 2
11862 47 3 51 62 417 7
9255 341 1 23 27 165 5
4660 38 1 50 50 688 5
1277 506 5 204 52 303 1
2014 426 1 25 25 45 16
4605 235 2 105 43 220 5
8029 337 1 51 7 408 5
6669 385 2 58 78 442 15
7297 323 2 109 40 211 17
4882 433 4 274 17 435 20
677 469 1 36 29 92 7
1934 407 2 132 19 92 6
10437 69 1 112 27 219 4
3972 298 2 72 18 709 7
7140 513 1 96 11 148 6
1987 116 2 41 26 537 6
11490 65 3 48 19 381 16
5230 332 1 162 53 694 6
2663 175 3 86 31 543 2
9598 543 4 418 15 404 2
4006 15 1 97 15 404 4
10265 279 1 40 81 321 2
7086 27 5 152 16 434 6
5227 298 2 62 23 444 5
6558 321 5 423 39 584 2
956 270 2 93 43 80 1
2758 532 6 219 66 502 5
3604 521 1 129 37 90 18
545 432 2 125 30 500 1
2584 503 1 70 22 106 5
370 451 2 135 70 85 19
6216 424 2 98 79 530 7
4794 38 1 26 23 237 6
11648 250 1 60 61 227 4
9899 423 4 157 30 202 1
334 475 1 22 46 411 7
1939 132 1 11 29 283 20
850 187 1 42 36 325 19
4767 129 6 219 35 195 2
8287 521 1 60 24 481 1
7931 510 2 100 63 169 18
5589 519 2 131 29 294 6
5602 457 1 45 12 621 3
11624 49 1 41 36 399 2
2230 219 1 19 32 437 19
2194 7 1 23 43 619 5
2861 41 1 10 70 513 6
11892 67 2 113 18 290 1
10334 435 1 34 36 396 3
1925 8 1 49 87 410 6
2196 269 2 72 8 289 6
3630 344 1 31 17 436 18
11313 453 2 47 27 146 6
8127 485 1 21 46 273 2
3791 202 2 79 64 80 5
8383 56 3 80 32 102 15
6552 434 4 240 21 236 2
1227 355 2 71 79 515 4
6234 298 1 50 9 190 3
7746 238 3 67 42 358 6
8726 536 1 63 33 356 20
11148 382 1 19 58 701 3
9323 155 1 23 43 251 4
11992 302 1 27 46 235 3
9811 149 1 18 19 246 19
5872 230 1 42 29 230 18
6035 360 5 306 42 728 2
7627 187 3 159 42 158 17
3893 207 3 197 32 95 4
360 467 1 81 19 180 6
818 219 2 45 20 180 2
3964 367 4 108 42 201 3
698 217 1 35 56 579 16
7127 94 1 23 81 177 7
8323 278 6 267 76 164 6
7917 433 3 48 63 576 4
6965 245 2 112 39 71 7
7014 22 1 130 34 532 7
9214 143 3 83 83 568 6
8216 118 1 68 48 305 20
5037 517 3 220 52 201 5
9549 521 1 25 56 241 5
5419 430 1 12 49 325 3
3308 343 2 188 64 184 5
8131 141 3 127 15 290 18
1427 515 1 50 45 194 3
1789 357 1 72 17 680 17
332 269 1 40 49 528 2
7717 239 3 176 24 57 3
1129 534 1 54 55 346 20
1164 163 4 134 47 111 18
6625 27 1 64 33 300 16
3598 497 2 246 69 252 1
8552 174 1 58 26 244 5
11587 133 1 57 16 298 1
8733 13 1 20 36 209 1
3219 16 1 33 76 553 17
3459 49 1 311 52 191 1
7140 122 2 250 25 430 6
11715 444 1 71 59 526 1
1678 66 1 358 27 208 1
970 417 1 28 60 215 5
53 331 1 39 33 178 5
11380 459 4 45 43 148 7
5964 130 2 107 40 280 4
11290 23 1 111 23 384 2
3580 28 1 14 73 526 1
330 24 2 48 20 141 4
6344 264 2 136 56 99 7
5156 78 1 161 68 188 7
9788 78 1 26 31 196 5
9527 87 1 52 27 240 5
9354 136 4 118 33 626 7
1622 318 1 102 37 118 20
1868 69 1 343 78 97 1
2266 132 1 130 59 185 15
6309 168 3 126 63 399 6
6111 497 2 159 49 504 6
10570 71 5 78 29 108 6
2944 209 1 20 35 466 5
11432 75 1 37 23 380 3
8193 317 1 35 24 59 5
2487 460 5 76 71 89 4
11909 76 2 144 30 347 4
6653 527 1 38 19 601 15
7965 186 1 147 18 417 5
11064 189 1 38 27 251 5
827 522 1 41 37 166 2
2904 427 1 59 45 672 2
11529 309 2 48 30 42 6
6231 289 2 123 25 234 4
846 132 2 52 21 332 3
5167 527 3 100 39 39 17
1103 362 2 38 23 165 15
11947 533 2 99 77 307 2
11593 76 6 215 71 254 4
547 163 1 28 35 331 4
1241 54 3 435 42 714 2
5473 463 1 33 15 254 5
9221 43 1 65 76 163 15
3422 321 3 203 26 33 1
9759 341 3 39 27 389 16
6230 231 2 49 31 98 20
9436 413 3 46 20 192 1
9443 116 1 29 55 240 7
4529 506 2 54 51 467 1
7839 388 3 143 73 410 7
10477 473 1 40 38 474 20
9736 370 2 91 22 187 2
3802 276 1 59 74 119 3
3984 268 2 51 39 181 6
3451 295 2 126 24 265 3
9729 282 3 129 57 282 16
3178 132 1 32 22 468 20
8812 16 8 433 47 257 20
4874 548 5 179 48 161 1
775 41 2 79 67 355 5
3532 525 2 150 19 307 4
1335 511 4 198 34 154 6
9014 107 1 82 23 88 15
2424 23 3 60 30 118 16
8555 332 1 46 48 526 7
9104 228 1 64 27 49 7
7890 373 2 111 35 98 3
1642 97 1 71 20 248 5
7858 436 1 126 26 227 4
7325 456 1 27 11 245 5
11320 393 1 103 48 190 2
2575 96 2 76 22 353 17
4409 447 2 135 30 397 2
7880 440 1 160 25 214 17
9848 37 2 58 17 268 4
1295 402 1 33 26 254 5
11356 151 2 90 30 94 6
6980 355 3 123 17 34 4
3354 119 1 27 20 124 4
8314 509 2 97 27 234 1
4820 394 2 55 74 127 16
6958 529 2 111 14 372 5
2068 376 1 21 19 472 4
9491 504 1 159 27 80 4
9098 285 2 59 30 117 7
8125 426 1 25 37 79 1
10905 102 1 78 30 440 7
157 351 2 60 82 429 19
6984 492 1 38 39 676 2
6772 354 2 200 17 595 3
519 82 4 81 24 78 3
1329 482 1 87 46 299 6
9578 316 2 67 28 70 6
11776 440 1 45 28 381 6
3309 277 1 12 56 630 5
319 449 4 38 42 320 2
8941 455 2 51 18 366 5
5974 308 3 57 21 187 4
356 169 1 41 34 209 1
2385 236 5 78 30 153 1
3260 522 1 93 74 681 1
4240 336 3 115 35 88 2
4070 491 1 15 22 584 3
6818 465 1 64 20 338 6
1427 531 1 126 41 147 3
3031 349 2 33 37 185 1
2385 469 1 97 52 660 1
7641 215 3 76 59 341 20
4747 470 1 158 11 458 19
7342 5 3 44 70 477 7
11317 165 2 147 15 172 7
10749 444 2 79 38 128 17
8679 223 1 24 40 112 20
8731 211 3 41 81 207 17
1295 263 2 59 40 47 2
4882 498 1 134 35 400 2
11747 481 4 104 23 194 1
8638 35 1 47 42 230 2
707 378 2 209 31 647 1
5651 294 1 28 16 200 16
4952 65 5 298 52 254 1
10001 98 1 62 15 551 6
11892 354 2 63 39 215 7
8256 460 1 24 19 674 1
10683 251 3 71 34 170 7
9828 259 2 48 55 293 5
8515 60 1 76 27 246 19
1651 387 1 40 40 578 5
3266 183 1 41 44 320 7
10667 444 2 94 17 127 3
9107 497 1 110 30 311 17
973 360 1 51 25 90 4
8178 394 1 18 55 201 4
10574 463 1 43 55 678 16
1153 267 1 51 15 129 6
11766 21 3 101 31 129 20
9723 491 2 56 19 156 5
4130 267 1 82 53 312 1
1981 433 1 51 52 371 18
8397 280 1 246 30 243 4
7815 368 1 126 44 182 17
3344 313 3 152 34 444 1
11617 430 3 44 20 392 6
2972 101 3 162 18 568 5
4321 504 2 70 35 96 4
11676 392 1 27 65 357 20
2831 357 3 103 57 159 2
3439 391 2 61 27 490 20
7767 80 2 95 41 239 17
738 101 2 57 34 227 19
474 530 1 44 28 165 1
1531 367 7 155 56 170 4
9997 355 1 34 55 363 5
4161 161 2 176 72 147 3
5922 475 1 29 29 273 16
3202 353 2 26 30 330 16
2731 336 3 126 46 285 19
2304 347 1 25 76 516 16
5293 466 1 98 46 71 17
3701 266 2 54 39 455 3
8119 79 1 66 40 110 18
7075 28 4 74 22 210 2
654 342 1 49 58 161 7
8345 479 2 143 30 71 19
4937 213 2 57 30 570 7
3429 74 1 126 48 368 6
4691 417 3 64 49 69 4
2596 233 1 23 26 669 5
10567 380 1 34 40 521 7
8067 232 2 50 40 111 5
10411 243 1 21 51 300 4
10196 323 3 196 46 329 2
2604 64 4 117 55 313 7
1746 300 2 108 77 84 4
7378 73 1 33 27 559 19
1482 176 2 25 33 160 2
8185 97 1 18 43 134 7
7022 406 2 19 53 158 5
1625 112 1 36 31 153 7
11066 14 4 78 44 240 7
3293 512 2 127 20 372 15
10425 175 1 70 18 313 6
10709 246 1 108 38 33 4
4795 155 1 147 42 690 5
3017 364 1 189 37 359 7
9336 424 1 54 22 129 5
3874 322 1 73 24 421 5
5121 509 2 122 13 675 2
7135 549 1 40 28 457 6
1535 519 1 32 56 622 5
11495 98 2 85 30 127 19
8951 378 3 166 12 221 3
9618 520 1 42 24 168 5
5098 312 1 22 59 391 7
2545 542 1 47 36 596 20
11130 312 1 12 65 525 6
10187 418 2 145 35 159 4
895 309 2 62 6 273 16
1815 543 2 28 34 216 4
11931 529 2 60 60 555 7
661 188 1 24 36 488 2
10496 375 1 150 60 97 18
8193 429 2 242 16 653 5
10091 61 1 130 20 605 2
5654 223 2 32 59 656 16
10804 289 1 51 16 142 2
11553 515 1 37 45 108 18
10578 359 3 74 72 533 5
8125 213 3 375 60 161 4
5021 426 1 27 47 150 4
7254 237 1 46 25 259 5
11708 394 1 36 14 441 5
5889 514 5 122 46 54 1
3470 386 1 195 22 447 5
5912 145 3 209 38 317 20
11466 178 1 12 35 145 2
10119 210 3 238 21 258 3
1640 397 1 12 26 216 3
2930 300 1 31 27 641 7
11156 383 1 89 72 391 3
8721 187 4 306 59 111 1
11962 211 1 47 29 440 20
8376 268 1 93 24 296 6
1060 514 2 69 59 360 3
395 190 4 59 50 333 5
10936 297 2 62 35 461 2
3931 519 2 76 42 310 2
1076 381 3 50 65 218 3
7766 245 1 159 25 54 2
9410 232 4 54 25 256 5
10481 213 2 26 20 281 15
9416 269 5 136 14 77 19
1609 227 3 37 44 133 3
9104 362 1 34 79 475 5
7279 342 1 28 45 102 6
468 393 1 35 30 237 20
6282 327 4 73 41 100 5
11856 504 1 63 55 173 17
1000 428 1 285 23 185 7
4179 200 1 66 82 423 6
10049 424 1 254 25 153 3
6498 253 1 27 45 440 19
1912 320 1 29 42 151 2
11866 237 3 35 34 399 20
3086 369 1 22 42 411 17
4261 367 2 147 42 36 5
6373 355 2 66 31 630 6
2823 441 2 283 27 277 7
10055 507 1 32 21 41 7
1208 176 2 40 46 381 17
4865 116 3 247 40 599 16
993 142 6 183 80 419 20
9698 60 7 292 23 223 1
9839 182 2 110 37 265 6
2698 275 2 155 37 72 5
6921 137 4 36 49 606 3
3463 427 3 270 23 402 7
10584 314 1 96 13 82 2
8549 324 1 91 17 273 7
8357 368 2 272 58 307 5
11268 207 3 81 71 283 3
7289 327 2 195 12 247 16
3564 119 2 165 60 687 6
680 469 1 36 83 490 5
9295 529 1 32 75 469 2
11135 393 5 164 29 665 3
2289 161 1 115 27 320 16
11801 148 6 173 34 271 18
4099 515 1 51 26 475 7
2476 131 2 79 16 121 1
11652 187 3 76 29 165 7
2813 271 1 45 40 626 6
8502 173 3 64 84 472 6
9987 238 1 20 31 273 15
10408 387 1 23 14 385 1
4591 312 1 148 45 246 2
2577 189 1 108 59 381 2
9486 135 4 134 33 438 1
4023 357 1 29 28 663 7
1280 345 3 158 27 260 18
1025 277 3 64 45 83 17
10435 332 2 89 30 146 7
5785 310 4 123 23 74 2
4626 110 3 101 84 731 7
3803 454 1 23 18 325 6
10945 259 3 210 54 207 6
10995 312 3 125 31 386 6
2111 65 6 134 35 100 3
7015 363 2 42 23 378 6
7310 247 4 66 69 635 6
10264 110 1 105 15 307 20
4286 302 1 31 56 539 15
8334 275 3 114 21 211 5
1842 207 1 25 25 376 4
5080 20 1 112 73 401 2
8901 120 3 78 54 461 6
6754 418 1 53 33 108 7
4489 445 2 55 51 308 6
4709 409 1 24 22 108 17
7085 213 2 120 21 300 4
10119 341 1 42 40 417 7
6060 17 1 47 23 708 7
889 273 1 40 24 177 3
36 488 1 19 79 310 1
5643 459 2 70 72 88 2
11366 379 1 75 42 178 5
3953 10 2 38 36 142 20
9113 384 1 34 29 31 2
8627 299 2 87 14 330 2
2999 297 4 187 10 324 6
7049 292 3 73 21 193 18
7861 515 5 262 20 720 2
3660 215 2 74 60 131 18
9275 34 2 62 23 357 19
1375 67 2 86 14 275 4
4913 232 2 106 29 506 7
10634 101 1 35 15 689 20
9894 121 1 42 35 207 5
10361 379 1 32 13 380 3
2202 75 1 23 65 585 6
6217 262 2 236 45 694 1
7479 300 2 101 46 677 17
11402 397 1 125 53 76 3
9016 43 1 35 31 269 7
9077 27 1 59 12 128 3
8567 17 4 155 51 536 2
4973 233 1 44 44 338 16
7421 57 2 53 23 59 18
10001 234 1 62 30 110 5
1164 436 1 37 73 225 3
3602 176 1 88 24 397 5
3769 357 1 102 19 307 18
4487 108 2 105 70 291 17
6048 16 3 122 46 197 4
11439 183 1 13 35 82 6
8174 254 2 22 31 218 17
11671 90 1 44 47 487 3
9233 331 2 33 38 359 4
2017 212 1 134 60 644 1
1042 361 1 31 11 559 16
7001 546 1 43 44 63 2
3018 463 6 196 55 190 16
4810 472 1 115 17 192 7
6625 99 7 151 17 33 2
4381 106 1 11 30 341 2
1473 534 2 75 50 412 15
10586 301 1 105 18 321 3
8217 147 4 301 31 656 1
11896 367 1 40 41 103 1
7667 356 1 231 36 312 1
8243 193 1 30 46 416 4
7311 413 1 10 17 443 3
8061 347 2 153 30 157 15
6609 291 2 263 79 170 6
2206 65 4 73 34 301 3
10920 304 1 35 23 165 6
4452 164 1 39 35 105 18
4119 358 3 66 37 268 18
10242 461 1 35 39 98 4
5920 547 2 79 39 543 1
820 22 1 159 18 285 7
9099 177 1 23 84 522 1
2906 547 3 77 64 193 5
5181 343 1 44 21 590 3
6515 84 4 178 9 222 6
4411 463 4 71 41 191 4
9021 365 2 23 39 339 7
3493 480 1 104 18 689 20
11070 529 1 14 36 114 15
4940 60 3 145 30 406 7
7474 250 1 20 70 80 4
2135 92 1 350 60 112 20
10170 143 2 65 51 79 2
4410 8 1 50 20 434 7
7276 28 5 155 62 61 3
8636 241 1 60 41 285 5
11116 10 1 60 56 444 4
1315 201 1 20 32 276 2
10682 315 1 22 54 380 5
10417 425 1 47 49 481 1
8912 380 1 15 51 696 1
5336 496 1 68 81 243 16
4393 455 3 116 21 25 1
10204 185 3 185 42 216 5
6674 142 3 111 41 245 20
10675 442 3 57 38 355 3
11741 136 2 193 28 79 16
11181 329 5 153 43 308 3
4700 242 2 44 23 111 5
7936 495 2 38 21 449 20
6098 375 4 222 23 23 5
11453 197 1 68 23 477 20
6553 186 1 65 14 459 4
4946 443 1 40 38 262 1
1359 157 1 45 13 140 1
9234 28 1 92 31 338 1
9522 145 2 62 36 127 19
11626 83 6 126 39 207 3
4684 392 3 95 49 146 4
5604 358 2 141 19 432 2
1507 77 2 145 25 151 1
11713 386 1 88 25 377 17
6258 26 1 16 23 166 3
10341 476 2 78 64 330 1
2946 175 1 12 24 130 2
11348 506 1 30 47 55 5
4415 478 3 126 13 210 17
8365 137 3 37 43 435 16
10166 383 1 50 30 189 16
6700 327 1 143 44 129 5
5563 352 6 199 60 122 1
7657 399 5 336 32 617 18
10815 94 2 51 73 135 1
11684 533 1 67 29 43 7
3418 530 1 36 39 270 3
79 444 1 40 42 240 18
3763 161 1 80 18 268 3
1055 244 1 13 73 366 3
6827 42 3 91 27 55 2
1761 276 1 33 38 435 1
3000 186 3 180 19 269 18
5988 43 3 201 60 119 1
3781 5 3 40 28 586 2
6242 527 1 23 59 427 1
11650 409 1 16 39 367 5
3060 489 3 74 31 167 7
6613 234 5 162 14 185 6
8755 234 1 47 36 692 15
4174 430 1 155 9 364 1
2418 71 2 56 24 163 2
7472 385 1 31 29 77 6
11216 62 2 86 27 287 15
11510 127 7 503 43 215 5
781 430 2 26 29 250 4
10456 29 2 69 23 208 6
5593 223 1 23 36 684 4
3705 176 6 195 20 127 20
9219 541 1 18 68 480 18
9352 529 2 106 90 737 2
11540 109 1 22 15 180 7
8997 355 1 86 16 291 17
6177 438 4 183 53 361 3
6222 238 2 46 21 138 1
1377 449 1 46 34 408 1
5194 484 8 193 48 199 1
8227 228 1 30 43 259 4
9920 329 1 201 29 572 2
10101 430 1 23 22 246 5
11143 149 1 96 26 179 2
5947 349 2 34 19 184 4
5678 477 2 63 20 560 20
7235 100 2 130 36 205 5
3488 473 1 105 72 414 1
9044 225 1 64 22 582 1
946 68 3 65 33 532 2
7313 538 3 59 55 464 17
10836 110 2 21 37 653 7
7062 178 2 65 35 358 7
9685 504 1 66 54 492 17
428 252 1 18 14 342 2
1126 380 1 69 40 70 6
1964 165 3 57 63 196 19
1396 43 1 106 19 62 3
11283 203 1 29 19 377 4
2095 351 1 45 26 512 1
6420 343 1 92 73 684 18
9113 149 1 108 48 333 16
1892 456 3 115 30 350 16
11356 189 1 169 22 102 16
2020 36 1 36 29 66 3
8278 26 2 278 38 223 4
11194 342 2 39 22 551 3
4425 381 1 57 42 507 15
8120 340 4 113 30 52 5
9147 102 4 355 24 645 1
4260 137 3 73 17 281 7
9933 438 1 48 30 290 6
3522 451 2 106 7 695 19
9109 466 2 421 21 232 7
