73 2571
5 32 36 304
4 32 24 240
5 16 60 256
1 32 64 272
4 48 72 48
1 16 28 224
1 48 12 304
2 48 72 496
1 40 44 64
1 24 60 448
4 40 72 272
3 32 60 496
3 24 56 432
3 16 68 368
5 32 72 192
5 24 8 464
4 40 56 240
2 40 32 160
4 24 20 368
3 16 40 336
2 48 44 64
5 48 24 480
1 32 52 432
1 32 56 96
1 16 16 80
1 48 64 416
5 16 16 432
1 40 20 352
1 48 72 96
3 24 8 432
3 48 8 496
2 48 24 400
4 48 40 288
1 32 52 96
5 32 40 416
2 48 72 384
2 16 36 192
1 16 32 496
1 24 48 352
5 32 72 112
2 40 52 144
3 40 44 32
4 32 56 240
3 32 16 240
2 48 32 432
5 16 16 256
5 16 60 336
3 16 72 352
3 48 44 496
3 40 64 352
4 40 40 288
4 32 36 416
1 40 36 272
4 16 68 416
4 16 24 496
3 32 64 320
4 48 36 208
2 48 32 160
3 16 64 256
4 48 24 80
4 16 24 352
3 48 56 112
1 48 28 512
4 32 36 256
3 48 64 352
3 32 12 464
3 48 44 256
5 24 24 64
1 48 28 128
1 48 60 64
2 40 64 496
5 32 68 352
4 24 36 176
35 210 1 24 31 68 20
434 138 1 29 9 378 5
3550 580 1 43 13 186 13
1369 677 2 74 17 347 2
2197 620 1 13 29 200 16
760 212 2 45 21 314 20
4979 580 3 71 11 231 2
2356 114 1 23 37 247 11
1925 808 2 43 13 167 6
3925 149 1 30 21 138 6
2054 519 1 38 44 34 2
4787 253 5 188 19 412 7
2688 776 2 68 34 116 2
4808 235 1 48 8 154 13
2109 545 2 42 11 418 20
344 821 4 126 37 412 19
3230 455 1 46 8 236 19
3082 568 1 31 51 80 14
2233 164 1 29 48 241 1
3686 186 1 54 20 496 16
2747 636 1 18 41 267 20
4733 799 1 43 9 250 17
2570 913 1 78 27 61 2
577 339 2 66 43 47 10
1628 138 1 14 46 252 18
4299 468 2 57 7 370 20
4054 371 2 57 36 107 11
4065 467 1 23 22 183 12
1004 743 1 29 27 157 17
5000 963 1 22 60 245 14
4926 940 1 80 20 224 7
4189 582 1 28 26 122 18
4058 712 4 71 13 297 4
1014 203 1 44 12 249 1
402 396 3 135 54 27 10
3378 555 1 12 22 105 19
4330 438 1 14 18 158 8
2593 747 1 27 46 173 9
1105 967 1 14 33 153 13
925 385 3 83 23 137 7
4637 374 1 33 7 215 7
3769 402 1 85 18 316 9
1486 975 2 21 41 135 5
744 747 2 77 36 18 16
728 197 3 55 13 280 14
937 157 1 16 25 495 11
2109 275 1 18 49 298 8
4126 461 1 34 61 198 13
1529 153 1 83 17 174 15
2284 829 1 11 16 136 18
4584 310 3 59 14 298 20
2780 142 2 30 26 123 8
966 660 1 33 29 91 13
2898 580 1 38 31 81 16
4039 101 1 25 53 75 20
1973 511 1 28 37 85 14
2783 491 2 38 16 270 19
405 975 2 30 32 160 17
530 193 1 35 22 273 10
3647 902 1 33 13 220 14
3817 329 1 14 27 106 16
4636 375 2 77 18 353 12
4775 470 1 73 37 17 3
1469 125 1 44 24 156 11
577 598 2 47 9 276 10
4812 601 1 28 41 86 1
1202 150 1 12 30 305 5
3887 260 1 32 33 64 18
433 468 1 24 42 65 2
1450 356 3 72 26 183 6
1979 863 1 30 37 41 2
4685 920 1 29 39 94 11
1031 903 3 147 52 26 12
1360 123 2 95 20 41 2
2503 384 1 13 31 230 6
4431 239 3 52 17 36 4
1052 955 1 37 31 342 7
3892 654 1 38 20 377 19
4149 986 3 92 18 227 14
2311 388 1 14 26 140 20
4878 396 4 54 24 285 10
4815 232 2 61 24 91 20
1252 348 2 54 16 60 10
2812 185 1 22 41 202 14
1020 893 1 41 16 482 17
1932 649 4 92 29 165 7
1190 810 2 42 32 236 18
1030 852 1 80 41 21 19
770 539 3 55 10 221 10
271 723 1 37 29 58 13
2326 767 1 48 26 505 20
4211 526 2 81 18 253 9
4088 931 1 33 11 42 10
3084 356 1 36 43 350 1
1952 464 1 104 27 286 15
2576 355 1 34 40 45 8
4269 490 5 55 12 159 3
1291 449 3 34 23 296 13
583 780 1 41 18 102 4
4987 328 1 48 63 373 2
4090 164 1 43 57 83 10
4893 711 1 15 22 237 16
4006 300 3 69 15 40 3
1517 656 1 24 45 181 18
2147 808 2 53 16 150 16
2203 436 1 29 55 214 7
4385 499 2 25 19 311 7
3250 218 1 39 37 42 10
4969 685 4 60 15 359 11
2440 288 2 36 5 280 15
3849 500 4 70 10 289 5
1662 830 4 71 16 117 14
4905 488 1 19 39 425 4
1011 612 1 28 21 131 13
1396 919 1 32 42 20 11
3579 507 1 25 40 80 12
2148 853 1 45 13 118 19
1489 122 3 139 20 74 19
2087 638 1 55 63 165 3
1714 92 1 25 30 66 20
2139 856 1 21 37 214 7
3002 318 1 19 32 413 8
4147 953 5 55 41 165 4
1521 118 1 19 6 208 8
1963 417 1 35 35 178 9
3208 130 2 57 16 233 4
3397 663 1 26 51 75 6
170 708 1 23 40 216 12
3094 87 3 91 29 459 4
3276 331 1 95 24 85 5
3594 942 1 12 36 144 5
3704 288 1 58 11 227 11
2198 195 2 32 26 158 6
230 925 1 27 35 96 20
3748 461 2 69 36 207 9
3639 355 1 45 35 483 4
72 694 1 51 9 215 9
760 814 4 102 19 111 9
1648 435 2 75 40 45 20
2836 167 1 25 44 61 10
4022 340 1 30 29 341 2
2669 243 4 109 22 124 18
4096 729 1 14 23 172 17
112 227 2 64 31 35 2
1693 497 1 28 27 131 11
2125 121 1 65 33 172 16
4195 170 2 56 18 90 19
317 694 1 23 46 218 10
2055 813 1 23 30 55 6
3077 428 1 19 24 301 16
1708 769 1 44 35 53 6
3158 604 3 64 13 30 6
3803 658 1 45 15 73 17
4105 338 2 53 32 175 9
477 635 3 45 17 340 1
1048 481 1 29 30 377 14
2180 514 1 19 6 223 1
3122 488 3 85 16 225 4
430 646 1 23 31 211 20
1441 307 2 114 25 23 9
3072 457 1 33 19 380 14
932 825 1 47 14 47 7
600 623 1 16 19 185 7
1158 804 2 42 23 328 17
2524 779 1 12 11 62 8
738 827 1 30 39 80 5
770 846 1 73 13 287 6
4568 143 2 73 23 281 19
1689 740 1 30 38 67 20
928 717 2 77 29 141 9
3597 403 2 90 34 51 18
3960 884 1 12 26 146 5
3516 255 1 39 33 141 9
1369 639 1 34 10 213 18
877 449 2 22 12 323 6
4382 902 4 47 15 290 1
1284 473 2 44 6 281 3
4216 626 1 14 9 75 7
4661 368 1 15 58 252 14
47 783 1 43 23 89 11
2242 674 1 35 12 298 20
3878 893 1 39 41 41 13
1681 824 1 19 42 321 18
2019 757 1 40 15 82 17
1608 635 1 37 25 227 14
2850 763 1 38 16 258 5
2904 887 5 145 19 286 18
162 633 2 46 22 397 5
663 543 1 12 20 128 7
625 903 1 22 35 294 19
2078 137 1 45 19 59 1
1058 243 1 48 30 126 13
2473 825 3 66 10 278 16
3819 831 2 32 18 354 14
785 505 1 32 18 303 17
164 428 2 90 52 147 8
2022 566 1 62 27 123 6
535 267 1 36 27 267 15
2937 800 3 106 33 225 19
541 727 2 86 13 147 15
1378 282 1 25 32 203 7
3657 331 2 36 5 301 12
4279 251 4 59 13 229 14
2032 489 1 32 28 70 12
3185 227 2 42 39 235 3
4337 185 1 32 63 184 20
2122 157 1 36 45 48 7
38 261 1 16 22 237 9
4098 224 2 34 19 43 3
4075 756 4 120 51 301 17
3247 647 1 18 52 319 19
4936 234 4 64 9 256 9
3247 775 2 54 26 88 10
1320 852 2 26 13 365 16
1343 961 1 33 19 98 16
868 696 1 47 38 61 7
3965 261 1 30 29 79 12
3083 538 1 23 51 64 14
2394 897 4 64 23 321 18
4124 170 1 33 15 206 17
4558 844 1 27 23 145 10
1219 408 1 42 10 271 5
2904 104 1 30 31 74 11
4829 699 1 46 12 236 4
3965 723 1 35 23 97 2
3927 450 1 41 15 391 6
3478 614 2 49 31 87 12
3574 464 1 43 34 34 20
500 148 3 114 35 27 6
4627 383 1 77 37 444 16
3562 493 3 83 34 111 11
1336 652 2 68 38 21 12
3472 488 1 67 38 235 11
2508 235 1 32 33 289 9
4873 651 1 30 45 80 14
701 611 2 51 48 343 1
969 86 1 26 35 185 6
3657 128 2 72 34 57 13
803 434 3 48 23 298 9
4688 641 2 73 31 43 16
4119 510 1 60 8 195 7
1916 801 1 28 44 68 3
4279 392 4 161 65 32 11
375 489 1 12 24 191 13
2169 766 2 77 22 42 13
4982 645 2 121 40 163 13
1543 284 1 39 17 117 7
3664 713 1 47 17 309 10
999 262 1 25 51 174 3
817 540 1 36 29 30 3
1939 977 1 15 15 243 7
3633 394 1 46 21 275 7
1931 943 1 56 34 136 3
4470 416 2 29 24 111 7
883 935 1 40 34 218 18
916 637 3 92 14 303 17
4746 482 2 24 68 228 8
3627 930 1 39 5 341 2
1259 754 1 11 16 51 11
4609 366 2 75 16 100 19
4100 91 1 40 17 139 2
4931 228 1 37 46 343 9
199 261 2 24 23 140 14
4162 249 1 32 58 171 8
986 536 4 128 28 168 15
189 276 2 91 24 225 11
4737 991 1 72 14 339 8
1686 765 1 31 16 157 15
2006 188 4 135 14 64 1
3470 990 3 96 28 110 18
2924 278 5 67 13 293 20
1235 576 1 36 14 462 17
190 931 1 22 32 162 13
4858 652 1 38 22 32 7
1062 743 1 28 27 58 7
273 836 1 41 51 64 10
2910 272 1 37 31 122 7
3021 695 1 27 51 158 1
1441 423 1 35 16 321 8
3403 295 1 16 28 385 5
1821 482 1 45 38 44 11
3202 682 1 30 40 52 19
2669 715 2 66 38 67 7
3315 242 1 38 12 253 14
584 948 1 43 26 156 3
4578 216 1 42 59 96 6
3769 508 5 61 10 147 16
2660 132 1 21 28 329 13
1491 353 1 39 23 279 6
3261 636 1 40 32 190 11
1128 242 1 36 50 105 1
3736 727 2 61 31 78 2
3146 911 3 41 55 117 14
2562 861 1 15 10 72 13
1256 228 1 40 40 71 12
1011 754 1 30 24 250 13
3497 147 1 14 13 73 12
446 681 1 46 48 72 9
4339 273 1 15 20 116 13
3061 519 1 42 16 397 4
2091 545 1 35 60 49 6
700 226 3 61 17 276 3
4188 401 2 61 14 172 3
788 505 1 48 20 82 10
1780 151 1 45 45 34 5
3186 82 1 38 61 471 5
4903 948 2 72 18 107 1
3969 918 2 79 18 258 7
2033 691 3 100 25 25 17
640 636 2 38 29 318 4
2904 351 1 32 31 210 18
1675 194 1 33 10 198 19
2109 663 1 41 70 68 4
3960 764 1 28 21 155 12
2841 315 1 89 12 49 18
1463 506 1 31 49 353 3
1936 142 1 36 21 89 12
1879 661 1 27 28 76 3
2722 685 1 23 43 46 2
1299 669 1 19 25 208 11
5 388 1 32 34 135 9
3856 592 1 13 13 145 11
2987 878 1 22 35 75 16
610 791 2 43 10 221 16
708 664 1 26 41 85 2
1529 736 2 125 21 59 11
3393 927 1 32 30 225 1
374 992 1 23 37 273 15
2502 572 1 33 8 248 10
1520 796 1 33 50 36 19
1148 208 3 62 14 248 15
3986 873 1 79 19 81 3
2414 201 2 79 58 206 5
2046 788 3 95 19 41 11
2846 878 1 43 13 379 16
4376 427 1 41 14 475 18
660 435 2 99 26 21 13
1098 187 4 54 15 236 9
4316 396 2 78 34 56 10
2959 246 2 39 32 303 6
3839 608 3 65 20 325 9
2558 731 1 41 16 79 1
1168 549 3 55 8 196 13
3260 424 1 34 29 25 8
4454 604 1 16 7 254 7
2193 197 2 31 18 110 5
1064 605 1 22 51 49 5
2781 192 1 90 41 38 20
4702 645 1 35 42 46 17
4487 395 2 86 6 420 4
201 82 1 30 37 75 8
4360 223 1 30 42 297 18
2204 355 1 32 21 190 1
4514 869 3 88 33 185 5
433 576 1 29 26 316 14
1150 102 1 14 20 299 17
1966 131 1 27 25 44 2
4603 423 4 52 18 347 3
3898 625 2 45 59 146 16
4310 936 2 68 20 148 20
4563 927 2 64 47 114 5
3439 422 1 33 41 52 16
1773 766 1 34 54 30 2
1596 609 1 47 26 121 10
4915 988 1 39 33 31 8
70 134 1 12 20 121 10
4512 251 1 32 58 58 18
1318 861 1 26 11 321 1
3946 239 4 139 63 108 18
2050 690 2 60 52 135 12
4404 547 1 37 29 64 8
4508 852 1 40 24 59 5
4480 709 2 75 19 137 8
3578 496 2 68 23 80 7
822 350 2 67 11 214 11
4091 556 2 91 24 390 6
1625 114 1 43 56 275 11
1665 334 2 53 44 83 17
1753 943 1 53 25 89 3
3734 520 1 20 38 279 18
1341 153 2 31 19 234 9
1047 717 5 98 13 42 14
4797 105 1 22 43 78 16
2250 396 2 42 36 140 15
75 627 1 35 14 58 19
2509 884 1 37 45 95 3
1550 948 1 29 16 140 8
4303 543 1 15 26 161 17
4554 198 2 37 7 424 8
453 96 1 66 7 468 11
1931 428 1 14 45 138 10
3382 996 1 24 39 70 20
1431 409 1 20 42 213 11
156 976 1 20 5 372 6
265 946 1 31 49 177 4
0 444 1 37 32 189 9
3607 416 3 44 16 159 2
1829 680 3 91 18 59 6
3502 268 3 40 23 186 9
126 501 1 15 22 159 9
2822 670 2 125 39 216 19
3639 325 1 34 55 192 19
2583 235 1 32 33 67 3
830 685 1 45 27 398 12
1891 252 1 16 22 452 18
3814 203 2 45 18 64 13
1318 364 4 66 20 360 20
2164 607 1 37 16 252 3
56 187 2 33 20 248 10
3058 460 4 80 38 160 20
2536 600 1 37 63 52 2
4798 151 1 39 42 41 16
187 851 1 16 32 210 9
1765 952 2 82 15 224 3
2637 843 2 67 17 191 20
2881 383 1 14 15 55 13
633 718 1 19 53 210 9
3802 805 1 38 69 82 16
390 666 2 22 9 236 19
4252 336 1 37 18 137 17
3484 755 1 24 8 225 8
1685 514 3 127 22 113 13
1569 774 3 85 29 126 11
1759 388 1 43 21 112 7
1096 673 1 45 17 364 18
1456 473 1 32 32 189 1
1597 648 4 95 21 52 1
3085 328 4 66 15 248 9
4778 155 3 59 17 245 4
4949 816 4 55 17 294 12
539 743 4 107 44 99 20
623 108 1 34 42 36 11
1276 409 2 72 5 265 12
2246 666 1 26 31 213 5
867 694 1 68 20 113 13
1578 627 1 32 41 61 17
3718 660 1 30 23 50 5
3647 353 1 27 27 222 18
4170 696 1 28 24 97 17
3466 943 2 57 33 83 8
2615 371 1 76 13 292 15
4103 374 1 28 46 70 15
1593 470 1 64 19 151 2
4701 740 1 114 16 204 19
2475 513 1 30 46 87 18
1619 191 1 12 26 195 19
2549 214 3 57 22 244 10
1865 761 2 29 18 179 3
590 328 2 82 24 332 6
3266 537 2 23 11 171 20
2213 625 1 15 37 228 9
822 732 1 45 20 360 20
2323 313 3 57 17 479 5
1806 709 1 16 21 104 19
4643 489 4 65 21 161 13
3817 321 2 44 5 212 5
1757 875 2 80 34 58 16
3468 781 2 88 16 315 13
2632 415 1 46 20 295 20
4520 428 3 77 9 126 8
697 765 1 27 31 242 8
3422 126 5 72 13 211 13
553 283 2 48 9 398 18
4503 519 1 23 28 408 16
4970 1000 1 25 40 187 15
4539 672 1 19 40 313 14
4903 236 1 44 15 214 11
563 945 2 67 48 89 8
1002 226 1 38 47 96 2
3207 723 1 92 20 233 1
4419 769 1 41 26 503 13
2268 808 2 69 14 165 1
2370 330 1 14 9 69 12
840 933 1 14 26 391 4
616 808 1 43 47 61 13
2225 188 2 53 41 17 4
4789 948 5 133 39 326 20
2196 302 3 92 21 23 2
4262 894 2 96 26 103 5
2011 469 4 82 17 44 19
4437 592 2 81 15 151 2
2104 335 1 16 5 357 3
1940 113 1 33 7 262 1
3753 836 1 39 54 91 8
715 209 1 35 9 194 9
3679 765 1 13 25 382 9
2846 219 1 27 37 75 19
3329 775 1 15 22 108 7
1332 828 1 23 23 304 12
306 569 1 21 34 90 7
2826 708 1 37 10 273 18
183 405 1 34 33 233 16
368 267 1 22 39 308 9
3412 506 1 35 40 81 13
1418 411 1 66 24 115 16
4114 258 2 63 28 96 17
4291 879 4 96 68 90 1
1421 673 1 43 31 141 1
3250 263 3 100 31 163 4
2955 341 1 33 22 110 11
1444 521 1 66 56 227 20
4651 144 1 31 50 86 10
530 953 1 22 12 458 20
733 123 2 70 27 201 5
728 631 1 32 33 395 2
623 190 1 30 11 236 5
391 551 1 34 28 58 17
4709 154 1 48 25 477 7
3215 469 1 28 24 261 11
3207 430 1 34 38 39 20
2964 677 3 80 21 25 9
3707 368 1 28 50 318 14
66 537 5 92 13 54 1
3494 115 1 48 57 38 9
4747 346 1 28 42 52 8
1188 804 1 48 43 62 18
1087 757 1 21 47 172 4
3963 153 1 31 35 378 16
371 216 1 44 61 52 15
2971 314 1 35 36 142 10
1208 641 1 23 45 64 3
473 256 1 25 28 74 1
4302 426 1 34 25 209 20
2893 252 3 51 16 150 4
4554 419 1 31 37 259 12
254 686 1 27 23 160 1
3175 891 1 25 40 62 9
1990 103 1 35 12 147 1
4845 251 3 77 12 220 8
3952 307 2 73 26 164 7
1601 210 1 41 14 70 16
2032 411 2 26 61 276 12
541 904 2 88 19 38 10
3314 951 1 22 37 80 17
4102 227 1 23 11 170 9
4160 394 2 71 27 19 11
432 856 2 37 28 169 3
1977 396 1 16 21 206 10
4104 556 1 17 39 301 1
4160 256 1 16 15 71 19
1819 200 4 100 35 299 18
4495 390 2 30 21 319 16
1752 524 4 86 24 162 20
3502 238 2 71 21 148 15
3340 648 1 51 46 232 10
2841 730 1 30 14 146 18
4936 481 1 34 21 120 18
1950 165 1 39 9 198 11
3395 192 2 54 23 122 18
709 157 1 34 18 68 13
3387 475 2 67 15 77 15
137 991 1 37 31 42 13
1065 791 1 40 10 229 1
1768 861 3 70 17 118 16
4394 683 3 72 20 231 15
2790 323 3 91 12 138 10
1959 266 1 27 25 61 3
3301 902 1 13 9 78 3
2455 147 2 105 22 361 6
3974 154 2 87 20 109 3
895 777 1 43 51 63 6
792 150 1 29 31 267 13
3643 208 1 29 46 319 8
2377 236 2 39 28 111 11
2820 507 1 16 42 252 3
1761 637 1 16 17 139 20
3239 305 1 22 8 349 6
1048 232 3 48 37 182 10
1221 294 1 40 24 296 12
1657 674 1 32 14 340 11
3259 854 4 53 45 247 14
2565 508 1 38 60 77 4
3304 577 4 81 10 214 14
3656 985 1 42 24 122 5
2740 678 3 104 39 21 1
190 697 2 35 9 294 2
2860 941 1 72 23 48 11
1612 959 1 22 33 81 8
2508 88 3 36 34 307 12
1170 888 1 70 65 310 12
1022 367 1 24 52 88 4
4691 84 1 48 53 51 16
4005 961 3 66 8 261 1
3053 909 1 30 53 63 6
532 885 1 47 44 43 8
2064 882 1 38 30 35 20
3987 921 2 73 43 474 9
1303 978 1 39 55 257 11
4979 712 1 55 28 92 11
3718 836 4 149 19 159 16
4470 200 3 47 15 349 6
3218 98 2 59 67 191 19
2843 852 1 30 33 231 1
1908 98 1 48 16 351 12
3923 732 2 49 15 336 12
1484 608 2 109 45 107 12
4414 375 1 46 29 337 2
3890 142 1 16 22 218 14
4470 122 1 48 20 508 1
2560 329 1 27 9 109 15
2853 90 1 32 31 46 19
4 304 3 91 15 149 12
3422 497 1 24 26 78 10
477 287 1 40 18 369 20
4156 945 1 31 33 237 11
721 149 4 83 19 172 2
306 354 1 28 41 232 18
1974 340 3 67 16 319 11
2288 117 1 23 55 59 16
1334 815 1 37 23 60 6
1545 417 1 16 14 136 2
4935 486 2 64 15 206 20
842 450 2 84 12 113 7
759 98 2 88 28 35 1
1127 223 3 51 5 251 13
3793 618 1 30 32 85 7
1558 436 3 60 8 300 17
538 972 2 86 27 148 18
3760 484 2 22 22 189 13
1704 825 3 73 12 214 2
3360 562 1 21 29 165 6
2659 90 2 58 42 105 4
383 116 1 91 14 184 17
1426 320 1 16 17 154 4
4316 547 3 36 11 212 6
2753 498 1 20 48 205 4
4254 634 2 43 33 315 12
356 834 4 154 22 133 15
3615 499 2 24 9 345 20
4717 253 1 12 11 78 14
4340 335 1 33 19 137 20
113 402 1 38 32 45 8
2702 330 2 52 20 128 12
1291 817 3 113 53 158 3
1717 855 1 18 47 199 10
598 534 1 24 54 317 3
667 564 1 37 15 67 18
2826 496 1 64 13 183 13
1378 538 1 82 30 87 11
2231 868 2 59 41 16 2
524 291 1 47 8 167 4
2768 831 1 16 36 118 3
2375 812 1 44 14 239 14
2257 384 1 27 17 157 17
2988 416 2 30 12 344 15
121 100 2 44 30 444 18
119 456 1 34 8 238 17
1204 91 1 16 44 153 9
33 599 2 96 19 160 2
1332 167 2 105 39 27 3
563 403 1 71 19 276 3
934 179 1 26 10 203 15
2577 838 1 96 39 44 20
3849 195 1 63 23 264 2
3170 715 1 27 24 113 13
3038 158 2 32 18 356 4
2997 381 1 30 15 121 3
725 191 1 22 36 349 19
1556 299 2 72 39 183 11
2015 658 1 22 50 58 16
61 574 1 32 30 71 9
1818 553 1 12 27 300 5
2629 720 1 38 12 234 20
2227 298 3 55 19 82 6
1199 846 1 28 18 157 5
420 965 1 16 14 38 15
1429 800 1 33 54 31 19
2592 355 2 69 25 22 8
320 348 3 32 51 218 10
3029 667 1 34 22 159 7
4058 803 1 28 53 216 3
2082 618 2 48 16 238 5
1709 226 4 80 10 262 7
850 375 1 39 40 98 19
2753 866 1 43 23 80 20
1017 163 1 34 60 40 2
3424 669 1 31 33 51 4
1943 926 1 15 18 126 19
178 499 1 12 15 44 9
1760 769 1 11 23 190 18
70 303 1 44 39 46 3
3227 958 2 34 11 298 3
3893 647 2 42 13 236 19
3025 577 2 33 28 151 10
2830 595 3 73 13 239 7
210 917 1 31 50 259 7
2843 829 3 118 24 24 7
1816 239 1 37 47 49 5
789 205 2 28 29 252 7
1263 362 1 67 18 356 5
267 244 1 44 22 386 10
2886 971 1 24 37 317 12
1438 151 2 70 28 43 1
1050 714 2 23 23 267 19
4409 248 2 104 33 160 15
1277 496 3 47 63 237 5
464 759 2 52 34 254 3
4416 182 2 73 54 340 16
4931 607 1 95 22 267 11
3881 420 1 29 28 43 13
1827 897 1 32 14 137 17
206 488 1 32 33 175 16
2957 98 1 13 8 58 14
492 922 1 38 27 115 16
3275 389 1 38 36 130 4
938 718 2 88 11 264 13
532 580 3 41 10 242 17
3963 183 1 33 29 235 1
3707 139 4 48 49 196 13
3558 422 3 83 42 17 20
3 856 1 18 47 252 12
1022 989 3 89 20 144 4
2514 258 5 59 15 375 13
4912 686 1 32 28 53 19
4304 769 1 38 30 16 19
1818 632 1 28 64 224 17
1776 382 2 78 35 55 8
1142 991 1 26 48 57 13
3610 971 1 28 32 207 18
3758 314 1 14 24 176 5
1449 961 4 67 20 53 3
1979 923 2 58 27 400 14
4390 985 2 30 22 251 12
2890 224 2 30 29 126 8
1837 368 5 69 16 226 8
1419 233 1 47 11 147 18
376 464 1 47 28 47 10
1074 105 2 80 23 371 8
3982 633 1 39 28 152 19
1950 950 5 61 31 227 20
768 445 1 37 19 212 1
4645 967 1 39 40 233 4
2716 166 2 78 13 250 5
600 933 2 72 16 317 20
4611 694 1 42 53 60 10
815 345 1 32 41 56 13
4132 971 1 37 7 182 9
3398 679 1 39 15 190 17
2930 501 1 41 45 69 20
2236 587 1 52 29 383 13
4934 866 2 94 35 163 2
545 707 1 26 36 46 16
3740 310 1 59 38 156 8
1756 562 2 73 44 117 6
3565 559 1 28 32 290 20
3088 925 3 105 46 183 4
1388 989 1 37 6 185 12
1086 829 1 21 43 328 14
735 721 1 34 12 210 4
3557 604 2 79 52 93 16
1500 802 2 62 46 128 16
4680 240 1 47 33 235 11
4909 536 2 60 51 106 8
4716 809 2 60 21 213 20
272 510 1 38 17 228 18
1771 511 1 46 37 58 19
1357 580 1 44 43 417 2
2167 658 1 12 24 172 7
3789 714 1 78 34 50 15
60 676 1 34 22 253 1
3506 104 1 45 18 347 12
2579 171 2 72 21 76 8
3710 481 4 117 18 210 13
2162 126 1 12 28 372 15
4710 190 4 55 9 403 5
2472 474 2 119 39 235 9
2207 860 1 12 36 251 6
4125 83 2 67 12 337 11
801 899 1 37 24 71 4
713 946 1 90 38 35 20
828 893 1 20 33 255 8
2009 941 1 73 19 155 10
1965 520 1 29 48 58 14
686 136 1 17 24 345 12
1711 199 1 34 41 120 11
4759 237 1 23 40 92 20
2939 171 1 42 22 319 3
3493 281 1 47 12 264 2
886 163 1 16 16 58 6
1066 616 1 30 57 178 10
4946 88 1 22 13 278 19
504 736 3 80 11 232 17
604 202 2 42 10 431 17
4842 534 1 32 12 198 15
2057 537 1 82 19 139 17
2185 942 1 24 36 353 13
1585 257 1 27 21 108 14
159 556 1 36 40 30 20
2596 316 1 30 28 137 11
4840 137 1 20 43 331 13
715 892 1 37 33 139 7
4315 184 2 62 12 339 10
1433 803 1 14 49 217 16
4479 365 2 36 36 99 13
2422 422 1 59 34 74 8
4784 601 2 30 62 282 16
4973 579 2 65 24 29 8
171 864 1 37 42 101 12
2797 202 2 78 18 178 4
2118 82 4 72 23 36 12
2158 121 1 36 26 25 17
1440 143 1 12 25 111 5
1153 268 2 24 11 205 8
4080 643 2 85 28 96 14
1518 774 4 121 18 163 9
4419 439 2 33 13 270 20
2426 790 2 74 18 209 1
4059 649 3 88 42 365 20
112 956 1 23 47 129 16
1944 486 1 33 13 299 8
948 398 2 70 7 253 10
4383 848 4 133 36 213 3
2543 651 1 41 20 64 14
716 492 1 12 18 398 4
323 94 2 38 8 330 1
508 809 1 44 20 112 9
839 821 3 88 11 431 3
1706 683 2 90 37 61 19
616 914 2 84 19 408 10
2174 157 1 30 34 52 11
1796 486 3 57 17 276 2
3076 625 2 77 56 113 16
4681 653 2 44 22 116 14
4920 719 1 12 25 229 19
1398 801 1 48 16 412 11
3872 445 1 16 46 198 1
1065 227 1 39 43 39 14
3085 414 1 39 10 293 1
4402 650 1 44 16 363 14
4806 677 1 45 9 237 2
1318 946 1 39 25 228 16
1085 624 1 16 22 453 16
2576 986 2 53 30 143 9
2884 658 2 51 39 359 15
229 819 1 21 38 194 15
3793 631 1 48 10 259 3
3762 616 3 60 14 303 1
138 869 2 59 28 134 17
4243 105 3 45 21 312 20
2589 957 1 37 39 61 20
861 704 1 22 48 55 9
3581 878 2 63 34 31 6
3585 618 1 36 20 53 15
3921 382 1 24 32 289 1
3575 181 1 28 23 17 2
2740 955 2 79 19 152 6
1009 750 2 80 56 159 8
1933 790 1 15 22 206 7
889 840 1 44 44 42 5
1040 706 1 29 43 138 9
4205 166 1 23 56 140 10
4012 693 1 13 21 135 15
739 200 2 32 21 420 7
2467 218 1 40 27 97 11
3675 453 4 109 27 237 1
3018 249 1 32 41 75 3
1501 901 3 68 15 233 14
1327 875 1 33 71 80 16
2012 224 4 126 33 205 20
1633 738 1 11 22 256 19
461 972 2 29 11 264 3
4692 145 2 60 26 97 14
4463 918 1 15 14 46 16
3990 496 3 47 33 273 1
427 220 1 43 60 381 20
3732 325 1 11 20 322 19
125 591 2 74 22 113 11
1393 627 1 30 15 196 20
4028 923 1 42 33 46 9
2399 146 1 37 17 232 2
4352 848 1 48 14 362 5
3074 616 1 32 13 205 6
1208 847 3 58 14 352 10
1027 234 1 43 14 163 3
3156 212 3 93 35 136 20
3531 845 1 45 16 146 3
2953 792 4 59 33 259 11
3236 920 1 47 12 236 9
4589 338 1 47 36 63 12
4948 828 2 69 31 84 18
3176 642 2 169 13 38 7
2273 497 1 43 23 212 20
4411 254 1 67 16 302 3
1473 827 1 15 29 377 11
3240 513 3 72 16 318 16
4590 104 1 30 40 327 5
1654 638 1 30 14 209 1
4047 289 2 62 12 333 13
3291 613 2 83 29 33 12
1892 335 1 38 23 62 19
3287 87 1 27 13 213 7
4266 620 1 29 28 59 19
1217 385 4 117 16 33 8
4206 756 1 12 11 46 12
348 941 1 79 47 271 12
4377 224 1 44 11 192 19
377 298 2 24 12 394 19
738 130 4 113 14 180 10
1148 185 1 48 15 220 19
932 547 1 36 21 153 14
4663 184 1 26 32 275 17
3491 332 1 35 11 254 13
142 80 4 126 23 168 19
3166 745 3 95 7 435 19
959 878 1 37 23 66 5
1681 603 2 36 48 285 2
1898 412 1 22 34 72 18
1056 513 1 37 26 119 11
2329 363 3 94 20 177 16
1061 951 1 44 47 95 19
421 144 2 117 63 40 16
3182 674 1 36 7 198 2
4625 570 2 52 36 432 11
1937 169 1 39 17 196 8
727 407 1 59 7 348 16
4583 462 1 30 10 158 2
3915 168 3 62 10 177 15
1457 872 2 108 56 140 15
777 250 1 15 16 40 12
4229 457 1 12 18 121 4
3160 588 3 71 18 291 14
4894 674 1 13 16 283 12
724 833 1 32 58 348 12
3326 922 2 47 35 334 6
1339 910 1 46 42 39 5
662 178 2 70 19 40 14
1402 439 3 49 19 250 4
2415 657 1 42 8 199 12
3646 467 1 26 50 59 18
1160 189 1 75 27 94 10
3550 103 1 52 9 297 14
3832 667 1 15 26 367 10
1381 833 1 40 70 49 5
1510 633 1 38 34 235 20
1877 388 1 25 9 197 6
2830 781 1 27 15 164 19
2098 478 1 36 28 106 2
4721 127 1 28 13 219 1
3376 679 1 39 11 241 16
1645 116 2 70 24 158 15
1456 426 1 26 46 132 1
1588 312 3 78 19 152 17
2469 555 1 32 33 237 8
2809 418 3 38 29 190 7
4146 639 2 50 15 179 7
2012 639 3 93 17 108 7
4663 460 1 13 28 212 7
365 880 1 47 32 132 19
1714 947 1 44 6 149 13
4567 829 1 32 23 483 16
3877 541 1 85 18 78 8
2057 429 1 23 5 396 1
772 117 2 54 32 320 14
2582 268 1 31 21 299 1
1646 307 4 96 13 61 7
527 252 1 38 61 54 12
520 369 2 58 31 87 13
2017 219 2 61 10 251 15
1468 790 3 111 41 27 1
4653 500 1 22 28 143 2
4692 597 1 39 10 173 11
462 865 1 22 38 241 11
2749 949 1 40 39 299 12
1600 341 1 36 42 55 9
3376 82 1 42 19 263 1
1527 297 1 46 53 38 15
2222 532 1 43 10 333 4
861 148 1 19 39 196 4
3338 205 1 33 22 52 20
2406 518 1 32 6 392 2
4641 342 1 61 36 184 15
3748 697 1 37 25 98 2
2184 653 1 31 51 213 19
608 503 1 42 58 30 17
3698 511 1 44 17 400 18
252 782 1 24 39 319 19
3618 515 1 84 13 349 9
226 830 3 65 18 53 4
3621 600 1 40 43 96 10
2445 558 1 95 39 225 1
2138 228 1 92 28 37 6
1616 104 3 125 23 162 6
3569 616 1 22 42 62 2
3837 938 1 44 12 297 1
2713 529 1 32 23 111 15
3273 362 2 39 11 251 6
2620 130 1 19 5 353 13
867 890 1 35 42 47 19
1596 809 3 71 31 142 10
4946 685 5 102 21 50 6
1524 511 2 39 42 196 6
2944 961 1 31 45 70 15
4844 681 2 56 11 240 20
1395 541 3 59 55 414 15
1403 555 1 16 21 418 6
1433 323 1 22 36 256 3
1776 99 1 23 33 432 6
2460 860 1 22 52 218 8
2210 543 1 27 18 226 20
707 912 2 71 30 152 13
190 911 1 23 48 431 18
2487 205 1 30 53 87 9
123 655 1 21 39 261 1
3331 536 2 55 48 130 18
2106 291 1 83 21 49 17
4148 779 1 77 13 239 13
817 519 2 29 14 460 4
2121 648 3 85 10 357 9
4743 508 1 12 27 158 17
1578 886 1 34 37 62 8
3577 842 2 82 19 349 15
2014 314 1 26 27 86 18
3678 682 1 41 18 59 9
4949 597 1 67 17 116 15
1645 396 2 29 38 184 3
1203 547 3 51 6 460 10
4774 114 1 41 37 32 2
4115 350 1 29 23 322 10
757 426 1 41 18 479 15
2338 336 1 61 29 80 6
3330 100 5 78 10 143 16
4391 305 1 32 8 270 9
4396 974 1 43 12 251 8
878 301 1 37 23 252 7
4115 340 1 16 28 112 12
318 322 1 67 32 112 12
2450 150 1 27 20 237 15
2631 164 2 76 36 252 3
136 211 1 45 55 54 19
200 803 1 27 52 245 3
1205 611 1 22 32 237 14
2533 889 1 34 11 254 8
358 536 1 42 22 90 16
3730 173 5 64 15 176 8
3159 653 2 53 23 192 4
1987 791 1 44 42 217 7
1638 579 3 115 16 58 2
2588 802 1 47 54 351 5
2930 367 1 76 57 294 15
1363 298 1 15 35 254 14
1421 232 3 47 60 164 2
1668 952 1 31 52 70 2
1148 812 1 15 12 79 9
3899 799 2 68 34 58 18
4794 931 1 32 40 17 9
2803 575 3 91 9 188 13
2683 349 1 12 18 371 4
2743 173 1 12 35 307 17
970 540 1 32 30 422 15
2183 124 1 32 38 30 1
3099 851 1 37 51 228 3
3350 144 2 56 45 228 15
2669 229 1 38 42 34 7
3653 893 1 11 57 117 9
610 468 1 11 20 235 9
4695 558 1 59 43 99 3
3209 121 1 28 26 334 2
4337 379 1 45 33 301 4
4495 482 4 58 12 384 10
1879 121 1 29 19 216 5
3967 226 2 73 23 135 12
3123 124 1 12 19 220 10
4812 448 1 25 44 423 3
1384 775 3 37 16 228 19
3174 838 1 40 33 37 10
4696 393 1 47 42 43 20
3851 265 1 38 36 50 20
1228 649 1 33 64 76 1
2438 395 3 50 4 367 18
4465 809 1 34 15 223 17
4319 906 1 95 63 289 17
1070 855 4 159 31 123 6
522 351 1 43 12 213 4
1340 667 4 51 17 403 6
36 633 1 35 10 285 4
4480 814 1 16 15 38 4
1863 246 1 12 28 490 12
2753 105 1 23 26 224 6
3100 448 1 33 22 69 19
3045 358 1 33 12 265 1
2831 222 5 81 23 55 11
961 868 2 67 5 333 4
3067 661 1 14 24 342 7
4168 800 5 58 15 213 20
835 224 3 40 46 253 18
2569 408 1 16 46 410 13
4364 624 1 19 40 261 12
1604 265 1 21 29 71 2
665 687 1 30 40 53 18
40 233 3 115 25 29 12
3255 991 1 43 27 77 6
1058 961 2 75 17 79 19
1395 759 1 27 48 240 20
4364 685 1 81 11 214 4
2609 959 1 64 35 261 8
325 568 2 48 32 403 5
1546 724 1 11 16 46 19
2266 244 1 28 13 126 2
3452 620 1 32 31 31 7
2859 662 1 48 53 76 16
719 471 2 108 20 283 18
4743 394 2 47 42 111 11
4942 967 1 13 25 146 6
4828 585 2 81 36 31 13
2816 251 1 32 26 156 10
3002 433 1 12 27 173 16
3561 612 1 25 51 221 14
2493 766 2 77 43 48 6
3096 471 3 133 32 158 10
2915 477 1 37 40 61 18
4076 145 1 77 17 137 20
2434 281 2 108 50 225 4
2430 698 1 12 20 223 16
1490 783 3 38 23 233 14
1634 271 2 42 12 312 18
347 683 4 67 15 199 16
4557 957 4 50 12 292 19
3625 980 2 32 23 243 17
2500 965 1 44 18 510 12
3282 518 1 31 43 84 18
3588 733 2 90 31 145 9
1861 675 1 45 18 134 6
2490 299 5 111 33 246 11
786 445 1 32 46 201 15
88 648 1 41 26 79 18
737 750 1 32 14 263 17
3230 727 1 16 10 49 2
3942 175 1 27 49 79 15
276 866 1 33 32 143 4
1962 100 2 44 22 269 5
127 960 1 15 25 95 16
682 528 4 44 15 307 19
1330 917 1 63 7 261 13
2885 298 1 30 15 195 18
4573 833 1 21 6 297 18
1799 612 1 18 36 233 15
2866 893 1 40 39 59 16
3362 891 1 26 45 387 4
3975 87 1 14 31 176 5
2643 266 3 58 10 251 17
2664 643 1 87 5 328 1
3446 333 1 29 15 206 14
150 299 1 30 18 249 19
2757 758 1 40 30 33 18
721 696 2 87 17 201 14
4135 316 3 88 45 66 20
180 184 1 44 45 42 6
2033 247 1 15 11 58 17
2419 623 1 25 51 222 19
232 245 1 32 10 126 7
11 651 1 75 64 280 1
833 898 1 36 51 110 19
1765 654 1 55 34 31 18
4978 937 2 23 27 131 18
367 724 2 68 10 283 1
3503 398 1 34 46 47 8
177 364 1 31 8 349 20
762 553 4 64 16 345 16
4876 175 2 76 26 108 13
271 450 2 66 6 230 7
4832 774 3 48 15 140 12
1501 347 1 30 22 196 9
460 108 1 27 16 176 11
417 252 2 35 7 322 14
3867 524 2 47 8 412 13
3745 656 1 82 16 247 19
4667 767 1 32 38 71 18
44 399 2 77 58 485 4
2973 381 3 89 7 417 5
4258 536 1 33 26 160 4
497 823 1 37 24 76 9
88 606 2 23 11 415 12
1098 961 1 38 22 301 1
2812 748 2 22 46 306 18
3692 867 1 16 12 70 12
4399 610 1 28 28 63 5
599 565 1 15 10 41 18
490 267 3 38 9 179 16
3772 152 1 43 6 334 18
1432 269 1 40 23 67 20
4504 239 1 25 28 72 11
3882 551 3 48 9 319 12
202 665 1 39 50 117 4
3941 221 2 28 26 203 4
4008 720 1 26 33 169 9
2926 850 1 44 17 128 9
1834 986 1 68 15 198 13
1315 589 2 38 14 306 3
3222 109 1 40 39 41 3
5 747 1 43 8 136 12
1548 426 2 28 29 150 17
1876 145 1 28 44 47 15
1985 912 1 28 34 235 12
4856 738 1 22 16 400 18
577 367 1 23 30 60 15
1298 377 4 49 18 365 18
246 717 1 33 23 233 11
2632 171 1 12 38 225 6
1644 320 2 80 20 282 7
2140 638 1 28 33 144 17
627 298 1 40 18 194 7
2388 122 1 36 20 368 17
327 183 2 54 31 80 19
3282 257 2 94 12 398 10
593 186 1 34 15 68 14
4224 639 2 59 10 187 15
4564 704 2 91 48 308 1
3968 176 1 33 37 48 2
1166 704 1 33 21 105 15
3342 855 2 46 34 208 6
3901 218 2 38 19 309 7
254 341 1 17 25 176 10
2205 282 2 144 7 315 19
3108 898 3 43 16 246 5
1674 917 1 32 26 46 16
3262 675 1 71 17 186 16
2366 438 2 59 13 52 11
825 402 1 43 70 76 14
3594 436 1 46 7 246 13
2452 765 2 140 14 60 16
2293 619 4 76 34 188 7
1649 583 1 12 21 319 12
4985 641 1 16 27 195 17
1836 463 1 40 38 16 7
1482 767 1 16 20 150 11
1216 337 3 113 25 211 9
255 185 1 34 66 48 18
3381 280 2 45 8 326 5
4493 856 1 16 26 105 15
130 501 3 52 12 336 18
3669 210 1 38 26 49 16
2044 614 1 30 35 146 4
1798 183 2 53 49 308 18
2921 235 2 49 18 286 2
2089 661 1 39 24 112 9
601 739 1 32 25 328 3
2781 940 1 25 43 46 11
4068 530 2 92 16 98 12
146 728 1 34 20 306 1
4837 461 1 20 40 213 3
1882 853 1 13 15 484 17
28 680 1 15 28 162 12
4391 327 1 22 58 371 5
3396 710 1 16 28 178 19
4880 252 3 59 8 376 15
4393 465 1 15 28 200 11
403 624 1 34 22 21 7
4152 959 2 68 57 355 17
3113 245 2 63 24 83 8
3531 238 1 35 15 303 19
3918 183 1 23 26 349 19
539 420 1 28 53 58 5
3441 707 1 17 6 280 4
3441 573 1 14 27 101 20
4956 884 1 15 9 57 3
3026 696 2 30 33 117 6
3569 268 1 32 11 226 8
4473 505 1 11 25 314 3
2430 479 1 37 37 61 6
2780 487 1 34 40 35 16
4227 917 3 54 6 301 9
4409 260 2 36 15 62 9
3478 201 1 13 40 197 20
45 813 2 22 13 411 3
4556 499 1 37 9 197 14
4437 387 1 35 13 159 17
679 906 1 25 35 219 17
800 317 1 32 48 57 1
142 422 1 34 27 407 8
1323 940 1 31 40 80 2
2122 806 1 39 11 218 14
1446 821 1 48 59 62 3
764 719 3 40 51 237 15
4237 604 2 46 22 292 15
4067 514 1 32 15 253 17
1403 696 2 53 11 162 9
875 357 2 25 15 126 6
358 882 1 61 34 249 6
4871 871 2 64 12 160 18
2144 353 1 75 60 248 2
1754 232 1 32 39 21 7
1628 473 2 61 18 109 1
1079 776 2 61 39 457 14
1707 567 1 16 13 47 10
1612 716 1 34 34 23 12
341 107 1 35 34 55 4
3423 823 1 74 39 122 4
686 554 1 39 18 403 9
2868 227 1 11 28 184 13
4981 658 4 130 35 280 12
4161 799 1 93 12 170 5
3954 698 1 23 58 365 15
1819 567 1 15 16 383 3
264 406 1 24 32 269 18
2093 458 2 78 18 133 2
4383 744 3 51 16 271 7
2375 696 2 58 20 186 2
2065 664 2 55 55 237 18
4055 724 1 27 21 118 2
4339 416 1 35 18 176 15
4738 228 3 89 35 123 5
3339 721 1 45 13 471 14
4528 741 1 29 51 76 14
759 193 1 76 42 127 13
1961 593 1 82 50 134 9
1544 705 1 11 34 336 16
1988 290 1 26 44 62 14
2296 118 1 47 38 57 18
92 444 1 12 14 78 16
2169 256 1 35 27 126 7
609 675 1 36 44 45 10
2447 588 3 56 43 161 5
2624 851 4 84 22 147 13
747 924 1 66 22 243 3
2192 378 1 40 9 193 1
1061 435 1 34 72 340 15
821 164 2 86 38 62 17
3139 313 2 78 22 353 7
2429 787 1 13 22 318 19
1576 591 1 38 17 453 9
2257 170 1 13 13 65 20
2201 618 2 107 25 31 12
3460 844 1 32 28 68 16
3637 311 2 78 37 270 7
3991 760 1 45 12 261 5
2880 109 1 76 39 260 16
4467 604 1 48 19 108 7
4874 94 1 95 18 338 2
4201 771 1 63 14 207 8
4230 354 1 27 19 312 5
1924 493 1 22 13 251 12
39 688 1 32 21 215 14
163 482 2 40 29 245 1
1992 310 1 77 20 353 15
3031 455 1 29 19 249 4
4548 188 1 38 48 120 9
4776 600 2 37 57 329 9
4961 840 1 30 18 80 10
4263 939 1 37 44 276 17
755 188 1 16 22 311 19
2790 962 1 52 12 232 20
1716 183 3 72 23 61 9
3697 557 1 21 45 249 15
4908 513 1 35 41 32 8
1291 471 1 40 16 313 4
4174 617 1 35 25 25 18
2231 895 5 74 10 384 18
2284 112 2 37 20 348 7
4423 633 1 46 45 37 5
2984 305 1 21 22 284 15
2014 436 2 43 16 207 19
2104 456 2 70 49 339 13
770 525 1 31 41 240 8
2025 975 1 57 28 126 11
875 862 4 49 18 352 10
4794 722 1 38 38 26 2
2963 460 1 60 28 226 14
3107 141 1 28 41 47 19
2944 224 1 24 7 203 2
1150 969 2 98 21 270 3
704 112 1 14 13 71 1
1818 342 1 22 6 273 19
2032 132 3 122 15 393 2
988 820 1 28 12 206 8
4899 203 2 55 26 73 14
1175 585 2 76 40 190 7
4105 124 1 16 13 72 11
1500 849 1 35 36 350 3
3973 190 1 31 26 93 1
355 709 2 93 8 239 12
3202 191 4 80 7 375 4
2077 838 1 23 10 181 7
3299 802 3 68 10 362 7
3697 719 1 44 45 53 4
257 311 1 45 18 72 19
2115 384 2 62 9 188 4
3116 419 1 44 11 294 3
640 786 1 68 14 352 4
2060 821 3 89 8 295 4
3810 363 2 63 53 265 14
2635 206 1 29 29 36 14
4367 572 3 139 50 199 14
4181 458 2 80 13 40 14
7 171 1 36 45 48 16
4895 433 1 57 8 395 17
717 873 2 77 36 111 9
3281 298 1 40 10 289 8
2544 620 1 43 13 69 15
3871 585 2 73 12 326 20
1522 248 2 22 18 321 3
1120 540 2 38 12 49 2
4469 155 1 29 17 147 13
2736 354 1 38 20 366 19
1670 935 1 38 15 95 18
2396 203 1 41 12 273 1
4813 392 1 27 18 169 15
2343 792 3 47 15 333 13
2379 700 3 43 31 309 8
3648 922 2 27 18 190 3
992 219 1 24 13 123 6
3936 144 2 82 43 18 19
116 536 1 28 25 44 10
1439 726 1 16 23 246 13
585 674 1 41 44 382 16
3956 641 1 32 9 414 12
2098 160 1 37 25 30 11
1959 438 1 13 26 139 13
727 763 2 66 23 55 7
465 806 1 44 28 64 6
1144 231 1 25 29 72 12
2302 214 1 32 57 231 3
2671 284 1 43 17 351 16
161 199 1 23 43 46 17
1420 223 1 32 15 277 11
354 268 1 33 13 317 20
4297 188 1 23 32 294 4
2928 843 1 35 39 59 6
238 331 1 36 27 381 6
2690 747 1 28 14 258 2
4429 954 1 102 5 271 19
31 491 1 32 31 131 8
399 114 1 43 33 49 14
2951 318 3 56 16 250 15
439 121 1 25 15 205 19
3702 639 3 76 10 346 1
949 180 2 59 15 44 12
1827 828 1 13 23 98 19
3973 826 1 23 45 78 15
3821 322 1 32 32 154 4
3371 910 1 43 21 416 9
3274 590 1 35 17 201 17
3994 386 1 27 34 53 19
607 523 1 38 9 303 14
712 879 1 22 50 324 17
3070 125 1 38 18 150 18
1473 730 1 84 38 53 15
317 826 3 61 22 268 16
213 719 1 79 39 93 18
52 888 1 33 26 105 10
1306 822 4 132 34 155 15
284 324 4 74 19 39 4
2008 187 2 23 24 166 9
1052 644 3 90 59 163 11
480 328 1 33 69 71 1
2758 766 1 44 8 184 13
4909 357 1 34 26 121 1
588 212 2 22 19 202 15
2338 109 3 39 45 310 14
202 709 2 36 68 183 14
3711 932 1 69 22 228 3
28 911 1 35 9 162 3
1019 244 1 13 32 186 16
4876 756 1 35 20 333 4
7 641 1 45 18 88 13
389 238 2 88 12 380 18
665 544 2 22 18 256 3
3906 568 1 34 12 346 2
2585 657 1 15 11 50 2
2113 611 3 81 13 290 13
1177 401 4 48 13 198 14
3025 923 1 37 43 38 2
3423 508 1 48 19 125 8
4946 644 1 31 18 149 13
1976 439 2 84 28 40 2
1119 114 1 11 21 265 7
2320 121 1 39 17 116 4
3198 624 1 79 21 157 13
509 399 1 24 13 159 6
4257 793 1 14 18 214 1
1663 850 2 85 33 56 1
2669 853 3 65 11 306 16
4358 362 1 36 24 45 16
3248 201 2 90 20 379 5
789 652 2 81 20 397 20
4416 504 1 36 43 33 8
4537 234 1 47 24 130 12
1185 555 1 29 41 95 16
672 816 1 26 9 156 7
1969 200 1 36 31 91 14
1047 198 1 13 30 394 3
4744 717 1 16 18 166 14
1909 523 1 38 24 332 20
3401 426 1 32 23 57 12
1397 463 1 39 17 78 16
4379 859 1 23 11 268 9
4432 429 1 37 7 335 5
1717 467 1 40 63 392 18
2527 277 1 29 14 227 3
803 887 1 34 20 309 2
2977 359 2 23 16 252 19
2732 937 1 47 25 314 8
3614 173 1 37 19 82 10
10 432 1 39 11 201 12
3985 820 3 58 15 173 9
2018 250 3 123 21 150 3
2985 557 1 22 12 241 4
1940 906 2 24 15 262 4
4778 124 2 32 14 176 18
4119 89 2 61 50 387 15
1770 380 1 30 9 117 6
2382 640 1 40 18 99 17
3675 583 4 72 8 281 18
4611 964 2 35 20 186 2
2976 846 1 26 41 49 2
2210 900 4 61 13 285 1
4929 327 3 70 12 225 5
4515 307 1 30 29 406 6
1637 882 1 48 36 48 18
3172 836 2 85 19 106 16
3878 245 2 35 35 100 13
898 906 1 30 13 308 13
4172 874 1 62 21 139 14
4532 117 1 32 27 344 14
347 105 3 113 38 31 6
3144 179 2 86 35 237 12
2992 909 2 63 27 235 20
4733 589 4 44 12 159 11
2789 291 2 22 24 171 3
3578 695 2 60 29 95 2
1046 637 3 43 52 157 19
3997 741 1 38 24 72 8
2655 467 1 13 10 57 6
2456 859 1 48 51 39 2
1447 717 1 29 25 269 19
3609 490 1 82 20 252 5
3844 198 2 104 14 214 6
72 390 1 28 28 48 20
4909 349 1 38 42 36 15
2716 795 3 67 38 226 12
2212 669 1 12 21 278 13
1031 228 1 32 56 259 19
4429 287 1 23 16 396 5
4495 360 1 40 28 393 8
3939 768 4 108 51 159 18
4472 337 1 25 58 248 17
353 930 1 45 11 275 18
4760 600 1 32 20 115 10
1001 285 2 65 23 281 12
4359 723 1 41 15 474 1
123 523 1 30 19 192 18
3817 139 1 34 17 232 1
1274 875 1 28 30 147 7
549 533 1 13 19 258 8
3565 353 1 15 36 133 19
467 535 1 21 36 227 13
72 747 3 41 40 274 18
2787 265 1 60 23 107 3
1562 683 1 53 46 268 12
1016 869 1 14 17 333 17
1634 946 1 34 31 240 2
3469 551 1 14 28 188 16
958 563 1 41 18 361 14
1411 462 1 34 36 270 10
3557 614 1 15 17 193 14
2053 289 4 108 12 49 3
1561 390 2 92 17 228 7
4803 140 1 12 26 178 5
3590 169 1 43 32 33 17
2655 189 1 22 51 50 20
2311 762 2 54 60 438 6
1485 472 1 36 41 137 17
4973 937 1 41 39 371 16
182 530 2 136 22 301 10
3640 855 3 54 14 187 6
1796 452 1 42 52 57 8
4674 853 1 40 15 238 19
4191 313 1 32 11 226 17
839 692 1 36 8 249 9
1503 400 1 30 35 396 17
634 468 2 43 6 303 1
3024 824 3 79 44 26 17
3473 86 1 34 14 272 9
3528 848 1 29 47 177 11
1215 797 1 37 20 59 13
3464 798 1 73 32 95 1
375 529 1 39 55 78 10
2794 991 1 27 64 213 20
350 981 1 14 31 113 18
2082 178 1 23 28 261 12
707 573 1 95 38 60 13
1578 667 1 62 31 91 19
67 484 1 13 18 169 16
3973 279 1 33 6 232 15
4849 84 4 87 22 119 20
3279 289 2 76 27 107 7
2442 936 1 33 7 223 5
4409 627 1 65 17 117 1
2123 616 1 18 29 172 20
26 851 1 29 14 215 2
2401 656 2 61 9 295 18
3334 508 1 47 18 152 8
2792 873 1 29 41 31 14
1554 639 1 60 15 196 6
1024 154 1 14 26 142 7
1423 561 1 36 14 166 15
154 744 2 65 12 221 9
100 849 2 83 20 123 10
3527 151 1 13 20 165 9
2516 308 1 35 29 50 3
751 595 3 97 42 342 18
1346 667 3 146 40 178 20
4548 262 4 50 15 234 2
226 209 1 43 57 58 18
1740 264 1 43 53 69 12
3234 692 1 80 28 73 18
2413 276 2 67 43 84 5
2919 799 3 138 20 149 9
1829 83 1 32 56 53 19
1342 721 1 32 21 279 13
1388 410 1 38 17 281 12
3835 811 1 40 32 117 10
1885 885 1 26 26 79 17
2666 624 1 41 21 456 15
2601 310 2 82 20 168 17
2422 633 3 143 24 50 19
3488 319 1 42 26 127 7
4198 292 2 98 38 23 4
4062 525 1 82 27 51 9
2836 257 1 11 28 237 5
155 702 1 34 33 171 13
4873 420 1 42 62 229 13
1503 311 2 57 38 16 1
3888 854 1 48 52 53 11
991 757 1 36 34 108 20
2121 593 1 31 16 211 11
28 981 1 23 47 220 2
2201 598 4 48 11 197 15
2842 153 1 41 17 77 5
1824 291 2 26 8 239 7
2469 444 3 79 10 223 16
3537 933 1 12 12 70 13
387 903 1 16 26 126 6
3476 604 1 16 24 191 7
1486 212 1 27 31 159 20
275 720 1 18 5 332 17
4370 724 1 27 28 174 6
4358 109 1 37 14 232 20
4463 336 1 39 46 96 4
4109 724 2 58 29 17 6
3150 210 2 67 32 102 5
1199 452 1 37 20 35 11
775 745 1 22 40 194 14
2595 260 2 29 36 262 14
1760 170 1 29 17 462 12
549 173 2 49 37 82 8
1632 321 3 50 25 110 16
4323 584 2 52 15 164 6
3909 967 1 32 26 222 11
1749 490 1 12 24 201 13
2545 910 2 72 32 96 6
1970 508 1 34 21 332 5
1520 516 2 32 16 231 7
96 446 1 29 38 48 5
2009 924 1 11 35 203 17
3818 997 1 70 37 54 18
1571 912 4 87 14 45 19
4057 672 1 14 20 91 19
3847 506 4 55 14 257 18
2279 574 1 35 16 129 18
1103 537 2 33 53 360 7
4291 855 1 43 24 205 1
1839 991 2 97 32 125 4
1409 770 2 121 59 276 18
2442 343 1 56 56 184 13
1312 277 1 62 38 132 14
2460 580 2 54 35 26 18
2920 134 2 96 23 157 3
1036 606 1 27 29 127 20
3488 815 1 64 32 189 10
4853 557 2 54 40 112 4
4371 239 2 77 21 192 7
3570 409 2 80 37 49 2
56 617 1 26 62 262 14
2364 126 1 16 15 146 5
544 348 2 64 13 139 19
871 910 1 39 26 148 10
4222 665 3 48 36 281 11
4453 668 1 46 50 225 12
1850 193 2 51 31 97 10
1139 700 1 92 39 54 19
1688 592 1 27 25 91 14
4528 174 1 47 27 74 20
1156 637 4 57 19 423 19
4958 265 1 13 17 200 10
128 491 1 32 26 78 8
4926 119 1 30 47 108 8
3957 452 1 67 32 43 11
2405 332 1 15 20 253 15
216 572 1 31 30 71 2
4608 405 1 27 38 93 1
1018 985 2 85 14 127 7
4331 884 1 46 8 221 20
4465 719 1 36 27 143 3
568 350 3 125 26 252 17
4131 90 2 36 20 227 10
1678 542 3 83 13 110 5
4764 950 1 32 34 24 11
580 655 2 31 12 246 9
3759 849 1 36 36 183 5
2104 584 1 23 37 396 18
4594 296 1 86 21 183 10
3801 755 1 12 27 217 3
2896 865 1 22 62 269 10
1397 496 1 24 45 375 17
4405 989 1 18 47 257 14
3763 868 1 45 60 56 9
573 826 1 37 35 206 2
4627 252 3 114 69 69 10
2145 283 1 13 37 220 10
2287 268 1 14 16 75 12
4530 398 1 40 27 243 12
253 710 4 115 22 208 3
4463 521 2 42 20 311 18
4993 590 1 32 42 29 1
3673 532 1 16 19 305 9
1765 791 2 87 20 150 3
2629 629 1 15 19 107 8
4338 860 1 37 12 202 19
2656 172 2 32 16 245 7
1294 917 1 47 25 113 3
3403 609 1 13 15 68 18
661 892 3 65 12 265 16
2949 672 1 12 30 366 12
1653 100 2 74 15 153 16
1581 408 1 47 51 243 13
3167 152 1 30 18 244 19
2440 86 3 37 35 189 4
1941 484 1 33 51 47 17
1908 818 2 75 20 121 5
4530 169 1 15 54 225 6
1579 871 2 72 27 83 20
3338 89 1 16 57 174 4
381 205 1 40 39 33 17
2299 281 2 29 26 139 20
2992 709 1 31 15 323 18
4640 898 3 65 5 347 7
3323 410 1 28 32 83 14
2164 766 1 31 42 394 12
3334 859 1 35 38 53 16
3665 384 2 85 13 164 11
1161 147 1 37 8 227 17
526 97 2 36 16 224 5
3380 561 2 101 68 32 9
4824 379 1 32 71 92 19
192 134 3 89 29 157 5
685 776 1 22 10 227 5
2237 861 1 30 12 316 5
3339 668 1 68 28 121 6
3811 744 1 30 55 143 5
2616 105 2 32 14 311 16
4906 397 2 23 11 227 8
3349 611 1 48 33 42 20
4624 312 1 33 61 85 18
2843 544 1 23 33 138 8
4985 338 1 39 29 84 20
821 290 1 22 10 220 10
1499 168 3 42 21 273 15
4192 958 2 108 14 275 4
2040 874 1 25 39 89 11
1752 217 4 49 13 466 8
3304 347 4 72 14 58 7
3633 438 4 44 9 271 9
2004 82 1 34 54 50 20
2837 781 1 21 49 240 6
4873 642 1 138 19 53 2
4861 376 1 12 29 446 13
4411 393 1 79 41 16 11
4322 460 1 29 22 139 5
2908 168 2 71 14 194 5
3143 673 1 34 63 335 8
2807 246 3 189 54 25 17
934 105 1 30 31 104 9
771 486 2 71 21 137 12
2442 342 4 51 8 216 17
3462 739 1 12 54 237 2
1344 708 1 18 27 166 1
3879 491 1 32 23 373 4
2151 501 1 32 24 241 12
4558 956 1 23 13 314 16
4362 325 2 87 27 137 13
832 817 1 24 49 358 11
698 807 1 24 31 332 9
1602 397 1 12 43 218 12
2182 206 2 130 43 306 4
4205 943 1 38 20 283 9
4308 743 1 67 26 273 8
1556 445 1 26 39 71 8
3360 119 1 37 32 54 18
2299 391 1 91 44 421 3
4388 569 1 22 6 358 15
829 409 1 24 53 56 13
593 617 2 55 33 32 18
3654 683 3 89 8 360 13
586 773 2 92 38 16 14
2461 349 4 61 12 311 5
1915 982 2 43 30 356 11
3130 96 1 34 49 134 13
4782 196 2 78 27 182 9
1909 620 1 16 34 148 8
4244 116 2 42 20 175 17
4960 754 1 76 24 16 11
3561 565 4 181 32 172 13
1731 344 1 34 25 83 17
7 621 1 12 19 211 19
3596 766 2 51 57 291 1
1872 325 1 31 32 76 9
2385 614 1 33 20 101 14
287 601 1 33 39 52 7
24 382 1 26 11 231 6
611 902 3 43 47 163 9
2745 349 1 14 55 222 3
2225 164 1 27 21 37 11
2601 480 1 40 19 81 1
4099 393 1 28 32 97 11
4730 344 1 25 11 400 1
2573 731 1 30 30 148 16
3593 457 2 68 12 163 9
3368 787 1 55 38 248 9
4069 646 1 37 9 228 13
4422 789 4 123 32 222 10
3243 357 1 29 32 126 5
2291 105 1 26 30 452 18
3234 181 2 47 18 253 14
1941 272 2 77 50 229 8
2794 897 1 29 40 62 6
165 414 1 29 18 236 19
1879 238 4 50 24 450 1
4745 620 3 83 17 55 14
814 270 1 32 32 44 10
1219 799 3 56 16 262 4
978 579 1 13 11 64 3
4955 271 1 94 16 348 12
1525 357 2 80 31 139 19
4069 399 3 89 19 155 13
4720 381 1 29 37 63 17
883 449 3 85 12 167 8
1316 554 1 28 43 56 9
3591 229 1 27 34 70 12
602 388 1 38 51 60 19
4480 559 1 31 18 157 11
4766 115 1 28 15 202 14
960 847 3 85 18 153 1
4568 985 1 29 16 170 14
792 529 1 32 43 142 6
4044 773 1 32 36 74 3
1661 240 1 68 21 142 17
1 429 2 78 7 434 11
1545 472 1 92 37 39 5
3688 476 2 78 39 301 20
3032 693 1 34 41 27 15
598 589 4 163 24 75 19
4577 365 1 15 27 196 16
1549 266 2 44 10 119 16
434 520 1 23 46 65 10
4726 901 2 103 26 167 6
1865 929 1 71 23 88 9
5000 249 3 67 35 141 12
3953 238 1 33 31 25 4
4988 631 1 34 20 270 20
2787 954 1 15 26 319 13
4450 650 4 65 59 268 8
1151 971 2 68 7 426 4
1707 726 1 33 10 310 11
2472 933 4 92 30 88 3
4888 416 2 70 12 40 8
124 754 1 34 43 235 12
4369 157 1 33 36 40 3
3150 584 1 25 45 244 11
2332 430 1 47 12 271 10
889 495 3 80 17 320 6
3530 106 1 37 32 114 17
1427 285 1 67 29 85 9
3925 223 4 55 8 229 20
2564 626 3 96 24 316 4
2584 872 1 40 12 286 15
1714 364 1 38 13 493 10
2568 773 1 31 35 59 7
1414 903 1 32 14 392 4
3607 967 3 40 8 332 17
2448 619 1 23 46 387 15
172 472 1 24 16 176 14
2424 743 1 40 8 240 12
734 675 3 57 20 30 10
4051 923 1 44 10 190 16
1165 762 3 65 25 117 14
3612 841 1 36 35 63 12
3094 529 1 30 32 140 10
342 540 3 46 12 328 11
3754 188 1 32 57 44 18
2894 500 1 30 51 74 1
2710 175 1 13 63 298 2
1253 269 1 95 16 193 7
3502 219 1 13 17 192 2
1230 203 1 61 33 32 20
3208 713 1 41 15 181 2
573 466 2 25 24 88 10
2307 754 1 38 26 24 13
3309 904 4 49 50 145 14
698 319 2 24 12 295 15
1336 835 1 40 20 44 9
4820 309 4 80 13 316 16
1097 951 3 94 22 46 13
3466 226 3 62 8 299 13
537 319 1 23 43 233 11
4811 561 1 54 14 309 9
4744 913 2 73 26 120 7
4328 281 4 73 24 141 12
1969 805 1 79 31 127 8
3302 986 2 67 13 237 15
4424 876 4 62 10 282 3
3057 597 3 53 4 293 2
4963 458 1 35 27 94 13
410 152 1 32 5 264 19
4395 739 1 45 23 395 1
4128 470 1 70 21 52 20
2674 411 1 42 7 277 13
2285 513 1 31 34 233 4
3903 276 2 65 32 154 1
2336 560 1 13 28 178 1
3373 661 3 66 17 220 5
3413 333 1 15 21 265 10
3394 815 1 21 6 402 14
2153 716 1 31 31 59 7
340 406 1 22 8 197 5
4815 121 1 31 30 117 16
3240 528 1 35 14 479 9
1222 348 3 81 22 47 5
4007 901 1 22 35 336 18
1115 795 1 59 20 202 16
470 551 1 28 25 297 11
1148 874 1 79 36 28 13
1242 292 4 185 32 100 9
3622 995 1 28 30 276 12
1955 498 1 24 23 233 19
3218 747 2 103 37 237 12
2214 537 1 22 35 156 6
3319 307 3 37 20 188 19
396 385 1 29 8 283 7
2811 897 1 39 16 207 9
2775 955 3 40 15 322 1
1976 468 1 32 16 398 19
4882 194 1 30 54 49 8
514 523 1 14 31 225 13
3871 318 3 66 19 229 19
3409 274 1 31 41 125 1
4278 389 1 27 19 445 4
4422 658 3 35 19 262 19
3494 769 1 77 15 102 4
3799 294 1 45 52 50 2
1029 121 3 60 22 167 11
104 341 2 32 24 237 12
4477 334 1 16 13 54 13
1719 303 1 40 10 244 3
931 678 1 90 11 291 15
4415 219 2 76 41 28 7
4916 798 1 73 32 88 8
2815 282 1 46 25 271 8
829 923 4 109 11 48 6
996 477 1 52 30 395 8
3920 908 1 43 34 106 12
4435 139 1 39 20 509 12
558 597 2 104 54 23 4
3447 817 1 45 40 76 9
845 187 3 77 26 165 1
542 214 1 32 44 226 7
726 201 1 35 14 121 15
3231 540 1 80 20 387 5
1704 668 4 63 21 423 19
4120 866 1 39 14 324 12
3487 644 1 115 36 239 20
682 864 1 32 18 114 10
1521 503 1 24 51 243 6
3666 431 3 64 28 102 13
1239 530 2 107 42 18 17
2532 691 1 32 64 169 12
41 476 1 13 34 181 12
32 363 1 29 31 55 5
4422 105 1 17 29 193 7
1822 643 1 23 22 341 16
4579 759 2 73 33 17 8
3789 975 1 11 31 448 20
1518 776 1 38 21 119 6
2518 257 1 22 38 307 2
2725 329 1 23 35 143 16
4030 882 1 33 16 167 9
2582 740 1 24 41 53 11
2820 347 3 79 8 198 8
1228 283 1 13 41 237 2
3675 693 1 34 31 48 9
2319 393 1 22 50 71 10
1037 675 1 29 39 244 18
423 828 1 33 41 80 12
3380 738 1 28 43 94 12
1217 568 1 33 26 44 7
2419 183 1 38 22 351 9
2158 128 1 39 23 47 15
485 784 2 59 31 133 17
3298 118 1 15 46 248 16
1203 196 1 30 32 37 16
332 502 3 62 14 402 1
4251 891 1 88 20 309 8
4822 256 4 58 15 212 10
913 313 1 23 64 164 18
1024 794 1 39 33 47 4
3614 179 1 42 11 257 17
3768 741 1 28 38 71 5
4870 943 1 42 41 56 12
4916 203 4 184 26 217 15
3557 741 4 192 15 332 3
3845 289 1 12 11 70 10
283 551 1 11 27 169 13
361 676 1 36 40 38 9
4661 555 2 30 38 297 5
805 414 1 30 21 153 9
3650 283 3 46 15 275 13
2889 693 5 53 11 235 9
84 153 1 37 43 55 5
273 463 1 33 27 449 16
1064 938 1 26 45 71 10
1131 764 1 68 42 41 3
146 808 1 26 27 395 2
2959 415 1 40 54 37 3
6 639 1 38 45 65 3
3366 764 1 35 25 120 7
4140 688 1 51 19 188 3
483 218 1 28 25 28 5
4273 332 1 22 41 301 6
1464 356 2 144 16 283 20
782 84 2 32 12 474 11
358 774 2 54 36 26 7
2117 528 1 31 32 168 13
4362 592 1 29 20 245 12
995 535 1 33 9 212 7
4474 828 3 82 8 336 10
1083 757 1 15 27 159 6
3890 604 1 27 24 24 5
4476 407 3 57 7 206 10
493 799 1 16 14 76 10
291 503 1 29 34 91 14
2081 114 1 37 27 114 17
2743 446 2 88 19 233 15
142 797 1 45 17 101 3
377 579 1 33 28 55 3
2595 997 3 101 49 169 18
2139 723 2 23 10 395 7
2817 845 1 31 10 115 16
83 320 1 30 22 93 14
2163 325 1 38 28 30 17
1372 395 1 20 30 319 7
2415 927 2 23 15 123 7
3235 979 1 34 20 149 14
430 387 1 37 38 38 19
1970 772 1 33 32 153 14
520 357 1 40 31 40 12
1454 152 1 30 30 95 5
1439 356 3 123 56 138 14
568 716 1 33 27 40 2
2949 525 1 35 14 121 7
4933 889 2 40 23 116 3
4110 488 1 45 16 346 2
2175 781 1 29 52 92 8
1498 824 1 16 33 257 19
4232 357 5 96 12 57 5
3828 438 1 37 23 402 19
1584 969 1 23 26 59 15
4302 627 1 35 29 293 3
1137 433 4 45 16 391 7
4578 681 2 79 17 120 8
344 368 3 124 45 222 18
1332 980 3 35 21 320 16
1117 812 1 31 15 174 17
1847 175 3 90 45 248 8
447 889 1 40 29 58 14
3936 923 1 36 22 240 11
2479 339 1 88 9 379 16
3713 371 2 73 10 159 17
4084 763 2 52 8 341 3
4637 380 1 43 31 49 10
4716 863 1 35 21 119 2
1420 161 2 125 29 262 17
1445 836 4 191 19 142 10
158 858 1 59 50 137 9
2101 721 5 95 17 51 19
1789 253 1 14 15 374 18
4830 644 1 43 26 374 14
186 669 1 14 30 297 2
2616 654 4 106 19 157 1
108 386 2 72 22 45 5
1953 563 2 133 31 197 3
89 614 1 64 23 125 2
1604 786 1 29 49 439 9
4251 174 1 64 30 285 7
3684 980 1 39 32 134 16
3541 211 1 79 22 45 19
2785 830 2 32 13 161 4
1631 747 3 60 21 216 19
2069 88 1 41 39 208 16
225 977 1 21 8 321 5
2793 643 1 33 29 64 3
1193 863 4 75 19 167 17
3099 776 3 64 8 429 20
4388 159 2 38 19 278 8
1464 251 2 85 25 152 17
3262 348 1 25 11 176 1
595 424 2 40 23 204 12
2848 314 1 27 56 88 7
1028 583 1 27 22 267 12
3903 131 5 64 14 313 4
2269 288 1 31 41 238 10
3267 700 1 45 15 300 18
4450 860 1 15 28 395 3
2180 726 1 26 28 239 2
1144 794 1 22 31 80 16
4125 703 1 48 22 130 15
3232 496 1 21 29 236 3
2530 248 5 135 44 127 7
968 584 1 74 44 92 19
2299 459 1 30 43 76 11
223 500 1 26 26 75 14
1331 844 1 35 16 188 18
4782 554 1 35 8 201 1
813 597 1 14 14 54 7
2778 989 1 23 55 75 8
4489 124 1 28 21 60 9
2753 511 1 15 58 186 15
3411 339 1 28 39 193 12
3840 92 1 90 23 350 8
4730 976 4 126 43 276 19
3869 632 2 22 30 174 18
2415 706 1 25 34 49 3
2069 889 1 25 10 255 1
2612 882 1 33 62 322 16
4514 262 1 22 38 137 3
3122 804 2 58 30 249 14
797 176 1 66 45 71 8
2701 356 1 23 40 70 11
4415 414 1 38 12 270 20
3551 757 1 67 12 250 12
489 322 1 33 23 39 20
1785 495 1 15 14 42 3
1589 239 1 48 18 148 13
2202 421 1 63 15 205 19
424 842 1 34 14 209 20
4846 417 2 94 15 280 18
4080 663 1 43 29 239 20
3949 442 4 91 24 160 8
3352 128 3 72 26 110 7
2791 448 1 14 12 40 5
724 301 1 40 34 35 10
3072 616 1 44 55 376 16
521 608 4 83 18 107 20
3788 362 1 22 46 286 12
3044 677 1 39 20 364 8
606 606 1 35 71 442 3
4542 162 1 97 23 20 6
1191 681 1 42 69 75 16
4004 603 1 76 43 125 17
2031 455 1 41 21 378 1
3292 987 1 93 56 239 8
1895 823 1 49 20 144 2
177 545 1 27 16 163 11
3318 118 1 29 36 246 4
1741 511 1 22 11 187 8
4422 752 1 38 34 55 15
1785 500 2 58 15 141 10
2829 360 1 20 8 343 4
4576 367 1 11 13 65 20
1854 586 1 27 46 65 7
3483 582 1 39 27 49 20
3082 122 1 18 34 187 12
4956 917 4 57 17 214 8
2525 207 1 29 21 191 17
4389 426 1 45 23 212 1
2300 809 1 29 34 185 12
2310 139 1 30 15 197 5
4863 747 2 66 60 176 9
2576 924 5 57 35 248 3
3600 876 2 68 17 224 19
4918 96 1 46 39 70 16
4212 442 3 125 35 204 10
4746 521 1 40 11 152 19
3977 788 2 26 31 331 15
4277 568 1 36 27 117 6
3523 219 3 91 7 371 3
1284 779 1 13 53 155 20
1473 989 1 24 28 350 4
2168 323 1 14 55 290 10
475 302 2 45 38 213 2
3476 708 1 37 17 201 8
4354 470 1 36 44 57 14
1701 799 2 66 6 487 3
3409 610 1 31 31 62 9
2017 175 1 32 13 184 20
1866 752 1 32 37 42 12
710 172 1 27 24 29 15
2903 233 2 69 13 210 2
4740 942 1 12 33 150 12
4788 511 2 69 49 408 7
4293 619 1 22 48 94 6
4935 841 1 59 19 131 13
3610 560 1 42 27 56 5
4623 272 1 27 64 150 12
3148 240 4 64 23 262 14
4417 333 1 29 34 51 13
3898 934 1 13 50 247 10
2240 730 1 11 12 49 2
1026 913 1 34 45 94 10
4811 640 1 40 42 40 7
3996 456 1 27 18 106 16
23 506 2 24 52 164 3
4913 303 1 76 15 39 2
1684 204 1 48 44 225 12
2847 950 1 48 40 206 6
3973 284 1 33 30 38 3
2271 781 1 14 46 355 6
3739 582 1 42 13 58 18
2783 258 2 88 26 143 4
264 566 1 46 20 261 6
1257 593 2 43 30 187 7
4742 99 2 38 10 182 6
1433 137 2 90 38 45 19
660 695 1 32 25 493 4
1624 211 3 98 58 245 9
3887 143 1 28 37 400 5
3703 977 1 31 39 237 16
91 526 2 44 11 387 7
4358 127 1 25 32 265 8
888 931 2 101 16 52 20
4235 910 3 54 8 243 9
4523 239 1 25 37 53 5
1831 969 1 16 21 366 8
3047 719 1 84 50 261 1
509 80 5 59 8 413 2
1837 437 3 106 20 227 15
2449 405 2 71 16 332 7
856 101 2 44 13 128 18
2298 910 3 49 13 255 17
1942 408 2 60 30 260 11
3211 157 1 48 17 292 8
794 883 1 82 6 491 9
4710 102 4 92 30 110 12
3053 581 1 41 21 204 7
3487 775 3 69 24 305 10
964 552 1 31 8 307 5
4753 979 3 90 7 249 12
456 488 1 35 31 234 18
4835 457 3 125 6 333 15
1033 966 2 70 6 260 8
4189 205 1 15 28 299 8
4432 616 1 15 9 37 16
2211 150 3 61 15 368 6
4285 893 1 16 24 340 12
3704 102 1 25 39 275 20
3979 90 1 29 19 263 11
1662 562 1 39 53 264 3
1415 151 1 33 19 279 9
4350 967 1 42 11 291 6
3743 526 1 22 16 231 5
3219 112 1 23 60 295 18
1068 736 2 32 31 247 5
2362 280 1 12 19 135 20
1380 311 2 80 35 60 3
4422 417 2 51 8 363 11
4196 91 2 44 14 271 14
3310 613 3 67 17 240 6
2281 630 1 62 8 387 16
433 104 2 23 50 247 5
2916 687 2 57 12 264 5
3958 851 2 46 22 300 6
3048 255 1 35 16 74 6
2641 345 3 71 19 51 1
2270 531 1 33 37 48 7
2260 824 2 57 30 26 16
2482 301 2 83 32 206 16
2700 446 2 27 67 196 16
746 170 1 13 27 248 7
3407 624 1 24 13 169 16
924 938 2 96 27 273 9
1362 273 1 13 31 357 17
4583 524 2 27 56 166 6
234 506 1 40 29 120 6
726 990 1 37 70 45 11
431 536 1 26 18 393 14
3271 412 1 27 35 198 12
334 196 1 37 46 90 17
2715 199 2 35 46 166 19
3141 490 4 64 16 246 12
68 277 2 88 24 245 15
679 949 1 36 17 63 7
3710 806 2 41 34 154 16
600 662 1 29 44 89 20
1906 456 1 33 54 198 8
681 585 2 24 40 214 10
1457 110 5 70 9 186 11
1168 667 1 11 14 126 15
2256 905 3 66 25 233 3
1119 845 1 44 14 271 14
3402 179 3 89 23 114 14
565 917 1 38 11 224 19
236 453 2 69 34 96 2
1831 312 1 34 34 169 19
2160 713 2 53 8 224 10
2647 992 1 31 18 131 10
2749 395 1 30 20 121 16
127 513 3 82 22 215 18
3280 90 1 35 6 429 17
474 654 4 107 15 57 17
4465 601 2 55 9 363 15
563 973 2 27 15 164 13
744 450 1 58 36 143 20
1292 230 1 33 6 302 15
1732 146 1 27 24 340 2
531 886 2 41 16 354 7
2307 704 1 36 19 245 4
41 540 1 51 27 159 16
4862 870 3 69 17 113 1
678 681 1 31 48 46 18
1155 256 1 29 7 377 10
4131 93 1 23 11 194 11
2737 291 1 38 34 183 6
3968 531 1 42 39 43 11
317 781 1 29 64 226 16
4461 904 2 77 42 45 16
3608 185 1 21 6 401 8
3681 244 2 71 18 100 16
3319 358 2 43 24 149 15
3501 442 1 51 35 140 6
548 549 1 38 34 54 4
247 525 1 84 35 131 9
1247 93 1 31 24 119 15
4152 108 3 81 43 32 16
4770 411 1 43 66 51 18
1167 415 1 34 45 46 17
4550 87 3 46 32 177 7
3775 432 3 69 17 146 8
2976 503 3 65 20 82 13
105 936 1 196 19 220 11
3866 539 2 63 10 377 7
3921 371 1 42 25 43 7
9 928 1 23 8 233 18
193 795 1 25 24 79 6
4891 175 1 45 36 92 12
644 907 1 32 26 345 6
989 685 1 16 28 126 19
630 864 2 46 30 327 6
3019 399 1 68 50 305 6
3028 343 1 45 39 38 9
1232 86 1 38 41 54 16
175 532 2 29 14 260 20
2018 786 1 36 19 411 16
4868 381 1 68 13 218 12
4205 604 1 13 22 291 12
385 828 1 33 21 56 11
2029 970 2 30 25 215 13
4606 229 3 59 10 281 1
664 411 1 24 33 310 13
1754 368 1 14 15 121 20
2501 604 1 67 21 294 6
457 273 2 29 11 265 20
1849 879 1 25 29 87 4
3397 295 2 66 19 101 18
423 383 1 56 12 215 10
3388 356 1 37 9 216 18
2964 154 1 100 14 132 12
4137 170 1 14 28 224 9
439 715 1 54 14 192 18
2871 953 1 45 11 209 17
647 298 1 12 30 226 7
2764 356 2 27 13 249 5
396 687 1 43 67 87 10
4602 472 1 41 28 495 2
4329 607 1 22 29 198 12
3818 90 1 89 8 426 12
4634 656 1 37 35 59 19
1134 818 1 14 12 76 7
4193 491 2 57 4 284 7
190 496 3 37 8 392 3
4619 114 3 66 22 225 1
2203 224 2 31 17 187 19
2435 391 1 39 31 45 1
4238 85 1 38 12 343 18
4375 121 2 56 17 38 1
1783 977 1 37 19 72 6
2748 729 1 32 39 54 19
3599 411 1 46 12 166 8
3386 570 1 14 19 410 13
2215 477 1 23 37 256 9
629 609 3 83 41 17 6
3343 399 2 122 16 75 2
2479 507 1 66 24 43 3
1162 920 1 20 39 208 15
2619 216 1 32 56 220 10
1812 430 5 75 45 214 16
3584 119 4 70 20 49 17
2312 952 1 54 40 111 14
3446 144 1 33 53 249 15
2052 493 1 22 41 62 5
28 447 2 29 36 148 8
40 881 1 14 28 143 9
4430 560 1 30 10 425 2
993 697 1 40 24 33 11
3279 862 1 23 35 48 13
2419 325 1 89 30 105 10
4852 181 1 28 49 91 16
380 442 1 12 27 122 4
297 694 1 35 22 76 13
3098 487 1 38 30 243 3
569 212 1 31 10 245 9
3203 406 4 61 11 436 16
4691 511 5 125 29 208 16
1673 732 1 38 11 198 10
2042 315 1 69 33 124 17
3252 132 1 13 29 235 16
1013 794 1 34 19 212 12
3015 568 2 113 19 43 16
3556 584 1 35 39 230 3
1241 419 1 14 28 109 6
508 901 1 31 45 53 11
4964 82 2 68 55 488 8
2856 760 1 40 13 338 3
222 885 1 44 57 53 9
4518 254 1 27 20 262 16
4247 226 4 96 21 92 13
3300 840 1 41 5 331 12
735 991 3 51 20 234 20
1298 230 1 14 35 185 20
3956 735 1 13 26 123 7
2238 367 1 42 22 40 18
3149 80 1 36 40 144 17
4967 780 2 47 14 253 15
960 105 2 35 7 391 13
2291 418 3 45 12 255 19
2188 317 1 24 28 58 20
4704 291 3 60 19 330 13
812 580 1 14 24 276 13
2832 772 2 34 10 210 9
242 735 1 79 22 16 1
4725 795 1 32 46 126 19
1862 656 2 62 28 76 9
4887 904 1 36 27 465 20
4999 288 2 49 62 304 15
3588 516 1 32 29 248 16
1499 249 1 22 43 273 3
2758 260 1 37 9 301 9
2012 509 3 191 17 434 17
1362 894 1 44 67 74 17
4558 852 1 12 20 150 8
4490 127 1 41 46 50 13
4242 154 2 42 56 252 20
4833 540 3 71 36 151 18
2834 768 2 47 12 168 19
2264 229 1 22 11 210 5
781 947 2 55 5 429 16
2269 178 1 47 16 136 13
3753 163 1 34 7 178 15
3581 276 1 33 13 179 17
2371 512 2 69 48 135 7
3072 343 1 39 19 79 11
965 690 1 14 28 213 16
1546 946 1 43 39 32 13
1891 871 1 15 20 249 17
933 378 1 36 33 59 6
1654 867 1 47 7 270 11
4458 124 1 45 39 38 12
627 547 1 38 13 218 3
2251 831 1 44 16 488 10
4080 129 1 42 50 380 7
3561 183 1 71 21 133 1
379 974 1 27 34 214 17
3472 154 1 33 38 58 19
2867 996 4 121 24 186 1
2626 660 2 48 12 294 19
2013 658 1 33 10 216 11
2463 997 1 73 41 230 15
3277 854 4 48 20 342 20
3215 960 3 45 55 155 3
4272 777 4 111 15 50 15
88 259 1 22 42 362 9
4109 320 1 11 39 121 14
1124 295 1 23 41 153 16
4409 357 1 27 32 264 3
2064 837 1 15 30 133 3
3148 422 1 27 49 217 14
1892 356 4 61 13 241 7
2602 487 1 36 20 161 13
2584 653 1 22 7 286 6
4244 720 1 96 25 363 8
2486 699 2 64 13 112 20
1328 542 1 32 31 46 14
4449 350 1 32 12 167 16
414 636 3 83 29 31 4
3828 747 1 31 15 180 19
2431 139 1 27 62 229 9
2217 808 4 64 20 237 7
1322 226 1 38 43 299 2
2656 788 1 39 10 262 13
2387 519 2 136 23 277 10
2776 375 1 33 16 116 9
1925 121 3 67 22 150 1
4177 547 2 41 15 172 5
1013 917 1 12 12 48 7
2879 102 1 23 32 95 8
544 748 1 16 18 385 15
4873 117 1 30 39 50 1
2063 392 2 42 10 302 15
1489 897 2 50 12 135 10
353 767 1 42 34 63 1
4790 158 1 33 44 29 12
1594 848 2 47 13 279 13
1187 189 1 27 42 242 1
350 303 1 38 52 86 2
2275 111 1 47 24 262 11
1596 193 1 41 35 49 12
2717 85 1 20 42 301 20
1202 737 1 29 28 78 4
4236 102 1 17 37 162 9
3287 394 1 33 31 20 12
3648 110 1 41 63 68 3
815 502 3 108 26 24 8
862 565 4 87 13 289 14
1610 571 1 29 31 52 4
4184 571 1 39 28 43 6
3821 527 1 92 19 148 16
4684 307 5 87 22 36 10
1612 169 1 21 25 193 12
1152 200 1 28 39 221 3
1690 693 1 40 49 32 18
2795 331 1 57 61 263 8
4181 445 1 36 17 270 12
1806 651 3 62 8 220 14
4252 678 1 39 24 196 6
4024 284 1 29 41 206 16
1808 104 3 82 9 438 13
2962 721 2 69 18 372 12
4511 904 2 46 20 185 14
4854 475 1 43 34 57 14
3293 210 1 47 36 53 10
280 875 3 48 18 327 18
1563 571 3 34 16 216 9
533 930 2 59 33 115 19
1799 659 1 29 18 258 9
3320 266 1 39 16 307 4
4298 425 2 72 26 44 15
1379 474 1 34 29 44 13
1706 585 1 33 28 122 8
821 421 1 54 50 116 11
2870 717 3 63 21 328 12
3118 863 1 36 32 153 6
168 361 2 33 14 386 19
2898 330 1 44 20 287 13
3027 511 1 48 14 510 12
3874 761 1 32 37 15 5
959 766 1 28 8 350 18
1099 787 1 83 15 371 12
3878 368 1 91 29 62 15
3963 825 3 69 17 45 20
2635 249 1 34 16 67 16
191 429 1 41 12 245 4
3868 732 3 96 16 164 20
1766 186 1 46 35 57 7
1833 783 1 85 7 286 7
4536 634 1 85 35 41 1
1855 603 1 14 17 116 3
3878 682 1 32 16 384 3
4117 630 1 26 33 68 3
2154 918 1 92 71 279 17
171 218 1 32 32 79 19
850 272 1 21 8 420 3
1052 181 2 90 16 64 16
512 918 1 95 56 252 6
2249 512 1 28 16 239 19
