24 272
5 80 104 336
8 80 60 736
8 80 128 896
2 16 8 400
2 80 88 416
4 48 52 688
3 24 44 128
4 64 56 336
8 32 124 928
4 40 100 928
6 80 36 192
2 80 28 512
5 48 80 608
5 16 64 192
5 32 120 480
4 32 52 272
7 48 64 304
4 40 72 112
5 64 116 416
4 32 84 480
4 40 120 624
6 32 128 304
7 80 64 704
1 48 44 176
6078 329 1 76 113 363 20
5928 312 2 358 39 228 6
0 701 4 420 88 198 1
0 717 4 285 49 112 4
1899 572 5 90 66 370 2
5810 249 4 288 116 114 16
6297 450 3 254 28 319 5
9719 337 1 13 6 218 5
6413 645 1 59 62 56 14
6173 114 1 32 12 61 2
0 142 1 64 90 227 8
5900 177 1 40 19 430 15
9630 697 8 176 109 377 11
5522 417 2 82 48 249 14
10163 377 1 34 65 76 8
9419 23 2 79 19 87 19
2800 460 3 98 124 441 4
9560 262 2 203 84 187 9
2043 583 1 104 33 277 19
10200 330 1 82 50 79 6
6431 738 1 36 18 459 16
5948 683 1 32 36 93 20
1930 301 2 60 29 423 13
2019 586 1 66 18 121 20
2509 655 1 204 38 275 16
21 237 1 39 50 338 4
238 575 1 21 25 112 10
2504 443 1 59 28 331 5
0 535 3 94 73 158 8
2020 174 2 57 57 173 6
103 524 2 72 45 407 7
2005 359 4 278 41 539 10
393 140 4 122 48 633 16
2866 436 2 20 35 72 3
9480 614 1 114 38 128 3
6251 668 5 168 53 218 18
2257 291 8 449 57 502 17
9393 433 3 52 77 375 4
6155 590 3 45 17 62 16
6600 614 1 89 29 468 9
10115 291 2 249 82 284 6
6420 553 3 540 57 336 14
1938 709 3 164 31 451 9
0 376 3 152 62 214 20
6143 539 3 142 57 211 1
5684 539 1 66 126 464 3
5980 200 1 225 30 433 19
2948 55 3 96 16 113 16
5593 279 2 15 39 121 19
10085 100 2 30 55 171 13
322 359 2 67 49 281 8
6409 513 3 92 34 380 17
2752 162 7 424 29 597 12
0 124 1 85 45 234 1
2370 483 4 115 51 625 8
5500 538 5 223 33 697 5
9390 384 3 42 98 213 10
9359 354 1 29 81 542 12
565 590 2 197 56 624 20
276 488 1 41 33 463 3
2388 386 3 91 81 145 12
2430 521 1 38 13 54 2
1970 378 5 137 46 192 17
0 487 3 109 13 314 4
0 55 2 229 50 474 7
2843 130 2 76 24 345 6
9551 450 4 201 40 201 1
596 664 5 104 71 106 5
279 735 2 78 45 31 19
2239 236 3 227 72 200 18
5510 732 2 77 31 292 6
0 349 3 117 44 174 11
0 349 1 112 67 448 12
0 668 1 13 5 168 6
6505 70 1 38 25 57 7
6125 598 1 19 30 171 10
308 46 1 52 36 169 15
6132 603 1 15 7 304 6
2388 57 1 224 43 313 11
6137 675 4 215 86 343 16
316 617 1 61 31 246 19
142 249 1 46 123 221 14
2476 591 1 43 18 93 14
0 683 1 61 46 40 13
2255 285 1 12 8 328 12
9219 304 2 30 64 141 2
5907 41 2 507 72 346 5
5665 198 1 29 23 65 20
9735 678 3 74 45 203 2
9229 80 1 18 32 87 2
5850 367 5 279 42 700 3
2097 57 1 14 29 143 8
5937 382 3 41 41 96 18
1829 295 3 40 36 63 10
2804 577 1 22 34 132 5
80 558 2 135 73 684 20
6126 632 1 53 52 134 5
10006 734 1 59 60 209 6
0 48 3 50 38 221 19
2999 117 2 124 68 229 11
0 548 1 34 33 245 10
9617 325 7 462 73 465 14
0 361 1 67 57 316 8
9413 360 5 240 66 270 14
6560 495 1 49 61 233 16
402 686 3 255 62 462 14
1938 212 4 87 58 691 7
6415 246 4 63 33 51 6
6227 718 3 160 40 139 18
2405 661 1 27 48 805 9
6334 694 3 40 21 156 16
2452 89 3 229 82 115 20
5541 95 4 278 33 107 18
2394 698 3 91 117 235 6
10030 289 1 7 2 198 7
5455 121 2 107 31 85 7
6232 120 2 32 46 341 18
6577 178 5 93 67 66 18
6002 575 1 50 106 322 2
583 585 2 82 21 449 14
2466 242 1 178 48 327 18
5537 148 2 107 39 205 20
9660 642 1 183 29 225 10
0 285 5 105 60 259 20
489 472 1 53 36 141 12
2740 326 2 105 59 670 13
2967 250 2 136 21 181 1
1933 347 1 103 31 162 4
280 152 2 85 58 359 12
9915 623 1 20 61 847 11
10002 603 2 99 27 384 12
2057 112 1 23 45 175 4
6420 29 3 26 42 65 2
2171 89 2 17 6 127 13
2809 180 2 26 32 135 15
2703 347 4 232 16 488 2
398 631 4 297 30 494 9
6354 721 1 42 50 333 16
9634 384 1 56 85 178 3
2378 602 2 61 44 58 10
9831 69 1 21 43 462 14
2598 342 3 49 30 509 14
5634 294 3 100 43 154 3
0 357 2 125 34 181 13
9855 20 1 114 47 329 20
6427 721 3 224 18 448 17
2849 205 2 208 30 347 6
6049 383 1 32 67 230 16
2720 427 2 182 23 42 3
523 591 4 178 46 316 18
2336 183 2 109 78 687 13
2500 373 1 96 46 128 3
2640 111 4 203 30 167 2
2004 618 1 13 5 381 20
1896 306 2 104 43 75 20
5814 157 1 29 25 146 17
6097 375 2 162 113 159 7
9934 530 1 23 41 43 4
9434 290 1 68 41 368 4
2828 660 2 116 33 470 4
2079 160 1 183 10 67 18
127 644 2 174 50 146 12
5790 355 1 46 18 91 2
1969 140 1 137 22 70 7
5624 695 2 42 58 358 4
244 226 1 183 54 126 16
6008 708 4 277 58 73 7
10097 740 1 129 77 554 14
320 515 2 116 44 258 16
6183 737 1 38 37 108 2
5506 294 2 56 47 125 20
5862 639 1 274 25 195 7
0 166 1 21 47 68 8
9919 681 1 15 3 184 15
5429 77 1 63 62 129 10
0 508 5 462 16 628 20
2240 224 4 109 47 426 1
6507 491 8 120 29 256 2
9747 454 3 96 21 198 19
10172 665 1 261 39 291 8
9771 551 2 206 98 219 3
2794 668 2 119 6 370 10
6060 666 3 128 108 335 14
10179 369 1 77 27 227 17
6079 249 1 67 46 513 10
2146 287 3 162 36 179 9
9636 279 3 91 44 111 2
1939 233 1 39 35 104 12
554 142 1 46 34 212 19
9 55 1 134 59 248 19
9409 528 2 154 33 201 15
6127 248 2 118 48 216 16
6279 426 1 55 45 152 13
1838 363 3 122 50 275 18
9294 673 5 289 26 115 8
5929 662 1 19 16 124 16
86 137 3 421 38 303 19
2770 397 2 65 39 157 16
2923 46 1 42 88 437 11
6217 187 1 37 25 88 14
9161 156 1 167 64 188 1
0 609 2 254 58 166 13
5982 361 1 88 95 568 18
6496 299 3 188 25 531 3
5803 65 1 26 46 204 15
10026 728 3 79 44 650 15
208 211 1 12 6 331 9
152 247 2 102 18 78 17
10086 183 1 41 55 353 2
2815 122 4 95 115 114 13
0 452 1 107 18 194 6
5483 748 1 13 26 323 18
5545 204 3 125 77 538 5
10055 229 3 111 26 275 4
9034 25 1 71 18 146 11
5534 678 1 20 44 55 20
2849 25 2 317 22 302 14
54 164 4 59 18 126 19
9404 55 3 163 16 114 11
9021 412 1 257 42 638 3
10013 30 2 42 74 345 16
2818 257 1 250 72 610 19
1998 436 6 138 60 175 20
2281 407 3 53 51 338 6
2834 270 1 121 55 370 19
6061 334 2 84 34 311 3
6140 57 2 12 52 117 20
2851 54 2 36 26 219 18
10077 472 2 141 37 335 2
5789 272 3 322 41 224 7
9465 646 1 14 8 220 3
0 496 2 52 68 347 7
2254 419 1 17 6 326 6
9892 636 1 64 19 356 8
6147 332 1 265 21 338 15
2911 369 5 160 25 181 10
5999 472 4 122 41 164 2
10189 324 7 146 37 116 9
5404 636 2 42 30 172 9
516 406 1 62 28 95 6
0 95 2 66 25 367 19
6133 439 2 28 5 292 2
1865 508 1 31 59 197 20
6366 683 1 32 121 243 13
6347 363 3 271 51 182 20
9783 563 1 80 17 250 18
5465 313 1 26 24 168 14
1857 422 3 69 50 257 10
2308 166 2 72 27 99 19
0 732 1 24 40 168 11
519 215 2 28 54 328 6
337 699 1 59 32 467 9
9102 61 6 356 34 140 17
6196 659 2 80 19 217 16
5870 599 1 196 22 177 18
0 175 3 142 32 222 20
2721 42 1 51 33 84 13
1956 195 7 517 100 667 16
0 325 3 106 35 550 1
9991 336 1 59 14 372 8
1823 253 1 27 62 256 2
6162 74 2 47 41 405 19
2806 436 1 33 25 123 20
1831 536 2 119 27 67 5
149 728 1 35 16 168 6
2034 54 1 43 34 215 10
2446 80 2 26 77 207 14
2258 661 1 104 55 201 11
408 454 1 39 56 399 18
2955 86 1 37 27 123 20
5521 43 4 248 80 264 4
246 334 1 284 37 199 1
