7 69
6 48 68 720
8 64 112 288
6 64 96 304
6 64 52 912
5 80 120 816
5 32 128 688
6 64 84 960
908 179 1 10 19 177 10
1385 264 1 11 9 315 4
1353 176 1 21 5 247 11
177 56 1 23 17 358 10
1511 46 1 57 44 312 1
2180 64 1 56 30 128 10
1008 233 2 69 22 50 3
391 293 2 25 43 80 8
2494 54 1 30 27 350 8
24 3 1 50 24 41 2
1171 241 1 63 36 232 12
225 148 2 54 21 338 1
1814 295 2 46 29 75 11
1021 105 2 40 9 298 10
1435 30 1 11 43 99 1
592 263 1 20 28 96 9
428 135 1 33 15 310 5
440 83 2 35 14 122 2
2254 288 1 28 20 87 2
2487 259 1 31 17 128 12
1064 231 1 64 14 349 3
73 243 1 20 46 61 6
1003 178 2 20 44 177 8
1323 253 1 12 23 96 6
190 61 1 10 15 361 11
1546 16 2 34 33 223 6
1354 292 1 37 19 196 12
2358 165 1 24 19 239 1
1886 174 1 10 27 97 10
253 257 1 33 18 140 1
2314 42 1 9 13 214 10
2138 69 2 42 17 353 3
464 277 1 13 16 33 4
873 126 1 25 27 146 2
115 181 1 25 12 82 1
167 143 1 23 15 190 7
2442 8 1 10 16 80 3
97 232 2 60 19 98 7
278 128 1 24 18 292 2
1633 282 2 51 4 291 11
1781 134 1 16 37 30 12
1124 77 2 43 20 326 11
2362 210 2 27 15 347 10
919 213 1 10 24 270 11
173 106 2 11 12 111 8
1756 231 2 62 32 59 12
1488 146 2 59 9 23 9
11 256 2 21 36 25 12
178 235 1 5 47 165 2
1870 231 1 30 20 378 9
1759 199 1 60 23 31 7
2057 80 1 21 27 280 7
1590 179 1 79 40 195 2
516 280 1 56 32 34 10
1709 77 2 19 11 55 5
1764 205 2 49 7 280 5
334 104 1 22 16 145 2
1815 86 2 41 8 107 9
769 55 1 26 31 217 5
2314 102 1 17 13 99 3
828 273 1 12 18 325 10
2055 41 1 33 7 178 6
1884 125 1 8 7 356 8
1115 67 1 69 18 90 12
1301 135 2 14 21 248 4
1416 256 1 20 24 333 7
1214 56 1 16 23 89 11
893 234 1 17 10 298 5
800 53 1 58 24 260 1
