59 1719
7 24 56 1024
6 48 92 960
5 40 48 720
2 48 36 144
6 40 104 800
8 48 56 416
4 48 128 432
4 32 128 144
4 24 80 464
3 24 112 112
8 80 64 288
5 48 96 160
3 40 56 496
2 24 84 240
4 48 68 448
2 32 60 288
6 64 40 768
3 80 92 560
6 80 104 720
8 48 124 944
7 40 24 976
7 24 24 368
6 24 44 96
8 40 76 672
3 40 96 320
2 40 116 448
6 40 128 448
8 48 60 944
2 80 48 112
4 24 76 432
6 24 48 224
4 80 56 256
2 64 48 800
8 40 28 896
6 64 40 768
7 40 76 576
6 24 40 928
7 64 60 832
8 80 32 736
2 40 120 928
6 24 28 816
2 48 44 592
5 32 68 304
3 40 128 672
5 32 52 352
7 64 92 640
4 48 76 128
5 24 48 192
7 40 112 336
8 48 52 992
5 80 72 816
3 40 44 496
6 80 112 480
5 32 28 368
7 24 28 432
6 40 52 832
5 80 68 624
2 32 92 192
3 80 104 704
8833 385 1 82 9 186 1
4897 408 1 36 31 106 3
4803 308 3 65 9 256 18
8513 176 1 49 21 77 1
8353 266 2 19 12 49 3
4959 348 1 62 51 445 4
4681 17 2 79 12 82 15
8741 196 2 101 36 390 17
11423 134 2 43 21 487 2
17826 467 4 160 78 443 5
16217 33 2 82 25 278 1
16933 192 1 52 18 255 2
4281 228 1 41 24 305 1
16436 548 4 119 10 244 1
15418 354 3 29 46 230 7
9196 510 4 141 35 331 1
10045 529 1 48 25 90 2
1153 534 1 50 20 91 6
4479 292 1 20 19 373 19
12836 167 1 46 19 20 2
13310 96 1 20 20 61 4
4278 110 8 149 42 678 3
802 202 1 114 30 72 7
17892 120 1 36 81 587 19
14315 439 1 32 25 636 7
18218 539 3 402 59 300 7
14309 363 5 197 56 216 16
11162 299 2 41 36 194 3
10968 495 2 161 71 82 1
8715 189 1 12 7 255 20
6632 326 3 55 34 90 6
8973 404 1 120 44 377 4
913 174 1 146 60 308 3
3988 48 2 63 27 468 5
4244 175 2 97 33 271 5
2193 437 1 27 54 142 7
13782 193 3 182 48 479 17
5048 335 1 62 33 170 18
16436 14 1 76 40 259 6
11858 17 2 216 48 235 19
229 85 2 47 21 240 16
10099 150 1 17 15 103 2
2962 241 2 48 22 131 1
949 47 1 178 18 506 7
9440 382 3 176 47 253 5
1784 237 1 90 15 278 6
13635 527 1 29 24 61 4
18107 35 1 10 27 68 4
2303 349 2 54 20 278 7
6073 140 2 85 36 219 5
12820 302 3 73 21 215 7
13738 154 2 33 28 61 6
1284 64 2 128 32 214 16
1325 183 2 238 18 385 1
19134 427 1 34 22 69 7
19000 449 1 24 29 81 18
14232 68 2 96 23 194 17
1093 160 4 315 28 335 7
1295 367 4 71 25 214 15
19691 336 1 59 31 449 2
2786 231 1 20 30 116 20
6671 276 5 86 24 505 4
11022 495 2 48 45 173 4
17552 478 3 60 47 74 19
14241 463 1 32 49 214 4
8985 533 5 336 25 298 5
13737 477 3 290 38 273 3
12025 206 2 85 69 306 18
5771 424 6 158 47 415 4
4928 157 1 48 19 58 1
14282 170 1 40 52 157 7
6836 391 2 67 39 325 5
5204 279 1 32 28 96 5
7372 87 2 201 52 371 4
6701 141 1 98 22 358 1
17132 256 1 37 38 149 5
829 356 4 225 19 341 20
13568 217 3 50 78 54 16
19199 274 2 92 14 68 19
13006 47 2 29 30 68 18
15180 172 3 28 21 132 3
15045 541 1 68 69 500 4
6013 22 1 26 27 388 5
2281 530 3 72 13 123 1
7843 276 3 189 15 515 5
15976 107 2 84 11 673 6
6112 424 1 97 33 89 16
1532 384 2 59 16 589 1
11548 323 3 72 6 601 7
10668 454 4 57 26 156 3
8766 254 1 148 21 378 18
5458 287 1 185 19 414 5
17579 160 1 58 14 181 3
53 271 1 89 12 231 7
9311 180 2 60 51 57 4
8937 341 2 87 29 70 7
2546 357 1 19 16 191 5
11853 126 2 61 36 62 18
19878 70 2 153 27 113 2
12237 446 2 36 23 61 18
11222 488 2 39 29 155 5
10052 527 1 30 17 65 15
8608 92 4 217 62 307 6
17085 266 2 70 35 240 1
2736 346 4 207 47 340 4
928 511 1 18 46 152 6
607 434 5 265 37 393 4
14475 498 1 24 35 178 4
13762 146 3 173 43 221 2
3560 400 1 26 35 413 5
4991 86 2 100 55 53 5
5344 371 1 32 31 136 18
6631 34 1 16 16 178 17
19974 73 3 89 11 180 6
4487 515 2 72 32 206 15
6511 287 1 43 14 324 3
6441 318 2 42 20 63 4
6703 426 1 18 14 77 6
9783 145 1 30 29 265 20
18564 213 1 109 37 35 5
7538 94 1 22 7 121 19
14602 353 3 78 19 215 3
9386 156 1 58 37 311 16
926 215 2 39 18 49 3
1985 537 1 49 48 231 5
16280 202 1 165 19 408 2
2820 92 4 117 61 129 19
9173 443 2 52 10 50 7
9330 308 1 23 52 81 7
5174 42 2 112 34 92 3
8264 475 5 265 10 309 18
6836 188 4 193 67 96 3
14654 393 1 16 14 79 2
3893 406 1 40 24 506 1
4122 359 2 29 16 154 17
3069 10 1 20 27 228 15
19348 101 1 21 76 247 1
11410 89 8 196 85 677 19
7849 11 3 44 26 196 19
1877 166 1 58 12 199 2
17904 466 2 81 44 198 15
15730 310 1 55 30 328 3
17544 53 1 38 55 70 20
4832 511 1 53 35 204 17
1590 370 3 97 64 586 18
11829 8 3 100 26 62 4
2087 397 1 35 28 548 2
15522 424 1 67 72 219 15
10608 449 1 130 30 346 2
5356 237 7 209 13 641 16
13483 278 2 37 23 55 6
2281 496 4 157 41 575 3
4358 432 2 112 24 90 4
8855 288 1 24 33 47 3
18478 183 3 225 31 376 15
14274 295 4 107 16 263 7
3769 296 1 40 37 47 1
19911 195 2 114 59 520 6
16898 410 1 42 8 616 6
8252 435 4 44 53 195 3
8678 49 3 167 22 406 6
357 514 1 27 56 158 3
6932 173 6 245 33 216 7
7817 164 2 48 38 37 5
4574 387 2 44 62 54 2
16125 313 1 46 10 130 17
11127 391 1 33 68 251 2
10577 133 1 96 81 66 5
7755 231 1 91 45 451 7
6465 286 1 59 33 60 5
16862 548 1 20 27 353 2
997 166 2 38 9 93 7
13841 501 1 188 29 458 4
14164 32 1 40 12 157 1
15141 8 1 41 30 170 2
16565 359 4 111 25 263 7
1648 546 4 92 37 231 1
5531 212 4 161 36 266 1
2648 50 4 92 14 222 3
1436 350 3 165 45 283 1
10991 193 1 20 70 305 18
16458 537 1 20 49 52 7
5042 350 2 79 18 70 7
6552 430 1 12 15 151 17
5346 514 3 62 17 185 16
12261 478 1 94 9 318 2
3110 164 2 75 36 170 17
12158 186 1 353 36 282 5
4270 65 1 19 20 37 7
10799 236 3 69 84 483 3
12153 236 1 22 74 482 5
6876 252 1 25 59 52 1
13919 319 7 237 20 142 20
15396 16 3 113 16 53 2
15257 155 4 198 48 419 7
1547 413 2 114 61 460 17
3945 121 3 190 47 410 2
11933 53 5 123 24 154 2
1439 62 2 138 14 458 5
6210 548 5 291 14 315 17
19201 442 2 46 66 501 4
2457 426 3 72 47 83 5
15823 96 1 27 77 139 6
14689 57 1 40 20 120 19
4538 336 1 155 56 500 6
13934 139 1 230 22 345 2
11535 40 2 59 13 126 16
17664 501 1 36 29 360 2
6566 133 6 81 28 229 3
19279 276 1 161 27 188 4
18068 407 3 60 32 47 18
2891 436 1 22 28 159 18
3718 132 1 88 14 246 2
2582 115 2 87 48 311 6
17895 348 3 105 61 256 18
13469 223 1 75 21 345 6
15482 502 1 13 43 150 15
14075 62 1 100 27 390 18
9584 442 2 39 19 464 3
14026 273 3 82 70 190 5
14794 306 2 83 22 444 3
8991 329 1 23 36 107 17
12575 7 1 153 38 153 15
19523 227 2 60 22 358 3
1224 231 1 41 25 151 4
10548 201 1 16 16 335 3
9411 276 4 84 10 195 2
16561 163 3 56 47 187 16
12087 138 3 108 59 365 7
17186 177 6 147 13 378 6
9245 311 1 87 57 455 7
3487 197 1 65 82 464 1
13033 45 1 20 37 569 20
299 392 1 59 14 230 7
16810 342 1 33 41 319 6
4155 393 2 80 33 68 19
18664 173 2 51 58 662 5
258 117 1 112 23 515 5
14932 306 1 69 45 50 4
8387 137 1 31 77 283 7
9396 384 2 22 57 173 4
19891 257 1 23 34 583 15
15716 137 2 37 38 407 6
16649 495 2 77 42 468 3
16640 53 1 16 60 53 2
10362 419 2 150 36 143 5
17959 210 1 37 22 214 3
19192 184 1 31 53 104 15
18616 406 2 160 41 172 17
3889 425 1 27 27 79 4
16598 310 2 170 35 214 1
3646 400 1 38 42 323 7
17771 199 3 122 43 81 20
9532 458 2 34 19 192 16
19290 386 1 191 38 543 1
2754 307 2 48 23 654 17
18270 19 1 71 16 236 7
15011 172 1 25 13 254 18
7782 525 2 180 70 387 1
15859 372 1 71 55 247 5
18308 19 3 185 33 93 4
613 149 3 116 36 268 4
6539 430 1 121 30 491 2
3958 66 2 86 55 76 3
8658 402 1 52 39 649 15
5129 90 2 63 36 326 19
15583 353 2 151 24 67 17
13744 419 3 75 64 94 3
19235 106 2 31 13 426 5
4203 117 1 89 10 339 16
3839 192 1 53 26 35 15
8253 424 4 115 60 541 15
11451 446 4 131 22 233 7
1875 539 1 62 22 494 6
18072 152 3 67 52 147 5
3204 276 2 122 28 84 2
13601 138 1 118 25 245 5
8400 547 3 79 44 196 3
851 528 1 29 12 145 2
4177 484 4 69 11 308 7
15261 74 2 94 42 141 17
1981 47 3 134 20 87 7
18386 485 1 31 19 269 15
10491 430 1 166 25 536 15
8845 391 1 101 18 609 7
18807 285 1 16 21 176 19
5365 200 1 124 31 225 3
18581 142 1 66 29 96 5
11165 208 3 61 23 69 18
14031 472 3 123 42 346 5
7663 451 2 64 21 452 6
16023 58 5 86 30 80 3
421 191 2 66 10 254 5
1590 305 2 51 12 92 19
6573 383 1 20 27 455 20
17292 262 1 18 43 178 2
8189 316 1 18 61 670 2
151 19 1 42 47 406 15
2591 382 1 27 34 95 7
3705 431 2 323 19 420 3
9194 243 1 40 6 115 3
3684 522 1 39 17 371 1
14044 387 3 117 10 108 7
3664 320 1 48 56 431 7
17113 322 1 24 33 568 19
8657 333 3 139 30 105 4
14221 17 1 140 13 490 19
6912 447 1 130 69 468 3
7522 190 1 24 50 300 19
19384 30 2 93 25 336 5
1739 309 1 51 33 55 6
2348 291 2 114 34 435 2
4513 308 2 68 34 67 5
16707 108 2 132 11 171 15
1811 237 1 47 12 171 6
3383 61 2 95 12 157 6
4122 505 1 31 28 405 7
17782 281 1 52 29 176 2
14637 64 2 150 17 246 18
7756 276 2 38 15 44 17
12081 442 1 36 10 71 2
18857 47 2 83 18 164 18
10295 472 4 231 16 378 1
12505 349 3 69 11 145 4
16403 516 5 119 14 56 17
18025 13 3 248 52 105 2
2914 184 1 89 56 197 20
13630 34 3 90 46 334 17
19486 410 1 25 59 85 4
17750 282 1 171 18 573 15
2776 277 2 106 19 517 4
17325 141 4 135 15 170 7
7002 279 1 32 11 215 5
4201 307 1 37 55 153 15
6576 419 1 53 24 135 6
12606 209 1 119 65 324 7
7271 325 1 112 31 118 3
203 429 1 50 80 410 2
7692 499 1 36 66 32 6
9249 441 3 89 30 369 4
12427 126 1 49 37 64 7
9057 120 1 15 26 536 19
3075 517 3 58 26 250 15
43 312 1 84 56 401 5
12108 391 1 27 20 303 4
11313 253 1 14 16 257 1
12545 124 7 165 35 665 6
2453 355 1 58 27 48 17
4135 278 1 41 23 52 2
19623 128 1 27 34 210 17
15826 458 3 71 23 329 7
19800 145 1 14 11 302 5
13398 129 2 20 25 144 5
14636 255 4 128 28 212 15
847 163 1 36 8 224 16
13290 525 1 65 12 324 2
16064 222 1 61 42 254 16
6908 141 3 82 9 302 5
5368 461 1 74 27 58 4
14751 392 1 11 23 25 2
2465 222 1 38 18 40 15
13159 519 1 33 22 69 16
10978 370 1 48 24 265 3
12358 250 1 58 34 561 19
5460 51 1 18 86 654 6
9779 98 1 68 36 389 3
2365 106 4 128 25 134 20
17969 166 3 254 57 478 1
16661 29 3 109 57 117 7
17948 392 1 10 26 32 20
17835 540 2 139 38 406 6
6575 136 3 159 70 149 3
541 498 1 55 46 142 2
9413 44 1 24 25 161 3
2547 160 1 21 19 87 5
5955 33 3 86 13 561 17
17796 450 1 39 17 320 5
2323 201 1 30 9 517 1
16282 526 4 170 12 351 7
11113 167 2 58 87 107 6
6364 74 1 83 22 97 3
11744 250 4 132 48 388 7
19909 346 1 25 84 47 18
17609 349 3 119 28 234 7
19569 239 1 20 82 319 2
16953 457 2 45 53 140 20
5396 237 3 95 27 590 2
9228 44 4 263 21 296 2
7706 457 1 32 32 115 5
4168 536 1 35 71 474 7
6024 269 2 26 6 170 6
7277 181 1 16 80 260 17
4318 84 6 208 27 220 7
12282 135 1 75 35 213 17
9933 85 1 28 30 293 2
18709 227 1 24 34 107 7
5963 238 3 256 23 319 4
2096 443 3 103 57 241 5
11721 134 2 40 31 568 7
18600 465 3 165 28 161 5
8624 309 1 20 53 297 17
3780 322 6 180 23 143 3
10524 392 1 105 15 369 7
4963 399 1 71 36 326 16
17045 163 2 28 28 78 16
12795 449 1 202 46 343 6
9619 152 2 68 44 102 5
10339 439 1 121 69 350 7
7490 156 1 28 23 138 7
18579 513 2 49 25 135 3
4088 365 5 181 51 367 2
18228 459 1 10 23 28 16
2854 21 2 62 82 117 1
668 371 2 53 54 227 17
4958 113 1 21 31 50 16
908 255 5 136 39 145 2
3148 360 2 96 12 515 5
11795 182 1 285 36 349 4
5467 216 2 72 16 243 4
15918 230 2 53 32 321 2
9589 149 1 22 36 308 3
7662 279 1 60 7 518 1
7367 229 1 42 65 38 5
3415 62 1 20 25 175 3
2839 338 1 156 13 108 2
9289 317 2 111 28 156 3
5357 408 2 95 67 35 5
1983 397 2 36 35 211 3
6209 550 1 65 28 367 7
4569 108 2 142 34 236 5
12380 246 1 55 44 78 2
13623 75 1 51 56 35 5
12669 139 3 97 60 244 4
5722 406 5 93 35 327 7
8977 227 4 67 30 67 1
4243 358 2 47 67 266 15
9625 126 1 54 48 106 5
18635 222 2 85 19 33 4
4580 365 2 68 19 272 18
16274 362 2 81 62 177 4
4694 54 1 51 46 250 1
6690 179 3 151 36 345 2
616 249 1 81 12 24 4
11241 515 3 283 23 294 1
18753 465 3 65 29 566 3
1274 361 1 31 51 192 2
18922 379 3 100 28 554 3
8184 482 2 70 20 123 18
3594 168 1 77 27 564 3
17670 315 1 51 45 111 4
11746 97 1 11 11 237 6
14457 530 2 44 75 119 5
16930 481 4 94 80 231 3
19031 457 7 137 9 190 4
11516 500 1 39 50 59 5
11478 49 1 15 40 219 17
5439 28 1 23 35 375 2
4985 50 1 58 9 99 15
17953 515 2 34 15 240 3
13417 124 1 40 21 126 3
18262 45 3 99 36 165 6
19262 108 4 152 41 258 4
10984 507 3 92 28 348 16
9733 216 2 30 14 101 3
718 218 1 56 67 86 3
3423 214 1 49 18 126 1
16906 60 1 155 22 260 4
4975 220 3 198 30 122 2
13981 514 1 47 8 501 2
675 446 2 125 25 224 17
11920 74 1 20 32 171 5
16035 102 1 59 27 70 1
15568 232 6 91 32 85 15
11099 261 1 9 33 228 17
8044 455 1 77 24 162 4
15541 412 2 52 12 56 5
17260 548 1 33 29 197 4
9814 468 3 65 12 308 1
11397 300 2 85 37 298 4
9075 89 1 47 42 317 19
17097 216 3 61 12 53 7
3377 30 2 78 17 74 3
16052 22 2 20 15 99 2
11060 464 2 62 11 558 2
14261 211 1 88 16 341 1
1420 516 4 90 25 477 3
7542 402 2 72 68 86 1
2672 318 4 61 12 207 2
16086 456 6 175 34 289 3
2963 108 1 36 15 651 17
18493 117 4 55 10 253 1
14821 391 1 121 78 252 19
18915 353 1 49 37 61 4
18701 194 2 113 16 108 1
7970 247 3 110 50 364 2
17427 191 4 195 23 309 6
19553 110 3 81 49 235 15
17154 325 1 29 17 259 15
5702 394 1 82 33 58 5
14151 331 2 39 24 84 6
3505 427 6 172 30 294 19
1594 440 1 21 69 303 7
8850 372 1 36 20 67 7
10828 194 2 39 45 66 7
7162 346 3 89 31 551 2
17039 244 2 92 26 539 5
14997 152 1 21 68 58 15
2546 482 4 36 30 612 6
6619 112 5 103 14 43 19
10193 152 3 61 35 195 4
7453 38 2 85 16 303 17
3232 419 1 177 12 619 6
10543 525 3 35 37 287 4
14504 440 3 93 15 523 15
10228 123 1 14 16 174 20
2403 542 1 32 49 515 16
14144 542 1 9 28 171 3
8812 423 5 335 26 334 3
10283 10 1 69 28 291 7
15473 366 1 57 23 191 19
3684 89 3 67 10 213 7
12837 212 4 74 15 350 5
17596 268 1 124 47 390 16
7277 277 1 43 30 220 1
16936 80 3 143 5 667 1
3520 44 1 224 38 263 1
5061 209 4 192 25 33 6
17761 490 1 77 19 494 2
9044 390 2 129 19 316 15
14211 398 2 231 35 87 20
18436 421 1 16 6 276 2
13445 249 6 121 9 432 5
9630 507 4 237 10 612 20
19563 424 1 64 18 61 4
5164 325 1 55 41 395 4
12529 361 5 137 62 348 7
11565 315 1 15 32 175 16
19737 311 2 105 28 581 6
10683 243 1 189 49 246 3
6320 113 3 91 27 371 2
10449 261 2 46 15 555 6
11871 408 1 54 27 185 7
1880 333 1 18 26 200 1
12071 275 1 31 27 289 7
5104 105 1 42 41 201 1
13059 154 1 200 24 187 3
10941 203 1 68 18 59 19
14466 319 3 71 16 190 1
7230 30 2 129 24 67 1
7685 517 1 64 33 504 19
5971 463 1 111 51 480 17
17353 400 5 152 7 708 2
12631 26 1 34 50 218 7
14760 153 1 20 27 119 16
4946 259 1 24 29 133 3
4024 260 3 207 55 175 5
8825 137 1 14 29 88 7
17200 510 1 31 74 498 1
11781 453 1 10 38 197 20
1547 230 5 193 26 222 15
18992 446 1 43 36 198 1
9688 52 2 93 68 386 4
14178 297 1 41 26 235 5
11352 40 1 37 29 504 7
13347 313 1 27 68 81 2
15478 139 3 58 21 618 3
15493 356 4 50 40 42 2
3605 186 3 44 37 282 1
809 252 2 76 18 74 7
5845 147 3 81 31 269 15
13637 120 2 41 45 131 1
3912 508 3 115 28 298 4
15354 77 1 56 21 139 7
19817 191 5 43 33 78 3
19676 231 3 49 31 102 17
14428 458 4 201 24 359 4
4842 479 1 23 16 307 3
6626 65 1 100 23 314 6
8537 512 1 29 83 574 4
5932 180 2 60 9 622 1
19286 200 8 326 14 321 2
5915 80 1 88 20 80 2
15514 230 2 45 72 55 5
5498 472 1 61 12 81 7
2868 187 8 170 16 90 5
6263 425 2 61 44 459 2
1532 133 1 27 49 53 4
2711 307 3 37 53 224 7
11926 256 1 26 15 286 1
17026 183 1 20 33 173 7
16625 301 2 90 35 95 5
17004 478 3 160 9 436 2
15124 504 2 35 58 196 17
10507 220 2 25 46 52 7
15312 280 1 11 12 94 6
19690 75 1 35 36 65 20
10547 49 1 101 44 208 1
11985 115 1 30 74 311 18
8660 439 1 34 70 191 16
8767 476 2 46 39 245 7
13180 41 2 63 45 224 2
14209 24 1 34 59 425 3
13287 26 2 81 29 284 7
4398 128 1 57 23 123 6
374 176 4 156 27 509 2
18236 326 2 135 46 265 20
14284 251 2 27 45 74 1
181 21 1 228 43 150 3
4175 376 3 45 12 51 3
7652 21 2 46 31 541 1
1023 372 3 124 52 287 7
14292 332 1 37 29 104 1
477 110 3 250 38 249 6
6983 530 1 222 25 142 19
11168 544 2 244 52 476 6
4715 439 1 15 26 576 18
19487 119 3 76 55 170 15
9393 531 1 65 21 37 1
18307 353 1 43 22 402 7
14141 143 4 163 69 133 2
2813 75 1 52 43 335 18
9514 458 2 35 58 75 2
18343 509 2 50 27 60 4
18611 192 1 34 13 81 5
3825 185 1 34 25 309 4
7539 15 1 70 9 84 6
9605 236 4 117 13 127 1
1984 34 2 89 16 516 18
12942 413 1 76 16 348 5
14843 312 1 199 64 538 4
8616 76 1 31 37 375 1
5672 277 1 82 34 55 19
7946 156 1 31 12 404 5
16237 505 4 200 22 535 7
10981 464 1 40 16 269 6
17550 408 2 121 30 376 7
12025 310 3 45 36 276 3
6086 488 2 84 22 481 7
5873 96 1 75 22 227 7
11270 321 3 98 25 220 4
9214 216 1 28 40 146 7
9441 331 6 150 30 307 7
9126 83 1 81 27 92 6
10276 76 1 32 47 612 2
19812 248 2 43 73 391 6
9862 422 2 29 47 216 19
544 391 4 141 19 173 6
6083 162 3 169 13 251 3
4811 362 1 13 33 490 18
12171 424 4 99 41 155 1
8297 109 3 100 17 63 4
16620 14 1 34 17 103 20
1934 336 1 36 31 271 16
4767 450 2 68 15 106 5
14451 381 4 81 17 96 1
10295 263 1 29 15 294 2
11995 332 1 105 10 80 20
1585 28 4 64 10 685 7
8295 227 1 27 28 77 2
18953 191 1 42 64 247 3
6341 500 4 259 45 147 6
9685 31 2 94 60 272 7
4190 264 1 140 40 293 15
7278 322 1 71 41 106 3
5610 363 4 156 10 168 5
12106 467 1 64 70 74 3
9067 296 2 36 23 60 7
7319 101 3 93 67 267 18
13525 276 1 27 18 187 16
8138 277 1 14 33 265 1
9099 288 3 77 34 237 19
2813 436 2 28 51 143 2
16831 520 4 267 12 406 1
19452 503 1 66 47 288 7
12081 496 1 22 32 215 5
4187 364 5 146 44 122 2
2333 42 1 66 63 146 1
10084 500 2 74 14 138 17
18204 133 4 241 32 228 18
69 325 6 200 50 433 2
10372 132 2 92 16 248 16
3647 320 1 111 54 155 3
3778 508 1 22 12 123 1
8462 221 1 50 81 48 3
3765 432 2 59 19 151 7
763 344 2 61 79 138 4
6306 47 1 61 22 198 7
15073 541 1 43 37 70 2
16042 425 1 103 55 280 18
7344 485 1 30 27 101 18
14841 334 3 164 46 347 16
3809 307 1 18 26 132 3
15830 418 1 62 36 149 18
10904 123 1 43 16 226 7
10707 393 1 56 19 536 5
17465 349 1 78 17 141 15
5280 32 3 46 18 46 2
19279 310 2 333 41 306 2
17616 275 1 39 24 70 18
5714 400 1 36 33 129 5
2301 447 2 64 6 191 19
566 45 1 46 44 152 20
6537 346 1 36 34 57 3
14267 543 4 42 45 298 6
4144 539 2 93 40 334 6
16145 510 1 19 63 622 5
412 478 2 30 21 506 15
17325 350 5 127 34 206 19
522 251 1 35 13 201 18
3467 233 1 19 57 387 2
310 29 1 19 26 201 1
19356 429 2 35 23 126 2
10598 339 1 31 12 163 17
13888 149 2 116 17 296 1
166 195 3 83 76 47 7
7111 64 1 114 6 211 2
3987 326 4 137 42 197 3
17341 61 3 64 41 177 2
12068 231 1 18 20 258 7
1186 330 2 76 40 154 3
2590 506 3 75 16 234 4
3139 346 7 256 40 337 7
12524 8 1 29 24 122 17
9053 332 1 49 24 220 3
5453 309 1 424 31 207 6
8492 282 1 62 6 680 3
5766 32 2 60 53 431 6
15492 355 6 224 14 610 3
16562 506 2 189 53 506 3
6422 401 2 93 25 347 19
12923 541 2 54 44 210 5
19089 348 2 122 41 63 3
8149 356 1 103 24 80 3
14480 10 2 52 19 215 4
13060 418 2 108 40 201 2
13639 355 1 31 26 248 6
4645 505 1 27 45 218 16
4139 449 1 59 36 149 4
7452 353 1 50 15 268 17
14150 534 6 171 46 679 3
4498 363 7 261 35 156 5
10412 306 3 138 32 639 5
194 129 1 34 52 62 1
15548 153 2 30 35 311 1
3425 342 3 96 31 440 6
6524 462 2 147 51 473 5
6212 404 1 99 23 220 19
19285 168 2 64 12 331 3
16474 532 2 96 17 221 7
9049 231 1 48 38 127 4
2987 165 6 248 20 183 6
16976 400 1 26 26 212 4
5882 306 6 88 18 442 2
3169 317 1 31 25 232 4
8356 247 5 318 19 448 7
1821 198 1 55 40 280 2
5784 221 4 189 17 200 4
12916 219 2 140 34 292 7
19660 152 2 37 18 97 5
10321 363 5 243 28 394 4
11400 139 2 60 29 282 20
276 549 1 192 27 321 19
10680 159 1 22 49 270 7
4513 443 1 26 17 128 6
15747 140 4 114 23 211 7
10068 143 2 47 39 193 16
483 156 1 26 63 250 3
16384 417 2 20 26 56 6
7159 279 1 116 33 429 5
7411 25 1 20 12 520 1
5899 470 1 23 60 24 7
16110 42 3 56 49 169 15
6372 397 1 46 37 163 17
16351 310 1 48 31 525 2
18145 206 1 40 18 151 6
3048 263 1 29 35 402 4
12605 413 1 41 9 356 19
6103 241 3 147 50 139 7
5911 94 5 51 18 215 6
4271 196 1 166 37 300 18
19882 295 1 133 26 187 15
9894 17 1 33 52 331 5
6646 117 1 31 64 179 16
10733 452 3 145 33 180 1
19912 464 3 84 13 560 4
11970 436 1 102 42 383 5
10841 261 2 67 52 169 3
1835 113 1 50 7 244 1
4362 433 4 105 52 359 2
9821 274 2 173 40 443 4
16438 103 3 116 33 87 4
17288 353 1 80 14 517 4
399 450 2 98 13 447 2
11911 59 2 55 19 265 17
15235 454 1 28 32 483 5
4608 384 1 190 15 227 2
10425 181 1 46 65 325 2
2377 182 3 245 39 123 7
6123 32 1 19 39 550 7
11178 489 1 27 14 56 19
12086 282 2 109 24 149 4
1285 355 3 163 79 299 16
345 347 1 40 15 275 7
2286 46 4 224 35 580 5
9288 190 3 156 56 62 7
12825 212 3 107 39 104 7
18239 342 5 151 22 433 15
16038 327 1 72 24 115 5
15704 336 4 90 32 131 2
11963 321 1 38 54 317 6
2827 247 2 222 36 117 1
5093 347 2 64 29 624 2
4904 33 4 191 16 297 19
10798 403 1 35 9 224 7
11583 546 1 23 61 207 1
361 537 5 266 32 458 4
6340 412 2 44 17 103 20
2002 424 1 14 45 120 15
6577 100 1 51 18 105 5
17405 29 6 178 27 297 3
16861 385 2 39 39 124 4
12794 530 3 130 7 176 19
13308 357 2 37 33 337 5
4141 450 1 60 19 221 1
10648 410 3 52 67 57 7
7602 127 1 30 24 280 17
2190 549 1 129 65 531 4
4528 376 3 131 34 200 2
11993 420 3 173 32 253 3
16279 142 1 24 29 218 1
13147 383 2 62 18 491 4
19914 487 1 88 43 73 6
17026 46 1 36 43 260 7
1410 412 5 246 11 332 4
7312 96 2 138 14 316 2
15978 41 1 18 29 121 3
14479 166 3 56 37 293 5
16804 480 4 235 36 118 2
11999 433 3 47 7 271 1
2777 223 2 57 25 71 1
15695 518 2 126 24 199 3
7103 71 2 75 20 192 18
15707 92 1 28 25 302 20
19523 370 1 60 31 159 1
4898 104 4 54 18 104 7
19253 268 1 56 54 464 5
19931 75 4 117 16 290 18
12618 475 2 26 46 23 17
2131 141 1 10 28 162 2
1628 528 2 185 59 501 5
9820 234 1 66 23 190 15
326 513 1 117 6 360 7
17747 78 2 58 15 273 7
13580 519 1 32 27 59 4
854 144 1 118 54 501 6
1944 145 2 71 23 253 5
13350 235 1 39 47 59 5
19949 523 1 48 70 328 19
12613 309 2 72 21 68 7
3876 120 1 21 25 261 16
2616 142 1 94 23 323 3
185 531 1 60 8 412 4
7944 428 7 145 24 225 4
6096 291 2 106 11 197 1
7123 138 5 88 6 180 2
7752 419 4 120 68 144 19
5870 449 3 238 37 545 2
12848 289 1 69 27 52 1
12827 272 1 37 11 388 3
11457 460 1 175 26 639 18
12885 429 7 172 27 133 4
6141 206 1 41 10 527 19
11469 133 4 267 18 457 5
4026 547 1 120 50 40 3
76 549 4 147 47 202 2
12742 281 2 35 53 92 3
19654 310 3 157 9 310 6
4951 388 1 148 37 141 1
10663 170 1 37 22 116 7
5138 268 1 96 26 490 1
5020 361 5 127 23 323 4
4281 399 1 47 42 58 16
11470 74 2 131 47 663 4
14306 61 2 86 31 274 7
12655 88 1 12 47 288 16
6078 62 1 31 67 545 17
10977 446 4 101 28 82 19
976 519 1 64 16 535 15
4585 69 4 49 18 38 3
17511 529 1 177 39 326 7
16996 190 3 108 38 113 2
12554 412 1 85 15 403 1
12254 13 1 55 36 94 6
7868 441 3 195 37 168 6
4379 122 1 31 30 350 3
305 256 3 48 25 357 3
13814 76 6 79 7 301 7
12247 135 3 37 28 261 3
8909 290 2 51 53 342 2
2285 398 3 115 20 153 2
19766 168 1 40 30 216 3
12626 457 1 30 28 209 1
14071 245 3 195 15 80 7
6547 420 3 68 14 605 16
6127 462 1 83 57 146 2
645 356 2 53 18 94 4
3749 231 1 19 13 124 6
13569 137 1 30 42 284 6
1811 428 4 68 75 62 6
9520 367 2 59 26 48 1
14327 324 1 96 15 422 3
12718 111 3 59 54 250 4
16517 201 1 20 16 409 2
3359 72 1 85 22 181 3
4380 278 1 23 24 551 7
11397 151 3 98 14 141 3
6795 363 8 301 15 221 18
17600 234 1 22 17 232 1
7715 48 1 23 79 169 7
3030 41 1 17 35 359 3
2049 293 1 34 32 580 4
16408 110 4 96 16 64 1
17686 255 2 329 28 177 1
8964 318 1 44 36 73 2
16270 485 1 39 39 193 15
13069 305 3 115 28 529 20
13275 190 2 39 28 741 4
7876 28 1 119 57 485 15
17420 130 1 24 22 234 1
5852 516 5 112 28 254 2
2032 135 4 305 37 233 6
18050 487 1 21 66 678 7
3466 447 1 23 24 236 20
8855 222 3 93 41 244 4
4452 354 1 41 61 86 1
19382 281 5 81 8 290 1
9182 361 2 54 23 212 19
16906 537 2 92 12 190 7
11859 62 2 83 42 389 2
17465 305 1 18 21 325 5
12434 73 1 25 76 122 1
10233 287 1 29 10 256 18
6889 296 2 32 9 205 6
11462 314 2 77 18 182 4
10620 28 2 59 53 124 2
14749 186 2 47 30 333 6
19672 42 2 174 34 390 5
279 452 5 120 40 192 17
607 250 2 109 27 587 1
7719 548 6 181 20 258 7
9692 146 1 14 34 62 1
19799 387 3 195 34 241 6
4408 132 4 38 38 576 2
3311 79 3 178 21 574 15
7048 229 1 59 21 163 20
4860 141 5 154 19 224 7
16284 52 1 321 36 293 15
9335 135 1 41 33 118 1
17490 67 1 111 68 215 3
19119 483 1 66 16 111 15
828 242 5 96 23 464 6
19392 362 1 59 12 253 4
13873 310 2 48 27 281 17
13570 339 1 40 39 459 2
7354 35 1 23 25 166 6
8629 261 3 166 44 326 6
4473 407 1 31 16 531 4
9600 74 1 37 55 229 5
17312 231 2 116 72 264 4
16695 364 1 20 76 70 7
5029 545 2 73 22 532 6
11547 268 1 64 43 483 3
16908 512 1 138 25 300 3
7788 37 2 70 30 37 5
19382 335 1 267 35 163 6
8190 335 2 82 33 226 5
13153 527 2 132 18 584 1
198 306 4 264 71 241 20
14418 468 2 85 10 337 4
6726 431 5 269 31 365 15
7953 91 3 76 47 89 18
12560 234 1 18 17 104 2
16114 258 1 18 19 233 15
843 353 4 55 86 60 6
2830 344 1 93 17 452 2
17223 167 2 49 34 103 2
2948 366 2 74 26 141 15
12734 111 2 40 17 79 3
7614 435 1 181 52 165 2
5835 459 1 127 54 444 3
902 512 1 28 46 190 4
18961 305 1 46 32 261 20
11658 212 5 152 45 504 7
7087 398 2 67 78 192 2
1000 276 2 73 15 162 6
11948 357 1 81 34 128 6
14766 509 5 244 30 533 1
10569 343 1 95 23 232 2
6542 535 1 43 16 47 20
17997 462 1 58 40 248 4
16651 340 2 60 27 490 3
12425 321 1 16 15 110 5
17309 476 2 125 37 335 20
7239 50 2 86 31 159 19
14670 313 1 29 28 274 7
12987 517 1 21 59 82 7
2083 12 4 39 19 43 4
16051 448 2 61 12 212 7
420 493 1 60 12 339 17
13160 431 2 77 32 227 6
4579 388 1 40 30 78 2
1295 160 1 77 16 263 18
765 146 2 143 36 460 3
17849 9 4 192 23 393 3
1017 208 4 128 37 358 19
8370 523 1 42 74 531 1
1500 287 1 29 77 269 4
14216 128 1 26 13 64 6
11293 321 1 16 56 312 19
6978 545 4 189 17 409 7
9505 388 1 26 8 98 3
5021 367 5 104 29 308 6
5471 477 1 88 31 195 18
3425 412 2 18 25 59 16
11336 268 3 87 21 126 3
18370 8 4 179 11 626 3
3774 507 1 38 35 80 4
13698 476 1 75 30 44 7
11200 73 1 182 32 696 1
15418 416 1 34 85 333 5
9622 394 1 23 30 134 7
16086 37 3 158 48 495 7
7090 521 1 23 64 279 7
85 397 1 178 39 150 18
16840 451 3 90 73 82 2
11646 126 1 36 15 31 7
19904 427 1 52 17 174 7
5297 360 3 248 31 78 6
11112 541 2 182 26 299 5
10678 57 1 52 16 515 5
3334 489 4 124 22 387 4
6240 308 1 37 15 55 4
2298 164 1 36 17 188 6
6661 545 1 47 45 87 19
11900 543 4 90 36 288 15
5962 152 2 24 53 260 3
4420 121 1 49 22 264 5
15242 343 2 54 51 74 18
17878 147 1 68 46 155 1
13283 417 4 215 20 321 2
13266 421 4 48 32 160 7
168 59 1 149 76 291 20
4919 160 2 67 13 138 1
11918 369 2 61 15 209 1
17871 84 1 62 25 105 5
4736 266 1 125 11 201 4
4243 62 2 53 32 57 3
6301 305 1 175 23 203 3
15885 465 1 20 85 114 2
16642 501 2 238 13 278 5
9326 177 2 132 43 171 5
19275 438 1 49 28 73 7
13708 27 3 97 16 387 3
16845 319 1 81 24 31 1
3752 208 2 96 29 331 1
952 332 1 10 23 39 6
8899 286 1 57 61 133 7
2337 309 1 98 23 477 5
7649 543 3 188 41 319 4
17386 229 1 76 15 74 7
9935 229 2 43 61 689 5
3568 521 1 12 14 474 5
11735 354 1 19 19 199 18
12568 167 1 16 14 184 16
4190 310 1 146 34 93 3
2729 449 1 33 24 428 1
11461 93 2 81 38 314 7
1153 489 2 279 23 124 7
1295 194 3 52 88 43 1
574 235 1 32 21 313 7
1498 284 2 194 23 367 4
1473 242 1 55 24 321 4
13451 272 1 70 84 169 5
3911 439 4 72 23 511 7
4944 156 1 50 46 602 15
5912 142 6 124 53 390 2
10046 550 1 55 51 121 3
17148 33 1 16 31 565 18
8977 432 2 41 31 61 6
16933 229 1 85 10 168 3
6022 409 5 160 38 162 2
19437 262 3 103 46 176 3
19244 470 4 156 8 492 4
8777 468 1 36 20 530 6
14865 279 1 68 31 197 5
18769 467 1 48 22 195 6
1746 191 5 117 35 763 17
5328 204 2 197 24 79 2
562 500 1 22 40 97 3
9111 227 4 109 20 272 1
19674 321 2 31 67 144 3
8058 178 1 17 77 69 16
5033 208 1 95 11 467 2
11039 468 4 100 23 307 7
1006 178 4 76 17 300 4
5088 380 2 48 68 239 6
13320 55 1 47 27 538 2
12068 162 2 59 24 256 18
12888 221 3 58 8 274 5
8199 302 1 10 25 63 19
12407 332 1 47 19 168 19
17061 290 2 67 47 284 18
10471 338 1 26 43 92 3
16500 74 1 124 60 153 2
859 436 3 114 39 73 20
18783 530 1 32 9 421 19
11444 25 1 22 7 473 1
13307 545 3 57 21 358 3
4328 448 1 20 40 181 7
17795 168 1 24 22 91 16
14119 14 1 18 40 197 16
17653 422 2 37 22 299 2
16483 170 4 80 29 499 7
1549 24 2 39 25 90 15
10602 44 2 58 27 67 20
13999 522 7 107 58 238 20
655 171 1 95 52 159 6
12624 72 1 54 50 95 6
6144 307 1 30 26 293 2
1771 216 2 48 28 105 3
12036 389 1 109 30 607 18
19715 406 5 167 41 703 6
17094 48 1 69 10 92 6
19194 429 1 132 17 514 1
4428 546 7 189 27 152 4
3451 306 2 198 21 474 19
8701 308 1 35 62 222 3
16517 470 1 64 58 350 4
8347 96 2 25 16 455 6
4209 81 2 78 20 358 5
4300 541 3 178 35 393 5
18634 16 1 62 24 296 7
1413 314 3 140 61 383 7
10873 434 2 111 38 200 18
15435 31 3 100 34 477 6
16364 46 3 37 59 62 3
6284 24 1 35 24 161 7
3217 471 2 98 44 301 7
2644 119 3 91 58 305 5
1912 63 1 80 31 72 1
10989 456 1 47 20 206 1
15555 522 4 234 46 521 5
6937 92 4 140 14 350 4
5589 186 1 54 13 690 4
5580 220 1 39 29 24 6
5241 99 3 235 64 265 4
3412 442 1 30 16 305 20
3465 513 1 107 19 162 4
9847 113 1 34 38 56 3
6364 426 1 30 37 95 5
11455 105 1 31 53 233 1
3663 293 1 163 9 483 4
13600 242 5 117 10 615 1
19283 64 1 53 82 45 19
4924 375 1 36 26 116 6
4426 384 1 54 41 151 7
12729 111 1 65 87 170 2
17612 549 1 57 35 644 19
13357 233 4 287 24 538 5
10264 27 1 37 39 201 16
4823 180 5 314 58 248 2
4011 256 1 33 26 455 4
19002 110 4 116 44 58 6
11815 546 1 43 25 347 3
3384 550 1 56 25 221 16
5919 511 1 35 24 574 17
13010 463 1 35 15 110 4
15497 438 2 26 17 131 6
12274 473 4 112 24 219 1
1815 510 3 44 43 425 18
9638 357 3 107 30 277 4
4022 156 1 63 19 107 19
17223 56 2 123 38 195 2
8473 112 3 101 69 351 3
6396 252 1 79 23 590 7
11208 238 6 106 42 259 5
7304 77 1 54 28 247 1
3076 212 1 258 33 195 7
15946 23 2 148 21 168 6
5046 199 5 45 21 613 17
14713 52 2 99 36 237 6
18453 441 4 96 20 322 2
9059 10 7 165 34 332 6
16647 223 1 48 12 86 6
1070 405 2 51 65 30 3
98 206 1 31 50 109 6
338 449 2 56 9 293 7
14121 46 1 32 68 279 3
19369 247 1 28 34 214 1
11122 452 1 65 26 297 3
11345 498 2 78 22 496 5
16655 299 2 117 16 178 18
9262 272 1 75 35 210 3
370 350 1 10 32 118 4
3598 186 1 70 19 244 5
2486 133 1 23 80 237 6
15521 456 1 27 23 72 4
17454 542 6 131 15 98 1
1004 296 1 78 17 66 20
18556 192 2 79 38 221 1
16751 370 3 153 18 706 3
15713 440 1 58 27 472 5
13570 211 2 21 30 95 3
11690 430 1 169 25 265 4
7391 342 1 23 49 314 18
16739 327 2 40 36 182 1
6795 122 1 27 14 55 16
4234 524 3 98 27 144 7
12484 35 1 62 16 159 1
14381 41 2 36 19 171 4
13084 48 4 71 14 542 4
16697 439 2 62 47 94 15
16464 349 1 90 23 499 4
8343 24 1 81 23 272 4
5448 331 1 41 29 165 7
13089 513 2 255 41 346 4
7062 130 3 51 15 359 16
18053 85 1 13 17 205 4
12668 462 1 30 11 31 5
8185 491 2 108 40 215 2
189 35 1 20 59 71 4
17356 313 1 20 33 97 20
13466 253 2 109 28 631 4
13854 59 1 165 15 598 2
10433 433 1 65 32 154 7
2875 303 4 107 69 81 2
7218 320 1 18 61 104 7
13729 219 2 78 37 232 3
18015 360 2 30 18 110 20
6599 362 2 72 14 70 3
17718 341 1 37 30 322 5
9613 169 1 25 28 126 18
18822 104 1 23 30 243 3
7780 340 1 19 18 100 4
4453 127 2 67 20 168 1
18388 166 1 54 51 253 16
10614 256 2 61 24 99 17
3449 177 1 57 26 355 2
18700 319 1 102 38 302 19
4871 203 1 18 25 108 2
3779 519 2 102 26 434 15
14941 260 1 67 15 79 16
4320 216 1 214 24 345 5
12542 150 1 30 37 224 5
315 370 1 35 44 421 6
6714 278 3 87 27 263 20
14506 106 1 63 47 127 1
1518 137 2 126 34 102 7
6663 455 2 28 25 228 4
9780 258 3 60 53 255 7
15436 386 1 60 27 498 7
14892 461 1 16 11 316 2
5910 172 4 79 16 511 7
17958 97 5 65 16 86 15
13005 151 1 23 47 110 7
5119 228 2 110 45 178 19
223 502 2 45 17 138 3
9598 514 3 26 26 292 5
7398 283 1 76 30 77 5
19093 358 1 66 18 33 5
12344 114 2 55 39 632 1
1751 396 1 34 23 528 17
15442 430 2 35 11 323 18
14404 438 3 40 12 51 7
519 523 1 120 31 223 5
12211 45 4 193 35 256 7
9595 308 1 34 40 387 1
1959 535 1 36 34 261 19
3085 9 1 18 45 369 6
8307 404 1 251 27 229 15
18915 195 1 73 23 292 20
4922 121 1 29 32 639 18
11987 243 3 205 12 394 2
12530 331 5 127 47 496 3
17870 140 3 80 71 136 5
6329 94 1 42 41 70 2
16212 28 1 34 22 236 2
3095 283 2 58 10 266 4
10383 206 1 195 25 170 19
843 403 1 101 22 60 2
6443 286 1 23 26 359 5
5132 507 2 37 43 249 1
3474 535 2 50 27 410 1
13948 76 5 253 26 600 4
4448 348 1 60 20 94 7
3582 163 1 34 21 362 5
5937 116 3 54 24 139 7
18128 227 2 53 75 136 19
19140 373 1 182 18 457 1
11895 384 4 211 43 207 2
8547 152 3 79 11 129 18
18275 57 1 89 47 188 2
8740 267 1 22 31 301 3
6506 323 2 61 19 290 2
14538 302 1 40 20 127 19
10386 374 3 45 16 242 7
10619 90 2 72 16 49 2
4294 191 1 50 20 92 4
12563 408 1 31 25 498 17
3862 274 3 139 51 329 6
14909 97 1 30 15 450 6
6263 325 4 209 21 716 7
8157 450 1 20 33 81 18
658 388 4 89 34 555 17
13754 98 1 40 83 703 4
1494 398 4 71 24 576 5
17046 355 1 35 10 195 15
9602 245 1 14 47 74 6
19716 104 2 99 32 98 5
13744 539 2 230 22 170 1
13376 361 1 72 12 152 7
13456 467 2 117 8 204 6
7153 532 1 39 51 38 5
6212 57 1 63 48 137 3
14526 352 6 118 36 665 3
399 122 1 66 20 137 5
6084 289 3 35 78 70 4
215 339 2 39 37 393 3
13968 227 4 36 26 304 18
9900 387 1 23 58 183 7
3746 10 1 66 18 471 5
13581 419 3 178 19 221 5
14595 11 2 58 29 324 15
6293 433 1 34 10 213 2
2390 270 1 55 16 234 5
6452 104 2 139 15 200 3
2117 306 1 13 47 75 3
7321 303 3 153 40 323 3
14624 413 2 124 29 370 1
5013 262 5 240 53 341 1
3811 182 1 59 45 276 5
7345 123 2 41 29 89 7
16916 453 3 162 20 237 5
8469 137 1 124 23 505 5
14554 403 3 156 58 309 7
4077 95 3 338 60 245 5
1079 438 1 29 10 610 6
6412 423 3 95 31 103 16
10778 13 2 133 51 36 6
9238 426 2 54 12 81 20
8389 263 3 332 23 191 7
2239 393 4 76 15 65 7
14093 220 1 21 46 319 20
13153 99 1 63 15 369 4
5134 42 2 55 36 492 18
4420 397 2 359 46 348 5
4074 511 1 22 12 32 1
14328 93 3 336 50 179 3
1368 262 7 213 31 176 3
1492 266 1 22 22 178 3
3679 314 1 19 25 186 7
19272 436 1 24 27 50 3
14672 11 1 53 34 645 18
9066 403 1 20 49 89 7
9408 204 1 15 21 87 1
18430 7 3 101 21 547 19
18683 351 5 102 17 117 2
11481 438 3 77 24 116 3
17823 151 1 53 17 407 1
6519 352 5 265 59 284 2
17248 325 1 19 64 488 4
11031 385 1 19 19 302 6
7553 465 1 46 19 407 2
9223 477 1 21 37 93 3
5029 413 4 239 19 576 1
6024 404 1 13 32 176 1
742 536 1 49 23 300 19
16588 397 3 195 38 476 20
5253 251 4 156 30 128 6
14436 313 5 103 74 202 3
14809 34 2 62 32 95 6
16362 52 1 117 42 478 3
19238 134 1 277 66 393 5
11661 174 6 191 18 260 4
17251 497 1 48 39 99 15
19244 394 1 40 20 30 15
18157 267 2 84 69 431 19
12051 341 1 178 12 466 2
18138 543 1 65 25 486 6
2396 543 4 61 30 220 15
14721 154 4 243 45 134 2
3220 495 2 57 15 32 7
17089 324 2 23 17 680 1
9364 329 1 109 49 269 19
15031 461 2 45 19 593 1
17876 381 1 97 12 309 19
6806 526 2 31 25 203 1
1372 301 6 120 23 622 5
11170 132 1 205 10 442 3
16940 530 1 138 30 494 1
13818 20 1 52 24 453 6
8801 430 1 43 23 85 19
19737 50 1 17 27 84 15
6571 428 1 301 25 71 5
628 342 1 34 27 509 18
14257 310 1 49 52 170 17
16656 5 1 80 14 188 6
19612 361 4 68 21 575 1
4582 523 3 112 20 158 17
10808 171 2 106 12 476 4
10349 233 7 344 27 479 3
10648 136 3 54 14 140 20
13565 446 3 100 41 280 7
5301 503 1 40 42 225 15
19060 542 2 121 16 48 15
17319 6 1 32 32 125 15
5023 163 4 144 12 682 2
3799 255 1 35 30 63 20
16630 364 2 48 16 216 1
7106 223 1 55 46 641 2
8427 550 1 21 24 58 1
769 362 1 38 26 420 5
6096 475 2 52 82 131 16
12826 114 5 85 8 542 2
15819 15 1 182 47 543 6
766 523 1 92 23 331 19
2362 502 3 155 39 259 17
10208 206 2 30 52 107 7
17888 503 4 346 37 318 4
17106 451 1 63 51 238 5
797 251 4 72 22 211 5
5701 230 4 66 20 308 19
6003 518 1 52 36 59 3
5629 368 1 23 36 278 1
14136 433 4 123 24 434 20
5918 293 5 81 17 101 3
5881 248 4 133 72 251 7
14861 236 1 25 47 456 6
5021 153 2 70 28 97 5
17732 457 1 116 69 330 3
13158 238 1 26 26 53 2
2288 323 1 38 68 708 1
4412 450 1 81 20 536 1
19807 388 2 44 14 144 6
19895 517 1 39 32 246 17
16586 360 1 67 62 36 5
279 363 6 178 34 310 7
14284 335 1 55 27 166 1
12570 113 2 54 51 284 5
13076 21 1 23 27 640 18
19057 368 2 85 16 197 3
2918 116 3 46 8 226 6
5068 331 2 55 12 263 2
10122 158 3 146 58 159 20
18868 57 1 31 43 184 16
6365 257 3 125 86 129 3
11435 285 6 138 32 348 15
12400 362 4 105 36 221 2
15587 214 1 20 12 307 19
5513 402 2 67 24 418 6
19603 481 2 85 84 439 2
10993 241 1 17 16 182 3
13103 270 2 30 14 245 7
12272 42 1 40 41 248 1
14405 105 2 49 67 92 15
9769 494 6 126 14 114 7
15326 276 1 20 49 142 7
8248 154 2 125 17 166 5
11474 194 1 31 49 33 17
19869 276 1 57 13 452 4
6263 17 1 99 32 187 20
836 38 1 69 12 186 6
14413 13 1 34 7 254 4
17349 62 2 136 78 253 17
456 381 1 40 15 283 16
11579 30 1 97 38 103 17
10818 107 1 22 33 217 19
3374 12 2 42 17 159 18
3497 183 2 60 11 263 5
3770 527 4 135 15 206 16
1765 330 5 118 22 58 3
6817 443 1 11 11 124 6
9984 490 3 89 9 394 7
402 121 3 78 29 332 2
19214 520 4 43 32 80 7
5377 409 1 21 17 326 5
13918 52 1 62 26 81 4
17901 235 1 34 16 463 20
1286 550 1 124 73 327 20
4762 272 1 22 14 96 4
7302 254 1 63 53 153 2
4280 37 2 113 28 365 1
15975 459 1 54 21 472 6
16126 64 5 157 19 292 6
16938 387 2 42 27 118 2
17358 243 2 82 21 343 3
2362 83 1 40 30 427 5
9439 239 3 72 65 167 4
2426 273 1 16 45 206 2
2209 508 2 135 11 322 3
9486 503 1 63 68 499 18
736 440 2 35 20 291 4
11015 386 2 151 14 433 6
16444 88 2 153 27 176 7
3516 154 1 11 48 64 3
4316 206 1 19 74 229 3
5957 14 1 45 20 238 6
4296 510 1 53 25 290 7
11557 250 1 17 54 125 2
18704 458 3 56 26 74 6
2050 105 1 37 38 484 20
15846 440 1 29 11 352 2
8072 357 3 95 11 139 5
958 460 2 50 50 199 3
12730 492 2 20 34 102 18
2588 336 2 114 60 290 5
7682 157 1 63 10 178 16
18825 8 2 38 28 300 4
14414 140 1 23 35 228 4
11222 364 6 194 24 398 5
11318 145 6 133 17 119 16
13186 537 3 170 16 104 17
706 94 1 278 63 131 2
18340 165 1 67 29 195 4
3767 472 1 39 12 165 7
13766 31 1 16 13 320 7
14719 132 1 45 9 415 17
14089 180 1 19 12 284 3
18566 507 8 146 71 424 1
14842 321 5 100 19 390 20
1063 292 4 75 27 208 2
15500 524 1 520 14 284 7
10545 373 6 104 55 324 5
6556 141 1 35 22 228 5
13166 403 1 57 53 145 7
6023 479 2 81 8 93 6
18821 310 2 33 12 122 3
5892 404 1 44 29 258 16
4711 355 1 50 7 241 1
16562 90 7 137 34 174 4
1458 485 6 96 28 73 20
17160 218 1 141 36 176 18
19673 488 1 122 36 344 19
12697 233 5 48 8 155 15
286 300 1 153 62 337 17
19653 27 1 13 41 182 5
6790 411 3 78 16 237 7
13794 202 1 167 23 277 3
8968 442 2 37 23 116 4
19805 277 2 143 24 237 20
4730 161 2 82 26 70 7
9544 540 3 255 45 457 17
18533 235 2 125 23 102 1
2696 472 3 87 61 204 4
13935 291 2 50 27 385 3
7908 236 1 73 65 41 5
11293 174 1 66 35 78 7
4400 385 1 11 59 178 4
18931 203 2 192 20 229 5
19159 521 1 147 21 76 1
10826 529 1 18 27 146 5
17809 470 1 66 62 461 19
13474 247 2 54 26 211 3
5999 88 1 18 19 116 17
200 526 1 31 60 204 3
4966 41 2 118 27 340 16
15259 231 2 85 31 365 5
9439 255 1 28 17 147 16
6276 406 1 54 33 175 15
1898 208 5 57 8 138 6
13825 501 2 66 13 263 19
18771 345 1 85 12 599 15
12758 14 5 104 71 298 3
5838 201 2 30 37 208 2
19773 267 1 118 28 207 7
8773 466 2 46 45 551 6
12086 385 5 69 28 659 19
12555 208 2 112 20 423 6
6427 490 3 55 9 138 5
18413 9 3 62 25 227 19
8071 97 1 60 34 408 5
8950 270 6 220 34 60 7
5036 276 2 100 20 207 15
12627 289 2 43 17 286 20
5264 213 3 48 22 242 5
6203 463 2 62 34 445 6
18625 295 1 31 41 276 3
17907 515 1 25 14 289 6
10534 372 6 141 11 430 1
19524 23 5 111 27 468 7
950 498 1 23 37 184 19
18452 219 1 10 44 68 7
10722 17 1 42 24 137 5
16015 223 2 38 29 30 16
12927 391 1 44 12 68 2
15341 307 1 25 26 590 3
6104 135 1 30 23 91 2
18530 440 5 256 39 184 7
4382 267 2 203 28 261 1
19693 300 2 302 69 274 15
17239 510 1 51 15 328 6
5816 355 1 16 27 91 5
6155 288 1 64 41 308 6
16461 17 2 94 47 358 18
13215 255 3 49 30 223 3
19833 406 1 190 38 108 7
7948 98 1 23 9 163 2
3096 353 4 310 71 118 1
10386 171 3 127 46 153 3
13349 274 2 86 17 153 5
16872 175 1 18 29 174 5
19653 455 2 132 20 279 5
2095 34 1 23 31 143 7
16181 293 4 379 22 402 5
16817 466 4 139 78 263 2
17847 533 1 31 55 432 2
18739 131 2 31 30 69 20
19077 127 4 94 15 326 3
5735 321 1 98 33 218 4
3808 550 1 76 22 76 3
1729 387 4 120 10 169 18
19980 299 4 94 41 271 19
18456 435 1 31 56 261 20
2228 456 2 48 12 357 19
2885 434 2 139 33 603 1
14722 147 1 78 34 188 6
2763 349 1 38 25 450 20
18102 264 6 83 18 112 6
262 303 2 47 10 51 5
18405 291 3 163 22 282 4
10873 24 1 14 57 66 1
14654 355 1 18 29 432 15
19382 134 1 57 11 346 7
6707 251 1 61 30 308 1
9833 368 1 16 24 318 5
438 126 1 12 13 162 1
8409 30 2 43 21 79 6
12031 60 1 236 31 137 7
13958 181 7 486 19 160 5
5443 168 2 44 8 58 6
4237 533 2 60 29 230 3
3040 537 2 61 20 107 4
10415 478 2 166 24 424 17
4373 329 3 91 36 745 17
16541 463 1 212 38 556 16
656 420 7 238 37 362 20
7454 172 1 155 24 100 16
15305 491 2 87 46 121 1
3472 22 2 60 43 49 6
5751 308 2 156 34 461 2
12209 325 2 107 9 98 2
9728 507 4 88 23 48 4
14975 84 1 32 22 369 4
1046 140 1 16 11 515 3
3086 42 1 182 24 324 18
11821 124 2 89 89 162 18
18767 387 1 40 27 23 6
10125 484 2 82 38 308 16
13155 434 1 63 12 511 1
11818 167 1 20 36 197 6
5529 414 2 108 27 429 19
12007 108 1 120 11 44 2
10925 210 1 20 32 48 6
353 512 2 48 17 113 3
17956 509 1 13 35 250 3
14234 503 1 32 28 64 20
3351 246 3 60 6 190 6
9930 337 1 80 30 161 7
3960 30 3 165 48 181 18
12018 374 2 73 24 126 20
15554 238 6 222 7 211 15
16544 538 3 239 39 357 5
12769 56 4 48 33 97 15
5892 368 1 56 39 235 3
16024 529 2 60 24 312 4
7096 373 1 58 27 180 1
6445 457 1 18 32 156 1
14160 279 1 50 54 144 1
17669 538 1 47 21 107 2
3586 262 2 94 74 253 6
16971 439 3 176 63 441 3
8500 457 2 39 34 191 20
872 48 4 100 20 334 19
18660 464 1 119 32 147 1
8857 261 2 121 19 564 2
1849 498 3 82 24 67 1
19705 383 1 15 39 74 7
11993 99 1 28 56 71 15
3098 184 1 56 43 250 1
3740 419 1 23 20 70 3
1886 428 3 82 24 216 2
13608 8 2 45 74 306 2
6179 425 3 75 78 694 16
11502 64 1 22 53 54 2
13234 447 1 73 15 137 17
15905 172 3 114 31 356 3
17866 21 4 156 25 123 20
2721 262 1 50 66 369 15
15292 43 2 111 37 262 1
13182 434 5 151 84 177 2
4893 225 3 97 20 88 2
19596 146 1 26 21 60 2
4887 487 1 26 44 249 7
8855 27 4 55 24 433 4
13249 135 1 28 43 259 1
4365 272 1 12 48 167 15
10770 547 2 107 10 317 5
1529 276 1 15 13 465 18
11996 18 5 124 12 633 18
10292 303 1 150 26 286 2
3834 143 1 39 23 94 6
11622 114 2 48 43 237 20
6050 349 3 54 62 351 3
14061 198 1 135 38 290 6
3537 34 1 200 17 247 4
12860 357 2 107 60 486 7
849 293 1 23 36 234 1
13669 471 1 94 15 204 20
10627 539 1 13 35 209 3
