4 49
8 24 36 656
4 24 84 144
2 48 52 192
6 40 100 576
2310 351 1 28 13 90 6
1298 519 1 24 22 46 14
535 103 4 64 24 167 2
2170 487 4 40 16 361 20
1770 542 3 49 44 63 1
2262 14 1 30 51 70 8
1550 230 1 30 56 388 6
889 101 4 45 20 449 1
382 557 1 11 38 46 12
854 140 1 37 54 82 15
196 504 1 41 45 239 15
1708 56 1 17 52 95 12
1352 23 1 149 68 380 1
306 81 1 74 16 133 8
2313 568 1 17 52 77 14
637 235 4 45 24 93 18
2101 296 5 76 13 238 2
2091 106 2 43 47 36 1
246 440 1 19 23 276 20
890 567 1 69 26 174 13
2251 428 1 27 27 95 19
1751 532 3 43 24 62 4
1453 597 4 80 39 199 6
1820 190 1 29 20 142 20
2309 560 1 34 13 139 11
894 590 2 32 9 395 2
2368 365 1 195 37 271 18
1071 284 2 70 35 110 14
2422 621 2 18 20 489 9
573 558 1 33 68 365 13
1223 366 1 20 34 122 14
2140 623 1 35 16 140 20
226 68 3 40 34 88 4
1969 440 1 33 52 230 19
1173 346 4 95 70 270 14
716 590 4 61 10 381 2
1648 43 3 32 30 94 17
484 355 1 35 15 60 14
1603 409 1 64 28 49 11
508 134 1 39 58 93 17
1168 636 2 86 43 430 7
1682 374 1 57 27 91 17
2116 569 1 75 30 46 19
1746 35 1 10 26 76 11
156 185 1 152 24 474 3
1496 333 3 42 24 226 12
1178 543 1 132 51 257 6
682 156 1 22 24 431 17
1461 402 1 24 45 36 3
