20 229
4 32 108 544
5 32 88 928
4 24 92 384
3 24 68 576
4 24 96 304
8 48 56 864
7 32 124 656
5 48 72 432
1 40 8 160
6 80 116 320
6 32 88 752
5 40 40 128
7 80 92 720
6 24 76 912
8 64 52 912
4 24 24 144
8 24 52 816
4 24 116 400
3 48 28 48
5 32 20 224
2571 741 1 16 27 379 2
2089 356 2 122 31 447 6
0 51 1 90 20 74 19
2584 564 2 86 92 408 8
2029 426 2 48 71 552 13
2218 607 1 37 43 172 15
261 56 1 18 61 360 14
2142 513 1 15 40 469 10
443 511 3 93 19 634 2
9068 637 4 178 15 118 2
0 229 2 285 21 321 20
0 278 1 33 8 51 12
5652 226 3 44 34 266 11
0 597 1 29 3 85 6
9753 345 1 68 100 285 13
5854 134 4 386 36 196 10
9716 725 1 105 25 76 2
0 118 2 112 26 808 8
10109 615 1 90 39 829 20
2330 332 1 84 13 42 10
2632 139 1 60 44 209 13
9169 744 2 314 14 556 2
2007 489 1 32 63 211 7
0 724 1 82 88 445 2
169 116 3 78 44 525 20
2755 712 1 41 111 163 9
0 475 2 34 28 210 10
2737 320 3 88 53 246 2
5494 72 2 89 100 614 2
2206 286 2 64 86 119 10
2129 155 1 36 7 55 20
2482 277 5 98 35 455 8
2434 170 2 27 20 61 2
2569 654 2 29 76 165 13
9854 129 1 75 28 461 20
5950 739 1 207 67 406 18
2678 528 1 53 68 135 11
6283 308 4 156 73 544 14
5565 550 1 58 57 840 12
544 470 2 63 46 187 17
2428 276 2 62 49 131 7
2249 460 2 292 43 260 8
6277 152 3 62 30 350 18
2739 344 1 46 76 128 18
9246 667 1 40 22 58 6
9529 541 1 38 48 396 20
0 281 4 53 90 203 2
5455 188 4 401 40 523 15
148 185 2 127 40 380 19
2781 51 1 32 12 105 1
411 189 2 118 5 95 13
1880 648 3 97 49 239 10
1818 551 1 35 14 40 7
1963 216 3 109 8 35 15
2382 705 1 21 39 348 14
2021 501 1 47 20 28 17
9487 680 3 184 23 127 17
9344 250 2 78 9 82 5
0 581 4 127 55 561 10
2673 523 3 27 73 133 16
2595 644 3 70 23 446 9
2927 706 2 92 8 80 18
2520 570 1 21 96 202 19
2323 487 1 102 19 114 13
1912 624 5 128 30 358 18
0 365 1 39 84 245 8
0 654 4 268 34 658 4
9116 407 2 38 51 462 2
10186 514 2 54 33 79 18
0 572 1 28 8 119 9
9436 511 1 143 30 813 19
2172 65 3 266 53 150 4
10089 123 1 95 28 668 1
2286 473 1 45 50 599 15
9887 276 6 129 35 433 11
2004 84 1 39 58 390 10
0 343 1 15 5 62 3
269 714 1 77 26 12 14
9344 724 3 34 62 365 15
9936 234 4 75 7 113 3
2801 381 1 23 50 375 16
2441 477 1 44 63 202 19
2302 220 1 27 6 68 14
9862 357 3 53 15 57 5
9497 572 3 148 17 205 17
9866 749 1 32 44 380 5
2848 219 1 23 44 274 7
2548 465 1 61 54 292 10
273 534 7 241 51 192 13
5884 671 2 46 16 37 17
0 532 1 54 68 420 13
10091 560 1 61 85 292 5
450 414 2 58 66 640 20
6225 635 2 330 29 653 12
2282 724 2 53 50 266 5
5582 731 4 94 14 104 8
1969 507 2 54 42 681 1
2972 171 1 28 6 125 11
10077 287 3 85 42 638 17
1815 86 1 90 9 42 13
2686 743 3 213 40 192 19
9884 188 4 153 29 79 15
5893 445 1 207 78 148 14
2782 684 2 58 79 805 7
5479 545 3 65 55 132 11
0 183 2 58 56 519 17
2803 326 1 37 16 89 14
6227 419 4 61 74 287 10
2667 275 2 93 26 292 1
9980 337 2 137 9 29 20
2546 428 2 18 56 244 15
160 388 2 34 24 342 2
6092 583 2 103 26 105 9
9483 197 3 117 28 585 8
2839 749 2 40 38 222 5
9254 600 1 129 24 44 8
9567 621 4 41 34 286 1
428 459 1 31 23 71 19
6211 86 2 82 54 462 2
2461 99 1 18 15 28 8
0 647 6 184 83 326 3
0 252 1 114 61 476 2
5836 50 1 12 19 100 13
315 139 1 29 6 153 13
6527 483 1 16 15 87 20
9200 328 4 446 43 528 4
9897 704 2 38 47 391 16
0 39 4 115 83 298 8
5630 458 2 44 38 350 4
9112 520 2 32 30 181 6
9556 476 2 71 37 465 10
2605 479 2 91 39 293 5
5802 85 2 44 49 332 3
1822 603 1 23 68 411 20
5763 240 1 29 18 33 4
2589 42 1 17 34 221 1
2705 475 1 56 36 324 9
25 186 3 78 81 174 15
5524 542 1 32 43 459 16
0 722 4 85 14 159 17
5430 368 1 59 77 564 6
2938 623 2 54 24 34 19
0 630 1 57 39 322 11
516 250 2 97 16 503 19
1978 110 4 85 44 281 2
0 449 3 160 26 596 9
393 225 2 99 21 274 13
2980 474 2 133 53 241 17
9376 639 2 355 30 271 3
6462 710 1 228 80 220 10
5636 732 1 16 58 448 11
0 695 4 319 34 912 14
42 607 1 56 89 307 1
9868 112 1 178 82 193 14
9071 73 4 56 95 369 1
5680 311 3 55 38 352 3
9415 513 4 102 70 648 2
2114 455 1 98 38 550 5
5567 603 1 51 21 665 15
5569 608 4 302 91 464 5
9514 439 2 121 59 123 16
9616 641 4 253 14 196 9
9596 464 2 35 67 169 4
9270 149 6 114 39 343 12
9463 234 1 16 62 274 16
2003 338 3 190 60 304 8
523 673 3 73 14 115 20
5975 427 2 46 73 426 20
6504 518 1 29 3 135 19
0 217 3 81 57 498 20
6100 304 1 187 19 627 9
9559 330 1 84 24 671 19
2334 293 1 105 10 45 3
9739 630 3 249 55 348 11
5881 376 3 112 42 485 5
9461 253 1 66 98 305 3
6416 72 2 89 60 387 7
2443 230 1 37 29 278 7
5870 472 1 50 15 84 13
2021 326 2 61 86 661 5
5875 154 4 81 31 241 4
0 388 1 69 59 223 11
29 95 3 58 51 170 13
2542 355 3 204 28 224 4
2321 131 1 404 54 85 20
6028 567 2 93 16 104 18
69 194 1 23 55 287 16
0 322 1 17 13 148 18
5494 263 3 148 54 354 4
0 133 1 128 39 342 12
9766 244 1 20 73 146 17
0 516 3 343 63 208 2
9280 321 3 72 23 614 3
9286 184 1 149 23 126 6
459 96 4 399 63 169 1
388 505 3 65 44 292 8
0 27 5 114 117 216 17
6250 154 2 104 19 28 16
121 335 5 477 30 213 7
6221 679 1 53 68 316 16
2798 591 3 203 30 670 4
6112 359 1 109 53 401 17
2096 596 3 53 18 400 2
6103 533 2 64 40 36 4
2373 404 1 20 28 43 15
10143 304 6 315 25 553 18
6224 386 2 60 26 75 15
0 519 4 68 20 95 4
0 98 2 95 11 82 16
9708 433 3 73 65 284 18
9320 404 1 31 16 222 13
2825 251 3 45 44 206 6
6137 63 3 56 43 266 14
2321 696 2 87 50 318 5
2475 166 2 169 27 155 19
0 29 1 80 82 181 15
9705 146 1 29 24 163 4
9414 560 3 156 48 876 12
5751 406 1 32 58 242 1
9521 697 1 23 76 280 1
9602 440 3 84 10 64 12
0 404 2 138 52 592 16
2085 41 2 80 16 30 19
2597 213 1 40 4 120 16
6154 427 1 46 78 145 4
5595 654 6 425 79 428 16
9293 256 1 12 35 803 20
9437 421 1 23 33 341 13
9121 544 3 76 16 50 2
