69 2548
7 48 88 272
1 40 16 256
5 40 60 144
7 48 48 288
7 48 128 432
7 64 100 800
4 40 24 512
7 48 88 176
6 40 76 672
4 16 44 112
8 32 92 128
5 48 92 960
7 32 124 656
7 64 92 544
6 32 72 368
4 40 56 768
4 64 96 784
5 32 92 560
7 80 64 512
5 32 24 448
7 48 56 560
5 40 44 80
5 16 16 272
5 48 60 112
6 32 48 688
5 80 120 944
6 32 56 528
3 16 12 384
5 32 52 512
7 40 96 800
4 48 60 368
5 32 124 736
8 32 100 256
6 48 124 352
4 80 80 304
5 48 12 256
5 40 116 336
2 40 8 112
8 24 104 832
2 80 100 352
4 48 60 32
7 64 52 480
3 24 40 272
2 40 20 512
5 64 92 976
4 48 56 288
5 48 124 320
4 24 40 32
5 40 64 656
8 40 108 832
8 32 64 1024
2 48 40 496
2 32 24 160
1 24 40 464
6 40 88 464
4 40 24 256
7 40 96 288
5 32 64 400
7 80 72 848
4 80 40 352
4 32 52 304
3 24 60 192
2 24 28 480
4 32 36 496
6 32 108 1008
1 24 24 48
2 40 8 160
5 48 72 544
6 64 60 816
977 115 3 213 50 121 14
0 74 1 73 32 198 1
0 722 1 223 52 583 16
15044 246 3 183 47 268 4
3751 73 1 31 13 305 6
4493 48 3 96 23 74 5
10948 550 2 171 35 81 15
4976 521 3 194 25 24 17
3200 677 3 75 48 352 18
15417 560 2 37 33 228 8
705 618 1 65 58 152 20
425 241 1 55 45 192 19
3471 160 4 217 42 128 12
9184 565 1 116 25 101 14
4138 357 1 158 38 538 2
4065 444 1 55 42 655 20
10732 459 1 137 51 288 10
16225 94 1 23 14 40 4
394 114 1 57 23 153 6
16954 750 3 183 44 705 9
15694 600 1 65 2 82 10
9367 499 2 87 46 747 20
16299 206 2 111 68 164 16
4969 80 1 18 65 373 13
10186 635 4 267 61 394 11
914 178 1 54 7 372 5
3638 667 2 83 22 647 4
9493 163 1 53 21 137 13
3654 682 3 173 41 392 17
15606 136 1 69 30 44 13
15242 495 8 229 76 684 19
0 441 1 91 16 87 15
10528 496 1 29 30 270 11
10788 62 5 217 49 429 4
215 49 1 27 23 892 15
16424 395 1 92 18 273 2
499 523 3 70 97 150 6
0 658 1 56 10 276 16
0 181 1 156 60 944 17
3177 159 1 145 29 213 12
16147 90 1 22 12 93 3
10635 169 4 164 28 91 11
3207 742 2 75 27 93 9
9674 277 2 78 32 227 14
0 522 3 109 53 181 1
15307 76 5 355 48 589 17
15713 374 1 14 17 43 12
16097 85 2 44 3 78 15
589 32 3 158 60 91 19
15559 97 2 173 25 267 13
15861 310 1 45 23 215 20
3339 347 4 122 58 389 1
270 458 6 195 40 81 19
16997 614 1 30 7 254 8
9937 730 3 98 81 121 14
10401 618 6 283 54 94 3
0 380 3 105 86 246 14
10486 264 6 262 67 192 19
15139 619 1 323 38 459 10
15863 555 2 90 15 367 4
16561 65 1 96 29 411 7
10983 317 2 230 32 419 5
632 158 1 27 25 193 4
15486 685 1 26 22 34 9
10147 41 2 23 22 165 14
10927 168 4 91 27 221 14
9209 710 2 65 21 429 20
0 299 4 125 12 653 5
16428 520 1 54 104 325 15
16779 391 2 271 30 228 8
10622 215 4 70 73 313 20
10294 697 1 37 54 308 2
330 701 1 12 15 339 7
3592 550 2 86 24 237 14
10599 242 2 218 82 491 18
10413 106 1 59 14 143 8
0 236 3 44 11 165 10
9812 689 2 157 54 344 7
15764 575 1 26 23 255 9
4906 222 6 75 39 215 3
15774 426 2 115 83 602 4
16360 271 3 162 58 62 11
0 257 1 211 28 796 5
412 52 2 189 25 131 18
10379 103 2 75 60 628 1
3561 468 6 250 69 97 15
15269 656 4 127 45 287 1
16421 363 1 55 10 176 7
4206 586 1 63 31 18 2
10188 262 5 306 57 418 12
16697 84 1 15 10 229 10
533 421 2 146 32 699 20
10648 86 1 42 14 347 5
0 425 3 62 58 397 3
4682 741 1 65 45 9 18
4971 445 3 101 24 350 19
16450 534 1 70 32 394 3
744 285 2 114 32 247 16
0 534 1 63 51 371 8
9756 80 1 21 2 88 15
16444 425 3 138 31 54 10
15657 576 1 52 114 314 20
3482 176 2 153 49 131 13
3363 519 1 23 9 137 15
888 194 1 81 81 290 7
0 297 3 37 11 208 19
0 646 1 76 47 255 10
10521 687 5 185 92 423 18
16536 415 1 183 30 575 6
3915 336 2 52 11 168 19
3100 618 1 75 86 463 9
15834 587 3 173 24 165 11
487 233 5 158 33 365 15
857 643 2 178 39 69 12
10809 82 3 148 75 523 18
9881 458 7 123 42 663 10
3616 448 2 116 46 473 19
4155 708 1 151 41 266 6
16320 425 2 76 23 168 3
0 440 1 142 12 184 4
15313 307 1 19 19 30 17
15377 51 3 126 35 109 18
15266 400 5 163 42 210 17
10400 42 1 28 43 314 2
15432 178 1 32 11 70 20
10327 225 2 79 40 45 10
15354 316 2 373 39 472 1
4827 475 1 54 9 148 14
4066 91 1 19 9 211 7
15662 346 4 165 21 143 8
16267 173 3 126 15 296 16
15284 55 1 67 36 658 10
3490 91 2 43 23 257 3
16996 342 2 68 95 188 16
0 627 4 200 76 126 8
16020 375 2 247 65 502 10
15305 687 3 69 56 503 4
3012 337 1 58 79 315 9
822 679 2 59 35 83 17
4302 596 2 35 6 88 12
4971 72 1 17 7 102 15
4348 359 2 60 3 59 11
9169 642 1 375 12 331 4
9722 27 1 11 14 223 10
500 587 2 198 11 175 2
9394 200 1 34 66 782 16
16217 291 2 65 14 337 17
3502 218 3 217 49 501 8
0 494 3 86 86 284 12
4377 453 2 52 21 142 9
0 405 3 136 40 591 7
10023 682 1 30 6 187 20
16588 251 2 104 22 140 1
4331 426 2 253 72 196 9
9616 124 2 92 15 338 8
15181 112 1 60 42 612 1
3202 657 3 170 20 202 19
959 231 4 120 19 180 20
10490 587 1 73 24 383 18
72 329 2 59 38 41 9
3354 285 1 36 42 83 12
0 237 2 177 43 199 15
931 154 3 101 19 467 7
10962 306 1 27 4 48 18
9869 383 1 140 24 406 8
16478 210 4 53 15 212 6
3114 733 2 94 54 298 10
0 458 4 219 54 598 19
0 436 1 57 57 550 20
16428 400 1 90 12 236 2
0 481 3 205 88 708 6
10279 71 2 59 26 192 14
10379 740 2 147 60 127 9
827 242 1 37 54 178 7
9620 56 1 50 88 185 2
15398 449 4 180 83 74 20
3754 555 2 76 3 99 6
16936 140 1 72 18 175 12
16018 238 1 68 13 245 3
0 712 2 49 53 109 10
4342 117 1 20 26 12 6
0 70 5 260 29 284 1
496 110 3 110 43 426 16
427 527 4 231 30 476 11
463 53 1 94 53 79 18
10473 117 2 107 41 347 16
0 292 2 257 53 309 12
752 428 2 210 34 150 1
975 555 2 91 86 560 2
16589 149 3 384 47 259 7
0 338 2 146 24 70 20
9134 624 2 188 58 131 1
3737 522 7 104 30 514 3
15569 329 2 118 54 437 14
3978 704 1 66 18 156 9
0 275 1 55 47 319 15
10563 400 1 17 20 102 19
9713 712 2 47 21 58 19
15708 69 1 98 35 198 3
64 104 1 32 36 57 10
15025 76 5 224 53 112 5
0 581 1 198 33 230 13
240 515 1 64 15 444 16
4555 48 1 73 80 274 20
15387 459 4 60 72 765 11
3212 475 2 53 10 54 16
846 167 3 96 4 188 17
15740 724 4 230 16 410 16
10155 552 8 160 49 758 7
16070 643 2 30 14 67 1
10922 599 1 34 3 104 2
0 315 2 105 51 496 8
4581 750 2 88 62 80 18
9327 229 4 147 54 204 9
16370 175 2 53 40 179 18
349 674 3 121 32 318 9
9809 44 3 89 31 364 1
0 161 1 137 37 499 9
3454 123 1 25 12 347 19
15894 556 1 36 11 148 14
15721 650 1 17 27 315 3
0 572 1 32 2 79 17
697 580 1 36 79 628 2
781 50 2 132 43 185 15
3835 73 4 233 38 395 9
16328 452 1 12 9 384 6
4528 491 3 119 46 440 11
9449 52 3 144 40 223 18
16633 87 3 55 43 395 5
16522 749 4 248 56 482 16
9238 374 1 169 63 142 11
4642 442 7 159 85 370 12
9977 623 1 27 40 565 6
9459 165 2 143 34 156 9
15115 594 1 19 20 295 2
9410 81 6 113 64 111 10
15525 152 1 25 8 323 2
10567 603 1 32 124 216 10
9373 214 1 30 16 388 10
9359 99 1 43 32 476 5
4203 261 1 19 16 21 9
10326 520 4 340 31 214 17
10686 299 2 86 21 311 18
0 666 4 136 40 57 10
0 504 2 208 59 443 6
632 643 7 188 63 81 3
630 227 3 145 54 57 3
15451 460 5 223 31 694 4
15274 176 4 60 71 199 18
10651 280 1 9 12 33 8
732 501 1 61 76 497 16
4371 141 1 47 43 146 5
16930 745 5 118 30 98 9
4350 655 4 356 32 359 18
9573 466 4 191 66 552 20
9999 326 1 19 24 62 8
9414 313 2 144 88 445 1
9497 544 2 154 40 228 17
0 522 3 52 4 116 9
0 80 2 42 23 474 19
9013 333 4 201 10 126 17
3225 232 3 143 87 140 3
16495 89 2 53 16 175 20
9824 25 3 220 36 399 9
796 58 3 143 51 441 5
3020 402 1 195 23 145 5
4341 370 1 36 111 138 12
16004 646 1 21 14 134 3
965 451 2 37 61 254 18
10409 569 2 194 63 448 12
10071 407 3 156 6 99 7
10476 340 1 41 19 382 8
0 702 7 284 32 242 10
0 447 4 146 46 47 17
15090 349 1 109 46 349 20
0 179 6 352 32 479 12
4019 73 1 37 22 152 2
10379 118 2 61 40 266 1
4483 617 4 139 63 94 1
15246 470 1 47 63 269 10
3195 393 1 89 11 137 4
16944 730 5 72 92 617 14
4277 572 2 147 44 198 18
16348 402 5 133 47 56 5
16998 325 2 138 36 310 20
15892 627 3 190 92 364 2
15898 327 1 38 15 27 2
305 706 2 122 35 232 10
3690 371 2 50 8 101 7
15282 447 2 232 22 470 9
16438 603 1 121 16 567 1
9597 613 3 177 61 276 3
0 243 1 31 28 180 8
0 527 3 76 57 580 6
10653 150 1 336 76 403 11
474 117 1 109 63 307 2
15351 259 1 12 39 245 2
10945 327 3 227 15 281 2
9758 238 3 176 38 84 11
10119 295 1 27 12 213 7
0 385 5 101 28 658 5
10166 305 3 237 9 76 15
164 536 4 146 49 342 7
10565 443 3 135 11 569 1
15436 499 1 38 34 53 8
4881 287 1 41 47 294 19
16706 563 3 140 54 258 5
524 167 1 24 42 28 8
9616 330 2 40 50 115 2
15471 578 3 86 27 69 17
16418 645 2 181 38 196 16
15487 83 2 89 34 379 14
15554 188 6 254 60 170 8
15906 43 3 85 9 198 16
15155 661 1 37 34 194 18
3177 413 1 17 20 28 18
15169 242 2 38 28 56 11
15283 490 5 117 29 609 20
4585 309 2 87 15 99 9
16562 438 3 114 86 142 17
15141 469 4 96 47 213 8
3728 92 1 36 33 125 4
15114 324 1 13 4 143 17
3707 283 2 383 57 495 12
525 469 1 25 29 88 12
699 386 3 118 68 721 17
16932 637 2 96 34 147 9
132 748 1 38 21 160 2
3068 613 1 28 5 77 14
15102 556 3 128 50 413 7
16278 368 1 72 49 272 16
3005 661 1 142 16 161 7
15569 512 3 204 77 372 16
3721 74 2 81 82 103 14
0 410 1 54 66 220 7
9203 102 1 78 23 433 19
9337 656 2 144 7 64 17
4911 280 1 47 39 23 16
15676 319 4 90 14 359 18
0 110 4 133 19 273 15
16649 180 2 189 15 443 11
10830 709 2 44 29 163 3
608 486 4 225 45 241 9
0 307 1 19 23 352 9
3758 628 3 141 77 622 9
16752 170 1 90 25 183 5
9201 634 7 205 38 213 18
0 401 3 74 49 367 16
0 291 4 142 14 179 1
0 62 2 87 24 219 5
16527 64 3 109 74 427 16
4435 513 1 56 45 110 19
16173 86 1 22 86 698 16
16178 363 2 67 19 18 4
9508 472 1 34 28 338 6
0 321 1 23 28 135 19
4647 279 1 12 8 261 16
15375 413 2 169 43 458 20
3224 684 4 106 61 361 17
10453 624 5 199 30 63 18
0 537 1 43 77 635 19
486 532 2 51 10 59 19
84 147 5 135 34 79 16
10081 90 4 371 32 446 9
9468 232 3 194 38 88 14
10109 439 1 24 24 115 10
3568 255 7 364 21 411 5
16759 705 1 128 22 71 8
3466 566 1 16 29 672 14
10054 459 6 265 87 111 8
10784 538 2 107 58 443 4
15850 591 1 24 60 235 9
534 381 1 34 26 367 16
9733 88 1 174 60 161 13
16530 712 2 201 29 188 14
4585 424 1 82 40 294 17
0 624 3 122 74 305 20
0 568 5 194 35 264 3
10361 603 4 199 36 63 10
250 597 4 110 29 183 6
682 102 1 27 6 79 2
15774 530 3 229 106 218 13
9993 432 3 66 48 651 19
9117 309 1 26 25 359 13
9413 55 5 132 47 305 3
16494 202 5 183 83 415 6
670 215 2 189 33 327 9
4475 644 1 15 4 80 1
15199 528 1 117 78 89 8
4024 219 1 149 62 450 19
0 309 7 181 55 434 1
195 546 6 197 35 371 5
3783 692 3 112 15 132 9
10239 731 3 72 33 37 14
15731 105 3 109 17 467 5
16628 158 1 24 72 489 15
4285 574 2 174 90 194 10
9834 474 2 46 32 490 20
10970 286 2 25 44 152 14
10579 182 1 65 53 203 17
0 401 2 34 13 227 11
4576 229 1 24 96 204 7
214 422 1 153 30 16 19
4009 706 1 23 29 368 1
4707 133 1 33 3 73 5
15679 483 1 39 22 176 12
4317 298 1 15 20 436 13
0 253 1 20 61 370 11
3539 358 1 188 79 391 17
0 335 2 73 35 235 12
10400 183 3 185 36 231 2
304 444 2 98 45 498 15
510 292 1 125 90 322 7
3073 597 4 129 37 795 13
15148 290 5 71 17 200 7
0 478 3 236 45 936 7
855 220 3 229 69 338 16
16121 353 1 32 44 422 15
9910 125 1 110 55 162 15
0 182 3 120 89 535 4
700 652 1 49 12 368 16
3941 37 2 268 126 121 10
3577 251 1 39 35 632 18
0 624 2 177 24 211 13
0 409 1 23 4 69 20
9396 560 2 71 62 548 12
10289 400 6 193 41 69 9
16241 487 1 20 13 171 5
4969 628 1 23 8 45 20
901 427 5 177 40 112 20
15602 739 1 11 38 163 8
9041 311 1 87 20 209 16
16112 390 2 93 30 76 4
3890 403 1 54 19 156 16
73 522 1 25 51 964 10
16605 698 4 324 63 126 8
0 559 2 50 83 273 1
3747 334 1 119 46 549 8
10947 636 1 58 15 80 16
378 600 2 293 37 583 19
4560 216 2 56 16 428 18
394 371 3 353 22 431 14
16963 412 2 32 26 183 11
15612 338 3 99 63 374 20
4091 674 1 239 70 279 20
9813 186 6 252 28 225 11
761 682 2 55 43 367 13
0 149 1 181 20 111 1
3817 548 1 103 64 463 9
4942 579 1 58 43 477 17
16841 427 2 26 12 50 6
3599 522 5 225 28 365 16
15252 668 2 133 23 534 3
4566 227 2 221 30 230 3
912 427 6 189 64 234 1
10864 546 1 20 12 392 11
4949 445 7 170 28 216 2
16558 199 1 34 36 23 2
15119 361 2 103 42 293 4
3120 662 3 112 39 115 13
16507 743 4 192 50 219 1
0 117 1 34 19 148 12
9487 644 4 120 117 397 17
10741 267 1 33 31 254 7
3664 377 4 87 22 177 4
16299 246 1 52 48 250 4
15712 163 3 257 64 304 6
3562 353 4 135 4 99 3
16156 281 1 27 5 79 7
3493 503 2 75 59 594 4
15328 677 4 235 60 494 7
4031 238 1 63 25 29 19
4629 678 2 213 84 329 3
10922 408 1 43 22 10 4
3995 280 1 54 39 99 15
15253 528 3 54 17 82 15
15026 275 1 161 71 183 4
10958 615 3 254 36 186 6
0 600 2 58 39 108 6
4335 702 3 169 55 668 14
3149 407 1 46 46 394 15
3 146 5 202 78 135 6
15178 482 1 41 54 395 5
16199 218 1 46 26 110 18
3839 421 1 21 17 172 20
16319 237 2 75 30 362 7
9736 210 1 32 11 44 17
0 478 2 61 36 74 3
0 24 4 98 51 303 14
16142 195 1 92 17 480 9
410 717 3 92 20 161 8
430 91 2 60 72 133 7
15076 271 1 280 47 59 15
10702 301 1 25 16 140 9
15567 305 2 219 19 276 7
10398 195 1 128 29 323 1
0 94 1 13 20 229 7
15298 579 1 72 89 535 4
16531 735 3 69 46 324 19
466 685 1 34 19 162 16
3798 668 2 101 64 577 3
0 531 2 141 23 38 3
4753 252 3 69 42 267 1
0 726 3 124 47 325 6
16135 305 1 18 11 358 10
10891 635 1 31 9 294 5
9834 744 1 17 48 150 6
16932 263 3 98 34 37 20
765 487 3 61 36 620 2
10493 525 1 19 35 261 2
700 41 2 80 79 96 12
0 312 1 26 65 634 2
4729 446 1 145 32 76 11
3404 556 3 145 44 57 16
4436 306 3 77 13 209 20
10903 501 1 315 63 532 9
4779 537 5 147 27 300 15
15691 83 1 180 32 291 14
10270 712 4 26 20 67 1
3636 632 1 104 84 206 16
16922 54 1 181 81 93 3
16396 335 1 29 13 256 7
0 701 1 71 49 153 5
773 507 1 75 31 352 12
9399 518 4 58 26 262 12
3668 143 3 103 27 384 19
0 548 2 39 89 785 15
16948 413 1 79 47 173 17
9168 417 4 171 20 590 1
15247 740 1 48 33 267 2
10244 265 1 51 45 172 2
10748 688 2 135 19 113 20
15520 98 1 35 30 180 1
9520 337 2 89 45 126 20
10214 371 2 184 24 122 19
4163 336 3 174 39 59 13
4878 722 1 25 22 244 5
15385 329 2 127 61 215 19
4783 148 2 41 33 277 16
20 678 1 48 30 340 10
15224 485 1 99 38 224 9
0 516 3 137 14 291 13
3320 353 1 19 18 423 1
9075 313 3 63 34 283 17
16065 508 2 251 90 446 12
9769 174 2 114 104 153 14
15305 603 5 167 46 474 2
16925 683 1 76 8 136 7
806 508 2 107 16 45 1
15244 401 3 203 32 606 18
10424 524 1 42 24 213 5
15371 177 1 41 6 170 2
4982 245 1 144 122 79 7
9433 658 2 114 60 413 10
4367 39 2 66 87 469 18
15 357 3 230 40 360 12
9641 573 5 115 81 808 7
16333 325 1 156 21 19 6
3002 415 1 107 63 426 15
3914 384 1 110 88 56 9
3837 648 3 114 43 340 15
0 621 1 38 6 57 7
4664 128 3 108 24 77 20
16545 316 2 186 60 637 16
15848 498 3 120 77 407 19
9353 429 2 73 17 560 8
3638 211 1 40 44 18 5
10320 306 3 101 56 201 13
9148 487 2 60 27 263 4
16824 353 2 111 60 397 12
4543 411 1 38 33 344 20
15743 29 5 70 52 432 13
15256 677 1 16 15 32 17
15076 182 2 48 16 392 17
16309 39 3 107 54 300 8
292 332 1 18 15 138 20
3669 206 1 25 14 317 1
63 674 4 105 78 460 5
495 369 2 398 41 203 8
9176 293 5 114 13 153 11
0 546 5 89 27 192 13
0 210 3 169 24 336 15
0 370 1 24 23 68 11
10230 651 1 21 40 68 16
15625 87 4 142 42 728 16
16047 253 5 103 67 109 17
9914 334 2 13 37 28 11
3087 658 7 283 52 244 13
15069 163 1 41 5 76 15
10697 265 2 70 24 226 5
9286 33 3 82 29 615 20
16268 475 4 176 33 264 18
4091 349 1 52 51 974 8
10393 679 2 294 69 613 15
4865 180 1 132 64 204 14
545 550 1 39 18 165 5
15463 471 5 304 21 366 8
748 416 3 107 30 291 6
15716 681 1 52 52 556 13
0 42 3 33 31 21 20
15896 359 1 162 46 563 12
10411 643 2 45 26 98 20
16315 640 2 89 54 687 20
3639 741 1 164 24 448 8
16919 449 4 115 34 60 6
9220 521 4 69 88 577 9
9907 469 2 157 24 123 15
15311 664 1 31 10 89 20
10870 697 7 219 29 181 10
10771 355 2 238 52 117 10
9569 714 2 42 17 272 1
3666 599 1 30 3 137 5
10163 224 2 96 46 285 11
15561 154 1 79 12 123 15
9436 299 2 124 83 311 19
15922 114 1 53 29 424 10
911 141 5 253 15 410 12
769 241 1 44 22 130 19
4980 322 5 185 35 440 4
15352 252 6 187 93 564 11
441 452 1 17 9 36 3
16600 676 1 20 24 138 4
10291 60 1 29 11 89 13
4323 628 2 47 14 117 5
3405 659 2 120 16 315 12
248 693 2 18 14 268 3
0 654 1 27 47 126 4
10670 179 1 75 95 255 10
9825 327 2 60 16 113 19
9084 586 7 233 31 192 14
795 732 1 48 68 316 9
4498 37 1 232 29 609 19
4972 622 2 133 56 97 9
10553 501 1 123 63 205 20
3048 582 1 54 74 696 4
3549 513 4 77 48 636 7
15109 694 2 85 37 365 17
9723 551 1 74 67 716 2
10703 277 1 367 48 574 4
3642 248 1 182 49 564 3
4821 176 1 62 49 242 13
15139 422 1 48 27 623 11
0 659 2 143 18 37 13
3532 506 3 96 7 175 9
4312 247 1 37 4 87 1
0 232 1 27 24 122 13
968 691 4 126 9 185 20
0 364 3 135 13 627 7
0 523 1 43 16 119 15
16035 182 4 225 22 187 10
4367 331 2 142 19 167 13
275 488 2 121 33 215 11
16305 91 8 226 30 461 4
16825 522 1 24 12 80 4
0 401 2 158 11 161 12
15438 356 1 31 5 66 15
4818 198 3 118 7 87 13
950 156 3 54 103 495 18
4054 241 5 137 8 76 19
4375 78 6 209 78 374 5
4329 643 1 31 87 377 12
3109 73 2 61 30 664 16
3112 723 1 40 86 73 12
3379 222 1 27 36 348 8
867 123 1 22 28 22 1
3192 337 2 131 17 279 5
16244 156 1 33 16 156 16
502 204 1 20 20 406 14
9965 703 1 61 24 157 19
15358 575 2 59 8 74 9
15201 322 1 32 10 511 15
4811 496 1 27 42 249 14
15524 154 1 25 20 853 12
4387 749 2 97 12 130 7
15156 24 1 38 19 10 2
16734 438 3 253 116 636 2
15624 556 4 144 86 154 1
3319 103 3 163 47 658 20
960 378 1 33 61 293 7
4149 616 1 44 31 501 2
16375 88 1 158 59 191 1
16834 77 2 285 24 833 3
16694 748 4 120 11 172 14
590 337 2 176 120 231 12
10297 738 1 94 22 268 15
543 679 5 81 43 219 10
3268 148 3 32 8 158 4
15765 78 4 87 43 173 11
15565 46 1 43 72 387 17
317 310 2 19 17 26 11
4415 590 1 104 41 291 7
3672 609 2 130 22 130 1
9892 169 1 14 11 186 5
16861 63 3 156 51 386 5
15620 129 1 175 59 118 14
9348 235 1 188 14 105 1
3899 63 2 50 34 357 15
15891 639 3 168 66 105 5
3621 593 1 109 55 236 14
16751 641 4 332 38 458 3
0 331 1 56 12 126 17
4710 288 1 20 52 151 5
3422 579 5 65 28 351 6
4951 507 1 35 37 280 10
10185 533 5 109 55 962 16
3833 315 1 52 26 385 6
9327 392 1 135 23 508 11
16194 342 2 108 15 402 12
505 283 4 105 11 320 19
15451 723 1 114 10 325 17
4100 257 2 58 63 95 6
248 684 3 202 88 92 7
15049 708 5 128 50 30 9
32 678 2 49 61 547 19
3414 386 2 103 54 80 7
0 214 5 196 24 233 18
15071 371 4 73 30 323 2
16489 241 1 279 58 264 1
16023 282 1 40 22 475 3
10990 69 1 102 41 227 19
440 293 3 79 51 297 14
0 286 2 19 7 344 20
3577 399 1 161 28 89 2
360 576 1 13 11 30 6
16994 21 5 108 40 240 14
9419 390 2 42 7 35 12
0 524 1 24 10 318 6
15619 330 3 361 49 201 6
4640 435 1 13 7 106 8
0 559 2 198 80 234 11
16994 338 1 110 76 438 4
9265 721 2 262 33 415 16
0 639 1 29 24 205 10
15160 107 3 276 43 197 7
3527 541 1 28 100 129 2
15708 711 2 96 34 160 7
10248 740 3 92 88 242 8
4358 678 4 103 69 482 14
0 393 2 189 56 189 1
9608 143 1 32 21 193 12
9967 178 4 146 116 319 9
3459 101 1 41 36 377 15
10176 42 2 47 38 58 8
10166 534 1 17 21 251 15
62 309 2 37 44 81 3
9366 31 3 121 40 174 13
3210 117 1 19 13 30 9
3737 267 5 137 85 647 13
15832 533 3 140 82 216 1
16699 535 1 24 26 444 2
15548 728 1 30 28 250 19
10271 688 3 131 33 22 14
9641 175 3 83 44 242 1
9894 52 2 166 26 342 16
3734 163 2 20 16 133 15
4679 26 2 193 103 238 17
3969 103 7 164 24 60 7
3329 259 1 20 9 136 4
16443 97 3 74 16 85 10
16186 535 2 49 11 238 18
16186 480 1 91 18 357 6
16400 459 1 19 9 330 12
10848 442 1 13 16 304 15
215 582 1 112 34 175 12
4309 581 3 464 34 541 19
16368 666 1 195 84 791 19
10881 241 3 83 59 627 6
9158 151 1 36 9 112 3
0 251 1 25 8 165 8
615 430 1 48 25 193 2
16290 57 1 80 18 415 13
0 179 2 74 38 270 18
3588 711 3 77 45 344 1
0 49 1 142 42 653 2
15865 507 2 140 22 215 20
16635 239 3 43 16 420 10
3464 261 1 21 9 153 7
16215 255 3 58 6 65 12
3995 599 1 21 21 135 18
3667 254 3 104 57 296 14
210 177 1 16 21 202 17
10963 134 2 21 38 75 11
15176 112 4 183 53 157 15
0 408 1 43 4 38 17
0 292 4 362 59 753 11
3237 575 1 24 27 234 9
15822 463 7 211 26 262 18
9560 458 1 38 39 132 16
4021 318 1 87 41 495 8
16947 301 1 24 6 80 16
10743 300 2 33 58 288 15
16951 348 3 57 13 141 17
4876 205 1 82 33 439 6
4483 277 4 139 36 104 12
4429 663 3 98 19 47 2
10744 437 6 194 38 180 5
10889 414 1 34 60 161 5
10308 309 1 123 34 36 10
0 501 1 38 30 53 12
9706 256 2 25 9 267 1
9 649 1 263 45 691 14
10071 27 1 22 10 105 16
3776 408 1 138 29 37 8
0 211 4 135 36 183 4
3429 573 2 183 13 251 5
4399 91 5 335 32 311 13
15035 100 1 61 3 48 9
15772 442 1 29 7 138 11
10929 182 3 137 26 154 15
15631 532 2 141 94 665 19
418 44 1 30 14 80 20
4733 524 1 182 27 87 7
9279 183 2 25 9 88 19
16102 404 3 266 54 100 9
3272 452 1 23 49 19 14
4942 336 3 101 30 106 17
0 734 2 98 91 480 10
15684 732 1 38 5 140 5
551 598 1 48 36 177 2
199 582 1 14 18 399 7
3031 414 2 220 32 239 4
15461 289 2 133 31 401 13
9915 452 4 132 16 206 8
4675 20 6 131 31 373 14
4359 39 2 169 83 880 14
854 204 3 192 36 464 6
15932 384 6 300 35 150 20
10772 490 1 132 31 355 6
9218 427 1 36 48 22 5
15454 30 2 46 82 400 19
9240 607 1 259 34 323 16
3083 563 1 28 78 646 16
0 193 3 77 37 364 4
560 184 4 253 70 275 13
9142 542 4 149 29 331 15
15351 40 1 18 33 18 3
15689 642 2 64 20 264 4
3062 246 4 105 81 261 11
16534 302 4 104 25 86 5
15719 203 3 216 26 81 4
3500 72 3 63 10 382 14
15191 220 1 20 29 64 9
3458 710 2 126 66 202 18
15192 744 3 277 59 789 20
4177 494 1 96 25 444 6
4703 597 1 107 28 367 15
388 362 2 102 24 376 10
9004 214 2 86 16 399 17
16865 241 1 43 15 264 2
776 431 3 197 48 149 10
3069 709 2 101 41 54 19
35 419 2 105 7 80 18
0 719 2 84 28 267 14
16518 440 5 181 59 116 9
0 59 3 128 10 192 3
9028 288 2 27 18 153 11
15757 343 3 83 101 576 20
16691 382 2 212 35 98 5
4627 216 2 159 57 372 1
0 638 6 239 65 127 6
4954 279 2 60 19 187 16
0 391 3 43 11 13 6
10635 543 3 154 42 313 13
4113 148 1 33 12 198 18
9637 94 1 22 6 34 20
9821 165 4 206 24 241 4
16606 500 1 63 29 24 12
946 196 1 27 71 245 4
15336 294 2 65 32 763 9
889 363 6 110 15 339 5
4077 435 3 117 38 697 5
5 275 2 99 65 168 2
100 608 1 32 24 76 13
4816 173 1 11 25 28 19
3492 383 5 71 33 75 19
576 467 1 18 30 102 5
15614 26 1 53 24 696 4
16799 702 2 106 40 70 13
0 182 1 18 11 29 4
9427 626 2 51 80 388 7
9751 346 1 35 37 42 16
4449 171 5 76 56 203 12
10862 256 1 17 7 33 6
3608 706 2 114 72 281 17
16673 615 2 225 47 219 17
10713 229 1 270 65 273 15
3373 542 6 193 16 273 14
10881 251 1 216 78 564 14
4642 176 1 63 26 522 8
16140 361 2 42 10 103 16
16679 32 1 11 5 194 20
4116 449 1 46 35 255 7
16121 77 8 236 88 378 7
4999 423 3 74 72 270 12
4180 546 3 53 5 142 8
16250 152 3 151 32 114 20
16594 635 2 77 42 95 14
10514 683 1 44 27 246 2
3740 384 2 119 49 485 20
9602 128 2 106 26 171 5
0 117 1 120 18 324 17
4880 346 2 193 36 242 2
4544 20 4 60 32 125 4
15037 586 1 26 101 284 15
3106 91 2 144 51 88 16
9404 466 4 139 26 122 2
501 636 1 46 24 341 17
9782 647 7 266 29 438 5
3330 562 1 14 22 36 4
675 285 5 162 48 177 2
224 201 1 42 28 574 12
15246 200 1 65 31 419 13
15293 71 1 75 113 488 17
205 401 1 337 58 520 14
15195 487 1 238 33 620 5
62 350 1 159 25 216 6
0 220 1 22 22 11 5
10166 601 3 79 5 55 8
15188 471 1 72 50 78 8
15259 743 5 202 85 87 16
3568 317 2 152 98 735 6
693 130 3 124 57 76 3
3526 600 1 36 14 118 2
3914 437 5 274 101 510 14
3677 174 5 193 31 174 10
15175 420 3 210 49 586 4
9840 26 1 424 28 283 20
4580 328 5 231 61 411 1
9965 695 6 107 24 76 13
16887 21 1 59 48 491 8
9817 78 2 80 38 257 17
10305 394 2 114 60 777 12
3120 505 1 68 49 25 1
16467 58 4 138 41 387 20
10778 138 4 134 51 70 15
3989 333 2 71 5 111 14
15348 746 3 288 103 252 8
613 303 1 91 22 595 4
9766 720 2 85 100 453 3
4192 653 4 107 40 521 13
3305 568 4 116 24 15 15
9012 494 2 94 25 89 4
15068 662 6 306 21 300 14
9407 475 1 24 31 832 15
3039 298 3 241 55 348 8
16327 651 1 17 11 48 9
0 208 1 21 16 347 17
0 313 1 22 25 23 1
9772 639 1 49 38 168 17
4822 88 1 109 82 533 4
9529 183 2 114 19 151 14
16854 123 1 291 62 572 15
369 157 5 137 55 402 15
4061 23 1 198 58 106 12
10974 356 3 91 16 490 3
9616 184 3 94 40 301 5
15838 646 1 17 81 244 18
9397 500 1 13 8 194 10
3094 545 1 41 22 488 4
926 750 6 105 27 113 13
10065 617 2 205 31 332 4
0 625 1 40 70 351 4
614 312 1 31 11 137 1
197 245 1 75 16 531 17
16319 163 1 81 44 208 11
4037 569 1 34 4 53 19
4186 395 1 79 17 105 18
15887 97 2 40 25 66 16
4477 246 1 114 76 417 4
15385 225 3 146 46 163 6
15279 227 2 80 25 65 10
9709 646 3 69 73 75 16
15376 363 3 75 10 197 10
9596 473 4 123 50 339 5
134 273 1 141 26 129 15
527 332 1 53 61 448 4
16657 711 4 172 75 178 13
3488 208 2 86 69 507 7
15953 644 3 104 36 67 4
590 569 2 163 84 110 16
9822 434 5 194 63 568 4
15713 31 2 105 27 216 18
3642 279 1 24 35 214 14
9836 522 2 14 7 367 6
10261 437 1 152 33 165 4
10583 575 2 181 42 98 13
9518 749 1 32 32 139 4
0 60 3 109 35 190 12
4207 266 5 104 12 206 2
9878 250 1 64 13 240 1
4564 506 6 141 77 291 4
9973 643 1 17 24 173 11
207 316 1 169 28 493 20
0 278 2 70 24 206 18
4698 353 1 10 4 232 10
9869 569 2 82 41 522 13
16079 355 2 151 36 506 8
0 181 3 123 51 86 16
9165 445 4 85 7 202 7
3928 394 4 65 51 232 2
10216 421 1 76 19 83 15
15014 148 1 181 57 51 15
4860 506 1 61 16 393 12
0 736 4 151 94 137 8
3980 233 2 92 82 105 13
0 339 1 64 31 101 17
10986 385 5 159 30 79 6
15896 129 3 153 97 409 9
5000 242 1 27 11 267 5
3264 358 7 150 87 169 10
0 434 1 65 3 35 10
15421 684 4 297 76 365 11
15681 270 2 72 13 183 18
3006 693 1 16 11 174 4
16071 435 3 155 43 386 11
3071 441 1 35 14 192 7
4825 193 2 185 29 186 1
15057 203 4 118 7 271 14
16358 308 2 58 6 65 9
355 163 5 128 31 609 11
863 219 3 88 16 391 1
10107 718 1 19 44 256 1
3063 125 2 90 21 130 11
16144 185 2 442 31 368 2
10457 61 1 35 31 275 15
9046 23 1 58 52 613 1
3299 431 1 27 88 59 12
0 301 3 207 59 535 19
15643 431 5 123 87 134 10
10187 643 3 87 44 322 13
958 405 1 30 23 113 13
777 656 1 59 44 490 17
15257 187 2 59 7 24 1
10508 472 1 30 38 443 17
16645 456 1 194 44 545 6
0 212 6 211 30 591 6
10566 523 2 65 16 237 18
0 222 1 38 5 33 7
0 379 3 139 64 473 18
4606 259 1 282 29 74 3
9783 497 1 27 4 97 10
9192 172 5 189 5 159 7
16940 29 1 31 35 132 20
572 648 3 69 35 413 8
10395 384 1 13 19 44 19
0 20 3 99 45 21 1
0 508 1 48 34 88 10
9431 467 7 295 51 400 9
16548 471 2 124 65 146 19
16747 336 3 116 12 306 2
3472 25 3 222 48 164 10
3968 538 3 64 29 75 4
0 705 1 66 23 251 11
3608 566 7 72 78 318 20
153 65 1 77 50 376 2
16469 692 2 61 20 19 6
9293 290 1 36 53 662 19
0 387 1 73 16 277 16
10138 481 2 81 91 162 2
5000 444 2 21 45 59 5
4681 434 3 102 103 167 8
820 452 3 107 17 459 1
10429 191 2 74 40 158 14
4941 279 1 23 38 293 10
0 668 5 196 30 50 6
4442 725 2 60 44 78 10
3787 647 3 110 100 378 18
10695 746 2 48 37 102 20
4614 215 1 30 8 65 7
4972 280 7 164 40 503 7
0 469 2 58 3 101 15
3605 416 3 88 14 47 20
9066 472 1 239 24 147 11
9257 715 1 64 41 167 5
10351 741 2 64 48 444 5
9513 253 2 87 24 223 16
3045 394 1 69 16 199 15
9626 461 2 121 77 852 14
3862 456 1 130 41 348 4
0 337 1 194 66 464 2
10697 556 2 50 53 421 14
0 619 2 72 88 176 1
15237 552 1 17 35 66 11
9964 637 3 294 39 344 3
16848 122 3 146 31 564 11
3857 59 1 48 14 224 17
15348 624 5 154 26 164 17
15377 733 2 54 83 449 16
16745 636 2 24 34 129 13
463 646 4 127 31 356 1
4098 318 3 111 30 39 5
4637 657 5 144 19 170 11
0 590 3 152 26 537 16
90 307 1 21 17 89 19
0 644 1 189 96 243 14
10963 396 1 13 10 83 3
545 512 6 441 49 553 15
15492 233 1 24 9 110 3
9810 472 1 27 13 128 13
3763 714 1 43 14 225 2
10431 57 4 65 49 406 18
0 625 1 149 16 323 8
4833 387 3 49 71 67 7
4766 584 1 10 31 69 4
9996 191 2 107 58 30 9
16349 664 5 380 37 472 9
16021 511 4 92 42 197 13
3547 486 1 42 59 918 15
0 709 1 347 41 540 20
16226 724 1 19 13 165 18
0 63 2 45 21 450 14
16168 644 1 38 3 75 7
0 264 4 109 44 174 8
16739 599 1 161 78 892 17
15760 66 1 133 48 104 1
10010 649 1 18 28 331 10
532 189 4 115 39 141 16
9162 523 1 37 8 141 12
9405 588 2 57 20 372 19
10094 489 2 38 38 303 3
9849 319 3 160 46 134 8
9871 562 1 64 24 247 4
16984 659 1 39 9 178 17
986 447 2 40 23 228 17
10102 637 2 174 31 351 14
721 102 1 24 10 130 12
3158 198 1 12 6 216 12
3679 279 2 139 23 14 4
10430 343 3 99 38 348 10
15802 24 1 91 31 386 8
0 142 2 36 4 88 2
3686 401 4 102 68 587 8
16569 224 1 97 88 503 11
10829 578 2 145 52 110 20
521 351 5 176 56 471 4
4885 396 3 86 33 247 6
4070 684 5 186 38 492 11
9318 421 1 26 8 334 4
4253 168 1 36 7 241 12
15296 682 3 40 11 111 4
0 441 3 72 28 19 2
3022 634 1 31 62 357 17
0 295 1 39 5 221 6
16312 230 1 89 13 382 5
3682 213 4 57 18 365 20
9532 50 1 26 19 151 12
10043 145 1 140 39 480 20
3391 611 1 141 42 263 3
0 102 1 15 12 44 10
0 691 5 293 41 750 1
16142 294 1 31 11 73 13
4092 275 1 34 66 156 17
0 327 1 32 67 737 1
254 734 6 278 46 643 16
9683 322 1 59 47 384 3
9430 82 3 180 49 59 16
165 537 4 112 28 62 13
15103 220 1 35 45 236 8
0 355 2 59 11 382 18
4552 319 4 144 61 453 20
4563 128 1 8 9 147 8
248 113 2 36 32 139 19
15564 282 1 122 12 356 6
15376 138 5 167 72 253 13
10010 701 2 124 40 341 3
16620 217 5 71 65 186 18
0 729 2 32 32 176 9
626 580 1 64 91 168 18
15076 501 2 84 31 388 10
4838 431 6 268 41 139 9
4384 465 1 46 99 443 3
3523 211 2 113 46 115 6
924 151 3 95 26 302 10
4152 675 1 83 41 146 11
16279 569 1 134 103 85 9
0 723 5 221 61 176 5
530 552 1 18 45 109 11
3731 629 2 67 32 187 16
0 701 3 189 63 458 18
10769 515 1 11 15 183 14
3868 159 6 250 36 294 10
10858 726 1 20 14 11 5
16805 633 1 27 54 302 10
3935 284 2 111 70 697 19
3501 74 1 22 3 134 4
16794 398 2 204 82 371 12
10826 417 2 31 26 58 3
10220 684 2 71 68 521 14
9263 58 1 45 21 491 3
0 266 1 299 56 248 3
15325 228 1 38 27 29 9
16457 486 3 206 13 82 7
3431 152 3 72 65 298 13
4602 405 3 118 36 175 18
15627 385 3 53 5 207 19
4257 717 1 167 77 545 7
15925 429 5 239 104 584 6
10735 59 1 92 51 242 1
0 227 8 101 48 430 19
0 313 2 155 52 435 18
0 625 2 136 39 220 16
153 597 1 67 34 149 7
4131 646 6 361 63 256 5
10974 207 1 10 12 28 16
10120 452 1 38 13 259 3
4800 425 3 73 48 203 20
943 202 6 267 74 151 20
4149 183 5 262 53 434 8
16488 187 1 184 94 168 9
9809 344 2 67 33 356 13
9710 161 2 98 41 49 2
879 410 1 114 55 672 13
551 341 2 45 12 89 18
577 264 3 63 65 357 20
292 282 3 162 4 146 1
10563 281 2 64 5 42 14
726 715 3 70 14 120 4
10059 221 1 135 43 352 9
15250 664 1 177 54 628 3
0 542 1 55 50 140 1
4766 48 1 40 20 60 14
15526 214 1 24 69 122 6
4724 78 3 121 32 22 8
4152 634 1 31 39 80 4
16078 102 1 193 39 154 10
9751 625 1 65 107 610 19
15042 239 1 30 5 48 19
3320 695 4 161 54 230 11
4234 407 1 50 17 538 11
782 48 2 33 73 403 4
3328 153 1 47 46 218 6
10266 355 1 126 30 249 18
908 109 3 86 22 182 8
16347 64 2 61 17 230 18
820 174 1 14 26 224 14
15457 265 2 137 31 387 19
15298 723 3 135 20 321 9
0 58 4 282 25 414 5
15229 161 4 158 28 69 2
0 90 2 57 22 50 15
16166 682 3 68 38 260 8
16740 305 1 28 7 298 12
627 180 1 117 45 158 14
16740 674 1 88 41 413 11
16949 750 1 154 24 457 13
0 437 3 209 35 215 17
9827 716 2 296 46 209 11
10827 702 2 91 19 139 19
9983 149 5 189 60 277 3
15474 487 1 122 8 215 3
16748 278 1 13 39 346 16
4354 343 5 174 22 97 4
0 393 2 60 13 139 15
9853 749 4 90 84 153 15
9830 92 2 44 35 141 16
10293 40 1 70 52 233 13
293 418 2 152 53 726 6
4066 475 1 51 12 22 1
15658 81 1 193 44 272 16
3284 168 1 18 9 193 1
3968 29 3 151 94 476 7
3695 681 1 109 62 957 7
16262 204 1 31 38 351 3
920 312 2 105 50 244 9
667 534 6 137 43 141 4
679 140 1 16 28 442 11
0 217 5 203 33 418 18
3024 689 1 323 90 303 7
15729 696 4 111 73 564 9
890 150 3 77 17 358 8
675 291 3 144 72 145 11
4098 675 1 15 16 107 16
4594 114 2 52 27 425 12
9225 260 1 47 8 236 16
3709 538 2 137 75 141 20
3250 692 3 45 14 240 11
16074 623 1 35 13 234 13
9567 581 2 313 39 175 15
128 552 3 187 52 53 9
15101 430 4 129 85 606 18
15715 40 5 370 44 161 13
15053 53 1 35 44 198 15
9572 627 1 28 60 156 14
10151 533 2 44 6 63 14
9515 502 1 40 16 316 13
922 546 1 47 66 94 19
3072 226 4 200 25 52 18
410 149 1 112 55 524 2
4616 251 1 80 39 200 1
3315 366 1 124 57 650 18
16168 412 3 181 22 255 10
10115 220 4 189 42 148 6
4072 352 5 111 31 89 8
9526 384 2 61 6 146 4
9279 186 1 9 39 442 7
4824 240 3 188 77 48 2
9750 471 1 180 39 165 15
3768 498 5 186 57 430 3
3196 179 2 66 20 156 19
16192 386 1 23 44 69 17
470 132 1 97 24 359 14
16590 682 1 18 10 170 18
10812 50 1 8 5 107 19
0 462 1 63 41 204 1
16269 394 2 42 34 170 17
0 339 6 216 34 349 3
9481 457 1 83 14 426 3
15738 715 8 161 55 98 14
4242 598 3 119 34 272 1
3230 524 1 162 36 58 17
0 38 1 77 59 208 13
4269 675 1 80 4 55 10
622 66 2 264 45 161 13
0 324 2 138 76 343 15
640 200 1 27 37 209 10
4925 494 2 292 59 580 5
16182 125 4 81 96 570 12
3798 278 1 26 12 295 5
856 555 3 134 77 606 8
286 243 1 38 3 153 12
3873 297 2 122 35 155 2
3263 528 1 19 14 441 1
16256 179 2 129 31 153 1
15052 392 2 151 74 356 3
16987 210 4 108 65 274 16
962 222 2 47 56 298 15
16733 442 2 210 18 91 13
635 224 5 124 53 157 17
0 612 1 119 40 110 5
0 594 1 80 28 279 5
4831 71 1 46 33 89 7
9196 375 1 37 10 107 4
10841 284 1 171 23 209 4
15694 462 1 15 17 140 16
10911 419 2 309 28 745 18
9673 92 1 422 29 178 4
15894 493 6 172 59 398 19
16116 29 2 39 37 468 3
3267 715 1 44 34 100 6
16535 513 3 215 32 246 7
0 449 2 77 59 191 15
4968 329 3 129 46 113 3
16490 136 7 199 32 220 14
16132 43 4 45 6 94 11
10205 539 5 125 18 140 2
15071 561 1 26 87 294 10
10991 360 1 98 53 264 7
16122 67 2 48 46 120 9
0 247 4 94 37 51 16
3797 633 1 188 21 251 8
4235 471 5 187 46 579 13
738 422 4 152 61 413 13
9295 296 1 19 111 165 7
15980 321 1 75 19 134 14
15107 325 3 129 89 314 15
10744 672 2 161 47 740 7
3411 296 1 21 22 160 6
16508 50 1 60 23 185 19
762 101 1 36 4 139 6
0 182 2 48 12 355 14
10767 352 5 99 30 330 15
4986 353 4 92 27 545 10
9787 268 1 89 53 323 10
3301 342 4 182 49 92 2
0 437 2 315 58 644 20
4108 40 1 74 41 231 9
10017 420 1 100 15 217 10
15539 290 2 267 46 200 2
10514 641 1 160 45 385 14
4996 76 1 110 14 250 14
9057 554 1 91 32 237 3
4541 113 1 95 47 384 15
15716 677 1 117 114 218 20
10114 413 7 108 58 342 6
16254 452 1 26 5 149 10
10282 314 1 73 52 358 7
15881 440 1 19 36 84 2
925 434 3 108 50 424 11
16158 53 1 25 9 99 15
15966 600 3 57 35 541 11
0 312 1 44 44 203 19
10619 594 2 161 35 770 20
0 335 3 86 37 44 6
4701 110 1 29 6 57 10
437 401 1 23 29 259 5
9972 716 2 109 32 202 18
4994 441 1 18 27 12 14
15077 48 4 127 39 1001 3
438 518 1 292 70 705 11
15123 723 2 41 19 140 12
15475 301 2 105 60 92 11
16480 525 2 225 34 245 10
9355 584 1 37 38 400 3
16738 80 6 332 37 435 17
784 565 1 74 19 11 13
10302 40 2 90 51 217 8
3357 535 1 38 8 124 4
4539 213 1 24 58 426 17
0 81 1 113 18 357 3
943 584 1 157 56 177 1
4057 354 3 109 27 181 16
3899 543 5 123 69 238 17
4662 170 3 116 37 306 10
16543 59 4 199 92 71 7
10409 181 1 41 9 196 14
237 541 4 108 44 326 20
0 315 8 156 36 809 16
16047 406 2 83 51 124 5
986 611 1 100 27 358 2
16070 209 4 294 21 180 14
16219 202 4 77 26 24 8
9251 690 2 58 32 128 14
16225 522 1 130 96 313 20
16481 503 2 38 28 237 13
10764 522 2 35 33 81 2
3220 511 1 47 21 237 17
9810 62 1 207 25 250 20
3577 338 5 87 35 779 18
484 198 2 42 33 270 9
820 249 2 85 28 728 13
0 54 1 102 37 299 20
9396 43 4 279 29 313 19
176 304 2 66 12 211 8
4650 606 1 23 41 46 12
3949 429 5 89 58 650 1
473 234 2 44 20 154 10
0 100 2 111 31 571 15
15658 529 4 84 63 470 2
3246 346 4 61 36 53 2
10510 414 1 18 16 41 12
0 345 5 112 44 410 14
0 527 1 24 14 96 12
9365 713 1 261 32 763 1
3424 613 1 16 12 14 9
9425 372 1 95 45 320 14
15580 445 2 47 51 166 7
148 720 3 118 43 175 16
10430 602 2 74 44 274 14
9918 553 1 77 46 345 1
15480 43 1 147 40 681 7
16865 498 2 74 10 308 6
0 58 2 278 80 823 14
0 744 2 59 5 61 20
971 213 1 21 14 218 1
15282 688 4 264 20 136 7
622 424 2 88 22 250 12
16337 573 4 164 81 176 8
4305 405 2 65 36 86 12
3403 78 1 235 42 72 9
0 576 1 45 28 226 20
3216 67 2 63 45 372 19
10563 156 7 124 50 510 16
441 436 1 28 5 34 1
4884 548 1 65 14 507 7
15510 192 2 25 23 684 3
0 605 3 59 16 347 11
10932 704 1 41 15 352 2
9475 98 2 160 8 217 9
9220 261 6 309 30 299 14
784 189 1 67 27 133 15
9976 452 1 17 11 11 2
10333 433 1 277 47 409 14
9128 62 1 18 5 92 7
4714 295 1 24 4 206 1
0 26 1 37 68 608 4
9415 406 4 154 7 119 8
671 553 4 113 26 145 16
16390 233 4 83 13 361 3
9028 507 5 145 36 164 11
9090 57 1 68 63 210 19
16238 80 2 188 49 436 6
387 525 2 135 111 74 12
3280 413 2 162 41 66 18
3805 498 3 116 28 481 12
3328 372 3 195 42 140 17
10444 227 2 119 39 150 13
16523 508 2 100 37 168 11
10145 562 1 18 21 97 5
9691 46 1 47 23 170 9
15113 592 1 97 21 259 19
15850 604 3 143 82 150 13
4661 202 3 181 83 163 4
10395 318 6 201 66 619 16
9685 156 1 9 11 20 3
10519 128 1 237 43 294 17
10956 267 1 45 15 310 2
15247 743 1 50 37 250 4
9524 371 3 246 49 386 18
813 69 1 34 33 519 13
16479 466 4 243 45 458 18
236 445 1 37 25 17 9
16848 213 3 115 70 227 5
357 189 1 17 55 182 19
10650 220 1 157 15 89 14
750 589 4 125 54 201 16
0 79 2 69 38 193 20
4447 451 5 167 31 469 3
38 115 6 206 31 294 12
4466 543 2 61 44 445 19
4039 653 3 78 93 210 5
3310 301 1 17 16 18 15
9176 33 2 30 37 75 16
188 405 1 150 40 331 10
15904 45 1 18 25 269 11
4408 336 1 77 29 134 2
4039 324 1 107 48 215 8
9910 523 1 78 124 715 15
9234 70 3 99 84 729 18
9946 45 1 40 5 173 1
4007 249 1 44 11 170 10
9500 706 5 71 7 202 17
10528 571 2 57 7 124 15
10044 591 3 41 9 250 8
9049 351 2 40 11 150 7
16207 197 2 323 43 176 14
741 93 4 123 56 461 12
16770 120 3 237 72 261 7
10495 693 1 75 18 180 18
0 366 1 168 53 94 3
15510 632 1 31 9 444 16
10279 543 2 89 16 155 14
16748 363 3 121 46 207 2
16851 732 4 153 58 47 14
10409 706 3 138 44 320 1
16508 609 1 61 32 208 4
170 468 1 30 16 53 2
10506 677 1 184 74 190 19
16319 665 2 200 23 425 18
457 400 2 356 65 554 20
9887 600 3 106 69 423 5
3907 264 1 25 20 315 11
91 239 1 19 14 435 17
10717 466 5 71 54 96 4
0 616 1 122 57 149 14
16966 644 3 93 48 153 3
9292 493 4 135 16 300 16
9309 308 4 206 22 370 16
9813 177 1 138 33 406 14
0 113 3 162 80 196 15
16053 501 2 59 13 75 20
3835 44 2 44 13 153 4
4130 651 1 21 21 11 3
10561 340 2 33 22 199 13
15042 408 3 121 23 390 12
356 536 8 185 92 160 4
877 387 2 113 18 220 14
16740 548 3 165 36 128 12
9574 673 4 132 28 332 13
0 610 1 9 20 8 16
9366 298 5 39 16 117 8
155 135 1 26 34 302 11
3127 325 1 16 8 248 10
15376 610 3 36 36 711 17
0 635 1 47 28 99 8
0 266 5 122 63 182 5
3741 586 1 33 17 138 15
15697 203 1 56 61 170 16
16370 445 1 53 49 207 8
905 236 2 41 21 474 3
0 542 3 259 18 237 7
806 386 1 159 39 332 16
233 22 1 16 22 387 7
10169 445 1 94 61 551 15
16615 732 1 77 62 645 2
10567 80 2 51 5 75 10
0 463 3 183 53 683 8
4515 644 1 60 56 90 10
15605 72 2 64 68 449 18
0 167 1 115 39 54 6
10081 556 4 88 42 649 15
9781 123 2 37 8 213 1
4487 473 3 134 87 82 11
3162 443 2 133 43 88 11
3610 508 3 174 85 316 12
3895 336 1 60 13 173 10
10017 616 3 246 48 388 7
4542 197 1 12 34 64 8
392 100 2 36 12 172 16
3958 365 7 145 42 507 7
15491 571 2 49 108 637 14
0 277 1 32 13 101 1
0 476 1 59 77 254 5
896 124 1 87 108 187 1
4699 619 1 115 55 28 20
16105 324 1 14 18 11 18
9448 514 3 125 67 154 19
9271 69 5 367 69 198 11
10193 436 1 75 12 206 19
3727 340 1 48 55 257 11
9302 143 1 16 22 389 16
0 610 1 369 42 832 9
16330 745 2 26 29 86 2
4118 198 3 67 34 491 15
10018 740 1 87 45 624 13
10304 520 1 23 33 576 17
4144 403 4 195 39 158 3
3333 328 5 135 36 384 19
0 188 4 77 62 496 2
15019 244 1 110 39 445 11
4318 420 3 260 16 238 5
15766 340 3 119 58 196 4
3475 559 2 170 50 628 7
574 682 1 32 4 89 13
10940 226 1 83 30 44 1
4607 545 3 104 64 381 12
9598 223 3 183 115 199 4
768 449 2 147 41 420 6
4143 730 3 89 8 220 14
16189 123 4 229 26 431 11
16618 547 1 67 76 425 16
15629 588 1 212 53 268 7
3060 376 2 112 100 682 9
15466 740 3 97 33 42 6
16437 273 2 100 29 17 5
3079 125 3 188 72 369 13
10729 195 2 28 30 24 4
15590 208 4 98 19 302 7
0 194 6 147 53 285 17
16603 560 4 96 15 86 17
4473 387 5 165 51 79 19
16083 331 1 34 8 105 20
10187 331 4 139 60 383 4
0 180 1 120 97 227 8
0 597 1 123 32 115 12
15485 83 2 80 12 356 18
3251 690 2 74 34 668 10
16804 264 1 94 65 352 18
10120 644 1 30 56 61 13
16977 572 3 174 123 318 2
4472 461 2 59 28 21 2
16582 58 2 37 15 219 6
15146 577 1 26 43 513 13
16735 162 1 22 28 215 11
3119 424 3 130 18 413 12
16582 637 4 141 31 243 15
0 359 1 85 14 22 5
0 485 3 72 40 82 4
4031 615 2 73 69 68 19
9410 216 5 138 68 629 3
9705 459 2 68 20 230 18
10334 299 4 183 34 201 10
3588 430 1 55 3 60 19
10460 650 3 146 16 300 19
16158 589 3 127 26 178 19
9574 660 4 97 54 265 6
10348 748 2 96 21 259 3
15539 188 1 19 2 77 6
4310 376 1 36 8 140 4
655 444 1 327 38 118 13
16805 271 1 127 75 376 6
3687 339 2 134 62 501 19
4742 470 2 118 7 135 16
10328 65 1 24 20 362 8
16963 223 5 201 48 485 13
15071 409 3 127 8 170 4
15503 241 2 25 42 92 12
3724 318 6 280 37 285 11
587 719 1 18 28 252 12
15902 677 2 32 19 24 18
4223 408 1 77 79 269 7
615 507 2 129 74 226 10
9722 718 1 104 7 476 8
4743 683 1 203 35 110 15
628 349 3 101 85 561 5
15009 583 1 229 50 144 19
9562 480 1 28 4 384 9
15765 196 2 93 61 156 20
15670 301 1 83 22 443 13
15444 181 3 145 37 492 7
3728 363 2 176 34 173 20
15635 180 1 188 31 350 15
4864 353 2 60 45 185 9
0 65 4 459 23 351 8
4057 185 2 206 12 353 5
0 200 1 27 40 226 2
0 469 1 20 29 348 2
4807 231 2 276 22 275 4
10145 329 1 97 21 162 2
15898 616 1 25 39 898 14
10314 158 3 117 26 151 10
4891 367 6 170 59 173 6
764 142 5 306 117 112 3
10892 468 1 24 46 116 12
10071 661 2 135 12 149 7
9598 187 1 17 14 143 19
15842 45 3 52 22 267 5
15476 164 3 117 32 195 12
3873 81 1 204 38 132 7
544 203 2 40 22 222 18
9121 31 3 70 33 223 9
0 89 2 172 46 254 15
15739 394 2 173 41 109 10
3885 200 1 41 73 241 10
3542 623 3 94 21 376 6
0 199 4 80 45 214 3
16399 465 1 108 52 176 20
4914 208 1 61 6 32 11
10016 625 1 90 26 686 11
419 541 1 198 52 221 8
4867 326 2 101 43 264 9
99 746 3 70 39 527 14
3736 485 3 231 81 189 18
15540 189 6 69 46 164 3
9065 238 2 137 48 423 19
15347 663 2 53 6 130 1
9393 212 2 38 34 235 2
16450 565 1 94 25 106 17
403 387 1 166 21 105 17
3068 88 3 108 19 165 11
665 29 4 213 50 374 5
15142 104 5 127 62 202 10
10554 280 3 184 31 253 13
4288 637 4 109 15 361 5
15535 625 1 61 12 188 3
4654 251 3 91 21 549 16
15070 428 3 106 26 350 2
4472 535 4 115 43 166 7
9254 556 1 68 24 471 16
16017 351 2 71 14 152 11
9372 327 4 127 21 374 5
15592 204 1 19 12 22 3
3560 615 1 84 45 835 18
15906 96 2 118 66 212 18
0 368 1 207 65 556 4
0 736 1 42 15 52 10
15597 45 1 207 43 965 10
15788 619 1 69 77 368 5
10181 359 3 193 45 838 19
4766 659 3 316 21 207 1
15165 619 6 201 52 550 18
3219 105 5 219 57 810 15
200 268 1 14 5 276 18
15740 293 3 80 48 154 10
594 107 2 114 53 124 18
9830 682 2 52 31 143 3
323 749 3 93 34 575 6
16655 553 3 183 42 631 6
3086 704 1 33 47 474 12
10891 734 5 218 30 603 18
3333 439 2 48 26 136 11
9089 618 2 64 32 538 13
9400 96 1 44 120 655 7
4019 270 1 61 38 18 3
16235 138 1 35 8 317 7
0 204 3 84 30 129 13
3559 185 4 88 59 246 7
15434 65 1 64 18 141 8
4709 524 1 27 39 210 1
3617 431 3 129 63 539 10
9363 708 2 91 89 678 17
3332 604 2 62 28 728 9
9049 114 1 16 7 149 4
9796 391 1 13 50 502 12
10312 657 1 173 80 91 4
3934 534 2 26 4 256 6
42 108 1 76 50 115 18
16674 391 2 309 50 443 19
3754 379 2 110 56 386 3
10531 96 1 41 25 59 8
16093 437 8 245 64 138 3
16345 234 3 134 37 225 5
16294 702 3 184 76 542 11
0 410 1 17 19 32 8
211 613 2 152 14 278 3
0 133 1 17 38 284 9
0 33 1 88 42 222 5
548 502 1 21 36 315 17
15363 702 5 222 113 247 17
10941 464 1 75 57 513 9
3894 637 1 186 27 277 3
15801 544 4 124 26 59 1
16939 89 1 36 75 92 16
4288 60 1 25 17 82 18
132 700 3 47 28 14 16
15248 579 1 130 28 216 9
0 276 3 114 31 93 13
15926 132 1 33 41 101 13
3064 652 6 95 84 451 4
10026 615 5 254 29 417 1
9137 299 1 37 32 441 3
9414 167 5 246 15 89 13
16093 403 1 47 28 111 3
0 30 2 198 45 179 19
15470 203 2 116 21 586 5
0 688 3 84 78 318 5
15859 410 3 176 59 647 5
10358 613 1 19 14 16 5
16020 377 1 54 15 27 10
3471 559 4 97 59 323 13
3065 731 2 56 43 108 16
9483 607 2 51 34 262 9
3241 335 1 19 5 215 9
10934 192 2 116 48 203 15
3428 529 1 76 9 103 15
4885 597 3 113 15 188 15
30 742 1 20 3 67 3
3348 565 4 159 30 414 18
0 237 2 84 58 258 6
15843 695 2 33 25 74 4
0 466 1 18 27 99 13
672 379 2 162 33 12 6
178 660 2 28 36 112 10
10812 392 4 303 37 609 18
16265 591 3 52 36 126 3
10092 507 1 76 60 335 20
0 38 4 208 54 714 15
4186 688 2 73 24 189 5
4686 280 1 24 12 48 17
9206 396 2 68 53 206 3
16083 586 3 123 70 211 3
0 285 1 27 42 714 11
777 28 3 81 63 98 9
3174 117 3 166 71 334 9
4591 239 3 65 75 49 18
0 577 1 77 43 269 20
3576 112 2 86 23 133 11
10271 494 1 67 45 447 7
15546 21 1 309 48 411 15
208 673 1 473 31 112 4
135 599 2 71 27 20 19
3004 173 1 206 38 276 20
3941 325 3 104 19 23 4
4286 578 2 175 33 226 15
452 341 1 17 57 169 7
15091 581 2 39 13 252 3
356 416 3 88 64 176 11
15000 640 1 150 52 275 5
4485 463 2 68 36 486 19
33 387 2 37 37 79 16
15537 636 1 29 3 103 20
16997 62 1 72 44 92 16
16658 614 1 110 88 176 15
538 193 2 66 38 97 18
4267 228 1 96 28 174 10
16617 123 1 25 9 91 17
15968 664 1 31 22 581 7
10334 143 1 95 26 281 20
9958 667 5 139 63 503 12
0 326 2 85 36 698 8
15378 708 1 32 8 363 12
4692 301 4 373 16 218 1
3463 130 1 19 23 173 8
944 257 2 137 80 185 13
9329 350 1 113 38 173 2
10059 545 2 115 36 845 3
15986 110 1 268 32 236 8
3654 512 1 22 12 143 10
16632 403 2 103 16 192 1
770 57 3 79 21 57 9
9777 687 1 70 58 110 14
9155 91 1 36 4 192 20
10271 376 1 91 50 268 1
15693 625 2 89 28 244 17
4087 55 1 10 12 31 6
15335 745 4 230 23 248 5
3226 288 2 47 39 729 6
850 735 1 132 31 175 4
0 673 3 250 95 220 10
980 413 1 20 6 21 16
4586 673 1 11 23 18 15
10571 137 3 109 43 680 14
4848 162 1 61 61 208 1
3637 45 1 148 41 218 18
9480 124 2 33 11 279 5
10589 670 2 52 14 253 15
15902 631 1 12 6 28 10
0 578 5 144 47 634 11
10014 489 4 181 24 171 15
16633 73 3 67 26 304 2
9934 213 1 26 7 105 8
9893 450 1 56 11 440 12
16269 256 1 68 7 85 1
611 434 1 74 50 117 7
4414 339 1 124 41 420 18
15768 168 1 27 5 247 16
15692 88 3 74 21 250 13
16291 267 3 240 25 68 16
0 334 1 21 37 380 5
15955 583 2 190 35 276 8
4515 138 1 31 40 140 5
0 715 2 56 40 388 16
3525 666 6 119 25 71 7
15558 406 1 17 24 22 19
16777 674 1 22 13 87 20
9236 539 3 56 56 396 8
0 259 1 35 4 66 15
10622 192 1 28 7 391 17
10202 219 5 185 79 109 7
3757 425 4 103 19 57 16
16376 318 2 59 29 100 3
10277 216 3 71 43 583 4
16436 203 2 68 38 528 10
514 280 1 45 57 281 11
4420 632 1 187 35 117 2
3015 707 1 24 5 198 8
0 355 2 61 13 63 14
10010 282 1 45 12 270 8
143 386 1 32 20 349 5
341 668 1 117 26 129 8
9119 603 4 139 35 272 16
3303 738 1 21 51 124 2
10990 445 4 98 23 360 5
16310 695 1 134 36 861 18
3449 102 2 15 10 208 8
10962 592 2 40 68 323 15
3499 349 3 82 65 363 3
10299 202 2 58 5 89 18
3861 646 1 82 15 475 7
9883 447 1 134 17 236 7
0 329 1 308 23 170 12
16081 614 5 132 57 449 6
10033 495 2 65 6 57 4
15961 345 1 32 64 224 5
3602 451 3 101 22 150 12
9270 158 4 113 9 59 19
0 320 3 94 27 137 13
10274 591 1 16 42 126 16
4367 83 3 82 15 447 6
3327 27 2 104 52 322 18
692 155 1 40 55 235 13
10024 728 1 45 22 103 1
814 494 1 19 99 75 17
0 726 3 158 22 115 12
3627 71 2 181 22 140 5
4238 370 1 122 29 177 16
15285 581 2 76 112 80 10
16280 587 1 27 72 283 13
0 235 4 192 54 417 4
10866 237 5 133 37 930 8
9364 543 1 40 16 106 14
525 323 1 57 28 145 5
714 743 2 190 82 843 12
15024 94 4 219 77 692 1
3632 123 3 269 39 284 13
10639 296 2 176 52 62 18
16177 97 2 32 5 113 8
16365 640 2 67 54 64 8
15822 37 1 59 38 259 9
416 193 4 89 72 543 6
0 317 7 85 72 519 11
847 195 3 59 33 267 14
3917 76 1 122 37 90 4
16231 265 5 161 34 82 7
9008 232 3 157 31 41 1
16902 394 1 142 22 755 8
982 283 3 132 49 302 17
4173 523 1 38 10 162 11
9850 456 1 25 27 84 20
10945 627 2 92 90 634 16
640 40 3 206 60 498 6
10524 616 1 34 42 134 13
9425 103 3 118 77 800 8
0 282 5 166 53 48 5
15479 281 1 15 15 144 16
0 217 1 21 30 152 15
9873 517 4 108 59 255 8
748 467 2 135 44 163 4
16966 525 1 20 36 167 10
16877 71 4 151 12 190 8
15503 49 4 167 62 367 2
3304 152 1 98 15 147 12
16893 530 2 35 86 43 18
9246 454 1 239 35 515 17
142 549 1 32 7 132 13
69 388 2 67 4 61 9
3019 296 1 34 30 70 11
16167 686 1 15 26 212 11
3533 500 1 60 53 258 7
0 542 1 90 39 151 10
9475 394 1 73 22 207 4
9820 367 2 166 80 614 11
16809 439 1 121 35 280 14
0 619 2 219 26 233 18
9346 297 1 39 31 118 20
4970 496 3 105 70 266 12
15361 547 2 164 19 222 20
10128 48 1 39 6 169 10
16691 724 1 11 36 101 10
15713 734 1 38 19 173 1
9636 47 2 70 58 388 11
19 387 1 22 49 372 15
926 36 1 51 56 647 3
9785 662 2 28 13 54 16
3041 405 1 342 69 614 8
533 585 2 125 40 289 18
815 393 2 82 35 464 14
0 459 1 21 45 125 15
0 205 2 38 24 25 17
9639 148 2 142 31 700 18
10839 748 1 27 57 637 12
4186 128 1 11 32 370 16
3488 104 4 141 23 416 11
10947 72 2 86 53 816 16
10003 525 4 166 55 484 4
3792 307 1 106 25 514 9
16116 299 2 68 38 341 7
10752 150 1 82 39 153 15
16402 674 2 92 25 155 5
0 422 3 125 26 53 2
16290 236 4 136 40 354 13
0 239 2 53 6 58 20
645 578 1 25 13 81 16
3112 259 2 119 16 386 3
16044 612 2 112 36 702 17
9293 686 4 128 57 207 20
0 421 1 69 108 163 4
0 503 4 140 20 180 5
4339 77 3 150 11 287 11
16554 37 3 272 47 497 3
16911 340 1 21 25 153 12
9876 453 1 109 50 674 16
0 583 3 164 71 225 16
16708 45 4 353 48 199 7
15647 617 1 44 47 375 15
15449 246 1 74 30 172 4
4338 337 3 176 26 221 19
15900 287 1 46 15 265 6
16391 673 6 285 43 270 16
10316 27 2 234 40 101 11
15271 614 2 33 23 74 14
9020 307 1 48 26 422 12
0 558 1 184 39 88 13
16896 57 1 57 32 216 16
15647 537 6 158 75 463 2
15885 647 4 134 116 934 11
614 669 1 16 4 194 17
3485 122 2 94 24 24 9
10903 50 2 101 69 704 8
9108 224 2 73 27 335 1
10125 409 3 158 28 304 7
0 737 1 37 10 133 5
10166 140 4 63 21 84 3
3353 238 1 200 16 200 9
16506 284 1 65 22 347 9
9503 243 1 149 55 144 12
308 408 2 94 45 319 14
9881 737 2 192 60 182 11
10989 102 2 39 8 270 17
16180 279 2 65 6 58 3
3615 182 1 34 30 23 8
0 689 1 10 6 242 1
0 420 3 331 54 217 18
4481 377 1 48 51 249 20
938 451 1 34 5 160 2
486 33 1 13 69 954 19
0 620 1 19 45 73 13
3083 595 1 61 15 162 20
4995 252 1 150 30 17 19
984 247 2 224 5 101 18
16843 567 1 28 12 227 20
79 159 5 146 47 670 11
10731 722 1 23 9 409 12
3452 709 2 98 17 307 11
4042 255 1 40 4 89 1
15192 118 1 11 11 273 14
3351 85 1 18 32 79 20
4859 476 2 59 17 150 15
16133 164 1 21 56 211 6
9924 558 2 149 43 127 2
15213 249 1 18 29 95 10
4713 461 2 47 15 298 7
15213 23 2 108 24 94 11
9756 104 5 188 39 221 2
81 666 2 36 4 113 8
3428 511 1 89 13 143 6
10887 356 1 41 26 383 3
0 114 1 24 27 200 20
10724 203 2 105 34 337 5
15243 111 1 42 71 557 20
3688 103 3 58 27 131 13
16069 724 2 50 12 193 15
15571 391 3 45 25 471 11
15393 560 4 262 84 91 13
0 311 3 67 111 85 20
362 130 3 104 32 435 2
16069 656 1 64 19 127 1
4308 745 1 23 8 341 12
15157 572 1 134 91 302 4
3894 357 6 334 42 450 8
4904 652 1 102 28 324 18
15367 556 1 17 26 214 9
9859 62 2 29 4 76 19
3821 478 4 181 14 888 2
15815 182 2 61 28 210 20
16927 99 1 7 10 116 4
4105 609 2 128 30 352 5
388 171 3 97 13 103 17
15567 624 1 58 16 464 16
4259 171 1 61 8 245 5
0 604 1 39 4 81 3
4910 481 3 287 41 429 3
9834 150 2 325 79 411 18
10327 403 1 159 29 462 20
10375 460 4 126 48 303 9
928 129 4 210 81 64 1
15789 499 1 40 39 256 17
3547 30 2 105 57 440 10
373 66 1 30 7 290 18
4281 235 1 25 8 188 1
16980 229 1 37 16 71 6
4847 273 2 72 33 28 16
4627 130 2 90 48 28 15
4593 155 3 91 49 319 16
16222 735 1 12 6 63 11
946 457 2 104 83 226 2
9442 598 1 48 8 157 1
4456 116 1 121 27 159 19
258 102 1 27 7 88 15
10088 434 2 100 33 143 8
16552 263 1 73 29 355 7
0 566 1 56 23 308 2
16344 703 2 80 39 220 9
213 650 1 24 61 55 6
3412 84 3 146 65 194 17
164 263 1 35 15 108 1
15820 62 3 123 20 352 17
9454 698 1 151 22 143 10
15499 181 2 43 19 22 4
9376 423 1 86 76 300 10
0 599 2 29 19 119 5
16815 480 1 13 6 279 13
15218 722 4 120 118 266 16
10054 109 2 95 80 197 20
15606 735 2 63 34 168 6
16840 133 5 304 31 275 14
10719 748 1 109 25 128 1
10498 172 3 75 64 163 12
15930 307 1 39 15 135 5
16654 545 1 49 6 77 4
0 296 1 31 21 300 15
4211 371 1 68 44 193 9
0 664 4 154 50 703 20
9865 595 7 149 36 83 19
10692 393 3 97 90 514 1
16090 138 6 228 81 365 20
540 39 1 27 46 573 9
4554 73 1 14 4 92 7
4579 476 1 242 14 265 1
9997 464 2 319 41 532 2
201 232 1 45 45 141 12
4154 650 4 147 12 267 11
814 549 1 24 22 185 20
0 252 2 195 23 676 15
9438 489 2 269 65 159 17
10025 190 1 18 11 240 7
16677 350 1 48 32 16 9
10167 422 2 98 25 461 2
3938 62 2 56 27 22 1
0 686 1 20 12 285 2
642 436 1 56 39 265 16
9913 608 3 157 47 64 1
0 501 4 80 13 273 11
0 283 3 104 8 273 8
10270 348 4 150 31 250 5
3737 332 4 190 87 588 4
9788 298 1 35 34 222 5
10432 230 1 55 16 319 4
4126 331 1 33 99 347 1
4700 225 2 73 103 300 15
0 202 4 356 78 829 8
0 370 1 65 52 227 8
914 443 5 249 27 98 18
4411 606 2 65 14 250 16
16125 503 2 80 86 217 5
9133 415 4 350 26 591 17
4601 378 3 90 21 798 5
3958 270 1 213 64 218 6
16325 733 4 92 29 19 14
4381 47 1 50 21 225 1
555 229 3 235 59 476 16
0 251 2 93 81 300 13
187 342 1 115 63 226 2
15556 438 3 111 20 272 10
384 390 2 143 124 381 7
10651 686 3 134 45 355 2
9078 594 1 19 37 9 10
10059 709 1 10 24 334 15
9155 336 1 81 31 659 13
10361 275 1 10 40 324 6
10264 615 1 38 3 62 1
9742 559 1 18 34 55 4
0 251 1 31 7 146 17
4051 345 1 15 66 605 20
10462 160 1 60 49 538 10
4052 337 1 114 87 211 6
9070 127 5 149 22 108 11
10497 385 1 24 14 78 3
15090 158 1 41 19 133 2
3466 719 2 51 21 10 1
9419 24 2 286 73 221 12
0 599 1 335 39 252 2
15841 70 2 56 7 430 12
9951 377 2 145 21 185 8
15530 340 1 16 26 43 4
4848 688 4 156 32 229 6
857 697 1 38 32 141 1
4255 37 1 13 51 145 1
9876 185 3 75 64 420 14
737 333 1 32 9 144 4
4591 53 1 19 62 421 1
3908 431 1 95 35 130 11
3915 319 3 179 44 263 8
3407 735 1 40 66 181 5
767 99 2 116 120 474 5
462 339 3 41 32 143 5
3855 676 1 14 27 253 3
16475 439 2 168 32 161 11
16440 46 1 64 15 480 5
3667 268 4 111 65 116 18
9554 626 4 106 63 584 16
10040 107 2 117 40 190 7
0 235 1 36 50 730 17
4728 382 2 87 22 296 8
16615 307 2 34 13 293 1
0 185 2 44 22 459 7
4441 706 3 175 22 326 13
9679 657 3 98 31 79 14
0 166 1 308 54 144 13
0 342 2 167 66 745 13
10663 475 1 14 15 26 3
16782 629 1 51 40 124 1
15753 633 3 109 75 867 9
0 587 2 66 52 68 6
3968 334 1 50 29 366 2
3525 331 1 21 24 98 17
0 508 1 19 77 464 19
3908 39 1 37 10 200 15
10196 581 6 108 22 876 7
10566 560 1 43 44 343 11
669 118 1 36 8 255 4
3477 613 5 279 75 875 14
3141 408 4 179 67 160 7
16774 108 1 48 32 351 6
3653 290 1 23 24 348 2
3005 226 1 18 59 251 11
0 536 3 89 50 165 16
10954 515 2 124 61 507 17
476 342 3 241 49 350 15
15347 134 2 106 60 621 8
634 96 1 189 43 406 8
150 644 1 11 11 168 10
0 96 3 139 62 89 10
10319 306 3 178 40 121 7
0 137 2 56 33 356 11
4452 561 3 172 20 414 6
9035 200 2 93 31 51 13
16297 438 7 178 63 119 7
16435 566 1 100 39 457 16
0 49 2 131 29 52 11
9102 479 1 102 35 267 14
404 84 2 264 25 129 13
9761 441 1 32 29 169 9
15649 515 1 13 14 126 19
893 630 5 259 84 240 19
16772 536 3 122 12 238 12
16079 74 1 26 4 222 4
3171 492 1 85 30 425 18
0 383 4 150 45 169 4
4587 600 1 65 38 67 17
0 349 4 92 52 68 13
4740 748 5 107 39 171 9
0 729 2 20 6 216 12
778 581 5 135 48 249 13
3608 749 2 78 39 407 19
16440 332 1 19 16 274 9
4960 46 1 36 16 282 2
0 160 1 48 11 206 5
16329 119 1 35 31 108 3
4984 91 2 62 73 401 9
16429 43 3 40 18 286 9
15192 148 3 204 56 273 20
9439 30 2 109 58 560 11
960 199 1 22 37 391 8
4584 87 2 80 31 355 20
574 250 7 126 96 336 6
10324 296 1 105 25 256 17
3283 691 1 48 18 76 3
10307 147 1 51 22 385 8
15806 608 1 17 43 145 12
3861 658 2 63 6 267 10
3266 120 7 499 49 628 2
10725 140 1 39 76 519 17
4601 365 3 84 53 178 20
0 384 1 19 2 73 8
840 370 1 107 67 285 15
9356 311 1 108 85 192 18
9935 182 4 250 10 242 8
9461 471 1 47 25 153 11
10822 67 1 72 57 300 18
15667 305 6 258 24 100 4
325 530 2 29 34 167 15
16237 130 3 278 88 325 17
9755 432 6 178 55 104 15
10962 628 2 112 38 314 15
16029 446 3 92 20 349 13
845 244 1 179 41 574 6
0 105 3 96 21 22 18
0 309 1 92 22 282 15
9894 358 4 155 27 573 1
3482 77 3 33 5 305 20
4151 170 3 218 14 266 6
3282 435 1 180 36 42 18
3024 235 1 125 14 467 7
0 304 2 118 8 167 4
0 176 1 19 40 347 11
16225 228 1 210 69 612 20
16546 282 1 53 12 95 11
4886 403 3 117 88 340 10
0 306 1 158 19 211 20
15686 656 2 149 15 388 20
16250 480 1 63 36 288 10
0 696 1 141 47 294 19
15273 419 3 59 26 349 11
0 89 3 48 13 167 3
15566 257 2 124 71 483 6
9789 328 1 257 26 467 7
10965 395 1 55 68 159 17
15714 603 4 329 41 270 1
9224 537 1 22 55 207 2
4682 600 4 177 36 235 2
0 398 1 31 92 105 2
9252 686 3 100 19 33 10
391 397 3 54 11 110 18
789 530 1 20 26 243 13
16196 448 1 58 30 66 10
188 585 1 68 7 174 8
488 646 1 19 52 324 8
15654 427 3 180 49 373 19
988 734 2 202 48 570 17
10241 131 1 21 25 130 1
3121 376 3 94 48 348 4
9130 249 1 32 33 19 8
16891 88 2 52 21 97 7
3768 668 1 109 24 344 1
9469 330 1 194 46 297 4
4322 87 2 147 16 300 12
4826 446 1 135 70 195 6
4761 179 2 45 30 239 17
15110 265 2 63 3 36 4
0 157 3 253 57 386 19
16500 524 1 68 36 96 20
10645 133 3 89 53 373 1
10831 573 1 11 24 131 4
4401 53 1 101 56 193 10
16126 386 2 116 72 242 7
546 428 7 174 40 274 12
191 648 5 185 91 341 14
9827 338 1 124 62 506 7
0 196 1 15 51 146 15
10750 166 3 102 37 588 10
0 417 1 15 15 130 8
0 535 1 149 83 625 6
296 624 1 54 7 80 2
9189 726 1 27 13 363 19
16530 187 3 309 102 195 6
407 47 1 73 6 44 19
15466 476 3 52 68 153 8
16398 259 1 109 21 394 5
158 556 1 169 50 278 3
3661 272 5 368 43 503 16
9118 361 2 127 89 88 13
3864 128 1 74 54 300 9
0 485 1 43 28 96 12
9228 21 3 116 8 298 15
10974 398 1 26 17 247 3
10273 554 1 181 33 39 8
3733 130 2 25 24 30 19
511 67 1 35 24 154 3
0 272 1 12 6 114 13
0 166 2 41 28 104 6
10484 533 2 41 60 293 12
10281 438 3 79 9 331 3
503 491 1 93 92 606 16
10924 357 1 102 51 495 19
16304 186 1 83 39 369 20
4208 177 1 63 61 442 14
3337 262 1 64 35 91 19
15756 592 3 59 42 112 1
9717 500 4 150 63 104 20
0 527 5 167 29 170 2
3232 343 2 73 72 251 4
4628 719 3 82 32 307 10
0 139 6 260 13 588 17
15999 281 5 101 83 435 20
16058 395 3 67 18 28 20
9546 567 3 43 9 210 1
9508 373 2 54 88 424 12
16818 475 1 32 11 117 1
10888 88 2 56 18 355 5
0 421 2 81 24 215 6
911 83 2 83 46 114 5
3323 214 1 73 44 421 15
10209 77 3 127 78 117 20
16362 57 1 15 34 454 15
15747 25 2 115 39 74 8
10325 521 2 84 23 75 20
16902 668 1 29 17 201 14
9402 718 1 41 76 246 10
9294 474 1 70 21 347 6
0 41 2 69 4 87 14
4326 670 3 182 51 701 20
3095 232 5 263 47 97 7
9394 343 1 70 26 128 1
16749 436 3 327 51 450 5
9152 154 1 167 35 174 11
4200 377 3 117 89 196 4
710 129 1 28 17 86 6
9740 377 1 95 27 536 16
15342 293 4 244 53 71 19
201 65 1 76 6 321 9
9035 544 2 128 37 271 18
426 107 5 216 28 143 12
613 139 6 174 77 203 1
16280 169 1 31 6 67 12
0 20 1 28 24 260 9
4946 706 1 87 32 49 9
0 456 1 12 25 287 8
918 139 4 148 63 456 15
0 628 3 61 21 288 12
9195 311 2 66 41 314 20
16162 215 1 107 40 260 9
0 687 1 33 9 149 3
4463 27 1 94 63 380 15
9324 167 2 59 46 220 5
10428 489 1 19 34 30 12
3595 273 1 30 9 144 10
15767 383 1 161 39 308 9
10597 681 5 192 105 348 17
10444 578 1 19 24 302 15
15824 304 1 29 4 91 10
517 164 4 104 17 141 15
0 478 1 47 37 213 8
15657 737 1 296 45 330 10
10696 493 7 314 81 442 10
10093 72 1 230 24 316 10
15399 194 1 32 74 99 1
16310 678 1 27 25 365 9
10526 607 1 31 19 25 13
9937 709 5 296 66 592 8
630 450 2 136 54 349 18
10180 374 3 106 11 57 10
15657 215 1 53 25 70 13
3404 405 2 33 29 405 9
0 501 6 139 33 210 2
16841 557 2 212 82 478 15
9475 687 2 140 60 30 7
3730 438 1 27 28 296 17
0 538 1 15 7 76 18
4191 720 3 118 13 485 12
3392 547 1 9 5 256 8
9787 278 1 14 70 184 18
3187 68 1 224 43 64 5
9348 746 3 145 46 146 17
9995 637 1 77 33 329 9
3236 134 1 252 24 209 20
16881 635 5 125 68 130 7
3205 402 2 32 13 405 9
4598 103 1 19 20 301 9
0 167 4 83 48 325 5
15435 85 4 165 35 618 12
3772 629 3 101 88 423 18
335 131 1 112 39 314 12
9940 382 1 33 13 106 10
4294 737 1 23 6 297 6
15261 493 3 100 42 303 18
16629 498 1 132 29 175 10
48 639 1 50 61 104 19
10974 43 2 30 17 265 12
0 374 3 94 33 249 6
16075 213 2 57 23 318 2
16425 742 1 54 37 203 10
3436 208 2 174 47 113 13
0 147 4 193 33 63 11
9446 191 2 63 121 680 12
10208 582 1 132 30 82 14
16939 214 2 140 52 805 5
16327 643 2 178 13 154 16
340 718 2 58 21 225 6
206 151 1 138 6 183 8
0 59 2 119 33 301 20
3390 121 1 107 26 182 20
4698 381 1 131 52 432 3
9297 229 2 91 19 164 20
9876 712 3 103 26 431 4
3695 515 3 93 63 436 14
16750 128 4 96 32 407 20
3539 192 3 119 53 25 16
3377 709 1 27 6 79 13
0 357 5 127 57 180 17
10608 120 4 105 38 165 20
0 263 1 132 46 746 6
15018 542 3 143 16 221 18
189 181 3 41 37 301 13
190 675 2 44 9 140 1
3586 401 2 53 14 405 4
366 312 3 110 43 89 20
115 48 4 383 15 310 17
0 175 2 255 15 282 14
362 727 1 16 62 136 4
4098 306 1 65 69 210 16
15939 33 2 70 38 75 12
10487 418 3 39 30 14 7
4669 750 1 18 6 199 17
10257 125 3 116 24 158 15
10371 481 1 145 36 78 20
92 631 3 87 75 210 14
4978 169 5 169 54 453 10
4200 459 1 91 34 191 11
15394 561 1 99 44 265 7
10751 742 1 15 16 11 13
582 521 4 114 72 323 7
10300 296 4 343 31 619 16
15669 345 3 65 31 462 1
9227 691 2 116 44 72 12
147 102 3 34 8 116 11
0 220 3 160 38 673 16
3932 99 1 189 23 173 6
16193 88 2 179 79 134 15
765 250 6 224 42 442 15
0 592 2 115 16 272 18
0 189 2 103 57 517 18
513 556 6 143 56 99 14
311 648 6 402 36 487 5
10773 324 2 46 57 513 18
9550 695 4 132 42 186 10
15187 78 3 64 18 217 16
0 627 1 40 95 218 19
3747 324 3 56 28 77 2
10931 514 1 23 40 627 7
9345 229 3 126 40 257 3
4175 697 1 112 24 184 1
0 144 2 26 23 183 5
15584 415 2 55 19 381 5
10833 81 1 141 55 93 15
16880 554 4 284 60 698 19
16635 289 1 36 40 338 5
4893 644 3 198 47 218 5
3385 265 1 60 49 109 11
3999 594 2 73 16 275 1
0 481 3 180 41 146 10
10396 576 2 128 81 208 10
4878 29 1 171 42 167 15
15238 311 1 26 41 142 4
4458 109 2 84 63 554 6
15343 581 1 20 4 111 10
10466 180 2 140 33 73 16
9063 33 2 203 25 381 8
632 580 1 110 60 181 14
