11 143
4 80 52 976
2 80 32 688
7 24 92 448
4 48 40 144
8 24 24 672
7 80 124 480
8 80 60 336
3 32 52 656
8 64 116 368
2 32 128 544
5 40 40 368
10241 465 1 20 63 182 16
10639 164 1 142 33 143 1
4856 236 3 150 25 346 2
11154 273 5 332 61 130 7
3183 21 3 46 12 325 12
11122 595 1 66 16 232 7
5171 208 1 23 73 334 20
2188 136 1 362 57 274 19
8911 33 1 103 22 360 14
9357 524 2 43 10 63 20
3248 586 4 52 11 265 11
6542 131 1 35 14 250 19
9493 343 1 57 12 157 13
8881 424 1 64 17 158 20
11956 482 1 53 17 45 8
1418 515 1 38 21 33 15
7509 83 1 154 73 342 17
6418 59 4 85 26 263 8
10052 206 3 218 16 267 16
4482 297 2 24 8 246 7
8606 560 1 13 45 129 7
11391 42 2 133 17 683 13
877 320 2 128 12 257 15
4721 540 4 243 33 355 15
4951 10 3 101 14 65 5
4408 132 4 164 39 210 15
2844 554 2 97 42 261 13
3244 318 3 32 54 133 15
2093 78 4 131 19 98 8
417 170 3 207 37 172 4
6092 270 1 19 22 341 9
11564 179 2 109 5 201 16
10196 540 1 11 58 281 3
3195 407 1 216 87 312 5
7808 297 1 53 32 129 6
11073 631 2 79 44 212 13
4121 507 1 68 19 406 11
1928 545 5 216 48 302 20
11659 616 1 45 11 415 10
4769 310 3 435 16 216 11
5533 582 1 43 39 78 8
10417 389 4 198 37 189 18
2393 94 4 222 28 141 14
1079 647 3 148 64 173 8
8717 113 1 26 18 291 7
2015 236 1 211 23 211 19
8351 570 2 116 67 198 16
9205 526 4 125 42 309 11
5204 234 1 57 10 240 16
9744 357 4 52 11 409 4
6610 115 2 55 12 97 6
9031 107 1 64 17 513 3
2128 264 3 216 12 424 2
8944 135 3 180 14 118 9
10974 123 1 33 9 103 13
1346 406 3 121 24 94 14
5056 128 3 40 57 256 5
9309 476 1 67 27 51 12
10184 299 1 27 34 157 13
1301 133 2 102 23 222 14
591 148 2 31 25 205 16
1476 260 1 53 32 507 3
5407 269 1 128 33 287 16
2827 501 1 41 31 177 6
10789 274 5 397 63 119 4
731 477 1 43 13 85 2
3936 629 1 100 41 286 9
8967 205 1 37 18 100 13
6711 220 4 61 33 139 1
8641 44 2 37 32 285 8
2268 339 1 21 84 322 11
6128 379 1 34 25 66 17
886 89 1 42 90 308 12
1972 131 3 44 10 422 6
9314 548 3 75 10 199 13
8699 14 1 40 22 155 4
997 387 3 107 39 71 19
11286 241 2 62 12 56 20
3679 610 2 57 50 106 12
7844 494 2 459 32 163 5
9155 230 1 272 26 184 8
6459 41 3 47 39 105 6
11961 331 3 226 75 117 12
5500 10 3 77 12 362 4
11184 21 2 116 27 226 6
7644 508 2 40 13 245 14
1234 392 3 85 10 163 6
3479 480 2 72 16 55 10
11024 157 4 137 68 249 13
453 317 1 178 20 676 5
7062 444 3 57 10 79 1
11097 73 4 72 13 263 17
9772 519 1 84 36 558 2
882 201 1 17 69 240 16
8370 139 1 33 19 213 11
10605 394 5 364 81 159 7
8893 319 1 12 71 353 13
10819 123 1 67 12 369 14
4096 200 2 175 56 167 7
747 301 2 120 16 383 10
4354 428 1 32 51 230 3
1475 348 3 375 18 82 17
11968 21 2 118 10 90 13
10216 326 1 79 20 63 4
5914 599 1 66 9 403 10
501 550 4 179 36 76 16
9135 544 1 110 70 320 8
11764 101 1 54 57 101 13
658 383 2 81 12 94 12
8235 251 2 99 15 197 17
6424 468 2 61 76 194 11
8822 518 1 37 64 228 18
2415 547 3 132 41 213 6
5111 135 1 20 35 304 12
815 313 2 123 14 397 9
9590 266 2 59 22 93 16
9164 457 2 45 71 159 18
7745 305 2 181 14 382 12
4024 334 2 184 20 127 19
1426 14 2 123 10 355 4
10497 82 1 14 73 365 15
7036 581 5 76 38 312 1
9024 497 1 21 34 297 12
5407 69 1 13 22 239 9
8174 366 4 79 15 61 2
1238 381 1 30 24 233 19
8594 518 3 92 13 206 7
9788 273 1 118 19 480 18
5000 513 1 24 73 149 16
10552 285 1 103 37 592 15
7490 128 2 67 18 53 12
1645 270 1 108 17 394 16
11284 489 1 378 13 85 4
9800 610 3 58 17 414 8
4932 231 1 63 16 214 5
8210 189 4 120 57 158 6
8153 169 2 56 25 53 18
1567 599 2 81 34 189 4
5305 613 3 120 56 112 7
8810 112 2 108 31 307 15
5089 528 2 88 70 91 2
7940 263 1 54 42 149 13
2887 579 1 55 11 304 10
