80 3934
4 32 68 192
4 24 80 1024
4 64 32 656
2 32 92 480
2 80 96 720
6 80 24 112
4 24 92 800
8 32 32 192
7 48 44 912
4 48 56 256
6 80 108 592
5 24 120 896
3 24 60 112
4 24 68 960
6 64 120 224
3 32 92 944
5 40 24 352
7 24 40 384
4 24 128 784
4 32 100 320
3 40 36 416
6 64 96 128
8 24 28 112
4 64 72 160
3 80 124 928
6 64 36 928
4 64 48 640
4 24 24 768
2 64 108 896
4 48 56 800
5 48 104 544
8 24 84 176
8 80 48 784
7 64 36 416
3 40 84 288
4 32 36 704
3 32 100 976
2 32 96 928
5 40 88 368
6 40 32 560
3 64 28 1008
5 32 116 208
4 80 120 496
3 40 112 128
2 24 64 816
6 48 112 864
4 40 112 912
3 80 60 240
6 32 120 144
8 80 124 400
4 32 88 224
5 48 60 384
4 48 72 848
2 40 72 432
4 24 128 112
4 64 84 496
8 64 36 416
3 48 36 880
8 40 64 960
8 32 28 320
8 64 32 384
2 64 128 592
6 80 48 336
4 32 28 448
8 32 124 592
2 80 36 784
8 40 24 128
3 48 112 624
8 32 56 384
7 64 52 480
4 32 52 320
6 32 92 320
6 40 48 416
2 40 116 848
6 80 88 944
6 40 80 256
6 48 40 320
8 48 76 880
7 80 60 880
4 40 104 624
10295 161 3 47 28 486 1
3847 193 2 45 8 253 2
16385 546 1 37 61 87 2
1981 293 2 44 25 314 7
13438 306 1 50 35 41 19
19324 349 1 158 9 32 6
16300 358 2 55 53 336 2
237 278 2 101 28 76 6
12205 271 1 38 51 150 7
5574 476 2 51 32 319 18
398 535 1 57 36 445 2
16980 93 3 214 71 462 20
2690 528 1 23 35 642 2
17985 27 2 110 10 263 6
3159 341 1 42 17 357 4
12271 269 5 127 54 105 4
9371 540 2 22 12 34 3
4537 406 5 175 69 297 16
10045 526 2 101 45 117 5
15955 257 3 148 33 582 16
4462 285 1 20 56 121 7
13605 488 2 44 52 83 18
12710 265 1 87 34 288 20
2271 252 1 13 46 105 1
16863 527 3 105 18 143 18
10206 317 2 95 53 299 2
12365 450 1 50 13 91 1
16111 48 1 49 36 149 5
8917 391 1 188 84 291 5
794 356 2 90 17 550 6
7845 232 2 98 11 501 1
18063 271 1 44 18 123 20
12343 429 1 69 45 295 7
6420 216 2 45 68 26 15
6535 484 2 72 70 177 2
11401 115 3 67 8 119 5
13689 128 6 209 14 44 1
9405 213 2 96 55 160 15
14985 16 1 44 25 219 16
1927 258 5 194 57 193 3
4272 25 2 78 19 203 6
16656 247 3 78 26 135 3
15394 342 1 80 15 79 5
17708 425 2 44 48 180 7
6984 96 2 32 8 68 3
16962 419 3 81 29 259 3
13471 372 1 49 44 137 18
11383 202 7 403 35 165 15
5814 548 1 54 87 184 5
12816 248 1 75 27 158 6
8954 159 1 50 8 261 1
11329 336 3 61 11 153 1
7613 382 1 52 36 142 1
11768 40 2 100 12 105 17
2968 349 1 76 16 114 2
5633 57 1 61 17 48 1
14288 401 1 46 38 316 17
4483 354 3 64 12 129 2
9460 15 2 132 8 562 7
6190 414 5 107 47 36 1
16616 198 3 44 23 537 7
10021 337 3 314 8 23 6
8851 11 2 43 55 161 20
7197 459 3 86 40 210 17
8408 389 6 204 15 43 5
9469 357 1 60 17 135 3
227 325 1 61 27 639 5
7099 371 1 39 16 164 3
15518 164 1 27 14 36 6
19477 116 6 97 28 384 6
3569 412 1 52 65 176 2
2315 547 6 104 13 134 7
3614 310 1 17 34 131 20
4814 314 8 236 30 550 6
19320 333 2 77 22 485 5
2649 143 1 91 29 284 15
17822 289 3 34 9 118 15
12615 123 2 58 81 572 6
13350 395 3 161 33 158 15
18024 255 1 54 19 228 4
3808 202 1 25 28 288 20
2227 262 2 48 77 379 2
8635 348 1 36 17 105 7
1675 358 2 103 13 263 5
1524 61 1 171 14 601 3
9770 346 1 15 11 157 16
15191 441 1 45 10 250 16
9728 51 3 204 36 266 2
6713 318 2 24 36 121 20
587 316 1 23 35 345 2
10972 73 8 336 14 92 3
11756 388 3 180 76 150 5
2462 41 1 172 15 65 1
568 401 1 53 62 211 15
631 99 2 153 33 269 2
7958 394 1 20 52 65 7
19426 460 2 127 85 217 19
12961 504 1 57 59 237 3
593 206 3 122 49 494 15
12819 358 1 19 24 324 3
7040 364 3 31 40 40 6
261 322 2 37 36 491 5
17072 267 2 191 27 550 1
4891 394 2 64 25 89 4
14036 153 2 64 12 81 7
3532 335 3 46 39 254 19
19406 233 1 50 43 349 3
12145 329 1 41 58 70 1
18513 91 3 259 40 220 7
5228 56 3 197 10 182 4
8777 318 1 35 24 72 16
17756 494 1 24 46 115 18
16669 492 2 55 58 363 4
2254 63 1 104 55 207 5
3968 210 1 33 76 185 16
7730 47 6 175 27 651 3
3594 66 2 32 51 38 3
13972 308 2 136 36 117 16
18990 265 3 50 40 45 5
2900 178 1 51 9 216 1
1578 23 1 50 13 252 3
19834 54 2 45 52 550 6
8539 200 2 144 12 224 1
19239 166 1 23 26 64 17
7862 164 2 70 63 271 16
3740 71 3 102 12 443 2
16726 540 2 68 16 70 20
13693 108 4 288 43 81 1
1752 309 1 70 12 221 2
4045 167 3 34 86 35 5
4850 295 1 129 7 45 16
4463 483 2 54 40 207 15
8844 42 1 42 32 305 16
5303 531 4 53 45 614 6
7199 75 2 87 10 224 16
5011 252 3 153 30 103 18
13051 239 1 37 23 140 4
13467 425 2 156 19 40 6
13169 122 5 114 12 124 2
14176 304 1 33 31 231 3
19787 478 2 116 57 543 6
7055 411 1 86 15 128 19
10380 479 3 65 38 196 7
18968 196 1 65 44 186 15
2035 293 2 81 35 62 1
14417 446 3 66 89 81 6
9775 262 1 36 12 249 5
13342 27 2 403 14 164 3
18288 167 5 191 15 197 15
5626 534 4 114 41 283 7
5703 439 3 103 11 218 4
8029 97 3 35 9 575 19
3202 544 8 263 25 404 16
4643 205 5 139 10 221 3
11177 499 1 32 10 488 18
11760 506 1 19 10 343 16
19693 101 1 27 74 297 17
14230 411 1 27 59 218 7
13280 518 2 34 37 149 15
1201 139 1 10 31 309 16
765 387 2 44 47 68 20
9084 331 3 84 33 360 3
12962 352 1 48 21 165 5
5308 375 1 91 13 328 19
5958 69 2 21 13 281 5
11818 508 1 62 11 337 6
7262 19 1 58 73 219 5
17735 315 1 20 37 146 15
13227 440 3 86 31 373 15
2037 72 3 48 34 33 20
17039 268 4 216 30 223 20
6141 332 1 21 15 233 1
11882 541 2 116 38 639 1
8154 293 1 115 10 61 6
14579 233 1 22 32 408 5
12734 98 1 110 48 182 1
9652 484 2 191 15 77 20
19325 444 1 120 27 287 18
17548 328 1 14 70 56 4
19361 411 1 53 30 255 1
17090 204 1 20 45 170 1
15384 61 1 14 19 84 7
18578 27 2 74 19 458 4
7703 128 3 68 16 123 1
10841 205 1 39 71 553 7
14519 112 1 47 11 209 19
18333 348 1 64 29 63 5
10181 98 2 53 47 216 2
9570 192 1 49 48 33 2
10062 232 1 19 59 51 7
10330 97 1 135 20 97 4
12344 388 3 149 17 298 16
7853 217 1 73 52 110 4
19486 26 5 223 17 237 19
7624 85 1 66 24 118 5
15965 290 2 72 50 111 1
5845 470 1 25 35 125 2
7062 106 1 43 26 540 15
4497 511 2 26 35 302 16
1625 288 3 153 17 243 3
19756 416 2 56 33 135 5
12588 362 2 81 30 221 6
2713 495 2 31 15 118 19
19244 70 1 33 9 279 6
18794 16 4 47 40 79 4
6224 208 2 54 64 155 19
5617 246 1 34 36 203 5
15530 389 2 121 50 512 7
3871 519 1 19 48 232 5
8206 531 1 116 14 437 4
14715 110 1 64 37 161 17
4250 76 1 86 7 328 7
5621 212 6 139 52 45 6
94 150 1 52 62 406 6
8698 501 2 36 17 129 7
15213 526 1 13 26 64 6
10031 299 1 52 15 194 7
8441 75 2 80 74 418 6
6277 395 2 57 26 88 17
18125 292 3 57 19 655 7
5064 66 1 25 41 176 6
11104 37 3 248 13 239 5
5039 506 2 38 35 125 2
113 273 2 100 49 617 5
19040 502 1 20 71 27 18
13884 522 4 127 58 198 20
15097 483 2 65 39 288 3
10436 223 1 19 47 118 4
4977 308 1 15 9 63 18
10433 367 1 26 35 108 16
2919 423 2 75 16 73 3
19207 192 1 76 65 198 16
8326 332 1 19 36 521 6
14383 406 3 224 18 312 7
3189 182 3 75 30 319 17
2292 304 4 76 66 424 5
10874 73 1 33 19 165 6
8575 402 2 47 28 123 1
19017 387 1 16 59 322 20
12929 291 1 16 29 691 17
1969 283 4 94 52 141 3
10109 423 5 188 61 122 7
10042 113 2 54 21 145 1
5509 419 2 34 11 78 20
18059 442 1 26 41 308 15
9621 23 1 50 12 195 1
17610 394 4 125 8 257 5
2641 41 3 68 61 244 5
11181 315 3 74 46 311 18
13485 440 1 18 16 424 19
8564 189 1 26 77 91 6
7864 202 2 167 23 229 7
3705 431 4 103 67 155 5
1535 95 3 44 38 74 7
1854 38 1 45 32 261 1
11705 112 1 72 20 127 6
8 490 2 54 49 94 2
7834 340 2 40 57 568 2
12549 42 1 21 55 497 6
19656 547 6 230 13 41 17
6361 135 2 213 74 77 7
11985 499 1 70 21 258 16
10211 97 2 165 37 236 3
8867 378 1 30 90 188 17
16003 311 1 99 68 286 20
18159 202 1 24 82 225 16
2045 199 1 74 23 482 17
9363 524 1 21 67 93 15
15136 331 2 29 14 337 2
3564 401 1 180 33 368 4
12670 537 1 98 8 208 7
16476 280 1 40 31 546 3
967 290 2 41 31 311 1
1146 331 2 104 29 51 1
11194 235 2 55 86 125 15
13865 73 1 31 15 378 6
14778 390 1 40 33 117 1
17110 128 3 75 32 244 3
12523 147 1 16 30 218 16
15621 244 3 194 51 325 18
127 95 2 139 72 275 7
17151 382 2 217 22 569 7
9339 169 3 128 23 237 7
7494 80 3 45 39 62 18
7034 131 1 114 41 606 6
1429 421 2 57 15 332 3
16477 209 1 395 50 187 2
18420 488 1 20 20 280 5
8059 489 2 105 49 337 7
6371 355 2 109 23 146 7
13395 434 3 94 22 50 5
2985 49 1 16 27 373 7
1101 362 1 27 24 148 4
12613 207 1 102 40 473 5
5880 175 1 100 21 481 19
5985 515 3 106 25 397 4
6713 113 1 122 28 450 1
6759 340 4 135 26 355 1
11633 471 3 73 34 269 17
9141 510 4 215 44 172 4
17682 484 2 88 34 33 18
17256 493 1 45 50 180 15
7165 252 1 10 13 350 3
839 280 1 58 27 72 3
5150 244 2 57 60 289 7
4902 221 3 159 20 337 4
19538 77 1 36 58 649 1
15566 45 1 14 63 256 1
15759 328 2 61 6 40 1
17415 400 7 111 7 197 18
199 241 1 38 29 90 6
9864 58 2 37 18 630 4
15336 264 4 66 32 309 6
1608 395 1 17 39 56 16
8438 131 1 37 68 243 6
19721 242 1 26 43 38 3
12074 247 1 37 22 342 2
8921 110 1 22 19 192 1
9226 133 1 29 17 542 5
7412 40 4 92 13 226 3
9183 187 1 191 6 96 17
12687 19 1 129 26 384 2
16804 190 1 17 74 30 18
17336 75 1 29 37 223 4
3748 415 4 148 17 379 20
19241 458 1 47 49 83 3
19453 153 3 42 19 104 7
12328 465 3 115 7 213 6
16159 383 3 143 8 356 19
9372 135 1 26 18 47 3
17916 110 1 158 84 513 6
4302 457 1 32 43 582 1
10400 500 1 24 47 131 1
7835 399 3 166 20 648 5
6922 231 2 46 44 108 6
18056 175 1 18 9 30 1
3552 5 3 150 13 451 19
2648 492 1 38 17 58 7
14269 259 1 14 70 347 19
9677 307 1 32 37 98 1
10688 230 3 62 11 455 17
6285 373 2 103 48 420 4
10765 348 2 40 8 220 17
18231 125 1 48 8 87 17
9482 373 4 66 63 170 7
569 89 1 34 31 187 17
9138 507 2 66 25 284 18
3521 238 1 24 23 218 2
10880 481 1 181 37 139 4
8230 410 3 96 39 404 1
9815 87 2 46 8 75 5
5589 380 1 67 9 136 1
287 424 2 123 28 224 3
3464 396 1 84 31 35 16
3710 5 1 32 29 43 5
14013 513 1 49 36 52 1
11753 340 2 122 40 179 3
17564 136 2 31 34 713 1
14985 448 2 102 24 431 7
5810 307 3 88 51 163 7
5527 195 1 101 66 82 2
16737 114 2 74 47 116 7
8006 74 2 96 39 169 7
3431 221 2 113 48 160 6
6773 507 1 21 9 448 1
13213 230 2 191 52 197 5
16796 378 2 51 24 137 4
17384 358 2 145 28 64 18
11743 46 1 215 15 381 3
2399 332 2 29 73 662 5
6128 57 1 42 16 622 2
13376 480 1 79 57 302 17
3576 36 5 138 20 195 1
14047 397 2 67 48 91 17
6805 375 2 175 18 236 6
9833 291 1 33 31 99 15
14208 462 1 20 28 260 1
12250 320 2 80 8 656 6
5413 310 1 30 27 327 7
19046 420 1 30 37 227 4
12119 390 1 95 52 265 5
2651 284 3 355 59 148 7
5441 66 2 99 52 154 4
15661 128 2 54 24 359 5
8609 227 2 141 52 257 4
4778 339 1 34 65 77 1
291 264 1 32 15 575 2
4293 486 3 103 59 82 7
2127 277 1 68 58 456 2
7956 353 2 27 36 574 19
1626 92 3 200 32 103 7
17582 440 1 133 22 143 4
7403 16 1 17 40 213 7
16984 337 2 57 45 445 6
7995 181 1 144 60 97 2
15375 404 2 19 22 64 3
12569 544 1 49 15 62 6
17438 404 2 74 40 574 7
6351 270 1 82 57 245 3
17584 480 1 108 20 145 7
18306 375 1 49 15 80 1
8591 434 1 73 46 53 17
9756 203 1 14 33 499 6
1828 401 2 140 13 37 18
14427 192 1 39 45 278 6
12334 352 2 120 48 232 1
3626 385 1 29 68 501 2
12553 490 4 78 58 90 17
2784 206 3 162 13 620 2
12182 161 2 70 19 506 6
214 330 5 121 39 250 4
3846 135 2 91 31 212 2
1375 499 2 38 41 49 1
5093 533 1 464 11 540 4
17782 70 1 79 34 150 7
18512 424 1 51 28 67 6
17718 317 2 163 26 263 16
16239 375 2 118 40 503 16
12109 481 3 134 28 108 4
17524 220 1 27 25 93 3
16602 373 3 61 17 219 4
9931 285 2 61 29 372 17
8583 399 5 94 11 70 20
14992 288 5 145 11 78 2
14380 293 1 71 19 260 2
11402 87 1 25 41 223 3
13421 399 2 106 24 106 5
3772 29 5 123 77 339 7
18431 13 4 174 12 293 6
4289 200 1 22 58 353 3
3240 408 4 95 12 331 1
19670 303 1 24 37 274 4
13707 287 1 83 7 337 20
14628 190 2 52 14 49 1
19794 191 3 90 21 100 7
15043 427 1 20 45 557 3
17925 272 3 262 7 79 15
14380 339 3 131 33 613 2
15212 231 2 139 60 203 1
4265 397 1 18 10 212 15
19626 540 1 75 23 587 4
7493 52 3 69 19 75 19
15768 254 4 214 36 80 4
10554 454 2 105 23 306 2
15618 16 4 197 16 147 6
13732 153 1 32 9 244 16
7133 22 1 17 89 213 4
214 41 4 149 31 185 2
6698 27 2 99 11 235 15
3997 486 1 18 26 308 3
16460 513 1 25 19 360 5
4849 373 1 33 15 210 5
8373 511 1 97 11 121 5
10082 378 1 37 39 154 5
14467 51 2 143 68 58 5
8652 176 1 38 32 376 6
16110 302 1 32 49 620 5
6499 44 1 22 30 367 2
18264 262 3 116 17 41 17
16296 15 3 98 40 231 6
17948 373 2 38 15 270 7
10086 417 3 187 23 407 3
3838 500 3 57 22 198 6
135 12 3 160 27 627 4
4623 386 3 59 61 61 3
17593 433 1 24 53 200 4
1001 73 2 34 44 508 4
12008 99 1 37 17 380 5
3271 111 4 74 41 256 20
16616 411 1 57 83 38 2
3512 208 1 40 26 265 16
14850 296 2 38 56 48 17
15304 8 2 246 25 262 2
6796 36 2 88 70 229 5
3681 121 1 13 39 218 15
18886 500 2 77 20 702 4
18973 302 1 38 10 192 3
10894 524 4 131 30 486 4
15963 176 1 27 24 268 1
10225 235 1 16 21 205 4
517 38 2 126 15 223 7
10651 423 3 55 35 311 4
19734 27 1 11 15 292 2
14412 97 1 28 34 379 17
7344 98 1 16 33 368 4
6624 238 1 48 14 232 15
1286 51 1 67 42 186 20
19865 535 2 104 57 207 5
7740 49 1 24 25 131 17
1184 144 1 28 12 169 1
15658 125 2 56 27 83 16
8047 459 7 208 16 233 4
3179 247 1 40 56 76 7
5753 510 3 80 20 127 18
14094 94 1 51 53 302 7
11179 434 1 34 11 208 5
13344 83 1 133 16 336 20
2269 453 1 19 29 156 16
5089 152 1 29 41 241 6
7451 131 1 22 41 171 4
14784 525 1 27 11 327 15
7749 268 3 116 53 517 5
1168 161 4 104 17 53 5
19169 91 1 97 19 374 6
7444 507 1 20 78 532 18
17332 253 1 13 29 438 4
17830 202 2 35 42 90 7
4413 296 2 44 19 136 6
6994 399 4 99 19 296 4
131 99 1 199 19 474 7
15530 478 1 62 24 173 5
3682 107 3 101 27 92 3
2956 435 2 37 25 435 3
5439 15 1 41 39 672 6
5679 244 2 33 14 34 7
10359 265 1 23 18 365 1
17513 369 2 98 18 191 4
10862 75 2 38 15 56 18
15279 406 2 45 23 412 20
17866 545 1 26 17 230 5
11449 427 1 51 41 502 5
2298 543 1 32 22 146 4
11546 153 1 24 29 284 4
4143 403 3 66 43 314 2
17290 410 3 147 34 153 6
3937 428 1 20 13 117 15
5650 167 3 209 38 182 16
629 102 1 46 27 212 2
8825 460 6 461 30 457 6
10879 245 1 16 33 474 7
11466 5 1 12 48 405 17
12553 28 8 91 17 59 5
19822 115 4 229 22 347 6
3357 470 2 77 19 155 6
7261 157 2 107 53 112 4
11760 282 1 62 11 231 15
18126 119 5 162 35 152 5
16980 426 2 28 80 120 2
7881 363 2 103 17 216 7
9952 37 2 58 35 44 4
12145 526 2 36 11 512 5
12593 299 1 39 28 415 7
16842 345 1 21 44 233 18
7375 86 1 84 51 44 15
4227 287 3 60 34 644 7
13803 219 2 133 23 170 4
16543 308 1 67 17 155 20
5001 530 1 58 38 106 3
9510 542 1 25 14 374 3
18554 387 1 35 46 317 6
953 229 3 76 15 414 2
5727 270 7 92 10 139 4
15817 96 3 172 24 117 6
1674 280 2 24 37 502 1
18161 272 1 59 16 171 3
5626 426 1 76 10 531 1
14257 368 1 49 52 90 3
9462 145 2 31 30 393 3
13277 338 4 107 27 654 5
10023 494 1 40 65 397 3
15514 21 1 122 31 318 2
15066 265 1 45 39 42 7
8499 231 1 24 75 199 1
4096 311 1 19 72 79 1
3053 139 2 120 21 128 20
6041 172 1 31 34 84 16
15970 245 1 24 43 393 3
10319 9 1 101 64 345 1
5961 545 1 41 36 696 16
10035 330 1 31 16 248 4
8592 30 4 96 6 189 7
14927 125 4 112 15 238 17
9700 300 1 70 20 154 7
2974 208 1 99 19 126 6
13965 79 1 45 40 289 7
9865 60 1 40 22 257 6
16703 261 1 40 43 250 2
13803 104 3 137 45 232 1
1832 448 3 75 17 47 16
1170 233 1 54 19 93 3
1082 55 1 13 11 82 4
16912 69 4 134 15 167 1
4641 389 3 54 12 167 7
17278 522 1 26 38 431 1
19541 356 1 31 14 595 17
7444 380 2 48 60 691 5
17978 275 1 106 28 28 4
1673 202 1 107 50 32 6
5003 22 2 119 45 493 19
1369 309 1 25 46 476 20
17429 505 2 43 21 345 7
5957 446 2 60 8 250 4
19156 101 1 29 47 200 17
19865 345 1 29 26 130 7
7225 82 2 42 54 353 6
15382 496 2 37 45 240 16
15303 362 2 82 29 476 1
12135 433 1 44 24 371 6
3392 347 1 17 21 310 1
4538 519 3 55 9 331 3
3905 347 4 135 24 368 3
2039 523 1 21 72 294 18
9803 322 3 263 30 154 7
17923 195 3 34 17 63 5
18985 83 2 120 19 185 6
5019 256 2 103 42 519 1
6392 517 1 49 18 573 5
6985 395 1 16 65 365 1
14362 30 3 64 70 35 5
3021 104 2 45 21 104 19
17639 448 1 26 20 172 7
6449 533 1 43 33 73 5
5797 326 1 10 24 45 3
18277 316 1 22 19 112 6
2440 129 4 64 33 188 7
4356 365 1 35 36 96 19
4018 288 2 99 22 105 16
16953 228 1 25 71 428 4
18018 31 3 290 11 137 16
11346 332 1 29 14 52 4
7448 384 2 86 21 692 19
7453 113 1 172 48 74 1
13552 51 1 23 25 407 17
16267 172 1 21 28 164 3
12860 232 2 115 48 642 2
5803 374 3 65 14 415 2
3072 277 5 146 58 190 6
16928 12 2 62 30 198 5
7005 203 1 90 24 412 4
6983 323 1 45 78 93 1
19655 331 1 18 44 541 7
10165 327 1 239 7 45 1
13233 200 4 73 22 146 2
18613 327 2 136 19 283 4
1211 35 1 33 18 233 2
985 191 1 63 24 173 3
7279 428 2 50 15 254 17
17132 119 1 38 14 230 3
869 68 1 38 23 343 6
14774 339 1 50 12 364 2
15457 235 4 150 28 139 1
16156 52 1 49 79 77 16
348 161 1 51 59 284 17
8200 41 3 80 27 137 6
15445 181 2 33 62 100 6
4074 109 2 53 27 79 2
15735 21 1 98 27 52 15
15596 143 4 165 27 86 7
13733 495 3 79 40 74 6
11156 496 2 101 11 658 2
8023 194 1 18 6 396 2
8275 549 7 364 12 254 4
19648 186 3 58 5 192 18
15406 214 3 118 19 127 2
6361 246 2 262 15 191 15
18777 41 1 129 35 208 2
16268 477 1 55 63 174 17
12710 229 2 38 13 204 17
12047 291 1 12 6 81 15
18722 354 1 37 51 380 3
6998 292 1 29 7 209 1
18715 373 6 290 23 518 16
17616 119 3 87 29 196 2
15238 95 2 92 24 63 17
7076 102 3 166 60 64 1
13532 106 6 121 35 271 7
7858 140 2 77 9 242 4
15192 316 6 225 37 236 4
8817 505 1 88 15 143 3
12360 495 1 80 38 167 4
15016 474 2 75 20 224 2
3468 295 1 33 25 312 2
12789 507 2 237 30 191 2
6262 9 2 126 19 451 6
3593 538 2 56 38 230 3
14657 471 1 341 21 106 1
10576 428 1 36 60 149 4
9566 440 5 316 20 135 3
2160 87 1 127 27 200 16
19746 174 1 24 45 462 17
11166 172 1 30 49 146 6
19734 90 1 140 63 198 1
4094 350 1 59 22 217 5
2838 154 1 25 67 223 4
8811 73 1 109 31 157 20
14138 360 3 88 8 59 4
697 455 1 195 19 449 15
19347 215 1 55 35 520 6
19578 304 1 21 39 139 3
18800 78 2 55 31 42 3
9230 447 1 30 53 382 4
1655 472 2 111 23 235 1
7282 87 1 80 18 141 1
12534 143 2 200 63 41 20
19610 385 2 42 15 81 2
6483 85 1 63 35 353 18
9251 512 3 36 72 291 5
18775 245 2 37 10 65 2
10116 88 4 88 28 168 6
12929 465 3 96 15 339 1
18248 518 3 60 29 313 20
17346 365 2 80 33 127 19
16429 10 2 79 21 125 2
4524 24 2 95 40 416 1
10926 57 1 92 27 622 2
16466 161 2 120 49 230 7
19013 444 1 25 19 99 5
16367 35 1 20 20 221 7
3209 170 1 23 31 54 18
6912 63 1 21 52 106 16
3517 355 3 80 24 382 3
13767 453 1 111 38 475 6
9972 274 1 28 13 256 2
4795 441 2 49 28 205 7
8472 98 2 188 15 178 20
2879 531 1 18 42 287 4
4166 300 1 34 11 191 15
7346 47 2 269 31 276 6
17429 440 1 108 30 257 1
8746 431 2 88 41 323 3
12163 107 1 73 10 164 15
9725 310 1 20 25 131 20
3300 221 3 126 24 90 4
11038 67 2 75 40 453 5
11960 256 3 97 12 212 4
10003 96 3 64 13 205 19
1160 405 2 102 33 313 20
11250 232 1 41 50 419 6
6996 230 1 72 49 71 5
18480 450 2 42 68 232 1
11906 204 1 39 22 427 19
782 257 2 53 32 95 7
11578 231 1 22 27 42 6
13137 296 3 67 25 179 20
4586 31 3 58 17 490 2
6159 50 2 80 19 279 4
7992 518 1 32 12 421 7
1325 515 2 28 25 83 6
6376 387 5 377 18 475 7
19318 479 1 100 15 161 7
2649 496 1 34 32 575 1
17495 528 3 54 37 237 7
11039 436 1 42 23 503 3
6464 445 1 36 17 374 2
16301 415 1 119 40 549 4
14075 162 1 32 32 494 19
13095 280 4 130 34 523 1
4030 485 2 40 24 237 20
13680 399 2 140 17 84 1
7450 225 2 80 8 213 5
6613 526 6 134 16 130 15
11004 388 1 32 28 248 15
4725 296 2 52 23 328 16
19927 110 3 301 23 561 4
4021 113 1 12 36 734 1
1881 179 1 20 28 408 18
12991 410 2 20 40 451 2
3819 254 2 102 26 184 2
1393 440 5 75 17 70 19
5940 55 1 13 10 116 2
19962 312 3 50 24 254 5
5419 548 3 235 21 623 6
13895 61 3 118 22 230 1
4594 380 5 131 43 261 3
19106 37 1 37 34 250 6
16010 436 2 96 72 116 7
18069 237 1 24 26 77 5
6273 407 5 200 29 220 16
16164 217 2 229 31 79 16
4261 14 2 46 49 166 3
924 525 1 102 22 62 5
10542 391 4 176 22 166 1
16965 418 1 84 9 383 19
3809 504 1 101 22 217 20
6116 38 1 39 40 475 6
12932 486 1 112 32 249 16
4981 247 1 32 34 541 2
10403 139 1 36 24 310 2
7869 459 1 14 54 720 19
5191 230 2 183 52 484 6
18873 126 2 79 10 79 15
16008 350 2 73 22 377 19
17106 279 1 198 15 214 3
14717 214 1 28 11 250 7
4004 251 1 19 43 284 2
1380 417 2 64 23 213 1
19911 299 1 49 64 506 7
7246 513 4 120 17 68 6
13552 223 1 103 39 93 3
812 465 1 23 58 164 3
6390 249 1 56 35 35 4
441 482 1 20 25 206 1
9730 259 1 80 11 101 15
18396 138 6 351 32 324 5
18588 267 3 106 15 112 15
4055 519 3 215 20 353 15
6333 65 2 94 71 336 5
19105 51 1 63 11 582 7
3414 479 4 134 22 218 17
461 56 1 30 35 618 5
4224 250 1 100 24 408 1
5817 444 1 91 32 156 4
11558 150 1 114 28 152 17
6700 176 2 53 64 212 17
6105 510 2 24 34 180 5
4031 125 1 136 18 214 4
4809 232 2 102 35 133 20
7144 178 1 46 51 135 17
6455 63 1 39 44 193 19
12239 420 1 86 35 125 19
8565 223 2 46 11 45 5
12697 298 1 212 48 141 4
13585 26 1 15 32 88 6
13809 191 3 202 14 131 6
8262 526 5 392 22 249 3
16345 544 3 43 28 109 19
10920 476 2 47 48 227 5
2080 301 1 44 25 287 3
437 30 1 38 23 135 17
3247 137 4 227 32 629 3
11008 449 1 211 24 519 5
17587 495 1 109 20 302 6
4379 490 3 62 9 224 1
10193 497 2 32 6 395 5
18153 441 1 16 34 495 17
16740 8 1 25 23 88 4
11267 260 1 189 9 27 7
5039 352 2 164 31 615 7
3997 252 3 53 20 405 2
5527 194 1 14 49 617 4
1611 265 3 85 14 57 5
11063 65 1 143 27 234 3
15394 84 5 154 29 348 16
13128 147 3 92 37 179 6
11140 352 2 57 36 225 1
10664 382 5 336 17 417 1
9680 136 2 86 11 356 7
1488 286 2 293 14 117 3
16870 149 1 37 7 154 4
7978 497 3 47 61 59 4
16777 46 3 90 40 341 3
1286 356 1 27 65 159 7
2791 117 2 103 10 398 17
17493 393 1 54 17 676 6
904 21 1 31 14 82 4
18309 337 2 94 70 63 3
4377 421 2 45 59 673 7
13872 152 1 88 7 409 3
12642 499 1 59 29 562 2
18687 395 6 151 20 188 7
2013 414 1 68 71 378 1
17446 502 3 269 33 264 3
5470 103 1 49 16 283 18
6471 329 3 92 21 233 3
13839 363 2 54 12 375 6
3140 90 6 399 33 220 4
1775 46 2 187 15 130 4
19257 194 1 59 29 557 18
6049 464 1 425 9 186 2
19766 309 3 60 48 326 2
16394 508 1 68 18 52 4
8845 531 3 74 24 119 5
1486 362 1 54 60 171 6
3509 226 1 20 13 233 15
11375 350 3 64 29 614 2
19337 21 1 17 37 417 19
1895 434 2 88 34 359 15
8915 441 2 78 27 149 17
15347 283 1 35 29 455 19
9733 463 1 75 15 170 6
18274 206 2 106 34 160 6
19443 89 1 19 16 470 1
10239 334 1 191 29 245 1
16999 51 4 78 43 77 4
16700 272 1 88 42 356 19
17603 122 1 141 35 61 4
11533 371 2 177 76 211 7
1505 486 1 67 24 127 16
3267 288 2 64 37 299 1
4931 173 1 34 23 233 7
1160 204 4 79 31 127 20
19155 143 2 73 42 452 5
16107 534 5 299 9 303 2
5624 456 1 19 12 401 2
16677 303 2 55 18 85 7
17654 44 1 45 13 583 5
2267 379 1 16 23 270 5
16553 186 2 64 13 390 2
1124 106 5 98 30 173 1
8471 304 2 64 46 115 2
17596 257 1 72 11 108 20
9352 35 5 120 25 249 7
19601 231 2 18 8 536 1
1177 251 4 69 32 237 15
10781 107 3 118 16 161 2
12553 308 1 138 21 518 5
12253 427 2 100 20 98 2
3867 34 1 48 32 533 4
19816 176 3 86 40 147 15
5089 340 1 97 25 152 1
13257 426 1 16 51 153 7
13386 406 3 82 13 204 7
8446 37 2 105 24 456 17
2497 231 6 132 9 125 3
7136 228 2 116 19 615 2
2035 234 1 39 16 492 19
2245 169 4 78 28 445 20
19887 371 1 13 15 615 2
2843 41 2 61 17 199 4
5881 521 1 59 17 558 4
18742 207 1 21 50 285 7
11981 5 6 172 16 186 3
2607 31 1 11 61 491 5
1919 315 2 45 47 239 4
7767 202 2 75 38 127 2
17892 543 1 70 25 424 3
11447 224 2 44 71 339 5
6844 295 1 32 58 598 16
15385 298 5 314 13 235 20
11940 178 4 98 13 84 1
3347 293 1 98 72 477 3
15634 342 3 36 13 270 3
14232 94 2 53 33 143 1
14186 460 4 82 14 180 17
6404 432 1 73 46 545 5
12449 508 4 70 34 506 4
14905 253 1 93 11 446 2
7573 321 1 118 21 503 15
2423 332 2 202 44 172 6
5627 303 1 24 12 174 5
15432 459 1 111 40 248 7
101 23 4 157 40 462 2
19838 211 2 126 45 630 3
5656 476 1 49 12 28 4
7441 123 1 28 6 425 2
14529 479 1 42 43 352 7
5773 415 1 54 12 323 2
4280 18 1 53 62 32 15
10045 216 3 203 23 156 4
19363 302 1 30 36 39 4
4548 247 1 32 50 68 2
16482 190 1 86 52 393 6
14961 448 2 60 39 85 5
16073 127 3 101 14 300 2
5316 175 1 40 38 121 2
8064 378 2 87 17 189 2
4990 449 1 66 75 636 20
6307 550 1 44 75 415 3
4026 208 3 111 56 52 7
10907 421 2 40 77 605 18
12514 358 2 57 34 138 15
1554 36 1 99 24 125 1
4685 430 3 73 21 103 16
13512 481 3 183 37 76 3
19654 219 3 146 24 248 7
4007 300 2 56 33 100 17
19799 169 1 41 18 440 5
9673 244 2 112 62 256 18
14007 524 2 98 51 486 2
5656 312 1 57 16 261 6
18563 42 4 140 50 461 2
16503 62 1 40 37 174 4
16959 61 1 61 49 166 18
5569 451 8 151 47 64 17
4429 405 1 51 11 77 19
7366 104 1 39 28 206 2
17417 222 1 14 14 229 4
16586 455 1 91 49 539 15
14194 207 1 37 86 80 5
13582 395 4 101 44 207 1
1354 200 2 93 43 341 1
4492 141 6 304 35 358 7
226 181 1 30 41 625 2
10472 452 1 12 16 515 7
11701 470 1 69 70 423 20
15527 7 1 146 76 174 5
19692 20 2 115 24 399 7
17654 181 4 221 55 657 4
15299 391 1 92 58 240 5
9883 536 3 124 29 54 6
11810 395 1 29 38 86 5
1945 317 3 102 14 523 3
18011 457 3 91 12 113 1
9489 537 1 171 31 417 6
6386 80 1 77 29 454 5
1687 91 2 88 54 312 19
10948 94 2 127 37 49 2
3335 271 2 100 22 63 5
9786 255 2 70 16 346 17
8141 133 1 30 23 587 15
9680 125 2 30 21 545 4
11985 273 2 49 19 655 19
11306 185 3 35 30 84 19
18218 541 1 60 13 583 20
8026 505 1 30 58 123 20
11799 73 1 78 17 172 4
4123 529 1 37 80 72 20
11947 436 3 160 11 34 15
4802 508 1 81 17 273 4
14118 418 2 106 19 175 17
2578 308 3 83 25 570 1
14199 549 1 25 24 210 18
15289 482 1 44 46 397 16
8578 267 1 30 43 172 2
13073 233 1 51 17 177 4
6778 232 1 25 49 186 3
502 362 1 60 11 97 15
8951 53 2 83 12 209 3
959 450 3 43 27 28 7
16319 132 2 53 54 47 20
1100 358 2 37 48 397 19
13935 473 3 254 35 195 1
8046 528 1 58 57 168 1
19094 412 2 97 37 120 4
7872 504 1 96 28 407 16
1439 287 6 532 21 531 20
7659 509 2 50 70 272 6
2691 245 2 54 36 127 18
15110 246 6 105 27 87 6
15427 533 2 24 19 23 2
8258 463 5 142 27 271 19
16115 281 3 73 27 630 5
4435 414 1 28 38 204 4
9495 505 1 17 43 222 7
15263 445 3 177 36 293 18
7819 134 2 84 27 116 1
8766 26 2 116 44 312 17
15732 454 1 25 28 630 1
7022 155 1 54 26 215 4
8629 482 2 28 50 456 6
12477 31 1 68 32 145 2
211 198 2 46 11 140 4
18362 313 2 71 25 233 4
14778 370 1 13 23 107 3
473 528 2 23 30 607 17
1935 289 3 62 26 363 3
16266 72 2 36 39 268 5
2366 224 1 10 20 190 1
15923 337 1 47 41 368 1
13876 292 2 96 19 314 3
4982 366 3 61 11 66 7
8689 92 6 209 13 117 3
8343 399 2 59 69 539 16
18684 293 1 36 58 430 2
19379 222 2 110 19 556 18
9218 449 1 69 34 181 18
602 313 1 16 43 427 19
642 388 1 19 19 128 7
5764 85 2 38 42 54 1
3285 439 2 49 37 135 1
11616 303 3 87 39 167 6
8603 90 1 24 67 555 4
16148 308 6 130 33 232 19
4734 458 5 156 66 371 7
18174 208 2 90 43 351 4
4187 338 1 78 31 223 6
18989 85 2 61 14 74 16
13087 160 1 20 19 174 1
19572 44 2 68 67 186 19
2092 392 1 27 42 91 4
9409 403 1 24 16 197 3
16086 239 1 23 56 176 2
16930 352 1 14 23 405 17
1089 115 3 181 7 39 3
5854 108 1 89 79 430 7
7244 170 2 80 69 265 1
1476 512 3 53 41 260 7
4699 354 3 162 29 349 1
948 380 2 44 37 122 5
2102 351 2 67 83 88 3
14162 328 2 245 14 252 18
5799 545 1 65 59 155 3
14343 165 2 57 45 509 3
392 387 3 52 12 144 1
18862 383 2 338 59 212 2
12974 54 2 68 21 122 15
9985 350 3 59 38 165 3
10544 5 1 136 56 105 5
1906 62 4 79 89 165 7
18121 114 1 32 32 102 15
5043 236 1 24 46 116 18
2633 430 3 99 38 102 4
18803 380 3 214 14 29 7
33 21 1 20 19 262 6
12791 344 3 46 13 340 7
727 68 3 93 13 559 15
2826 439 1 21 51 119 16
4400 463 1 117 20 172 3
2061 439 2 84 31 276 3
17323 549 1 25 32 369 3
12826 119 1 141 17 469 4
1398 288 1 49 17 352 4
19939 481 1 110 39 113 3
19368 401 3 42 35 81 2
17257 345 2 39 72 393 7
10955 137 1 72 28 550 20
5467 276 2 68 22 122 5
19407 416 1 30 14 404 17
6408 482 3 56 44 85 6
2373 295 2 32 19 181 1
2092 443 1 42 11 257 17
6575 401 1 23 15 198 3
10519 468 2 103 15 69 16
2167 116 3 284 20 175 19
13320 176 2 29 57 220 16
5435 517 3 27 19 135 19
14904 186 1 30 32 96 1
207 287 4 191 50 298 7
3230 455 2 29 19 717 7
16032 44 1 34 41 150 2
6610 176 1 22 30 587 18
7915 322 2 200 54 507 1
6623 314 3 84 54 61 4
5068 399 2 51 24 255 15
6345 463 3 100 46 195 1
3751 445 3 146 51 152 2
12468 77 3 78 7 268 1
3093 320 3 81 28 49 5
14785 100 4 36 22 580 3
16660 293 2 116 35 263 7
10994 292 3 146 18 352 1
14809 186 2 74 71 578 2
1915 537 5 139 9 81 3
17832 294 2 56 25 286 16
18729 168 1 95 33 232 1
3694 443 1 24 27 357 17
6445 8 3 310 31 81 7
7138 23 1 75 72 611 7
2377 12 1 57 20 121 5
11001 425 1 40 38 73 2
15583 68 1 82 21 432 5
9834 340 2 76 9 134 4
14513 272 1 64 90 278 7
18848 326 1 63 8 260 1
1168 326 1 42 7 47 5
8441 322 1 54 15 76 1
10443 148 1 74 37 273 7
7986 302 1 126 39 555 20
5258 84 2 101 35 138 16
8201 177 1 44 53 611 15
13528 221 1 20 27 327 3
45 139 6 166 13 161 7
11037 14 2 19 46 379 2
18936 177 2 91 37 167 16
14754 362 2 55 36 297 19
4093 394 2 165 22 274 4
5474 298 4 133 77 278 5
2767 521 1 32 67 58 5
14086 335 2 42 38 58 18
7441 189 3 57 18 373 4
15649 68 1 27 42 642 5
2845 75 1 20 28 385 20
2341 322 1 40 20 455 3
13694 79 1 20 17 382 19
15754 49 2 38 57 77 17
4232 78 1 26 62 49 1
15633 40 1 116 27 609 1
788 301 3 86 28 623 6
12510 145 3 85 31 169 2
6781 103 1 105 57 193 19
5019 421 3 83 16 118 15
2383 307 1 34 40 383 15
16898 110 4 157 27 213 6
10213 165 1 15 70 96 3
12738 149 2 51 20 404 4
1846 532 1 18 33 193 7
6767 284 1 19 41 294 7
2177 456 3 99 70 82 1
5043 410 1 30 18 80 1
3497 38 4 81 73 34 7
466 114 1 13 19 195 6
54 137 2 72 12 726 4
15992 275 3 195 17 39 5
17998 474 5 321 37 299 17
3703 205 4 142 23 196 1
1762 390 1 38 45 119 17
9948 55 1 273 78 197 5
893 210 1 33 54 126 1
3921 513 1 118 56 50 1
17793 48 1 23 35 180 7
9834 245 3 117 39 165 1
3589 33 2 24 58 579 7
1361 352 1 260 16 111 4
454 132 2 81 23 101 4
18173 86 1 14 29 55 20
19148 469 4 117 38 181 4
5670 218 4 51 47 219 19
13197 543 4 126 7 83 4
14886 88 1 48 54 603 5
1951 357 1 24 17 66 5
8645 264 1 61 52 650 1
7537 103 1 105 48 626 2
9094 415 2 42 39 527 3
18300 474 1 98 10 106 15
14643 201 5 286 74 265 6
7843 486 2 29 34 78 6
12493 307 1 51 78 424 6
7533 392 4 145 79 539 6
19208 239 2 29 67 240 5
11146 133 3 119 34 167 1
17808 403 2 49 28 66 3
3555 132 1 30 49 293 16
14362 348 1 102 31 266 7
17013 463 1 29 16 76 20
953 22 1 35 12 270 7
1217 387 1 28 42 610 18
3417 309 4 80 44 492 6
15555 120 1 101 30 95 7
10493 16 3 168 11 301 20
17800 359 1 48 17 110 3
4321 454 3 108 17 744 2
15879 198 1 36 32 374 6
1002 436 1 15 36 31 15
8549 460 2 27 53 347 5
15338 138 1 36 11 160 16
1393 333 1 87 32 173 16
7980 56 1 57 25 183 5
15569 432 1 96 19 298 15
15392 231 4 104 31 227 6
17448 358 2 53 24 210 16
13521 273 1 16 33 66 15
9760 423 1 23 6 191 6
10435 318 2 55 78 257 4
2530 14 2 50 46 536 3
15635 456 2 57 39 139 17
17318 496 3 323 74 125 5
12522 24 1 53 48 387 2
15339 266 2 128 26 330 4
14423 543 3 38 22 201 1
14566 294 6 151 16 182 20
13420 149 1 25 55 560 3
5363 320 1 85 8 250 16
324 426 2 292 10 160 2
16922 406 3 317 20 215 2
4934 181 1 20 17 294 1
14680 489 1 89 23 193 5
18776 74 1 20 37 609 5
17597 52 2 35 20 622 5
15274 537 2 77 60 267 6
17588 45 1 79 16 537 7
5144 238 3 161 19 172 2
9303 460 6 335 12 236 1
5798 411 1 20 9 481 5
4207 443 3 57 15 64 4
10338 43 1 37 24 214 2
18137 61 1 62 35 99 15
6297 66 1 25 36 257 5
12635 363 1 71 18 105 3
16923 321 2 121 42 247 7
14833 308 1 243 53 215 6
15352 478 1 16 17 131 4
5948 29 1 70 19 682 6
10085 243 1 67 16 322 7
13684 6 2 107 8 49 7
4664 292 1 37 74 317 6
10891 287 2 39 26 544 2
14393 44 1 69 35 140 3
12470 283 3 209 21 183 19
4821 341 1 43 60 131 4
14918 297 2 39 48 158 20
1710 222 6 70 18 127 2
12422 254 1 43 52 267 2
5794 347 3 137 49 273 3
10331 281 1 81 37 139 15
17383 93 2 396 36 169 20
1360 376 2 135 21 72 1
17538 187 1 20 44 212 5
80 110 4 77 19 124 7
10928 530 1 30 51 102 1
3758 133 1 95 32 93 19
14247 134 3 174 32 271 20
6192 40 1 54 49 387 6
19855 165 1 54 31 457 1
4426 97 3 44 69 369 5
9058 9 5 160 19 171 4
14600 199 2 20 40 599 15
11668 153 2 50 54 503 15
11104 17 4 89 72 206 5
16390 32 2 59 34 421 5
19605 423 2 108 20 501 16
11920 357 3 58 12 271 16
5758 484 3 85 13 432 1
7980 228 4 131 46 159 2
4516 142 7 133 43 358 16
518 54 2 50 14 162 3
19998 527 1 26 24 78 3
146 545 1 83 14 39 16
346 291 5 342 11 57 16
14092 101 2 42 30 431 15
13828 546 1 29 19 375 20
1446 544 1 73 15 120 17
14375 400 1 33 24 283 18
16994 10 1 40 33 641 6
3630 206 5 121 23 54 17
15431 483 3 173 28 112 3
17836 539 1 66 33 68 2
14313 232 2 116 8 33 2
6182 246 3 133 25 125 3
530 368 3 168 25 284 3
16394 234 1 43 19 126 7
12604 66 4 95 28 541 19
19052 325 1 40 16 282 15
6065 158 1 32 34 113 7
7149 455 2 25 77 565 1
4446 467 2 53 8 125 16
1709 507 1 25 13 170 3
3886 357 1 46 53 92 15
13912 487 2 107 34 413 4
10650 468 2 23 48 317 6
2795 273 1 68 41 389 2
13877 107 1 18 30 247 17
15025 90 1 134 15 379 5
12621 172 4 107 37 231 5
15193 499 3 108 29 239 6
16778 252 6 176 22 132 1
10865 383 1 59 13 49 7
11756 310 2 29 63 205 2
19553 167 7 237 19 296 7
44 284 2 28 60 168 2
13296 525 2 81 32 462 2
3438 92 1 61 39 251 2
13427 453 4 220 23 395 4
19805 293 6 289 62 90 7
18796 34 1 29 10 298 18
2803 250 1 74 64 209 5
7416 278 1 26 27 43 7
3383 272 6 88 17 127 6
2104 51 2 284 20 105 1
13818 36 1 26 17 140 1
5826 536 1 236 50 214 7
6833 172 2 45 67 362 16
17612 489 2 48 28 221 15
17412 157 1 20 26 216 19
2435 30 1 39 34 207 4
15673 260 3 58 56 269 6
2451 478 1 30 75 37 3
12192 43 2 101 23 557 5
8735 359 2 55 38 485 2
5252 345 2 40 22 375 6
12160 533 1 38 27 122 4
6506 60 4 119 19 451 3
15152 197 2 39 43 284 1
14723 129 1 17 31 110 20
11526 441 4 229 64 214 3
8090 59 1 37 6 229 3
6125 309 1 48 14 173 7
8424 354 1 19 9 237 16
1538 137 2 97 60 186 7
14425 502 2 198 20 185 16
6783 344 2 59 72 72 5
3930 253 2 199 42 593 17
7223 441 2 136 14 246 5
19130 501 1 37 25 95 7
6582 179 1 113 84 335 3
18201 450 1 28 57 297 5
9404 539 1 50 23 256 5
11130 317 3 100 39 394 2
10884 192 2 180 42 55 3
13111 454 3 153 37 135 7
9526 273 1 35 26 290 6
3115 484 4 83 74 588 18
18163 221 1 39 48 317 17
17862 420 1 34 65 432 19
13166 377 4 131 21 370 18
17044 538 4 180 15 148 15
15308 382 4 96 24 177 2
13327 131 1 46 68 196 4
11520 224 2 79 71 403 7
18899 113 2 149 63 391 2
10394 228 2 102 35 63 5
11686 211 1 23 51 287 20
7648 169 1 44 21 456 5
2079 232 1 130 65 152 4
17529 26 1 26 47 391 3
10264 503 1 10 43 506 18
12851 229 1 76 62 235 2
15745 416 1 26 75 242 3
6593 288 1 47 30 399 6
11848 420 1 31 16 159 6
12160 316 1 14 14 605 4
4621 120 5 92 28 156 17
2352 36 5 283 75 239 5
17550 477 2 34 27 28 7
19758 201 1 40 30 156 15
17632 302 1 18 38 439 1
8547 378 1 81 14 150 6
11237 117 1 20 45 432 7
10577 211 1 52 40 161 4
14612 259 1 30 23 375 4
13412 541 1 189 25 238 16
17136 19 4 195 12 137 6
12478 439 2 45 60 188 3
3894 136 1 128 13 55 5
19542 318 1 34 25 135 6
14752 472 1 39 50 660 1
16274 408 1 54 44 83 2
16941 211 4 134 45 336 15
15519 510 1 114 59 133 4
9217 89 2 77 56 250 1
14244 36 1 22 17 46 2
1835 290 1 29 36 486 20
2268 103 1 61 28 264 4
14680 42 1 13 39 86 3
7850 36 3 103 25 177 4
4674 446 2 125 12 326 1
4165 381 4 133 16 229 6
17410 289 2 134 26 141 2
2852 452 2 233 30 47 7
16379 50 3 136 7 369 7
4 488 2 124 26 217 16
11495 421 1 12 30 222 1
18895 458 3 232 14 182 15
2275 545 1 196 31 182 6
3089 183 1 180 12 164 3
16348 100 1 34 36 87 6
4412 143 1 61 31 153 7
9785 311 1 12 19 45 6
3788 82 3 45 44 125 1
18785 39 4 136 9 374 2
7859 326 1 97 38 61 2
9372 550 2 55 20 185 5
18137 69 3 102 24 205 5
19713 58 1 24 17 603 5
14615 160 5 135 13 42 1
15843 336 1 120 32 158 6
13073 321 2 24 75 122 7
3941 167 1 35 24 503 1
17237 370 1 14 37 570 1
5858 111 1 21 11 312 1
18470 472 4 72 42 381 17
344 107 3 262 23 72 7
560 249 6 188 18 75 15
574 452 1 74 48 116 3
7961 344 1 39 34 205 18
3620 76 1 26 20 172 2
5599 339 5 145 21 307 6
19659 208 3 96 22 138 17
10095 503 1 78 27 321 20
11589 377 1 236 56 252 19
9074 492 1 122 12 166 17
9775 91 2 69 21 424 6
13208 504 3 101 46 322 7
7572 211 1 49 40 46 2
6493 313 3 82 18 37 2
15709 104 3 165 25 599 7
12840 278 4 44 50 167 20
13847 219 1 43 44 339 17
12993 539 1 34 81 382 1
18933 354 1 26 64 169 17
13339 32 1 59 41 160 6
12211 116 1 13 15 104 6
8148 479 1 58 17 238 19
4603 456 1 42 64 181 17
9712 300 3 62 41 45 15
1855 494 1 21 68 76 18
9107 257 3 181 11 344 6
17951 458 1 14 25 317 5
6853 456 1 29 29 114 17
718 529 4 115 41 288 1
1266 280 1 36 35 403 1
13008 479 1 79 16 268 3
14977 220 1 17 52 307 4
16962 97 1 85 10 388 7
7282 145 1 25 60 235 5
5083 407 1 214 15 37 7
12937 502 4 92 46 342 7
12214 531 5 221 47 224 17
7472 245 2 136 16 385 7
16489 324 1 16 10 307 7
6510 291 2 56 51 578 7
10142 104 1 50 59 31 1
12125 134 6 138 14 83 1
15323 150 1 27 24 94 2
7398 449 1 78 78 441 7
1549 236 2 120 63 281 2
19734 71 1 16 19 364 15
13025 104 3 147 39 81 1
5925 380 2 103 38 229 1
142 134 1 21 62 358 2
19396 250 5 204 28 226 6
8939 104 2 90 88 245 20
7487 494 2 100 39 197 16
784 462 1 172 77 83 15
5142 496 4 86 29 72 17
1133 470 1 41 35 186 20
19869 87 8 381 16 259 7
1579 512 2 121 30 66 18
4695 60 1 132 32 224 7
1625 380 1 27 12 273 2
4615 55 1 199 18 112 4
3251 373 1 132 6 34 4
6296 356 1 16 48 80 2
2580 550 1 133 22 482 17
2360 433 1 96 17 407 2
14687 18 2 117 47 301 6
18561 453 1 29 22 299 6
3224 484 3 48 54 258 7
4898 458 1 18 83 319 2
1924 180 1 35 6 75 1
8795 282 4 162 30 128 18
4347 422 3 130 25 76 1
13624 405 1 259 7 57 1
9428 193 2 34 13 33 5
13243 214 1 18 25 416 17
7949 365 1 75 47 79 1
753 44 8 251 24 367 18
10732 34 1 20 18 31 2
2783 469 2 84 14 135 5
15276 44 4 166 20 286 5
16857 266 1 19 12 280 2
16779 259 1 35 71 349 1
4140 256 3 44 14 421 6
10629 271 3 66 30 253 4
10855 37 1 24 37 526 4
11821 200 1 52 60 311 4
16306 452 1 23 15 84 5
2210 442 1 28 11 164 4
16195 456 2 29 38 546 18
1167 33 2 130 33 86 6
17265 336 1 201 21 204 6
11861 252 2 64 19 303 2
13399 186 2 75 16 204 20
18918 26 1 157 25 151 5
19960 233 1 50 44 201 1
17915 7 3 197 29 282 4
7527 111 5 247 52 524 20
12594 505 4 145 46 293 1
8289 297 1 147 80 301 20
14341 176 3 157 18 285 6
16335 115 2 57 59 449 19
7108 80 1 26 80 146 4
18461 177 2 68 20 681 19
15944 17 2 35 47 143 3
14703 148 3 53 72 377 1
354 49 1 61 57 114 18
11214 214 5 113 14 53 5
19004 82 1 77 62 509 1
16028 207 2 56 50 93 7
15042 36 3 58 39 425 5
7172 284 1 212 22 142 1
1905 515 1 240 10 167 3
5445 218 1 43 8 290 17
1615 247 1 37 13 88 1
7869 466 1 25 36 226 5
7447 438 5 130 8 168 3
3605 470 3 45 24 194 6
11383 310 1 25 61 218 16
15984 342 2 48 39 42 5
14512 352 3 138 14 102 4
6333 423 2 81 35 188 2
11084 433 4 85 45 46 19
1472 252 1 43 24 67 7
1908 473 2 68 25 160 18
13033 377 1 74 43 291 19
16407 195 1 14 59 318 19
11227 120 2 59 17 188 7
15847 363 1 18 39 380 1
14975 423 1 36 47 660 17
18365 385 3 93 37 76 6
17972 302 1 46 37 194 19
602 274 3 72 28 487 6
5141 235 1 39 25 233 18
4957 216 3 65 23 220 3
7076 429 4 146 53 583 6
9351 504 1 25 25 113 3
2321 406 1 20 41 41 1
3383 236 2 69 70 171 5
14993 501 2 45 46 103 5
19668 105 1 55 45 202 4
2322 139 1 162 26 358 6
6235 500 2 148 44 274 1
11016 526 5 216 36 277 7
3153 303 2 78 64 297 3
15864 273 3 180 36 225 1
3251 371 1 101 36 53 7
10970 487 1 44 33 432 17
15008 293 2 174 21 336 1
7484 534 1 16 20 310 4
3826 94 3 269 30 390 5
12016 41 1 44 28 326 4
17935 95 1 16 15 162 17
9327 293 1 27 42 317 4
11740 23 3 129 15 661 7
10868 501 8 139 21 127 15
13861 421 1 108 34 372 6
12500 206 3 92 51 247 18
16484 154 2 25 71 145 5
15406 213 1 32 40 119 17
1882 10 1 50 28 238 7
15201 202 2 121 30 96 19
7269 508 1 188 21 175 7
3747 416 1 256 40 273 1
7031 423 2 204 15 106 6
8529 503 3 61 11 499 16
1248 381 1 33 74 71 2
17079 411 6 75 30 179 7
16293 87 1 46 21 114 20
16907 517 5 406 81 202 1
9421 228 2 66 68 393 3
3871 171 3 98 45 69 16
11309 79 2 63 6 93 5
520 411 1 71 18 124 5
19737 110 1 28 44 157 7
8910 354 1 18 30 379 5
19900 175 1 123 7 144 17
8961 451 3 87 27 155 4
11789 134 1 78 64 227 2
7890 146 2 92 25 455 6
8204 407 1 31 36 305 3
6568 429 1 50 31 224 2
10289 416 3 140 31 407 3
17284 44 2 81 72 360 6
18822 292 1 21 31 221 2
8195 148 2 52 28 412 2
8648 65 1 38 32 196 1
5615 352 1 17 49 236 5
18038 370 1 22 23 176 20
2803 33 1 57 42 401 7
15235 41 1 14 21 570 1
17778 46 3 153 76 372 3
17835 505 2 82 18 302 18
6475 147 1 22 46 518 5
19749 280 1 31 13 172 5
6023 487 2 42 24 147 3
15342 425 2 104 70 88 7
16438 493 4 48 44 64 7
18578 246 4 56 45 495 18
15620 499 7 177 15 88 3
16973 444 2 36 58 657 4
1706 109 2 37 55 391 19
7721 304 3 55 29 61 15
7095 187 1 33 63 221 1
17359 339 1 42 11 27 1
13145 29 1 44 12 60 18
3905 65 1 43 55 79 7
8282 416 1 72 7 223 3
19662 351 2 31 47 210 7
2351 219 1 95 23 166 7
17520 117 1 36 17 27 2
10890 443 2 102 53 152 2
2512 480 1 23 62 47 1
13153 452 3 305 19 445 18
2335 285 1 45 61 162 1
3125 321 1 192 44 127 17
8425 19 2 78 30 536 4
2239 211 3 80 45 35 20
9324 118 2 53 25 636 3
8514 505 5 74 39 113 15
10820 516 3 75 25 151 15
17691 262 5 129 8 250 7
1717 349 1 14 19 224 2
7803 227 2 75 32 102 2
6941 280 1 98 59 432 7
5197 201 3 67 62 63 4
12090 101 1 61 28 207 7
5155 111 1 21 31 326 1
13929 398 1 82 28 52 4
15861 539 1 50 10 191 2
9879 35 1 118 27 181 4
18291 310 1 53 15 223 6
11393 229 1 70 60 312 6
2969 296 2 108 18 168 4
18445 47 3 140 64 382 7
4862 322 2 43 76 67 18
8835 36 2 105 12 259 17
513 211 1 25 60 112 6
5601 286 1 23 29 395 20
10042 119 1 41 18 182 3
10821 208 2 24 38 251 18
14990 426 1 17 32 72 6
3753 301 6 325 27 360 15
16372 418 1 12 18 493 3
10446 56 1 57 13 551 3
3834 412 1 20 23 228 18
13446 286 1 25 19 89 18
13100 406 2 25 18 174 5
18223 202 1 49 60 380 6
6147 312 1 57 20 168 3
11104 412 2 89 13 184 7
17630 386 2 270 40 213 6
4569 53 2 53 58 261 1
7085 131 3 67 86 151 4
7072 133 3 141 12 65 1
13132 497 1 102 17 179 15
2787 380 4 179 14 93 7
1686 201 2 30 81 299 7
17273 33 2 42 41 39 19
18547 403 2 45 14 257 2
6144 18 1 119 14 90 7
9161 522 2 45 55 140 1
10547 334 3 77 27 111 7
7001 18 2 55 21 410 5
7087 181 3 177 12 151 1
1258 524 4 121 58 203 19
17129 88 2 119 53 65 1
14325 522 1 80 22 195 3
6896 394 3 83 14 517 5
4616 550 1 217 65 197 18
2755 432 2 58 74 67 19
5369 143 1 65 29 362 2
5304 424 1 114 6 70 2
18208 545 4 214 12 267 7
287 20 1 68 42 35 1
2958 30 4 328 14 242 17
214 302 1 16 55 140 6
10433 340 2 98 30 350 1
402 252 1 35 22 25 5
5323 384 1 84 70 390 5
15565 217 4 49 37 136 3
5024 494 1 45 13 399 16
10831 475 3 255 66 56 17
19045 160 1 38 21 378 7
4928 415 1 12 60 62 1
1300 134 3 59 51 268 5
18834 513 2 33 31 100 1
16123 514 1 193 28 655 2
3256 464 1 219 45 562 2
13389 510 1 60 24 172 20
1369 223 5 219 33 702 6
8271 75 2 229 39 364 5
9622 165 1 47 21 276 1
11489 241 7 153 14 456 1
4611 471 1 35 57 105 5
9228 370 1 51 11 482 4
14167 457 1 28 42 135 4
1456 205 1 16 43 275 7
19473 385 1 15 67 472 1
37 127 4 308 31 258 5
9091 294 1 37 54 277 5
16020 164 2 50 18 119 7
13065 441 2 48 19 81 3
3509 295 2 74 51 393 5
14366 199 2 57 31 617 18
13649 160 2 99 12 206 2
8050 106 1 10 34 54 20
16487 8 2 159 50 177 2
4862 293 2 107 11 291 7
11292 531 2 22 25 116 1
3417 375 1 98 31 616 6
2316 207 1 64 9 299 1
13126 111 1 37 26 80 20
14617 16 4 130 6 130 7
3910 438 2 45 58 322 17
5293 60 2 77 44 200 1
961 113 5 71 57 73 17
17855 112 2 83 33 154 7
3814 89 2 80 40 131 5
16557 524 3 63 50 148 4
5823 542 2 106 49 131 2
3079 87 2 53 74 58 5
5269 295 3 124 30 479 4
8177 539 1 61 33 190 7
5570 89 1 90 11 134 2
6138 523 2 78 12 273 16
1862 18 1 33 10 216 19
8465 474 1 64 51 440 5
18196 440 1 33 76 296 1
16441 35 1 30 21 228 1
15616 56 1 69 24 461 16
6911 23 4 129 11 152 3
7961 538 3 90 14 320 4
339 400 1 73 27 214 3
14970 487 2 193 23 548 19
1371 386 1 46 24 118 3
14605 260 2 61 27 128 20
15546 477 3 117 15 130 3
10863 335 5 110 31 127 3
7589 276 1 25 7 48 6
16323 452 5 256 19 285 1
8608 246 3 145 13 189 6
1055 179 2 52 36 200 7
13733 129 1 17 18 186 1
19268 116 1 91 29 139 4
4899 483 1 64 8 408 1
18416 211 3 140 11 139 3
12439 522 1 12 17 211 5
15310 229 4 57 51 157 2
10956 91 2 68 17 185 3
19354 451 1 71 14 234 6
4737 445 1 26 55 99 7
18671 524 1 41 39 94 2
12737 155 3 58 15 37 3
11635 243 1 30 83 308 1
11225 255 3 224 16 578 20
14978 393 1 117 27 97 6
1031 531 1 25 63 183 3
14928 363 3 49 24 240 6
3417 378 1 23 23 53 19
16309 270 5 160 17 409 3
458 431 1 59 61 174 1
877 215 2 50 81 83 16
142 307 4 58 8 56 6
13363 20 2 92 68 342 6
6988 413 3 90 28 84 7
8784 371 1 12 35 675 6
6208 204 5 59 11 84 2
12629 362 1 12 12 61 2
6390 338 1 23 35 55 5
6223 275 1 14 53 64 4
880 146 1 32 51 113 3
18657 306 1 57 74 55 1
11355 42 1 41 15 289 1
17965 520 1 36 20 270 6
869 147 1 61 14 59 19
12315 41 1 20 39 118 18
1598 308 1 16 12 94 7
3841 437 3 105 33 156 5
9691 285 2 135 47 79 19
7064 359 2 238 19 197 18
9350 204 2 95 33 361 3
15773 461 1 34 30 101 6
16661 223 1 24 50 64 2
14232 541 1 319 28 425 15
9582 181 1 62 54 115 6
19832 394 2 65 32 82 4
1255 154 2 52 29 79 3
3248 326 4 87 13 47 3
5220 216 2 36 55 264 19
16980 194 1 80 32 350 16
15942 177 3 58 47 301 7
6773 237 3 43 13 89 6
10119 518 2 51 33 238 3
4957 509 1 66 73 79 3
3614 118 1 57 36 527 2
5313 399 2 54 40 102 5
17949 331 1 40 16 143 4
5063 12 1 22 48 407 17
14086 45 2 75 51 503 19
10028 153 1 31 48 283 4
15408 103 1 74 44 181 16
18731 514 4 49 23 265 1
17602 413 3 41 50 599 7
13101 158 2 50 9 155 5
10717 533 4 182 15 369 6
18315 148 3 53 73 78 1
1353 425 4 161 22 205 6
5338 460 1 93 47 287 18
5912 538 5 396 30 160 4
10147 539 3 140 27 650 18
6824 519 4 87 18 199 4
2262 149 1 42 81 315 2
11715 231 5 135 43 483 4
17880 259 2 93 29 582 5
13069 394 2 53 26 80 16
15398 461 1 13 53 86 5
9096 223 6 155 21 139 15
8724 104 1 46 70 389 3
4540 118 1 20 18 286 4
11102 11 4 54 18 65 3
3804 331 2 43 37 78 5
15429 433 1 45 70 458 4
1407 215 5 108 21 154 3
17609 310 3 89 19 128 5
17945 283 2 64 45 133 20
2196 160 2 195 11 84 3
12795 519 7 384 25 368 5
6012 264 5 126 29 78 15
19160 194 1 31 35 180 1
9095 157 2 161 15 233 7
19708 245 3 97 16 360 3
19097 59 1 39 11 134 19
2963 517 1 61 13 555 4
7912 98 4 132 13 171 3
6577 14 4 91 34 240 7
17375 471 3 68 65 400 6
748 433 1 24 16 92 4
14577 104 4 298 79 281 2
6066 93 1 15 50 270 18
2496 48 2 76 70 128 20
6523 22 1 36 67 350 5
3149 184 1 26 37 63 16
12416 383 1 24 41 208 7
6383 539 5 109 8 375 20
12121 243 1 25 25 339 7
13257 456 1 32 12 674 6
17486 90 1 10 15 43 3
3592 477 2 149 10 449 15
5799 428 1 19 58 96 2
1518 453 2 64 38 125 5
17443 356 2 38 31 507 5
15776 281 4 205 19 68 4
16141 230 1 91 20 623 5
13233 75 1 48 12 264 19
13864 335 1 39 21 250 6
5868 116 1 26 59 149 2
16519 517 2 56 52 154 16
18427 140 4 115 11 240 2
19901 325 1 44 35 189 2
6217 501 1 46 15 75 4
17206 9 5 142 12 66 17
15390 19 4 58 27 224 3
17345 475 3 95 26 465 2
13423 33 3 105 39 149 4
9552 270 1 122 67 220 5
10626 262 3 260 37 634 18
11861 494 7 123 36 686 1
1490 316 2 48 68 669 7
14742 333 1 16 58 270 1
17728 108 2 25 17 184 5
4784 208 3 34 85 443 5
8862 126 2 350 10 64 4
3191 397 3 61 17 50 16
13082 77 7 244 77 122 20
7006 414 1 53 71 388 3
6191 539 1 29 84 124 17
8258 484 1 59 38 44 6
19479 388 2 73 17 149 4
1477 123 2 50 30 289 5
19882 8 2 52 34 154 7
10730 71 2 27 16 329 1
7774 27 4 115 70 74 18
2522 401 1 66 5 25 1
1229 64 3 62 23 156 7
14046 315 3 126 28 137 7
5625 222 4 165 57 203 17
153 371 1 61 23 254 6
16452 343 2 112 17 172 7
14726 76 1 30 10 358 3
4014 467 2 52 65 236 19
15558 391 2 59 19 246 3
8616 135 1 43 27 290 5
888 272 5 324 14 355 18
15810 334 2 38 50 193 7
8445 502 1 22 39 538 1
18719 482 1 52 32 414 7
10366 183 3 98 43 494 20
13486 176 2 77 12 228 16
18897 66 1 29 47 263 7
14990 20 1 46 7 640 7
3337 465 1 74 31 265 4
12654 505 3 168 26 434 3
19130 304 1 86 39 315 1
1776 102 1 106 65 474 4
13908 161 1 153 8 27 7
2217 103 1 169 13 145 4
8699 487 1 72 28 522 19
2717 520 1 33 36 116 17
15548 293 1 61 41 221 6
14869 398 1 59 48 202 6
11296 6 2 112 28 480 19
17873 281 1 169 32 407 2
8107 236 2 117 10 45 15
5163 366 1 133 25 65 1
12013 43 2 132 32 499 18
5342 39 1 18 10 139 1
15436 347 3 89 30 182 7
6710 225 3 36 21 109 3
11165 334 1 17 22 162 4
54 402 4 46 35 554 1
15226 176 2 62 82 203 19
6292 18 1 75 10 31 1
1312 470 2 21 82 357 15
103 478 1 33 26 384 7
10037 224 2 124 32 175 3
8427 97 1 25 22 180 4
10015 233 3 191 21 106 1
14288 107 1 84 37 231 18
13291 256 3 55 15 205 5
18139 189 1 120 14 282 15
557 173 1 48 15 421 7
19620 73 2 112 10 143 6
436 316 1 113 56 282 19
2107 109 1 30 70 176 5
7367 244 1 263 49 115 2
9366 198 2 52 23 37 2
1866 396 1 44 12 73 4
19260 470 4 44 20 61 6
472 78 2 36 24 267 7
17997 432 1 9 18 192 2
14223 258 1 50 14 81 18
12653 376 3 127 10 279 18
3262 373 3 288 22 131 2
18254 113 1 19 21 372 7
10074 427 1 26 43 132 5
9135 87 1 11 37 313 3
12196 262 2 27 35 69 4
3714 101 4 105 12 182 3
2069 82 2 315 22 159 5
11943 377 2 49 32 65 5
6697 86 3 94 14 63 3
8149 143 1 65 67 253 4
9126 408 2 62 57 86 17
16476 207 1 41 18 442 6
10564 527 7 269 27 569 19
11924 59 1 106 12 307 1
2238 458 1 18 19 216 4
4799 131 2 181 65 242 2
16618 363 2 54 26 200 3
12253 140 4 99 25 203 5
972 499 2 28 51 357 1
2634 369 1 53 55 147 2
17199 333 4 121 41 62 17
18246 80 1 18 41 66 3
13998 51 3 97 43 341 1
17201 332 1 15 29 116 20
4991 175 3 88 63 177 2
15019 339 1 39 57 221 7
1039 14 1 53 87 366 2
6841 509 2 86 18 242 4
9876 320 1 30 24 170 1
6597 35 3 338 32 414 6
3797 332 1 28 19 607 5
17686 393 2 48 12 249 3
4903 537 2 380 8 36 15
16374 262 1 15 26 95 2
7645 165 3 44 48 465 7
1731 76 3 101 13 182 6
7255 377 2 64 33 224 7
16867 238 1 21 27 310 3
11402 548 1 22 18 241 5
7010 427 1 16 40 81 7
7797 6 1 185 46 177 6
18271 202 3 138 16 426 4
9159 34 2 102 78 225 2
886 458 7 136 19 86 3
9037 187 1 75 34 122 1
6736 288 2 91 9 230 6
14035 320 1 35 42 109 18
18761 244 2 99 6 719 6
756 159 2 54 17 238 1
1500 82 2 99 16 128 6
13181 141 1 53 23 390 7
7473 289 3 65 25 155 3
6456 404 1 48 28 72 20
4620 543 1 21 16 254 7
2169 475 3 62 19 366 17
10949 271 2 83 55 47 17
1104 295 7 250 8 125 16
3173 533 8 152 29 488 2
17393 457 1 36 28 530 4
1887 74 2 58 64 648 6
5919 107 3 84 21 68 5
11158 29 2 142 23 279 19
16262 473 3 192 40 236 2
10972 358 3 119 33 294 1
1608 397 1 71 25 236 1
13237 415 1 15 25 25 5
5006 284 1 23 41 371 19
127 173 2 141 27 95 6
10326 508 3 87 32 68 1
19754 456 3 47 14 283 3
3188 481 1 18 23 81 5
16977 274 1 34 45 262 1
5604 107 1 24 38 109 7
800 95 1 43 29 133 2
11176 322 1 53 29 92 17
10397 383 1 52 57 89 2
678 482 1 36 28 588 5
6147 37 1 10 12 45 4
5319 526 2 44 21 78 7
15056 511 4 181 12 269 7
10368 508 1 38 11 336 3
900 461 2 81 40 496 6
14898 252 5 255 63 201 7
14065 511 3 38 23 134 4
15746 253 1 16 41 191 6
8738 464 2 209 14 199 1
8170 176 2 108 9 80 18
17597 453 3 61 19 127 7
8943 226 2 193 14 253 1
14987 70 1 15 46 635 16
12282 166 1 20 37 98 6
19820 450 3 88 21 308 17
4697 349 1 163 38 648 1
1699 301 3 97 40 384 4
603 175 1 72 56 210 7
16914 465 1 90 17 300 20
9051 486 4 291 41 436 3
15939 115 3 120 15 705 2
17430 312 3 86 12 53 2
7020 277 1 51 57 58 1
19279 449 1 24 52 467 1
15506 78 1 52 28 118 19
11185 332 2 105 49 32 6
15884 359 4 107 52 108 4
329 56 1 25 11 293 3
18980 480 2 206 54 236 18
15335 363 3 103 18 479 4
19279 158 3 95 8 421 3
13472 508 1 50 27 658 3
17315 220 1 20 53 263 5
3947 156 6 134 47 58 18
17228 110 1 53 74 330 2
43 342 1 40 45 62 5
7681 428 1 12 41 216 5
17422 437 1 25 20 681 16
2877 341 2 53 85 228 1
15163 256 1 18 71 79 7
11543 449 1 44 7 73 15
14288 146 1 39 33 246 7
14380 132 3 77 26 199 6
3872 286 2 90 55 150 7
17987 176 3 86 57 656 5
4887 524 4 74 11 199 5
939 301 3 40 56 102 3
17901 266 1 101 57 632 2
10392 43 1 81 50 165 17
2137 217 1 42 42 48 17
13895 202 1 110 20 292 5
16299 444 5 118 42 154 5
3953 344 3 74 35 61 1
2618 246 1 54 63 324 5
17071 75 5 119 20 144 1
15434 350 3 43 21 308 4
14727 219 2 52 43 219 3
16349 342 1 81 29 531 1
6091 184 2 155 71 216 4
2975 132 1 186 22 112 1
4161 511 2 45 20 199 15
4618 7 1 41 48 194 15
91 496 4 52 49 755 6
7316 157 3 37 47 112 3
13995 285 1 66 32 181 17
16446 298 1 23 55 218 5
9747 236 4 102 28 480 15
17915 511 1 22 44 515 3
16022 466 2 59 73 263 4
4020 384 1 18 73 551 15
15079 308 1 89 42 320 3
18953 196 1 61 19 302 15
12241 144 3 194 24 353 16
18117 542 1 102 15 327 7
12061 463 3 84 48 130 18
15099 372 1 15 50 279 2
10135 46 1 32 36 446 19
4984 513 3 95 69 140 1
5168 404 1 95 11 143 19
5755 43 1 29 48 214 3
16319 530 2 44 54 476 5
8927 71 4 110 19 479 7
3813 485 1 38 55 258 19
16022 309 1 17 70 92 6
17284 365 1 12 29 89 18
13444 230 5 261 19 268 2
13629 72 2 47 63 340 6
10177 543 2 79 14 201 5
3685 273 2 160 40 352 7
3655 486 3 294 10 528 1
17765 484 4 175 14 603 1
14839 263 1 24 5 176 4
13746 90 1 40 23 256 20
18385 343 2 55 6 109 3
7053 526 1 55 65 337 1
10143 301 1 22 8 297 6
948 472 1 52 11 288 15
18894 117 4 325 24 201 17
9644 116 1 27 76 273 4
15348 288 2 66 23 356 3
12297 213 3 158 20 527 17
1478 229 2 48 76 225 3
7999 450 3 72 9 526 2
16680 540 3 51 12 191 2
3929 151 1 267 21 193 3
15431 59 2 191 37 155 4
16418 183 1 18 23 462 3
19549 146 5 99 58 175 7
5416 13 2 151 14 281 3
11843 258 1 192 18 153 7
16254 526 1 338 26 581 19
5781 421 1 100 17 134 1
19939 275 1 40 55 413 1
1475 33 2 190 8 36 1
836 408 3 66 48 235 4
3703 185 1 31 41 108 4
9588 496 1 142 66 165 3
2786 176 1 13 45 619 16
2136 360 1 77 19 126 3
18594 313 2 67 56 328 5
1542 137 1 144 42 106 5
4640 340 1 18 65 248 5
1944 94 1 268 31 82 20
11740 177 2 37 63 60 4
1513 525 1 87 17 489 3
10134 426 1 50 20 287 7
15381 382 1 19 41 524 7
17193 336 1 35 12 352 3
3132 63 1 14 42 188 16
12770 287 2 73 19 74 2
6401 494 1 50 45 306 16
4064 493 2 225 22 268 4
14601 197 1 61 68 454 7
4431 36 4 40 13 244 3
1954 57 1 32 62 213 7
10152 135 1 19 40 74 2
12579 411 1 21 33 277 3
11019 389 1 93 17 79 6
13851 75 1 72 26 158 15
19560 509 4 231 31 147 1
15766 193 1 45 39 107 5
10425 359 3 70 35 532 5
14520 371 1 28 33 125 4
19910 278 1 61 37 326 20
16829 321 5 179 24 179 1
15523 37 2 77 79 651 18
11346 104 3 72 63 99 19
5979 466 2 77 13 266 3
19876 165 3 205 67 192 6
9291 385 1 151 28 217 6
6973 352 1 217 40 64 2
17012 411 4 62 62 135 16
6857 292 4 146 14 313 6
9659 123 3 79 27 208 19
6744 108 1 67 28 426 5
12699 168 1 37 28 186 6
4403 229 1 25 23 104 5
11680 349 4 191 70 191 5
10685 376 1 298 13 555 4
3610 437 2 95 48 322 19
19425 399 8 73 34 129 7
4180 361 6 344 41 159 3
13276 355 4 121 51 573 2
3963 47 2 99 62 129 6
7190 88 1 262 18 314 3
7547 242 2 34 37 167 6
3118 64 2 191 59 191 2
5069 405 1 13 33 100 1
13681 323 1 61 44 357 6
12896 94 2 29 43 367 1
16270 184 1 27 17 137 6
19205 151 2 49 70 93 3
13651 264 1 132 57 332 5
18039 398 2 91 45 318 18
6488 401 3 240 31 511 2
16879 434 3 108 7 157 6
14742 45 1 34 18 617 6
15333 202 2 59 42 86 1
1432 277 1 33 54 61 4
13533 120 1 175 21 73 2
1461 257 1 54 31 158 5
13572 373 2 88 53 193 19
10341 351 1 47 25 72 5
1889 134 1 73 72 226 3
10041 202 2 37 42 157 1
12229 440 2 38 48 138 17
6112 238 5 43 44 104 4
19936 440 3 198 31 270 19
13438 416 3 140 37 77 4
10253 262 1 154 66 372 4
14318 385 1 31 38 171 7
15388 467 1 37 20 67 2
8682 185 2 45 22 550 19
3869 177 1 32 16 591 17
15839 267 1 104 13 167 1
4877 392 5 387 78 250 4
10537 130 1 35 16 56 4
5888 505 2 41 10 302 18
10369 329 2 74 47 95 6
16472 187 4 127 6 50 17
10556 220 2 199 34 552 3
12643 130 2 133 27 86 2
1511 505 2 51 72 71 3
6749 12 1 15 51 105 18
3224 40 2 106 32 90 3
4680 200 1 41 30 666 1
10070 282 1 55 61 74 2
10067 285 6 362 30 201 2
5343 317 1 146 47 253 19
8936 243 2 62 18 565 4
11893 49 1 47 47 295 6
12212 505 1 54 77 475 3
8321 247 3 78 18 151 3
10549 208 2 69 7 607 4
5372 5 1 97 14 139 3
2135 227 5 178 16 208 5
7930 179 2 47 24 210 1
8404 178 1 13 23 50 7
17015 214 1 30 60 541 1
8768 126 4 83 65 174 5
7988 389 2 441 24 158 1
10045 261 1 24 31 38 2
6264 467 1 15 20 256 3
6065 284 3 76 33 327 6
4537 487 1 116 27 149 20
18408 539 3 101 25 82 7
14674 108 2 38 33 115 4
18303 272 2 174 40 58 16
13389 205 2 35 23 571 6
9953 353 1 72 25 321 3
15051 225 2 43 23 447 15
11413 282 1 62 67 364 3
4762 125 3 97 11 65 17
193 549 2 69 38 190 7
6623 519 1 63 25 48 7
3333 476 1 26 59 205 4
13750 268 1 60 31 630 5
4943 396 1 36 45 214 4
10636 60 2 48 21 152 18
7862 399 2 300 22 169 2
12915 91 1 36 84 109 7
14463 365 7 263 8 280 4
5398 293 3 171 20 257 4
10682 103 3 87 60 54 4
383 382 1 48 53 241 1
13525 322 1 27 16 381 6
14397 509 1 102 19 546 17
10561 129 2 82 14 656 5
10056 230 3 39 47 768 16
6288 383 2 89 47 391 6
7026 313 1 71 43 369 7
15202 262 3 45 22 415 16
16669 515 1 50 27 73 16
8923 303 5 58 81 190 6
15480 181 1 57 11 52 17
1270 188 1 119 16 179 16
14224 353 1 30 39 372 4
12795 34 2 23 13 212 1
17796 285 4 92 9 396 3
613 91 1 65 16 525 3
18439 348 2 42 47 314 19
9401 68 1 117 69 213 2
15472 362 1 49 39 257 7
11817 497 1 16 20 568 7
18893 166 5 124 37 274 1
5959 454 2 31 35 455 6
1646 334 2 132 26 248 19
11750 447 1 107 12 124 2
14773 262 2 47 33 330 6
7775 474 1 36 20 95 5
9407 392 2 142 70 311 4
66 58 1 41 32 139 6
987 355 1 26 39 530 4
11183 393 2 61 83 199 17
13725 229 4 273 12 188 7
15928 231 1 22 31 189 4
10112 462 1 18 31 75 1
665 497 1 10 38 458 5
2144 435 2 102 17 662 6
642 414 1 21 6 575 5
10745 159 2 43 70 337 6
6345 455 1 22 13 557 15
9421 18 1 63 39 598 7
6865 45 1 36 55 560 2
14006 259 2 84 11 85 15
13630 214 3 49 58 637 2
3554 139 2 88 31 48 1
12329 443 1 53 27 347 5
16668 381 6 203 15 91 1
7184 263 2 58 18 41 19
8338 74 4 91 7 56 7
1322 517 1 26 70 66 4
15743 314 1 16 44 29 20
16233 95 2 315 18 586 7
16232 442 2 20 65 618 2
3168 140 1 33 46 210 1
18377 273 1 97 49 281 5
9989 463 2 75 13 186 3
16554 225 1 24 36 590 16
2035 380 4 83 15 256 6
4576 160 1 56 61 376 16
612 277 2 61 33 220 17
17422 108 2 61 19 98 5
902 147 4 238 46 350 2
14642 222 1 48 41 274 1
2984 311 3 86 29 579 3
1178 405 1 51 28 564 3
8189 502 6 241 13 410 16
15132 143 1 20 37 241 3
762 57 2 29 9 139 3
13000 319 3 199 61 168 5
6480 45 3 72 48 310 3
16377 216 1 31 18 635 5
13774 155 1 97 60 153 7
11001 327 1 32 60 215 1
12132 522 1 16 34 404 4
16606 434 1 60 28 553 6
5162 336 1 36 87 408 6
6628 384 2 175 36 644 2
5990 198 3 171 14 218 19
15554 237 3 95 54 65 20
19169 418 1 39 76 315 7
7244 113 2 72 8 486 1
2513 380 1 11 25 241 4
5586 318 5 114 16 152 3
525 40 1 52 27 41 18
2707 377 1 72 55 97 1
2631 117 1 26 22 137 7
13280 138 2 107 74 129 6
5387 202 1 131 9 128 3
17474 364 2 89 41 244 2
4832 55 5 223 44 536 3
1679 234 2 60 34 522 1
17978 454 1 57 19 500 6
13750 351 1 34 30 87 20
17779 436 1 19 60 512 17
6355 214 3 119 67 601 5
2066 36 1 51 51 380 2
17615 500 1 16 18 276 5
12230 143 3 304 33 362 1
18695 274 2 100 37 42 20
17171 25 1 62 65 138 19
5921 399 1 58 19 415 1
4434 91 3 153 24 328 2
19216 187 2 99 38 421 1
9160 301 3 62 26 520 2
5856 378 1 49 12 208 4
16572 386 2 127 37 136 2
18238 127 1 49 13 121 19
3742 231 1 78 77 350 3
17174 358 1 11 89 229 6
8209 286 1 54 17 464 3
15857 66 1 95 10 173 6
3012 53 1 90 32 545 1
10577 42 2 240 37 392 7
13052 405 1 125 21 186 2
12190 356 3 357 13 188 6
12210 429 3 82 26 178 4
18765 180 5 271 22 568 3
10189 291 1 20 48 658 1
13742 118 3 202 81 329 6
14760 465 3 50 15 82 4
14079 54 1 81 14 90 3
16203 379 2 231 36 441 19
9690 347 3 205 38 187 2
3642 175 2 90 26 254 1
13617 81 2 115 25 401 1
11632 335 2 154 13 53 6
8189 428 1 44 24 400 18
8045 101 2 51 21 246 19
13875 316 2 60 21 229 20
4416 513 3 68 13 291 4
3241 523 1 25 77 338 2
12225 200 2 53 46 487 5
14327 166 1 50 28 604 7
5421 166 1 52 19 281 6
3142 465 2 141 63 66 5
4988 249 1 92 15 278 4
3615 436 2 38 26 51 3
14808 348 2 68 53 114 1
4658 94 1 49 33 80 4
637 440 3 98 33 96 7
16594 514 1 59 16 506 1
1719 97 1 135 9 212 19
12575 431 2 71 26 199 18
10411 329 2 65 39 263 5
13843 221 1 156 39 579 2
10060 396 1 62 37 81 17
15880 452 2 52 17 121 20
8229 277 1 64 39 287 6
13781 174 1 23 33 367 18
4289 137 1 269 24 78 18
14997 510 2 101 66 306 3
2182 76 4 109 14 400 3
17372 12 1 30 32 139 2
1494 353 2 226 48 182 20
16151 119 2 25 65 222 2
12693 413 2 201 50 250 5
982 8 1 17 33 258 2
8157 61 5 246 29 84 19
3893 371 1 20 17 126 18
13698 390 1 25 58 36 15
17190 65 1 27 18 145 7
10886 435 1 46 20 251 5
7629 248 4 159 19 175 15
7476 201 4 136 32 175 1
14129 152 3 68 53 112 3
8492 308 1 50 22 283 5
8146 350 1 16 36 185 4
10129 201 3 252 15 101 1
1220 223 2 79 45 594 3
10170 516 1 27 13 170 5
2654 37 1 253 28 224 19
10859 541 2 63 8 142 15
19206 203 1 124 52 363 5
5953 421 1 91 54 364 2
1086 383 1 446 32 498 17
1849 320 1 95 13 172 7
17441 538 2 44 11 228 20
10290 406 1 22 32 345 4
19291 287 1 197 10 78 19
12154 423 3 52 56 318 19
19590 421 5 324 67 54 2
7621 416 2 102 50 85 3
14652 43 3 58 36 40 2
18123 318 2 53 39 461 6
270 362 4 54 40 206 16
3746 168 1 33 25 36 2
17695 391 1 33 19 403 1
3165 59 6 198 9 209 2
6606 239 2 60 31 50 3
4501 5 1 140 17 168 18
19614 137 2 33 40 46 3
14426 425 1 31 6 127 2
13663 472 1 59 13 214 1
4777 341 1 26 65 294 15
3280 327 6 101 9 151 7
5754 411 2 39 44 552 7
12580 492 1 14 35 401 3
18925 21 5 307 28 137 2
6206 407 2 29 59 422 5
8935 382 1 195 24 156 1
15458 387 1 49 42 480 2
4448 490 2 129 16 383 5
15286 139 2 68 37 356 7
6621 404 3 94 15 569 17
7126 193 1 31 14 253 7
19861 197 3 115 37 183 18
19387 350 2 158 16 157 4
10410 446 1 45 52 175 7
10019 89 1 24 63 340 7
7843 513 1 52 39 185 15
13063 511 1 64 26 414 2
5805 400 1 25 30 320 5
7698 113 1 52 26 620 5
2931 340 1 44 15 96 20
13439 197 2 173 29 227 3
9127 307 3 59 59 486 5
15645 394 1 370 14 140 3
5691 521 1 97 72 89 1
13689 14 3 79 44 84 3
18759 129 3 205 26 215 19
18278 239 2 215 8 283 5
12999 332 2 323 72 236 4
16233 360 1 22 72 150 20
15965 361 3 47 15 232 6
1517 78 2 58 16 131 17
17874 278 1 29 24 547 6
343 250 2 32 13 414 4
848 240 2 32 33 173 1
17087 537 1 22 23 262 19
10002 382 1 55 76 348 3
9612 315 1 22 58 117 4
457 532 1 32 33 399 19
177 375 1 67 26 160 16
14509 333 2 32 24 269 6
16744 354 2 52 17 184 7
19890 140 1 113 18 153 19
6175 239 1 11 19 356 3
15125 220 6 254 7 52 5
8808 519 1 146 23 183 16
14982 217 1 35 49 497 3
7112 454 1 63 77 241 1
7691 523 1 53 39 277 7
13030 294 2 131 11 517 7
12172 380 1 55 36 94 1
17856 355 5 261 52 349 5
5264 135 3 117 26 359 3
8672 108 1 13 12 201 4
18789 348 2 244 43 224 4
10990 242 1 38 10 134 7
9891 548 2 29 34 292 1
12539 408 1 26 31 624 6
18466 448 1 34 25 88 15
14148 338 4 82 11 55 17
16342 154 1 245 42 314 3
10648 31 2 251 38 325 17
14945 395 3 63 22 508 4
11959 109 2 130 17 189 2
2651 156 1 31 49 52 3
637 441 2 35 78 76 6
4411 303 1 40 29 336 1
9948 493 1 58 7 82 6
7457 51 2 109 12 393 20
3231 41 3 75 36 158 16
7691 362 2 74 10 80 16
10040 73 3 75 14 223 7
11041 260 1 14 34 216 19
4031 303 1 47 18 155 19
15873 385 3 317 9 61 4
630 404 1 18 15 179 3
19524 196 1 104 15 552 7
4091 155 1 30 36 185 20
7230 70 3 48 10 115 7
6089 71 1 34 37 339 17
3056 180 3 124 12 64 2
694 223 2 38 13 190 2
4856 424 1 21 87 395 7
11946 285 1 76 30 137 16
4102 78 1 47 36 609 1
7768 333 3 36 51 411 18
626 229 1 16 12 70 6
6570 44 3 95 22 274 1
9314 268 4 53 58 352 19
5402 424 2 62 68 291 4
10816 56 2 106 31 96 4
11315 379 2 165 63 138 7
2998 48 1 63 37 561 19
12645 397 1 115 24 318 15
5637 318 1 127 72 230 2
13863 146 3 168 23 182 4
13609 55 2 136 10 348 5
11141 111 1 16 40 420 5
10593 223 2 171 10 84 17
2733 218 4 183 19 311 18
11258 548 5 83 52 49 6
17068 422 1 89 20 128 17
10640 201 1 32 12 98 5
3002 410 2 67 78 367 2
17089 502 6 216 20 98 2
1744 85 1 33 16 93 2
16250 368 1 99 10 174 5
3868 415 1 60 20 116 19
9358 251 6 200 25 390 6
1408 528 1 89 24 190 6
2161 7 2 106 67 102 2
3073 499 1 71 84 438 5
13320 63 1 59 25 312 3
12693 10 1 124 60 229 1
734 493 1 65 15 262 3
3265 279 1 41 13 472 18
8533 446 1 27 17 141 5
15085 64 1 26 28 222 2
10263 126 8 190 37 110 19
14188 413 3 46 26 114 2
17598 410 1 18 49 35 16
14428 249 1 70 24 113 20
6495 354 5 206 27 64 3
5239 543 3 179 28 157 4
10176 477 1 21 12 179 4
661 85 2 199 9 135 2
2952 200 1 56 18 574 19
9902 429 2 251 15 178 19
1453 307 4 64 23 113 1
1996 331 1 40 14 61 7
15455 128 4 235 22 507 16
10157 325 1 13 68 480 15
17212 478 3 156 38 658 3
10826 45 4 142 25 143 1
18098 300 3 191 48 265 3
6435 418 2 82 61 292 20
18587 525 2 81 38 288 3
4241 396 1 88 28 56 2
12480 160 2 45 20 249 19
15981 426 1 20 38 346 15
4339 419 2 132 52 155 5
17856 482 1 33 10 614 3
1897 387 1 55 57 415 16
7508 503 1 49 33 98 6
5000 50 1 13 21 230 6
9448 213 1 15 30 213 6
2536 523 1 34 35 93 4
19169 247 3 151 18 192 4
10288 355 1 62 29 509 5
5922 511 2 42 31 110 7
15226 407 1 185 37 361 4
4220 510 2 56 25 141 6
8314 492 3 106 53 488 2
11726 103 1 53 49 391 3
7729 30 4 206 37 83 17
13789 265 1 52 21 198 5
7705 491 1 18 42 479 4
10250 457 1 47 29 195 4
19690 165 3 73 19 714 1
6610 288 2 37 25 51 6
19943 93 1 21 51 58 15
7598 72 2 82 20 286 20
8175 221 4 80 12 90 3
5672 472 3 98 10 175 2
10292 192 1 220 17 96 4
832 433 2 69 56 71 18
14843 45 1 29 33 138 1
1071 259 6 84 26 108 19
13433 38 2 120 23 468 3
16631 286 4 233 40 188 6
4203 122 3 216 30 285 3
5585 14 3 128 39 186 1
19092 254 4 365 51 209 6
17638 119 4 255 34 553 2
15345 446 1 34 63 489 4
1869 224 2 107 32 226 3
11098 479 2 150 33 487 15
7161 298 2 52 48 133 6
6663 47 2 61 69 313 1
186 53 1 80 76 465 1
7378 495 1 109 17 427 4
19453 375 1 24 36 164 16
12859 292 2 92 16 385 2
2282 438 2 43 13 420 2
4019 370 4 92 45 391 6
4998 383 1 37 9 378 3
12819 331 2 102 61 131 19
19754 247 1 23 25 156 18
11065 282 1 16 63 23 3
15660 132 2 91 18 178 17
3959 445 1 73 50 67 3
17351 202 2 95 39 502 15
11792 520 3 101 31 132 1
8295 540 2 119 10 182 6
6912 197 2 41 16 194 2
15685 282 1 26 60 284 1
15239 393 2 38 41 34 5
16410 173 5 111 18 142 5
14772 248 3 44 19 206 19
7272 127 1 68 27 170 6
19354 102 2 62 57 104 2
2962 490 1 36 40 376 2
6675 525 3 56 21 219 7
10855 45 2 101 53 545 3
12118 54 2 28 57 131 5
19226 99 1 42 23 475 7
13125 492 6 231 11 312 7
10798 27 2 74 20 323 6
2302 112 2 145 17 585 3
2685 348 1 24 19 378 3
2468 240 2 72 19 650 4
19116 219 1 207 46 562 15
1002 123 1 69 53 97 17
8541 181 1 30 73 507 19
11652 532 1 20 30 62 4
14975 120 2 67 37 181 5
15145 210 5 262 34 162 3
8287 486 3 61 14 196 5
15856 354 4 340 33 367 17
6986 507 8 208 15 170 1
1822 83 1 36 20 402 1
2694 242 2 57 23 200 16
19978 211 2 148 24 220 5
19934 271 2 49 65 315 5
9976 448 2 36 20 435 1
3508 249 2 108 57 88 15
15185 106 1 29 82 91 4
1826 253 1 32 33 716 6
8165 378 3 67 21 101 5
2349 348 2 104 17 174 7
17525 433 1 53 70 436 19
14927 297 1 19 23 239 4
3390 416 1 67 10 241 19
5140 96 1 52 57 662 16
5849 172 1 27 16 92 20
1997 43 1 272 55 146 7
16533 434 1 26 9 256 1
19281 323 1 41 42 280 1
2228 67 4 154 22 243 15
2855 234 3 149 42 343 19
3641 124 3 379 31 233 1
1382 482 2 35 37 360 5
16943 458 1 14 15 313 7
3342 212 1 48 51 222 1
4230 302 1 34 47 56 2
4484 543 1 42 55 267 1
3117 312 1 22 28 81 5
2213 379 1 310 8 60 2
19004 78 1 102 34 255 3
1925 409 1 36 35 595 1
5852 119 1 18 59 389 1
3273 29 2 103 31 80 5
2597 147 2 55 38 560 4
18980 103 1 53 19 162 5
10361 216 3 118 37 646 4
7010 358 2 77 22 584 5
7825 304 1 41 35 538 3
2902 426 2 70 8 69 18
15283 514 2 30 33 467 3
16526 305 4 93 33 361 5
9642 144 1 30 30 149 3
4356 31 1 48 20 683 18
5133 536 1 14 28 438 19
19138 472 1 24 17 159 1
19086 279 2 48 57 65 2
5950 252 2 92 73 62 20
15875 156 1 27 15 193 4
9409 237 1 16 9 263 7
18452 210 1 30 24 223 1
14978 205 1 112 11 391 16
14990 121 2 49 54 398 4
15258 419 1 30 65 304 4
8554 421 1 32 46 110 7
5755 548 6 123 27 144 2
5769 281 3 246 72 339 2
17074 68 3 51 9 171 16
6155 501 5 139 25 155 20
17230 252 1 25 11 453 16
2297 241 1 35 39 75 1
14872 428 1 150 11 349 2
5622 329 1 33 17 356 2
4946 239 3 165 20 629 3
19530 377 4 126 66 468 3
12890 79 1 43 33 549 6
15983 338 2 31 56 644 1
8491 74 1 37 21 189 5
2663 165 2 133 8 180 7
5620 69 1 322 48 204 5
5678 36 1 32 10 199 7
16757 278 2 88 19 163 5
12261 131 1 58 38 174 3
8462 360 4 54 10 286 16
4600 20 1 12 39 206 3
8916 253 1 19 24 301 1
5144 462 2 183 25 325 7
13008 234 2 154 11 283 20
10071 108 3 51 16 167 5
5094 483 1 75 61 65 19
6811 434 2 140 15 413 1
6347 487 4 192 46 90 4
551 104 1 12 18 109 4
19280 176 1 24 44 370 7
16898 467 1 10 60 244 1
12587 198 1 67 37 412 3
11391 91 2 50 32 89 6
4757 460 1 31 57 175 7
3208 407 2 99 67 72 17
14500 410 1 17 18 249 1
11390 476 1 117 15 79 18
16608 446 5 83 26 188 19
5020 320 3 97 66 146 1
8260 109 1 19 43 78 1
10340 544 1 24 16 350 18
14747 274 4 66 19 29 4
15074 395 1 16 34 295 3
18141 206 5 85 40 42 4
11510 41 2 29 22 508 7
7214 142 1 89 20 287 16
18483 62 1 42 47 313 4
2854 328 1 20 25 103 7
1019 259 1 44 26 274 5
8344 216 1 60 61 225 5
2208 166 1 84 15 218 7
19521 547 3 81 54 34 2
12827 542 2 30 27 348 3
6817 359 1 58 17 137 5
812 208 1 51 10 218 7
18081 503 2 83 26 616 5
9744 222 4 96 20 531 5
15040 367 2 118 15 267 4
2567 416 2 68 23 225 7
5167 500 4 199 51 294 2
16360 51 2 64 36 421 18
9557 56 2 36 64 62 3
15747 362 2 94 29 140 15
8176 21 1 37 69 70 2
15912 92 2 287 62 664 5
8271 135 1 16 12 39 3
14176 127 1 27 47 29 2
761 328 4 274 23 420 3
702 424 2 45 31 599 3
7325 533 1 137 26 47 3
1607 381 2 55 45 125 1
1618 314 1 49 41 99 7
11805 122 2 56 39 154 18
1243 354 1 131 15 563 7
11255 209 1 54 69 401 4
2593 221 1 71 26 130 2
6644 426 2 57 14 121 3
6940 401 1 36 31 636 15
3184 31 1 55 39 90 5
10786 67 1 88 42 185 5
19811 33 1 47 30 100 5
10372 283 1 53 43 420 15
8097 451 1 124 21 199 4
4585 526 2 101 40 75 19
10138 172 3 51 25 171 7
6792 276 2 109 34 143 7
12578 218 1 22 60 361 20
5675 483 2 24 24 624 1
1940 92 1 16 13 251 17
8173 485 1 67 14 84 1
13443 345 1 83 45 250 19
18790 343 2 82 31 263 2
931 405 3 78 27 293 5
14665 425 1 138 21 130 20
7123 468 4 202 23 488 7
2779 438 1 53 62 143 19
6955 29 3 48 17 124 16
4636 55 1 23 36 107 1
6904 476 1 30 14 294 6
7227 165 1 18 28 150 7
13278 325 2 61 13 84 4
2911 343 2 115 15 71 20
8556 185 1 41 38 452 2
7399 380 2 150 20 110 2
1276 227 1 31 9 98 2
15310 456 2 66 33 93 6
2564 113 1 64 10 45 7
3175 513 1 30 17 245 2
15494 244 1 73 62 204 19
8020 246 2 31 27 110 2
6329 324 1 78 14 457 17
16211 38 1 79 43 71 4
16860 538 1 88 20 474 15
18496 515 1 369 28 204 5
2640 430 3 105 11 244 19
95 56 1 20 40 145 6
18902 481 2 59 78 487 4
14078 151 5 330 25 216 2
2498 206 5 289 57 82 1
1989 209 2 262 14 197 1
12719 477 1 46 28 227 4
19146 47 1 13 44 246 7
1264 194 1 120 19 271 5
11562 252 1 32 51 104 7
16804 54 3 38 20 279 18
10216 13 4 158 33 616 1
1229 343 4 149 14 45 16
9231 71 1 112 33 404 17
14028 375 2 37 30 79 3
9113 437 1 23 53 245 2
18831 147 3 62 24 460 5
14929 451 1 31 38 39 17
11593 428 1 48 10 414 20
13274 343 3 82 27 182 7
10818 317 4 57 37 320 3
10337 259 1 40 32 242 6
6334 186 1 25 47 137 15
4243 177 2 48 71 211 3
1876 314 2 41 76 151 5
11212 272 4 290 40 228 6
18523 125 2 159 13 107 3
7970 296 1 11 63 431 5
563 38 2 49 13 594 19
4723 231 2 46 34 373 20
636 341 1 39 51 194 2
1962 262 2 67 47 57 17
6013 141 2 100 24 296 7
15421 51 2 65 32 202 3
834 535 1 17 41 439 2
306 164 3 136 13 84 15
10036 422 1 94 24 119 2
2329 337 1 179 25 181 7
7203 401 2 33 77 515 3
1279 314 6 70 52 59 18
979 294 2 275 58 695 17
15899 440 1 113 16 253 2
4361 219 1 58 34 210 1
6090 431 2 36 32 578 5
2724 471 1 51 12 337 17
3729 309 3 169 29 217 5
1167 341 1 34 70 378 3
6819 203 2 67 26 308 1
8746 446 2 39 48 242 3
14646 256 1 16 32 531 2
4523 223 1 93 10 293 3
19863 246 3 86 11 319 4
2669 172 1 97 20 287 19
3215 379 1 16 13 63 7
11264 355 3 82 20 138 7
18893 103 3 40 35 188 1
10789 402 3 102 25 202 1
9650 332 2 28 41 129 3
15567 128 1 66 82 141 1
19177 519 1 17 26 191 5
2985 378 3 61 22 677 4
18726 32 2 53 32 144 18
5865 468 1 32 38 36 1
19478 531 1 113 22 112 6
15330 374 1 49 37 98 5
18842 54 1 72 36 411 16
2515 489 1 16 9 186 7
14449 311 2 73 35 212 5
11812 410 3 122 43 179 5
12057 7 1 10 74 69 2
5185 206 2 207 39 580 6
2350 150 2 121 29 498 2
5730 494 1 71 19 109 1
3314 219 3 107 12 43 1
12311 442 3 66 71 40 20
17933 211 1 85 26 113 7
19208 9 2 27 24 169 3
12928 266 3 56 23 248 5
5120 125 1 30 51 282 20
8694 105 3 157 19 292 1
463 470 2 46 64 116 3
2882 496 4 190 30 302 5
15888 12 5 186 12 195 6
11261 143 1 23 39 280 16
10534 334 2 83 76 91 5
243 290 1 46 42 219 3
7474 395 1 173 18 235 2
17200 401 2 39 24 429 6
19725 530 1 27 24 337 7
12664 287 1 48 10 92 1
1656 517 3 109 60 216 7
6777 326 1 79 20 84 6
8982 155 1 26 39 298 2
17706 152 1 20 16 206 5
7648 299 3 45 80 67 4
9045 207 5 166 10 618 15
6870 15 4 143 45 122 6
9568 212 1 13 33 58 1
16398 179 1 98 16 83 2
9246 145 3 171 18 268 19
14207 252 1 25 66 485 4
18596 103 5 158 14 242 3
18133 57 1 17 32 212 18
5936 185 3 122 19 238 20
16985 411 1 16 15 302 16
4275 295 1 40 45 98 5
15880 34 1 81 17 481 7
8104 468 1 116 23 295 5
6790 134 1 33 46 124 18
15472 446 1 132 9 93 5
1261 539 1 29 59 621 1
2682 542 3 81 14 195 1
9810 287 2 125 11 87 5
8564 310 1 65 28 118 5
5071 418 1 127 20 403 4
526 337 2 54 31 31 15
12808 28 3 102 72 143 20
9165 255 2 141 29 402 3
1357 112 2 51 33 51 6
14356 440 1 102 15 55 15
7204 96 2 90 72 251 19
6418 284 5 92 64 122 16
774 416 1 81 25 495 18
8837 461 1 37 36 469 2
15202 275 2 21 14 43 3
9618 460 1 36 23 595 18
16453 519 1 25 18 188 2
4589 339 2 68 71 83 19
11573 409 1 71 44 169 2
1734 177 3 38 20 636 7
13173 233 1 32 15 609 7
6132 62 5 225 24 252 7
16371 341 1 30 59 27 1
2714 274 1 39 29 152 5
1997 170 1 31 46 214 17
5607 197 2 40 9 491 5
15354 411 1 31 18 97 3
14060 77 1 49 57 305 4
1779 538 2 17 16 209 2
10374 457 1 67 60 56 5
15885 293 2 64 26 63 1
8736 251 3 99 32 88 3
17871 442 1 34 11 209 1
2665 70 2 95 52 54 5
1919 462 1 58 23 133 7
9026 238 1 106 53 199 4
8074 28 2 65 16 429 3
18158 109 1 26 28 498 3
6213 496 6 342 10 415 17
2931 488 1 71 13 409 2
10610 48 3 50 56 371 3
5402 395 2 142 63 148 3
12734 79 3 143 15 310 4
12599 549 2 172 20 138 4
4573 131 1 68 66 215 1
13316 465 1 20 14 135 3
15433 426 1 27 14 458 19
4799 100 1 95 26 193 1
17304 13 4 127 37 559 16
16426 45 2 39 16 372 4
4055 99 1 41 49 212 16
8976 398 2 52 39 120 6
1953 178 5 257 30 558 7
11494 261 1 18 19 249 6
19297 519 1 42 40 311 5
14229 216 2 39 8 223 6
14848 5 3 81 29 711 1
3891 504 2 124 26 81 4
4355 189 3 56 52 184 1
16411 62 1 18 21 192 4
12083 409 3 124 23 170 6
12024 397 6 85 39 46 5
16183 437 1 26 21 256 19
5644 247 1 184 61 86 3
11319 304 2 57 17 147 7
13408 242 1 225 35 258 5
11975 202 2 101 22 409 18
11132 193 1 38 72 97 20
19121 330 1 18 31 549 16
18388 245 4 113 39 63 3
17885 407 7 349 32 441 3
9110 20 1 107 20 143 3
14846 448 3 152 51 227 3
1137 117 2 56 32 426 6
12641 530 3 69 14 245 18
18484 550 2 66 32 193 4
7829 169 2 89 48 223 1
4456 286 4 73 65 60 1
3709 132 1 12 62 217 7
18282 80 1 114 50 656 3
822 359 4 239 39 239 5
15269 441 1 61 25 402 3
3170 101 2 51 36 352 19
8158 461 1 17 73 459 1
1646 455 1 27 29 703 4
2479 482 1 131 18 658 3
18436 497 4 62 9 209 6
16439 299 2 67 53 435 2
8008 506 2 37 52 343 15
9172 54 3 98 14 321 4
3810 31 1 25 24 382 6
9738 385 2 30 16 332 3
1800 499 4 56 27 226 3
612 456 1 29 20 364 6
3864 129 1 16 59 29 17
8694 519 3 80 48 698 4
2813 526 2 278 10 149 2
17930 229 1 24 36 223 7
18484 125 2 210 15 98 16
14169 200 1 34 37 508 7
13819 293 7 127 35 93 7
10069 270 1 143 34 253 4
8935 391 5 126 26 101 6
3371 201 2 67 18 123 16
13264 263 3 112 11 126 7
4506 355 1 17 31 248 7
8456 16 7 158 24 130 1
19817 104 5 212 8 124 2
5035 324 2 49 15 212 18
15206 262 3 58 15 205 1
10738 179 3 184 64 515 17
17362 241 1 37 40 480 2
1298 316 1 24 43 679 7
10708 212 1 17 40 95 7
13083 491 3 103 17 45 4
7533 263 2 40 26 296 6
13424 76 1 113 72 378 1
18859 6 1 50 24 168 1
3752 198 1 27 21 123 6
9562 379 4 51 48 134 3
17236 216 1 57 17 45 5
18628 214 4 121 16 174 20
19003 309 1 41 23 480 6
12034 230 2 105 41 240 4
2058 42 1 105 54 84 7
8848 488 3 194 23 389 2
17891 432 3 38 29 417 7
17418 495 1 44 12 641 5
3127 19 3 114 14 745 18
7667 287 1 53 13 30 4
5215 239 1 68 80 547 20
2318 393 3 123 35 366 5
8243 241 8 320 40 299 3
4752 310 1 18 15 321 18
16350 282 6 198 13 279 20
19672 464 3 165 17 245 16
59 97 3 68 46 125 16
18584 51 1 104 28 335 1
5065 425 3 106 72 363 7
7881 300 3 200 17 84 4
348 226 1 17 34 653 18
11950 250 1 55 14 413 2
15292 164 2 82 44 68 5
12588 395 2 49 38 79 16
3957 448 3 63 11 284 7
16954 243 1 27 26 270 4
9443 132 1 20 31 464 5
6481 426 2 30 38 450 3
16422 186 1 117 25 595 5
1279 255 4 67 65 52 4
3024 19 1 37 20 208 2
17703 514 1 24 8 182 18
7874 458 3 157 9 41 2
6479 298 3 47 39 440 4
11305 311 1 32 44 214 19
9201 413 1 57 14 34 19
19487 478 1 55 48 439 6
12312 112 1 81 28 101 5
11137 428 1 28 35 223 2
11408 249 1 26 14 602 19
11410 447 1 24 36 136 16
9647 330 1 32 42 426 4
209 89 3 280 12 41 16
16711 235 2 52 51 558 4
4830 293 1 20 35 417 2
16169 57 4 172 16 228 5
8185 219 1 30 69 567 4
7219 369 6 145 23 201 17
13709 125 1 20 73 81 7
1829 198 1 28 34 300 7
14304 228 1 16 45 443 3
720 328 1 180 63 27 7
13513 93 1 85 48 255 6
3364 510 1 113 10 189 2
6645 69 3 200 9 51 6
14729 94 1 19 64 554 5
547 96 2 63 62 71 3
17688 181 1 70 28 270 3
3580 39 1 20 27 584 7
2392 501 4 144 11 190 7
8759 418 1 32 12 204 5
9722 382 3 56 48 232 16
14818 24 6 155 28 139 20
19386 152 1 24 50 611 6
7719 152 2 103 58 645 1
2980 315 1 232 9 286 7
15075 210 3 92 14 104 3
5160 547 1 30 43 96 6
10751 53 2 168 9 27 7
2488 360 1 99 42 329 1
16806 272 1 104 29 34 16
11438 15 7 230 49 381 1
9943 148 2 47 62 281 6
19795 488 1 26 32 48 4
12354 301 1 16 28 217 20
5712 111 2 41 75 513 19
19036 12 1 127 21 562 6
4416 396 1 102 76 183 2
317 343 4 134 58 119 20
9357 453 1 204 17 316 5
17467 168 2 103 71 478 20
19899 380 2 67 12 203 6
5399 149 1 24 36 171 6
17275 534 1 140 27 280 4
14013 513 1 15 50 65 7
7454 309 1 13 24 144 7
10124 539 1 68 51 262 3
14956 322 1 102 11 228 1
17622 526 1 13 10 148 2
12568 391 3 73 74 49 1
14636 310 1 113 66 285 2
11826 94 2 99 10 96 19
2431 395 2 173 17 371 16
15473 403 3 319 21 269 5
15148 377 1 31 42 400 4
19950 538 2 71 40 308 19
5230 27 1 17 20 214 3
3900 113 3 135 39 97 7
17975 304 1 22 74 340 16
532 212 6 186 54 397 18
5061 11 1 29 12 209 1
216 176 4 41 28 156 3
7920 167 3 100 48 536 18
4799 454 1 59 64 391 20
844 57 1 24 38 628 19
10862 221 1 46 70 32 2
490 471 6 201 13 119 3
19553 302 2 65 17 248 3
5637 114 2 71 29 286 18
1847 421 1 32 13 134 7
4238 457 1 56 21 237 1
3461 467 1 18 17 184 3
18870 60 3 88 60 388 6
2630 475 1 95 15 127 1
1603 463 5 98 14 283 17
18443 294 2 49 59 323 1
16850 415 1 102 32 295 1
7015 260 3 64 49 78 4
9664 549 1 104 21 183 7
19757 178 2 60 53 232 2
337 247 1 100 59 87 5
9877 460 2 34 22 62 15
11465 292 2 49 9 206 4
2915 378 2 43 44 284 3
12990 320 2 64 9 36 6
3391 335 1 52 40 201 20
12723 532 1 26 59 341 5
10794 241 1 50 43 113 1
5153 123 3 167 24 686 2
14842 33 1 32 38 639 3
11918 135 2 218 24 47 7
7234 356 4 173 16 299 1
10537 58 1 32 33 646 2
8806 195 5 116 20 71 5
570 479 1 20 48 75 4
8250 253 2 53 56 235 1
19567 130 3 86 15 356 5
11959 345 2 94 24 200 2
16184 455 1 18 41 213 6
1331 245 4 71 47 287 19
16146 330 4 52 20 673 19
17154 8 3 58 19 258 7
5274 134 2 130 9 195 6
7566 383 1 14 22 516 6
3984 18 3 121 17 556 16
14620 496 2 203 31 534 4
19740 140 2 50 57 212 16
3066 132 1 18 18 291 17
2758 334 1 28 15 413 7
8675 436 2 85 9 389 5
13232 523 2 117 13 303 7
18731 412 4 425 57 107 7
17645 106 6 156 13 514 3
5343 107 3 75 26 71 6
5454 305 6 188 22 636 16
5401 420 1 20 61 170 6
10080 289 1 214 18 274 5
4908 272 1 38 28 199 3
5573 550 1 55 65 250 1
9537 91 1 92 8 91 2
10289 411 5 183 13 74 2
5326 96 1 34 73 191 3
470 364 2 36 63 588 4
11122 491 1 50 52 128 4
7716 317 1 30 19 453 1
296 514 2 79 18 69 4
1375 370 1 120 23 217 1
1536 101 1 15 47 102 4
7767 230 1 16 57 151 1
8082 224 1 80 35 358 1
19914 325 2 50 26 70 6
17705 105 2 51 53 237 4
1716 308 2 87 20 379 4
5431 450 1 16 46 44 3
18735 509 1 98 20 67 6
13012 39 2 59 38 138 16
12971 266 1 135 15 229 3
4044 424 3 153 48 292 3
692 400 4 196 22 99 15
6380 213 1 200 16 275 6
9304 415 5 236 16 343 5
5338 391 2 36 67 72 2
896 139 2 69 19 97 4
2936 18 6 213 39 322 6
16152 29 3 77 13 150 5
6013 23 2 36 40 493 16
12474 215 2 89 64 408 2
7324 281 3 68 44 368 6
12842 57 1 79 43 409 3
9244 529 1 39 13 287 2
2379 25 2 61 27 163 1
17356 337 2 101 56 181 5
999 291 5 69 22 198 3
16095 13 2 39 26 223 4
6663 501 5 145 54 95 4
9238 545 1 63 9 36 16
17947 451 2 150 74 229 5
5986 346 1 39 15 159 19
4681 548 3 64 25 83 6
7550 32 3 88 15 180 3
7789 432 2 43 86 63 6
4335 136 3 59 50 37 5
101 50 1 53 17 153 19
5330 463 3 95 46 170 2
1375 490 1 197 28 540 6
10165 537 2 68 25 623 3
13477 53 2 46 26 594 1
7409 289 4 136 82 355 5
2550 20 3 62 27 605 6
1093 185 1 24 53 219 2
14478 268 1 260 15 79 2
13448 452 1 36 19 72 6
13692 404 2 114 68 31 16
9966 488 2 88 41 137 2
10943 123 2 47 15 491 7
7341 102 5 137 45 435 1
5994 445 2 101 21 241 1
10003 68 3 120 17 190 5
2013 58 5 246 8 179 1
9910 479 1 12 7 234 6
16671 176 1 26 35 201 7
11528 298 1 29 64 367 7
559 133 1 34 25 194 2
17946 284 2 68 27 109 3
4463 179 1 202 10 582 1
46 254 2 193 22 234 17
15929 103 2 38 26 136 3
14254 96 1 20 24 68 16
17777 398 3 59 61 118 3
15299 323 3 83 11 233 5
8864 26 3 95 65 247 1
1167 409 6 51 12 44 7
9559 222 2 29 38 254 6
2250 5 1 37 18 427 6
4123 391 2 129 15 92 20
13809 304 5 218 40 552 15
12676 56 2 59 15 253 3
18324 375 3 93 17 287 2
8165 195 1 17 20 173 7
10214 334 1 36 66 332 19
11037 420 3 238 19 131 1
7226 13 1 47 27 153 16
1370 75 7 144 7 111 20
16482 229 1 161 11 232 6
16650 104 1 54 37 211 1
5462 105 2 163 5 77 7
8870 487 3 81 59 64 4
10276 462 2 280 39 122 7
1957 408 1 60 22 120 2
10924 424 4 123 14 129 6
3705 66 2 67 15 150 4
2733 360 1 38 41 635 1
19865 65 4 122 9 221 6
11777 144 1 40 18 73 18
12134 294 2 29 15 84 5
9394 213 2 68 28 117 4
16273 126 2 61 38 685 2
7916 479 2 236 12 67 16
17239 327 1 22 26 418 5
14107 295 2 54 42 320 3
18435 504 4 47 17 234 2
4200 510 2 134 13 160 7
8302 403 1 50 55 625 3
1930 242 2 125 18 285 7
5880 428 2 129 21 530 19
13527 307 1 82 22 274 3
7339 185 1 25 15 249 4
10703 6 2 142 17 90 3
5610 362 2 148 12 675 7
2856 275 1 74 31 180 5
9088 41 1 24 77 57 19
14945 272 3 168 54 264 2
12164 517 1 29 57 254 3
5536 83 4 126 29 154 3
10839 242 1 113 16 644 19
6676 398 1 62 23 271 2
11175 334 1 153 14 268 2
9535 47 1 115 14 532 2
3730 541 3 114 30 127 1
9796 379 1 12 17 58 4
14767 343 1 13 15 474 2
9633 254 1 38 32 144 5
19488 84 5 318 43 114 7
18987 264 5 249 42 116 1
19826 361 2 83 15 212 4
14075 354 1 28 48 224 19
11810 375 1 322 17 44 1
6506 202 1 51 10 348 7
2792 525 1 263 52 305 5
18700 241 1 34 45 229 19
6409 429 1 84 12 61 16
18568 359 2 59 14 625 5
11203 531 2 108 29 435 3
16880 133 1 12 15 84 2
18173 412 1 53 36 297 1
11976 213 2 26 70 31 7
4147 423 4 334 69 135 15
10718 268 1 23 38 45 7
19027 74 6 363 17 547 20
98 78 1 19 23 530 20
3215 242 3 90 29 310 7
13140 483 2 33 16 242 6
1094 213 1 26 61 522 2
19847 357 1 39 12 155 4
12687 138 5 323 26 95 3
12191 310 5 150 19 260 2
14129 329 2 145 13 133 4
6280 81 1 17 11 499 6
2838 134 2 70 16 389 6
6045 527 1 88 41 117 2
12130 338 5 111 31 169 5
16886 59 2 110 27 68 16
7542 539 6 347 23 131 6
5312 444 4 129 18 394 4
6636 120 2 71 33 367 6
7627 328 3 97 17 171 20
5153 247 6 382 34 254 2
965 438 1 20 55 113 5
1091 320 2 148 25 262 3
13505 16 2 240 21 570 7
12154 196 1 54 60 408 17
18392 276 1 24 17 269 6
6020 538 4 57 39 341 1
1121 227 1 14 44 158 1
7670 67 2 47 53 478 20
16880 456 1 117 38 283 7
15011 36 2 102 11 258 5
11516 535 3 84 74 634 2
2447 524 1 19 28 429 18
6707 416 2 72 35 143 20
8924 117 3 91 19 509 17
11172 302 2 303 29 114 5
17632 211 3 215 31 202 2
18991 417 1 48 34 135 2
6547 130 3 208 28 209 6
4510 63 5 81 41 61 5
18141 114 1 13 77 229 4
9696 397 1 66 20 291 2
7808 66 4 160 53 102 6
10123 249 2 18 61 58 2
2584 262 1 164 23 479 6
4503 199 1 20 20 37 1
5237 272 2 88 61 400 4
3882 403 1 41 32 414 6
8234 540 2 121 73 295 4
6940 496 1 26 90 252 2
12718 281 2 75 41 418 6
13255 134 1 33 58 456 2
927 260 3 81 25 105 4
16711 385 2 53 24 173 5
15400 233 1 98 9 207 2
18255 504 2 84 62 153 7
9728 162 4 86 19 205 15
802 136 2 274 24 70 18
9177 291 1 91 13 221 6
4333 529 4 111 16 336 4
19586 207 2 87 19 172 1
5792 410 1 12 50 300 15
16711 121 1 130 16 386 3
9414 467 2 90 45 192 7
18922 374 3 135 60 346 7
9050 277 1 67 42 473 3
485 418 2 52 50 112 5
196 201 3 116 9 202 19
7534 159 2 69 42 650 3
16668 58 1 40 52 247 5
15650 529 2 71 54 305 6
8741 236 2 64 8 298 20
5942 292 1 96 43 517 6
8947 80 2 34 42 372 2
8510 542 1 105 13 102 3
18430 471 1 23 62 124 17
2881 405 1 18 10 203 15
7934 433 1 30 51 191 6
57 206 2 60 8 168 5
16754 177 3 59 40 83 5
63 352 1 25 20 46 6
4364 161 5 206 17 231 4
3202 95 2 49 35 383 20
14855 493 2 66 28 490 7
16472 31 2 80 16 33 4
17371 38 2 48 56 206 3
9358 63 1 25 56 555 2
1088 179 3 258 18 464 7
19471 375 3 145 20 135 7
3232 439 4 118 20 109 7
8512 21 2 77 36 232 7
8779 449 1 79 29 100 16
11657 137 4 171 49 48 18
4359 367 1 55 41 748 1
15735 102 3 55 38 492 20
1628 423 2 181 23 181 16
5187 529 4 43 16 521 2
12218 333 1 37 44 143 7
14994 20 1 33 36 185 18
4160 172 4 88 44 346 2
16500 181 7 181 63 124 3
309 464 1 24 37 150 4
2634 446 2 138 42 71 1
16771 313 1 38 37 369 7
11413 365 1 134 60 168 18
9845 24 3 77 7 117 7
18479 119 3 171 47 255 16
16480 445 1 80 83 688 18
7137 453 1 52 12 135 6
12820 173 1 15 73 92 16
15912 361 1 113 66 141 6
7870 216 1 34 24 461 4
6050 498 2 46 11 64 7
15359 313 2 125 11 244 1
13616 341 1 13 49 103 6
16785 416 2 100 28 173 6
10200 193 1 85 59 131 2
19398 201 3 118 67 505 2
16344 228 2 111 17 352 18
19169 338 1 22 35 124 17
11378 305 1 16 12 94 4
5635 222 2 67 23 554 19
1246 238 2 59 24 159 5
10858 462 3 197 21 367 4
11452 330 3 91 30 240 4
18515 381 1 33 27 174 2
16650 196 1 21 32 507 6
12988 292 1 46 67 570 2
9837 182 2 80 55 183 4
8823 12 6 265 12 408 7
19593 56 1 71 21 300 3
3771 64 2 118 42 158 18
7026 145 1 110 47 72 15
12152 399 2 129 39 280 7
16824 286 1 12 39 213 3
1900 303 2 65 12 218 16
5656 214 1 37 25 409 3
12185 209 1 19 52 442 16
16365 534 3 68 14 205 18
7953 150 2 60 22 256 5
19855 441 4 63 49 105 1
8731 358 2 55 36 58 2
11275 43 2 78 29 143 5
9332 393 1 28 36 111 5
18649 399 1 89 16 296 6
8440 173 5 101 24 198 2
933 135 1 97 43 641 18
11331 331 3 38 43 34 6
464 501 1 28 14 460 5
1344 451 5 201 78 436 20
3380 238 3 241 37 295 19
3614 86 2 52 44 168 4
15095 331 3 50 27 368 7
248 100 1 41 22 656 3
3610 204 1 25 6 27 1
6440 350 2 147 11 39 1
6926 283 1 21 24 309 4
16747 503 1 57 61 141 16
6476 434 5 245 15 253 2
5298 535 1 36 52 332 4
11642 50 1 46 40 57 1
2609 258 8 383 16 189 1
8314 69 1 30 19 397 5
13694 221 1 38 16 307 6
16974 14 1 76 7 289 20
9459 32 4 51 48 204 7
7077 370 1 65 10 215 1
4206 197 7 171 39 669 7
12562 182 1 18 57 218 6
17910 87 1 13 46 173 7
10751 463 1 145 11 102 17
1418 539 2 153 17 232 5
5541 182 1 59 42 389 1
8235 525 2 93 18 385 5
16780 340 2 47 57 518 4
9979 391 4 70 11 160 1
12312 391 3 80 19 341 2
2729 373 2 83 39 98 18
1070 305 1 62 55 96 20
7606 200 1 69 19 412 6
11824 104 1 10 67 42 18
19009 492 1 36 59 527 3
5593 539 2 59 27 553 6
7488 399 1 27 80 248 2
19965 453 2 58 9 441 3
2394 458 3 105 52 255 3
18211 94 4 101 35 100 19
5065 55 1 92 25 271 7
4843 194 2 87 15 62 5
6521 366 3 53 35 218 1
8014 328 2 72 14 210 18
6628 139 2 130 11 403 6
13290 544 1 178 30 424 2
10814 13 1 91 36 292 20
6874 271 3 120 46 282 16
7917 509 3 103 45 324 2
4928 220 1 12 6 568 18
996 458 2 132 13 29 2
15765 532 1 21 13 68 1
3481 193 1 23 23 474 2
5180 67 7 372 41 102 5
11852 489 7 315 12 117 5
14794 469 4 108 16 167 5
11657 172 1 124 35 293 15
11035 431 1 20 19 240 5
3123 26 1 34 76 84 2
3642 127 1 132 20 70 3
11812 525 5 97 23 665 1
18394 345 1 23 9 511 2
534 134 3 41 53 606 6
8196 80 1 19 37 259 6
8624 408 1 74 16 54 7
13325 514 3 53 16 155 19
19548 426 2 78 26 94 2
17921 179 2 32 7 245 16
5919 269 2 59 18 277 1
7097 409 2 78 46 144 2
3465 145 3 128 13 681 3
11432 356 4 197 21 51 2
15626 386 2 59 26 336 15
12396 13 1 31 39 418 1
12456 321 6 260 12 492 5
431 453 1 19 53 102 5
19380 125 4 129 25 567 1
5443 461 1 57 29 34 4
5313 57 1 35 23 59 15
4049 233 3 107 17 146 4
12328 192 3 65 12 137 15
4184 166 5 147 14 88 1
11793 247 1 107 47 439 18
1061 151 2 29 12 211 1
11584 436 3 203 22 220 17
17405 204 2 195 12 635 1
6295 87 2 183 28 592 4
14269 281 1 16 52 68 2
2769 538 3 45 30 377 6
229 24 5 110 25 455 4
16252 287 4 105 27 229 3
19989 545 1 21 28 341 5
9599 378 2 206 63 147 5
18026 115 1 88 20 207 6
12364 135 3 125 15 147 19
5280 497 2 307 60 90 3
1129 510 2 54 20 513 7
360 238 1 28 17 76 7
8622 164 1 40 36 411 3
8602 41 2 188 77 143 3
3216 505 1 52 26 108 20
3966 550 2 88 26 192 16
13911 345 7 139 20 49 6
17026 163 4 155 39 183 18
7065 384 1 20 57 306 3
8876 308 1 115 72 362 6
2850 497 1 34 13 593 19
17320 202 2 50 38 54 1
12032 463 1 14 14 314 20
13953 364 2 57 14 572 2
10274 41 3 75 9 204 7
2945 18 1 95 50 568 2
3507 304 1 27 44 302 2
1673 423 1 47 15 166 5
2921 300 4 217 29 227 1
16540 320 2 19 41 266 3
3173 40 3 258 52 143 1
9858 320 1 28 23 105 3
5117 505 1 32 44 120 2
10358 75 2 41 36 48 4
18270 264 1 12 47 494 1
1905 61 2 117 77 284 3
15082 295 2 140 38 216 4
2586 230 4 53 64 588 1
19747 113 6 157 16 325 4
9493 222 3 98 12 49 6
5611 32 1 112 7 219 5
1055 508 1 32 24 337 1
186 463 3 104 52 43 3
1153 386 1 55 14 229 15
12879 339 1 38 9 188 16
13551 400 1 225 34 133 15
18732 304 2 59 57 414 7
5701 385 5 109 28 232 2
1888 126 1 41 38 95 4
14521 460 4 213 10 283 18
26 115 2 68 11 539 20
15749 178 3 62 8 110 19
13316 97 3 214 15 233 2
6383 484 2 65 70 317 3
14093 220 1 41 32 140 5
19999 254 1 21 41 392 6
4243 410 1 51 20 210 18
13675 279 1 46 21 113 6
8580 466 1 13 37 197 6
1442 353 4 133 59 59 2
15911 473 1 34 51 86 1
7165 276 2 51 49 336 20
16580 237 4 73 16 105 17
5828 103 1 104 46 393 3
9526 379 2 71 21 513 5
12083 468 2 108 49 227 6
7176 544 2 43 14 66 6
19427 451 1 26 31 31 15
12020 124 2 122 41 100 2
14233 276 1 18 25 653 2
15648 351 1 45 66 31 18
6392 445 1 66 23 485 3
221 166 1 46 40 83 3
9956 256 5 184 22 464 18
9666 505 1 59 7 545 2
1117 483 2 47 38 144 19
5305 95 1 87 23 95 17
8177 68 2 159 32 270 3
6575 393 3 195 10 263 6
4203 435 3 183 27 83 20
15549 216 1 23 22 408 1
16532 507 1 33 21 484 3
4902 209 4 202 33 231 3
13174 342 2 186 25 467 18
10886 84 2 48 30 412 1
8282 345 1 15 35 369 16
15942 441 2 128 56 110 2
2621 510 2 121 42 400 3
10530 313 1 148 28 139 19
13748 57 1 52 33 135 20
6733 251 3 152 43 30 5
14099 550 1 29 14 225 7
5006 30 1 43 12 218 15
18377 377 2 38 33 39 3
2786 530 2 56 61 308 1
6512 272 4 54 52 291 16
13456 428 2 75 19 233 5
8566 479 2 369 26 251 4
6562 207 4 194 25 208 2
12087 436 3 95 27 232 3
5614 41 2 70 30 486 19
1692 443 1 17 60 215 19
18053 60 1 38 18 56 1
7498 140 1 112 34 282 15
9811 273 2 365 24 574 1
19078 345 1 64 16 102 1
19945 15 1 12 20 142 7
6665 508 4 214 25 138 20
15898 289 2 69 22 42 17
15423 377 1 54 35 78 5
1470 404 4 75 38 288 7
4534 182 1 40 24 401 18
9706 313 1 28 64 558 6
3167 284 1 113 25 528 4
12804 23 2 70 35 235 2
15689 511 1 23 33 401 1
15180 415 2 224 11 490 19
18514 244 3 34 34 48 5
13844 84 3 76 17 335 2
10475 236 1 17 11 50 20
19229 484 1 36 17 84 5
10228 453 1 87 10 24 6
16157 366 2 86 45 359 3
2273 191 1 30 62 75 4
7862 316 4 193 9 312 4
9229 364 1 57 73 422 20
4876 333 2 48 8 180 19
4859 354 2 56 40 235 6
18499 195 2 27 15 552 15
6580 85 3 202 46 251 20
14196 200 3 87 20 128 1
11045 473 6 140 20 130 1
3187 339 2 80 23 398 6
4288 282 1 85 15 300 4
2370 223 4 268 9 36 2
15178 375 1 36 35 455 20
6792 543 1 50 11 209 7
19241 92 1 19 36 396 7
4711 431 1 54 51 186 4
7916 261 2 103 16 166 1
16041 296 2 61 58 200 18
205 87 1 43 34 443 1
1005 423 3 253 18 318 4
13492 437 3 52 41 374 7
1885 363 1 129 51 69 4
16572 21 6 206 25 138 3
5707 351 5 88 56 58 7
16922 180 4 115 19 193 5
8736 56 1 24 16 437 15
6882 288 2 349 14 161 4
4392 505 1 12 23 547 7
10239 5 2 220 22 574 5
6390 136 1 47 81 85 2
11582 359 1 24 11 327 20
19635 411 1 100 21 111 19
3844 229 2 132 64 424 2
17249 68 2 99 18 94 3
13698 412 3 80 20 162 3
6875 352 2 69 39 206 5
11579 384 2 44 22 105 18
19140 536 1 62 60 224 6
13412 248 1 15 26 69 17
12446 285 2 26 44 535 7
16267 518 5 243 27 145 5
5896 406 3 34 25 47 19
19023 405 1 68 10 182 15
5076 526 3 402 51 319 4
14815 185 2 86 13 415 6
5761 530 1 36 47 193 6
14665 174 1 28 19 166 4
12277 144 4 104 37 179 15
1648 464 3 150 46 135 20
5311 83 1 31 61 167 7
17068 54 2 121 50 682 7
15852 404 3 108 10 167 5
15680 367 2 47 45 128 3
1093 540 1 25 40 302 6
11566 440 1 21 19 61 1
17576 162 1 90 15 91 17
2895 246 1 161 34 480 7
7231 429 1 34 13 408 7
13672 352 1 107 47 284 3
6161 465 1 117 31 233 1
16192 414 3 75 24 509 2
13240 368 2 69 38 57 7
6794 179 5 91 34 257 5
2830 198 1 136 29 484 1
8751 197 3 129 66 98 4
4008 535 3 74 28 197 7
14597 496 2 215 52 46 2
18359 515 5 124 10 69 15
18986 110 1 84 18 202 5
16476 138 3 121 58 172 7
884 363 2 54 68 224 1
10186 111 1 42 17 179 2
14546 31 1 48 13 335 20
5923 457 1 16 41 657 15
10176 225 2 32 27 580 6
8077 462 1 177 19 150 2
14608 256 3 179 66 359 19
17652 234 4 127 19 236 17
18236 527 2 32 56 73 17
4781 382 1 25 31 159 20
4996 52 2 97 46 571 3
12300 98 3 308 18 153 17
4142 400 1 12 77 142 1
16554 255 2 39 23 120 4
15631 14 4 81 12 477 2
27 61 3 42 25 375 4
13877 110 1 49 43 343 5
11564 291 5 222 21 89 6
10380 355 1 36 26 135 2
3660 149 1 48 77 286 17
8196 189 1 24 65 311 18
7328 394 1 35 33 438 7
6689 136 1 51 44 148 6
10273 119 3 135 19 423 5
6526 188 1 68 29 164 16
4530 490 2 43 26 112 19
9155 61 1 23 53 151 5
12122 291 1 16 41 366 7
13013 544 3 201 50 286 3
7741 50 1 37 27 552 19
12533 111 3 141 28 669 7
10770 490 1 41 17 87 16
9738 137 3 51 44 78 6
11912 5 1 157 16 444 6
2152 274 2 117 38 379 5
354 70 4 147 72 641 1
19346 542 2 70 26 227 15
14957 287 1 62 35 84 4
14904 425 3 48 51 55 1
15716 473 3 115 18 255 1
19506 177 2 39 39 629 19
16480 382 2 144 32 600 18
2594 67 1 65 62 275 15
11865 503 3 42 37 247 7
500 222 2 171 58 372 6
15491 472 1 161 57 245 1
12138 12 4 121 40 57 4
10165 17 2 65 28 644 16
17504 441 5 96 48 57 16
15047 10 2 46 74 32 5
2743 15 2 115 31 131 7
6560 228 1 17 13 211 15
16031 162 4 145 16 320 1
16829 337 2 42 13 168 4
4599 394 3 45 14 26 17
5697 492 2 51 15 48 5
16050 112 2 170 17 28 17
8172 68 4 202 26 210 17
16411 466 2 26 55 440 17
18826 171 1 50 25 123 5
15686 544 2 118 69 233 5
9821 445 1 51 20 105 20
6116 66 1 25 34 154 4
11321 199 2 66 77 87 3
5225 529 2 76 15 304 5
2908 131 2 195 12 41 19
16174 99 8 93 56 302 4
14073 505 1 52 50 159 6
18970 59 3 153 52 466 17
12548 545 6 68 35 66 6
2752 363 2 174 23 190 2
6065 456 1 31 14 436 5
644 245 2 29 23 405 20
8511 127 2 32 41 69 6
19325 400 1 92 12 266 2
2356 38 1 89 15 271 2
13181 289 1 36 80 345 6
2446 476 1 38 48 125 3
14120 268 2 58 28 47 2
11601 178 2 25 30 66 7
19273 84 2 205 17 38 4
12928 142 2 76 23 506 7
16792 405 2 67 14 214 4
19137 194 3 52 80 570 3
12091 233 1 51 41 523 5
17520 509 2 80 24 238 4
11761 539 3 224 18 274 5
15060 272 1 26 55 238 3
1373 189 5 180 9 67 16
18391 368 1 20 35 68 15
7726 391 1 108 23 404 4
12440 337 2 113 45 61 20
7378 166 3 137 20 90 2
1597 344 2 93 19 235 2
4380 75 1 14 31 71 7
17200 420 3 65 50 415 6
13736 246 2 151 39 390 3
14415 402 1 40 73 550 5
12399 213 2 131 21 381 18
16785 60 3 80 40 609 2
17562 410 4 198 22 401 1
1713 510 3 64 42 587 5
9763 418 2 50 62 92 6
15817 539 4 153 12 74 18
4033 356 1 54 9 157 6
13433 73 1 47 54 290 6
1870 122 3 189 70 111 4
10592 311 2 104 49 216 17
3304 166 1 21 18 265 5
2796 120 3 57 25 537 19
2975 120 2 119 15 86 2
3638 301 2 47 28 190 16
6838 206 2 271 69 393 18
