40 618
4 64 128 784
7 24 24 224
4 24 72 480
7 80 104 400
5 32 64 448
6 80 76 368
7 64 128 464
6 64 112 784
7 32 124 608
4 48 36 992
4 64 44 400
6 24 112 448
5 64 32 240
8 32 68 288
4 32 88 992
5 40 108 288
3 48 128 592
7 40 28 640
4 40 104 400
4 64 104 256
7 48 60 624
7 48 48 672
6 24 80 912
8 40 120 768
7 80 108 496
8 32 64 336
7 24 24 896
7 24 52 400
7 80 88 480
5 32 60 384
8 48 40 560
8 40 64 608
6 32 36 400
6 40 124 224
3 40 64 448
5 48 28 512
5 64 84 656
5 32 52 432
8 32 44 640
4 80 108 864
5420 515 3 104 81 456 15
5831 34 1 35 42 280 5
10886 432 2 159 18 448 6
531 376 1 50 15 154 4
6553 466 3 40 28 73 7
3441 27 2 36 35 143 4
1447 514 1 25 31 107 3
3217 444 6 123 37 357 7
8530 310 4 97 25 147 5
3921 390 1 33 26 435 2
8764 158 1 154 13 222 6
1371 289 3 78 70 344 2
2996 5 1 51 34 134 4
11505 62 1 17 59 286 1
196 43 3 88 66 362 2
11903 242 4 96 78 334 7
2091 449 1 185 73 87 6
3548 313 3 95 35 145 6
1040 464 1 32 52 380 7
5057 175 1 28 8 114 7
10518 158 2 30 36 152 3
10125 462 4 66 10 538 7
5253 153 1 94 40 317 20
10500 288 1 130 9 83 2
2527 164 2 106 18 202 16
10255 462 1 74 25 173 6
2750 167 1 73 20 230 5
4587 88 1 28 13 323 1
3212 283 4 166 72 307 3
1532 24 2 257 28 299 4
10500 490 2 51 36 240 15
3519 415 3 93 59 391 20
1683 254 1 107 52 91 4
1282 201 6 91 24 313 3
2686 370 3 194 32 176 15
10082 391 4 134 13 155 7
1647 258 1 29 65 179 20
10602 294 1 31 68 106 1
3761 219 1 15 16 117 6
6 538 1 13 34 218 1
9543 226 3 149 20 158 3
3971 23 3 74 80 158 4
3521 83 1 27 70 161 2
6025 472 4 89 29 133 5
4206 485 1 65 6 257 6
7553 6 5 150 33 283 17
951 298 3 153 47 275 1
2824 86 2 61 22 251 16
6612 317 1 51 29 111 20
3351 89 1 85 11 378 6
4703 142 1 38 37 326 3
2739 126 5 140 8 147 7
1399 356 2 37 17 117 3
9637 542 2 162 45 576 1
9897 249 6 131 14 496 6
8408 201 2 150 13 208 15
3415 57 2 53 18 138 6
10456 503 1 47 15 132 17
11684 548 1 219 48 254 3
5974 352 4 165 9 197 3
4270 21 3 92 25 139 5
7789 144 1 59 15 113 16
9565 407 3 92 30 254 15
4813 373 1 46 73 102 17
6175 183 2 84 14 673 5
7929 100 1 158 41 167 4
3130 244 3 178 22 230 16
11419 421 1 19 21 342 4
5417 427 1 44 12 200 3
9908 335 3 88 6 455 5
1851 102 3 150 49 124 16
7308 127 1 27 74 186 1
4842 293 2 33 33 151 2
4942 36 2 93 89 258 4
7429 541 1 10 53 391 3
1077 229 1 35 37 287 4
1919 216 3 61 28 225 7
8367 105 1 79 36 174 7
7749 543 2 72 62 162 15
7108 196 2 89 42 304 20
11832 482 1 41 18 209 1
11595 231 5 93 36 185 18
7688 392 3 46 50 141 20
5523 444 3 66 23 434 18
1197 278 4 161 10 220 4
6392 30 3 75 29 294 2
119 253 1 83 31 230 7
7494 150 2 51 26 126 6
3148 335 2 36 53 213 1
3418 260 4 240 41 402 4
4278 343 1 21 21 568 5
1802 361 2 169 28 228 4
51 148 2 87 27 156 5
11683 406 1 48 22 87 5
1626 28 2 108 37 189 18
7405 331 4 280 55 317 2
5413 360 5 242 15 295 16
2021 512 1 49 56 80 2
8777 532 1 26 44 382 5
9040 467 4 108 56 460 5
1444 36 1 40 48 260 15
11240 189 2 103 74 210 1
8443 376 1 19 32 236 5
3647 347 3 30 7 262 17
9868 510 1 196 20 233 19
4043 245 1 51 11 148 7
10986 369 2 196 22 257 3
2506 85 1 15 38 331 4
7743 345 4 57 52 175 7
6918 499 1 24 35 123 4
9407 469 1 12 67 393 7
11652 23 4 106 43 585 7
7338 398 2 158 58 204 16
5255 287 2 79 20 277 7
3641 202 1 16 40 278 18
880 58 1 63 36 210 6
9633 41 2 89 28 247 18
9517 121 1 31 48 330 4
247 522 4 245 41 433 20
6954 184 5 256 19 215 20
7424 404 3 70 25 172 5
7686 297 2 134 69 395 4
4622 149 1 30 16 561 6
7250 157 1 97 88 206 6
1834 400 1 35 7 82 15
6617 142 2 55 11 424 5
7951 484 7 260 34 364 5
5629 366 2 50 25 235 5
11830 335 1 63 54 368 1
10492 300 1 35 49 61 3
82 18 2 78 26 150 3
9479 277 1 66 15 336 6
10081 378 1 19 11 475 16
11155 280 3 146 17 278 1
8744 280 3 184 14 406 5
10234 77 4 72 50 175 5
3869 152 3 91 36 540 4
4132 9 2 52 35 735 3
1639 508 1 23 29 187 15
9906 34 3 98 28 247 5
10308 202 1 51 29 154 1
5702 266 1 76 86 451 4
4985 78 4 189 32 265 1
5816 217 3 163 22 169 16
434 96 1 11 18 299 16
11319 477 2 83 16 294 20
4918 534 1 94 28 414 20
7803 147 1 46 37 178 4
6454 74 1 26 32 239 18
9899 522 2 74 12 398 19
6705 57 2 77 74 473 5
1753 194 4 108 54 99 20
11612 475 3 240 51 188 4
5203 490 3 157 76 472 3
10263 230 1 85 17 137 1
3194 448 1 37 40 343 4
5708 516 2 40 25 112 20
7641 527 5 107 32 184 7
7536 129 1 9 70 258 1
7244 382 2 84 75 266 4
11626 293 1 52 81 374 4
4841 298 1 40 81 465 4
1462 308 1 33 28 383 2
7973 306 1 15 39 93 2
5806 193 2 131 39 183 6
4672 415 3 92 17 353 2
6403 30 1 199 60 291 5
2372 317 2 47 19 266 3
10035 536 1 43 20 264 20
3689 270 4 47 15 579 18
8015 371 1 62 16 280 7
1728 444 2 72 20 276 5
3288 308 1 48 18 375 5
3651 256 1 44 60 247 6
6572 443 2 60 16 102 6
6142 412 1 17 35 150 2
11328 527 1 31 37 195 5
213 281 2 108 20 439 4
9690 284 4 77 36 239 2
538 351 4 214 24 215 5
10071 33 4 90 21 88 7
8444 347 5 155 14 335 15
4793 317 2 55 39 112 4
3386 478 2 68 34 134 6
4626 153 3 108 20 176 7
813 306 2 192 59 339 19
4735 93 4 102 46 255 3
3802 330 1 105 68 143 19
7592 279 4 222 54 160 1
9695 300 2 61 20 111 1
8547 198 1 19 24 236 7
4821 299 2 38 53 713 15
6111 297 2 26 12 242 4
308 194 3 197 83 552 5
10653 197 3 68 44 163 5
9339 268 1 35 19 151 7
6069 118 1 248 55 184 2
8281 209 2 93 10 171 1
4208 225 2 38 10 322 17
11963 281 6 77 52 190 6
2181 392 1 64 37 356 2
1442 290 1 43 75 282 15
3858 281 1 143 51 197 7
5995 470 2 51 23 267 7
3061 342 4 148 22 378 4
11833 264 2 70 22 220 1
3263 486 1 51 30 115 5
3889 200 1 27 39 124 6
681 133 2 75 29 359 5
3223 29 2 37 26 186 4
5085 484 2 136 35 136 17
5954 436 1 133 16 141 7
514 149 4 65 33 119 2
9183 21 2 270 55 602 3
11857 65 2 127 38 167 20
2942 403 1 16 45 165 7
11877 114 5 162 52 244 3
5625 39 1 47 24 249 1
2809 419 1 59 25 124 2
7592 330 3 240 46 121 1
4635 462 3 156 34 290 1
4665 344 1 50 50 340 3
8283 95 2 34 55 684 1
10674 178 2 163 25 177 7
7535 322 1 57 21 386 19
5129 487 2 68 24 150 3
9881 507 1 31 35 230 3
2648 391 2 34 27 87 3
9636 32 3 314 62 198 20
9567 370 1 80 28 319 5
3507 524 2 105 58 157 7
8562 222 3 255 71 322 3
11896 489 3 113 10 179 2
7622 143 1 41 50 539 3
9952 237 5 173 66 561 5
11381 538 1 90 34 264 5
10159 294 1 147 20 177 2
11660 168 3 90 18 257 5
4752 40 2 25 17 242 4
1181 166 1 32 52 113 1
7233 102 4 152 60 130 6
9015 518 1 34 41 552 6
9405 120 1 52 20 273 19
4885 311 2 52 73 546 16
8130 384 4 64 48 539 3
7232 471 1 51 37 230 2
5535 418 2 122 77 181 5
7323 344 1 53 35 193 7
903 486 2 109 37 57 2
5073 448 1 34 22 61 3
1607 460 3 142 22 285 1
3577 539 1 285 74 120 3
8083 166 2 60 67 329 7
8361 427 3 91 55 620 18
5622 84 2 71 18 405 3
8974 461 1 38 31 116 6
7745 140 4 169 25 215 2
2915 410 1 171 49 161 3
10690 548 2 57 49 327 19
4184 198 1 28 15 354 3
8344 8 1 20 42 263 3
1402 539 2 195 45 282 1
2918 492 1 86 18 217 2
9984 199 6 197 19 290 1
7301 532 2 38 38 424 15
6266 276 3 59 76 388 4
5564 258 3 76 11 231 6
9038 276 7 277 24 242 3
11200 155 4 123 17 85 6
3141 388 4 374 33 199 5
5472 278 3 59 28 194 5
5682 94 1 21 26 250 19
7122 505 3 132 35 417 5
1305 255 5 129 76 144 6
10749 479 7 428 19 176 15
836 471 4 90 42 134 15
1440 314 3 72 81 330 6
6284 338 3 70 30 300 16
11437 42 2 105 55 148 15
6368 450 2 47 55 173 4
8373 155 1 79 17 189 3
9399 464 3 48 24 392 6
8795 20 2 41 50 320 5
612 116 1 54 21 81 2
810 131 2 169 43 400 1
1586 150 1 32 30 393 2
7293 254 2 25 44 284 4
9489 95 1 23 32 264 3
11637 48 4 263 53 159 2
6701 54 1 16 27 178 16
884 199 2 106 31 420 5
4555 412 4 77 58 148 3
3826 518 3 246 72 130 2
7960 129 1 12 26 103 7
10368 269 2 371 43 182 7
5684 151 2 128 32 237 5
6586 49 4 38 7 669 7
98 351 2 82 25 469 6
8523 42 1 34 10 163 3
5727 220 3 222 25 159 2
7589 544 1 24 67 193 5
1263 397 1 24 36 327 15
10033 517 6 200 27 379 2
11516 475 7 99 14 313 5
8906 282 1 21 52 564 16
223 509 5 127 46 65 3
3572 196 2 28 22 208 6
11069 376 3 364 58 141 2
9597 391 1 18 15 251 5
2185 94 1 280 42 103 7
5274 510 2 200 37 191 1
2943 170 5 160 20 263 4
6458 74 2 77 11 305 7
5114 464 3 80 25 581 6
1416 346 1 69 40 199 3
11419 429 2 43 14 302 7
5859 500 1 27 19 194 15
57 148 1 62 25 235 4
10981 286 3 42 53 129 2
542 144 1 41 62 83 5
10540 312 1 65 17 278 17
9514 63 3 337 21 220 1
11093 494 1 14 36 108 1
7494 538 1 20 23 497 4
4992 38 5 101 24 265 17
3179 222 1 91 14 91 5
9832 426 2 120 30 378 3
6315 419 2 65 25 464 3
2283 516 1 72 25 454 6
11173 310 4 461 53 271 3
5501 222 2 123 40 105 5
204 90 2 34 39 112 1
5299 99 1 51 8 121 6
10023 355 2 125 49 207 1
4409 493 2 134 25 203 3
7394 196 3 70 21 119 2
2284 470 3 186 81 326 5
1361 226 6 179 31 411 2
4388 269 4 97 45 129 3
2912 152 1 45 70 164 3
4524 336 1 29 24 87 4
10887 548 4 57 29 192 4
10033 164 2 55 64 64 15
8103 455 3 188 59 288 19
10036 195 3 170 37 281 7
2044 83 4 76 34 173 16
2086 254 1 24 36 226 19
5454 437 1 54 18 297 5
7865 125 3 124 31 414 2
3863 36 4 44 20 130 4
3934 449 4 186 45 172 6
1640 200 1 57 36 158 2
4789 345 2 360 46 208 5
69 396 1 35 21 388 2
61 32 4 90 18 498 1
3822 515 1 68 9 135 2
8026 235 2 58 28 156 20
6390 441 1 252 49 253 16
4141 26 2 46 37 216 5
5098 30 4 118 64 129 2
296 206 3 124 56 123 19
9961 12 7 261 27 176 7
5421 130 3 111 89 250 2
673 206 3 92 50 334 4
9069 397 1 28 38 106 3
9539 454 2 77 38 195 7
1200 268 4 231 28 270 17
5500 228 1 133 66 283 7
1555 298 2 79 35 287 4
10228 354 1 34 55 441 3
6551 286 1 97 31 241 1
6363 409 2 91 19 383 15
1102 447 4 90 53 100 19
7300 153 1 195 23 284 2
349 381 1 188 22 131 1
11966 511 1 28 20 187 2
2539 433 4 106 56 159 20
10446 396 2 51 18 363 6
5782 408 2 60 13 251 3
372 396 4 86 33 64 16
407 448 1 40 44 479 6
11742 114 1 75 40 400 16
9586 115 1 71 17 277 17
3777 59 1 13 57 302 2
5849 307 4 86 14 80 15
1074 461 1 99 25 556 2
6864 247 1 189 9 108 4
4636 549 2 102 12 282 19
8623 511 2 106 11 219 5
1469 54 3 141 23 188 20
582 186 2 44 81 163 6
4685 231 1 21 15 86 1
1331 20 3 55 24 287 16
9692 272 1 130 13 173 7
9404 144 5 237 11 444 6
7604 13 1 17 34 279 18
8284 184 2 41 47 329 1
141 152 1 200 49 578 3
7589 531 2 97 56 417 6
6407 548 1 20 31 183 2
2596 56 2 56 26 126 6
9103 276 2 124 24 421 3
5823 353 3 62 17 406 6
839 50 1 121 52 252 3
7506 114 2 337 44 249 19
1051 6 1 98 77 125 6
3763 84 1 67 70 178 3
10354 414 1 89 13 72 4
8234 74 4 110 31 184 7
293 127 1 22 32 287 17
207 273 5 137 16 242 15
5624 49 2 20 17 66 15
530 293 3 70 34 179 2
5707 506 2 62 16 376 18
3285 370 1 115 83 371 19
9939 239 4 70 35 239 19
8229 153 2 41 45 266 17
5526 65 2 78 60 57 7
2302 32 1 64 89 203 19
9669 356 3 250 24 261 3
10805 413 2 57 28 213 4
7162 248 5 126 48 395 5
2827 311 3 129 35 481 6
5302 324 1 61 36 104 2
4017 470 4 64 35 92 6
11800 93 1 31 47 114 5
11991 131 4 76 39 148 2
3821 312 7 253 36 202 5
10741 450 4 135 41 133 20
6930 61 5 107 39 274 1
10695 391 1 86 78 280 5
492 456 1 52 37 246 6
1607 58 2 101 14 63 4
7615 152 2 98 44 56 6
1459 379 2 189 9 137 5
666 416 3 147 16 205 19
2437 194 2 20 45 244 4
6039 345 1 167 76 265 6
7389 249 4 62 27 166 6
6306 530 2 105 65 290 6
1474 200 1 45 71 236 5
9800 29 3 145 38 284 1
9760 360 1 30 41 311 1
2759 263 3 144 21 125 6
8619 181 1 125 21 203 16
915 102 3 60 60 355 3
7594 545 3 64 8 72 2
5689 42 2 144 36 300 1
3902 402 1 43 35 147 2
4503 501 5 222 16 68 7
3944 164 1 37 78 301 17
5929 247 2 82 32 91 2
5865 257 5 73 32 148 20
10925 162 6 141 20 91 6
8956 391 2 90 87 376 2
11988 244 3 148 62 446 15
6272 64 4 89 12 237 5
7265 431 2 57 28 204 7
11751 443 1 128 9 394 7
2679 216 1 17 58 148 2
3526 365 2 154 32 111 5
3773 258 2 96 24 254 7
8110 132 5 105 17 121 3
11341 343 1 113 27 175 18
9671 479 1 139 34 261 18
1696 38 1 37 70 119 1
1336 218 2 44 45 281 6
3457 517 2 216 35 212 6
9625 462 1 119 73 71 2
3689 129 1 42 44 597 2
9121 46 1 29 45 178 3
4743 327 1 90 20 136 19
1154 121 1 21 50 293 1
5559 320 1 15 24 252 4
3498 314 1 82 39 128 4
4704 532 2 80 38 170 6
4214 488 2 40 32 157 18
3050 338 1 90 39 108 1
7730 445 1 21 9 619 5
10136 133 2 111 37 96 7
3605 410 3 133 71 403 19
8186 260 2 40 36 707 7
759 85 2 149 84 419 20
8335 19 2 98 19 160 3
8369 432 1 37 14 352 1
714 103 2 96 81 59 16
11518 282 3 74 20 105 1
7171 496 4 74 46 328 5
10875 532 3 37 18 460 18
9016 459 1 36 50 336 1
1374 320 1 38 45 190 1
8930 152 1 17 14 125 4
11982 240 2 107 33 163 20
5036 399 1 19 18 221 2
7308 308 3 34 39 159 6
4892 129 1 11 30 330 3
1174 147 2 161 10 334 4
9044 236 2 43 6 47 4
2472 96 5 179 85 231 6
5654 47 4 127 42 280 2
2233 509 5 155 29 187 2
2322 39 5 87 18 229 2
7348 543 1 26 15 132 16
682 133 1 41 9 86 3
11779 139 4 71 31 338 6
10193 520 4 145 6 307 6
2106 171 2 40 30 283 2
3415 356 4 132 37 253 6
6978 43 1 88 18 228 5
9152 464 2 59 56 168 3
962 167 5 238 21 415 18
4388 177 3 84 47 111 19
11772 436 2 47 41 184 1
1009 27 2 109 21 130 5
3296 544 3 65 89 328 16
9286 306 2 320 29 219 3
6733 549 1 25 20 242 5
140 472 1 20 8 198 6
3216 52 2 80 19 183 7
1466 476 3 47 36 99 18
7787 435 2 90 81 309 7
7298 339 2 150 46 126 5
7587 495 1 43 66 475 7
9088 238 2 76 21 216 1
11117 449 2 32 44 466 1
7362 444 1 17 72 228 2
9348 155 5 113 21 208 6
6103 263 2 74 24 334 5
9431 80 1 153 12 435 6
866 387 5 51 12 65 4
860 306 3 201 62 210 6
6727 58 5 211 22 144 18
7614 483 2 89 30 208 19
2022 119 8 244 22 172 19
5579 497 3 72 15 176 6
7408 91 1 218 33 647 2
8337 531 3 360 55 280 1
3593 345 2 173 44 319 5
6879 134 2 53 12 245 5
10473 223 2 43 23 236 19
3863 37 5 160 21 231 1
1520 125 1 32 48 568 4
1796 315 1 61 32 92 4
9774 430 1 21 47 446 7
1998 27 3 125 32 260 2
4412 345 2 188 26 222 5
2489 104 1 32 72 376 4
11515 34 4 202 45 228 16
6230 290 2 157 56 171 1
1185 330 2 126 55 226 4
11894 8 1 82 37 122 3
9480 527 1 43 90 323 4
7569 321 2 102 24 440 5
1636 275 2 90 77 410 4
2925 372 1 418 64 191 2
422 114 1 27 17 233 2
264 354 1 12 36 134 6
9902 178 2 82 36 312 1
339 421 4 156 24 248 3
9386 523 4 80 34 179 7
6050 333 1 60 26 219 5
871 85 1 17 8 360 16
3163 220 1 91 63 240 1
5254 445 3 232 20 103 5
11596 86 3 50 45 173 3
10266 493 6 308 57 152 2
6975 30 4 293 37 150 5
970 217 2 195 52 238 3
3086 130 5 401 60 344 3
1074 384 4 173 57 70 3
4553 442 1 46 55 575 7
10183 168 2 31 44 304 18
11306 396 1 31 44 168 3
8831 402 2 27 22 259 6
11519 55 5 298 41 233 2
10951 394 2 66 16 153 3
6695 508 5 79 62 138 6
11438 157 3 48 44 437 4
708 397 3 98 35 95 4
7762 377 1 20 14 598 20
10442 139 2 127 55 417 15
7923 488 1 53 22 296 4
1942 466 1 59 18 291 3
10962 337 1 25 15 266 16
2778 485 1 44 42 238 2
9682 163 2 167 12 306 1
1769 90 1 141 29 222 19
3594 180 2 38 33 98 1
7754 131 1 131 9 380 7
1404 169 5 48 33 193 3
9389 30 1 32 20 357 3
8628 70 4 87 17 308 7
3646 244 1 138 36 323 6
5036 111 2 31 39 217 19
11409 236 4 170 15 450 7
9173 264 1 80 25 290 16
1767 406 2 52 22 186 7
9322 448 1 133 71 411 6
6515 195 3 88 42 574 4
8699 314 1 38 17 429 7
8005 506 3 135 22 287 7
10700 207 1 90 14 218 5
8385 17 4 112 39 335 2
7773 82 2 33 14 214 19
10308 396 3 98 57 534 2
10693 36 1 47 18 104 15
6 97 2 88 63 154 1
6257 487 1 26 21 263 2
570 343 1 196 61 308 3
1009 82 5 223 10 144 16
8724 376 6 129 38 167 6
5732 145 1 169 26 197 17
1518 368 1 25 20 321 1
245 448 1 108 79 117 7
9624 514 3 80 25 221 6
4317 273 2 67 30 312 5
522 207 3 58 10 625 7
2411 514 2 36 34 121 19
