6 77
5 32 104 416
7 80 60 800
8 80 92 432
4 80 84 256
7 64 80 304
7 80 96 992
2145 157 2 64 13 238 10
1606 24 1 17 6 150 1
553 113 1 37 38 324 8
533 141 1 39 11 170 10
639 6 1 67 24 252 1
1539 188 1 42 33 111 2
36 73 2 66 21 155 6
80 153 2 41 33 240 9
537 250 1 44 31 168 10
1919 8 2 70 11 102 1
243 264 1 33 37 365 2
1342 255 1 39 22 43 6
2020 110 2 54 28 294 4
2195 132 1 31 16 180 2
1680 16 2 35 19 73 5
1274 75 2 81 14 151 10
904 233 1 44 9 114 7
35 170 1 21 37 40 7
89 288 1 16 33 23 7
1097 271 1 80 17 291 6
2162 266 1 29 7 194 8
1457 235 2 87 6 23 1
1267 222 1 69 29 25 10
770 119 1 19 14 166 4
1734 3 1 27 7 239 12
1087 177 1 15 33 54 1
1564 118 1 30 19 263 6
628 268 1 19 25 273 2
631 240 1 38 16 341 12
506 201 2 66 11 30 7
1752 64 1 12 34 83 8
1795 241 2 34 11 155 12
1373 180 1 19 41 65 5
1513 184 2 32 23 321 11
1457 122 1 60 7 39 2
630 94 1 43 11 27 1
1730 220 1 30 21 306 7
280 216 1 15 15 80 12
1148 185 1 34 34 121 11
352 253 1 18 8 23 11
1342 126 2 68 12 77 1
837 74 1 26 27 133 12
1906 114 1 28 27 70 6
1342 190 1 83 21 156 3
1399 11 1 34 23 62 12
471 157 2 51 28 102 7
1507 151 1 20 38 100 1
1798 129 1 21 10 44 1
902 282 1 29 28 102 11
112 187 1 23 10 110 2
50 128 2 84 9 87 4
2210 70 2 33 19 130 12
2087 60 1 85 20 98 4
1973 251 1 30 15 74 3
952 183 1 55 17 154 8
2047 261 1 34 14 45 8
2470 238 1 21 12 209 1
1410 7 1 40 22 295 12
1212 91 1 35 12 111 5
1444 199 1 16 23 89 12
214 211 1 9 33 97 8
2267 83 1 15 17 198 7
1442 239 1 28 37 90 6
964 290 1 8 29 75 3
2328 232 1 40 12 390 1
2280 91 2 71 18 241 7
437 90 2 74 27 241 3
2028 79 1 36 13 152 10
1460 152 2 83 20 226 6
1746 2 1 38 17 100 5
2348 203 2 87 4 255 10
937 249 1 66 6 143 8
1065 247 2 49 16 36 5
1495 123 1 44 6 212 10
280 146 1 42 15 65 5
2314 111 2 36 31 67 6
579 181 1 85 20 32 10
