43 794
8 32 128 496
8 40 88 576
8 48 128 640
4 24 44 576
8 80 128 624
2 24 96 624
4 24 48 768
8 32 88 368
8 48 128 480
2 64 100 224
6 24 100 704
7 24 92 784
5 64 52 720
3 32 64 592
5 32 124 672
3 80 52 896
5 24 128 400
6 32 96 192
2 40 96 784
3 64 40 448
8 32 76 896
2 80 108 400
6 32 64 448
8 24 128 448
8 48 36 192
2 48 64 928
5 32 72 752
4 40 96 576
4 24 48 640
6 80 36 416
7 80 44 592
2 32 128 416
3 40 56 496
5 48 96 640
7 64 104 944
5 48 64 768
4 40 76 448
2 32 76 960
2 48 92 944
2 24 56 608
5 40 28 320
8 48 116 464
2 64 60 272
5981 576 2 37 46 345 8
2821 633 2 41 56 288 16
7697 26 2 74 23 323 12
911 154 1 25 41 623 16
1921 22 1 32 30 215 3
1280 292 1 27 19 349 8
1996 123 2 51 62 208 18
9068 111 4 187 76 116 4
10449 551 3 146 50 245 18
8492 216 1 30 35 116 12
7562 286 7 138 80 268 20
697 293 1 11 35 287 12
6680 637 1 27 17 338 4
9547 196 2 51 46 118 3
11559 77 1 16 24 172 7
223 576 2 81 59 228 1
2628 373 2 94 34 548 20
5382 569 1 54 13 243 1
11655 131 2 44 48 240 20
1804 213 3 110 69 379 20
5028 171 6 153 21 79 12
7842 38 1 200 13 310 2
4018 337 1 28 24 90 14
4227 63 1 36 29 128 14
4104 640 2 67 54 138 6
8065 56 2 19 50 281 13
6304 170 4 49 23 460 13
6891 607 2 146 34 603 11
7924 450 2 64 36 292 13
5550 231 2 119 34 403 3
1962 324 2 91 34 426 7
4251 401 4 286 25 121 7
2764 396 2 35 24 360 9
11918 312 3 57 13 369 19
4482 400 7 95 60 443 11
11992 643 1 51 21 630 12
11106 297 3 118 35 105 9
1139 219 2 33 29 210 17
2458 524 2 118 9 73 18
3880 40 1 15 23 455 18
6089 444 4 63 60 301 13
4038 131 7 200 16 205 15
2779 516 1 159 81 254 13
8404 525 2 49 28 569 19
5882 641 8 73 77 225 13
11461 381 1 98 13 201 20
8025 381 1 40 54 172 9
7290 310 2 19 51 124 19
5550 416 1 102 19 273 8
11954 552 2 56 14 79 3
2175 186 2 72 61 269 8
6591 193 1 18 79 258 13
7081 203 1 66 67 379 7
5044 154 2 37 38 439 1
7147 397 2 32 30 276 19
7562 159 3 210 79 324 5
3632 649 1 68 27 449 4
7020 538 2 111 74 226 9
4559 143 1 37 39 271 5
4000 395 2 70 12 350 1
8388 467 1 22 37 496 13
6310 300 1 18 39 335 17
3122 85 1 37 58 284 2
1554 460 1 16 23 526 14
10047 67 1 12 40 232 8
11076 119 1 145 26 410 4
588 421 1 39 17 488 17
6181 310 2 41 67 143 14
11648 526 2 103 55 85 3
5054 569 2 32 24 174 5
10950 177 1 200 45 582 18
9710 585 2 107 35 324 17
9086 590 1 21 10 227 20
8142 55 2 195 29 187 15
1231 542 2 61 24 316 20
10742 443 4 74 55 375 18
8069 70 1 16 43 475 6
7333 609 1 32 79 459 5
8106 362 1 50 45 605 7
5771 170 2 190 16 274 20
6448 406 2 95 51 299 8
8187 282 1 27 45 289 13
986 214 1 55 22 415 9
4649 277 1 113 23 158 17
11926 138 2 46 29 194 8
7808 226 2 128 29 352 16
1896 251 2 68 35 529 4
848 339 1 21 39 241 9
10426 579 3 218 64 248 11
5004 368 1 24 55 55 20
6046 443 1 36 43 289 14
1849 403 3 47 22 254 7
3429 301 1 28 39 235 20
9226 140 1 94 42 274 9
6429 178 1 32 40 342 17
10241 274 2 21 29 218 18
2969 406 1 30 30 211 12
466 640 1 31 18 232 8
2731 307 1 48 21 409 10
1834 42 4 61 33 482 2
8975 99 2 25 48 304 14
10918 555 3 100 28 332 16
10301 20 2 98 80 411 5
8551 66 2 106 44 440 11
5839 151 4 78 32 472 8
783 423 2 116 13 306 6
5866 35 1 132 25 428 10
9435 178 4 173 50 354 13
4033 211 1 18 33 297 15
7752 233 1 48 63 146 18
2859 512 1 29 18 303 19
3808 538 2 227 26 528 16
10459 195 2 83 86 300 19
2562 415 1 18 24 79 17
1809 28 1 48 43 340 4
7893 291 2 37 13 418 11
2792 103 2 57 15 241 12
6266 407 1 53 22 114 11
2635 363 1 27 24 153 7
6030 644 3 61 81 320 17
1407 411 1 79 56 335 19
8726 390 1 49 32 175 16
5735 46 1 38 44 205 1
5879 317 2 106 20 301 12
9705 546 4 70 16 143 16
4603 389 2 21 31 232 11
279 339 1 32 20 334 1
5565 262 1 16 39 58 19
5965 456 2 63 27 238 10
5547 379 1 31 66 576 9
9831 94 1 89 22 160 19
8028 410 1 14 21 405 18
10772 423 1 23 27 187 20
10929 485 1 16 31 306 14
8389 520 1 64 28 399 2
6781 282 1 116 23 216 18
10357 41 2 75 26 258 8
6389 172 4 82 31 205 7
1801 331 1 21 28 130 19
7465 243 2 71 37 318 18
8775 638 3 40 21 165 19
9710 65 3 50 46 242 3
9524 443 1 45 32 345 17
1457 494 1 39 58 99 20
11971 568 1 17 50 294 14
8129 95 1 30 46 205 8
9177 598 2 39 31 694 14
5154 127 1 51 78 130 2
3036 290 2 116 19 427 1
2861 30 1 78 70 394 3
7758 345 1 34 22 277 16
3930 641 1 40 39 434 4
5967 309 1 29 33 254 18
3750 220 1 32 17 345 20
5563 25 3 179 30 629 15
11613 37 1 60 45 164 13
5454 611 1 27 45 181 10
10976 176 2 112 36 457 10
977 515 2 58 41 364 16
3437 580 3 71 37 223 6
10654 320 7 235 44 260 18
5761 553 2 84 11 298 10
9132 595 1 12 32 149 15
11594 352 1 32 29 206 2
4566 579 2 62 30 240 4
9500 58 1 18 29 216 9
9302 472 1 18 27 198 20
3676 364 7 216 22 119 5
5271 311 1 22 29 184 3
7980 255 1 63 30 220 15
3264 25 1 38 40 456 19
2432 179 2 79 41 125 15
11219 645 1 51 59 162 14
4390 550 3 125 46 85 20
6434 191 1 15 52 499 17
7410 95 2 61 42 325 3
7704 220 1 48 26 201 1
9172 274 1 79 36 213 15
7643 122 1 17 61 170 1
9758 373 1 12 72 257 14
8269 218 1 30 36 337 3
7401 198 1 17 18 454 7
3777 447 2 57 19 178 14
7999 595 2 85 54 327 7
4205 39 4 66 67 217 11
6768 296 1 39 49 674 7
8396 452 3 74 29 198 1
6326 300 3 61 28 422 16
579 638 2 53 41 285 11
3768 565 1 80 39 665 10
11838 147 1 52 89 293 6
3069 601 1 55 26 304 13
2770 492 1 121 35 237 15
3760 172 4 207 66 335 4
4874 309 2 36 53 374 13
8846 391 1 29 25 233 18
3106 12 1 39 75 121 9
7581 591 1 28 19 143 15
8486 459 1 58 14 176 20
542 403 1 159 39 248 14
4648 578 5 99 27 342 14
7982 53 2 54 10 138 9
9856 414 3 67 25 325 7
3365 460 1 23 42 167 20
5812 180 1 25 89 98 20
659 490 1 25 37 429 18
5080 287 1 164 53 190 3
189 609 1 40 65 236 13
7562 425 1 163 19 116 3
11498 144 2 126 10 88 17
10738 217 1 26 25 267 20
7249 595 2 77 24 359 4
5282 365 2 104 40 288 3
601 65 2 26 17 313 13
3273 80 1 51 33 258 12
6463 236 1 85 68 138 2
10606 399 2 33 45 137 1
10211 342 2 27 26 316 2
3987 348 4 50 21 218 14
8977 161 1 26 44 390 9
1869 263 5 240 73 337 20
7085 536 5 295 15 166 17
5621 418 1 30 15 241 20
7789 174 3 69 39 400 14
9491 546 2 37 24 499 1
1191 392 2 63 37 256 18
8285 560 1 43 63 125 5
8230 182 4 85 64 164 11
2234 261 2 48 25 376 15
1190 203 2 50 26 429 17
7180 521 2 134 22 472 7
6214 313 4 126 58 260 13
3206 22 3 110 25 129 17
6052 556 1 92 36 140 18
9451 558 1 26 65 399 18
4069 11 1 74 46 397 2
11564 573 1 54 23 497 16
8810 50 3 104 11 189 14
8990 648 3 110 64 318 14
1108 371 5 147 51 73 15
6098 325 1 11 59 184 13
8376 397 1 13 45 255 19
11230 350 1 54 30 146 10
7877 219 1 58 14 655 7
8079 546 2 29 65 192 7
6706 561 3 81 51 297 10
8110 518 1 65 16 178 3
1276 642 1 66 73 336 8
11078 368 3 152 14 115 8
4184 123 2 123 22 232 17
6299 564 1 29 75 258 3
4727 347 1 12 24 251 7
5598 59 1 24 33 167 15
8527 234 2 35 22 405 11
7644 75 3 34 26 526 18
7888 558 1 48 22 335 19
11112 301 1 24 26 91 1
11966 641 4 153 35 325 2
941 352 1 81 33 86 12
3550 552 1 29 47 292 11
9784 447 1 112 14 126 8
7242 321 3 40 75 151 2
4721 283 1 20 23 270 11
9664 404 1 62 57 92 10
9922 472 5 81 37 521 12
2082 423 2 51 39 196 7
3049 95 5 213 11 241 5
9243 174 2 66 8 170 13
2588 557 1 24 14 216 19
9295 104 1 31 47 229 5
4828 144 1 92 26 193 5
10514 610 2 108 23 250 5
9882 630 1 49 69 363 14
6784 593 1 9 14 391 11
10033 525 2 149 54 314 5
237 412 4 47 14 315 9
5574 64 1 25 31 424 1
1567 485 2 99 28 158 11
9265 458 3 116 61 410 12
9128 135 1 13 33 249 2
11399 43 2 22 32 184 16
3670 92 1 26 55 136 14
6879 111 1 70 40 208 9
3728 401 3 145 10 133 17
3350 443 1 19 63 232 3
3810 222 1 38 22 166 10
6400 585 4 214 35 198 13
1954 272 4 319 11 175 6
2494 551 3 133 13 547 15
7359 496 1 27 52 72 4
2505 146 1 13 14 301 9
4465 499 1 19 50 384 6
4123 89 1 24 39 111 15
11312 288 1 11 23 147 14
7418 99 2 182 47 159 15
11970 507 1 41 31 506 20
8857 292 2 60 36 494 3
6422 542 1 40 28 426 18
11268 466 1 19 27 272 9
8705 520 1 26 46 549 9
1354 513 1 37 24 294 5
9311 467 3 77 32 85 15
8059 89 3 92 9 202 13
6520 167 1 9 61 548 19
6823 224 1 27 63 370 7
2267 472 1 12 58 140 16
2266 301 4 68 27 331 20
3457 518 2 28 36 550 18
5107 326 2 102 56 264 8
4305 282 3 77 35 153 19
10850 318 2 181 23 600 9
6410 170 2 34 33 246 8
6678 154 3 64 41 443 14
3023 547 1 109 18 256 17
11599 258 1 46 21 440 2
5661 466 3 83 37 182 18
9550 317 1 24 32 655 17
2009 290 1 25 42 302 18
7737 524 3 95 20 241 8
1004 626 2 63 31 296 14
3653 177 1 24 47 343 11
10567 128 2 53 24 426 19
3559 548 2 38 57 322 7
5748 523 5 113 72 438 8
1423 433 1 28 15 88 8
6333 303 1 39 31 221 14
5243 275 1 27 12 85 2
77 567 1 116 13 585 2
5129 284 1 14 17 349 6
614 590 3 265 19 361 4
280 503 7 307 51 415 8
10993 571 2 55 22 634 5
5458 618 1 120 48 216 4
8800 626 5 87 25 111 20
6330 344 3 138 52 164 5
3107 288 1 244 22 261 19
3641 516 1 18 32 108 4
1363 206 1 17 26 137 19
2129 443 4 168 73 219 3
6802 74 1 33 41 629 18
5964 238 1 28 43 627 10
10099 71 1 35 35 136 10
1837 400 1 30 27 144 6
10060 234 3 31 12 509 7
8473 489 1 13 41 135 13
7571 146 1 24 29 120 8
3505 535 2 102 53 493 1
6861 534 4 164 23 510 6
4107 507 2 43 76 237 10
129 60 1 21 60 399 6
10241 133 2 231 39 295 10
2079 487 1 27 26 335 20
3615 537 2 66 46 204 15
5895 47 3 50 52 448 15
9806 455 1 54 67 160 6
4203 67 1 28 35 139 14
6198 579 2 142 38 289 3
91 569 2 33 36 306 9
997 326 3 39 39 328 9
90 447 2 93 18 249 14
8379 35 5 103 86 260 2
4930 450 1 35 26 451 18
10177 96 2 39 42 492 13
11474 66 5 76 48 255 20
3249 332 1 46 21 191 15
2128 21 1 28 16 183 8
11872 581 1 46 31 142 20
9347 432 1 85 28 211 3
3268 633 2 82 29 203 14
2320 593 2 109 47 317 5
11143 205 1 30 62 264 3
7940 192 1 21 9 80 18
3050 184 2 72 28 120 1
4304 515 1 101 29 517 4
9054 222 1 33 17 150 16
7149 372 2 35 26 357 4
1631 639 1 22 43 384 1
5049 132 2 97 63 399 16
8858 429 1 23 32 152 16
4514 581 3 102 60 258 6
10199 409 2 37 27 283 9
1180 176 2 62 28 353 12
5421 212 2 67 32 137 16
3513 169 3 295 22 229 16
2965 418 1 26 15 134 15
8976 322 1 313 20 420 15
4355 57 2 106 16 124 20
9481 257 2 136 49 329 12
2633 273 1 46 21 194 11
1867 605 1 37 54 673 6
4016 355 1 27 50 131 17
6394 192 1 28 30 410 16
475 498 1 24 19 416 18
3888 107 1 16 51 474 15
3648 184 1 124 75 115 8
2595 364 2 120 20 319 5
9047 386 1 46 13 243 6
6591 626 2 36 26 237 4
5979 487 3 34 47 252 14
6543 166 5 211 44 425 8
2653 214 1 53 38 385 10
10960 298 2 57 56 126 7
10210 501 2 65 25 321 15
3647 45 1 157 50 158 15
3889 421 2 50 48 265 10
3590 63 6 147 39 144 9
8758 368 1 40 23 314 6
8579 436 4 81 56 224 15
8341 24 1 29 11 177 18
1053 584 1 85 16 228 12
3320 323 1 54 29 112 2
8541 217 2 33 39 315 11
4785 295 1 18 23 264 15
6234 127 1 67 72 166 12
3064 384 1 34 25 201 4
10391 267 2 38 35 421 16
1671 492 1 26 34 56 13
7973 350 4 245 38 251 16
1042 404 2 56 32 240 3
5773 146 2 44 59 290 18
9284 431 1 44 27 180 15
6801 616 1 24 49 381 14
10340 228 1 27 23 211 20
8174 57 1 16 11 276 14
5308 94 1 30 24 449 6
5567 329 1 24 61 51 3
3732 407 2 36 35 443 18
9509 408 3 83 42 171 2
6343 315 1 38 42 165 11
6310 539 1 99 21 130 12
5642 499 1 78 39 616 1
10445 631 2 49 41 180 12
10454 442 1 85 62 430 1
892 385 4 176 13 118 16
8975 326 1 26 32 265 8
6677 151 3 92 19 289 20
2543 623 1 34 25 193 12
10412 172 3 135 29 575 15
8907 482 1 21 44 153 19
9965 435 4 65 23 553 11
11599 508 2 38 60 391 15
9787 206 2 44 13 118 2
4170 120 3 40 70 146 19
1219 104 4 47 54 111 11
5495 573 3 50 45 131 12
8266 253 2 154 75 188 15
87 43 3 45 31 129 1
917 478 1 65 42 361 14
8486 243 3 95 28 506 15
1528 75 3 78 90 241 11
3915 191 1 29 32 289 9
5334 151 1 52 20 403 18
1828 236 4 89 19 270 4
3979 620 1 56 29 507 2
1609 444 2 119 82 193 1
6484 170 4 77 31 215 13
10770 514 1 9 23 187 10
3893 14 1 66 43 466 10
10628 287 1 50 11 264 6
5019 493 2 36 38 129 11
10642 397 1 30 27 123 13
6133 283 4 60 42 110 4
4003 583 1 17 14 421 14
5503 51 3 94 34 359 12
11796 53 5 74 35 382 14
4416 172 1 26 36 186 14
1139 141 2 37 39 574 7
238 357 5 114 43 500 4
3637 613 4 136 21 352 9
5350 302 1 49 44 396 3
2972 290 1 90 65 378 13
3987 176 2 20 24 326 7
1628 172 2 80 49 481 2
2264 70 2 29 44 237 19
10578 270 3 112 16 117 9
1621 324 1 47 46 355 16
1200 435 1 32 18 607 10
8355 490 2 136 44 251 2
2726 522 3 84 50 444 1
1244 125 2 148 17 172 5
8684 75 2 97 52 312 3
6485 68 2 146 35 288 10
3799 423 1 16 44 93 2
976 59 1 12 49 218 17
4638 185 1 22 47 218 3
1491 198 3 122 30 359 17
9522 435 2 84 34 190 6
8287 639 2 238 49 189 3
11293 111 2 223 11 117 1
2603 575 2 57 52 279 17
6905 404 2 45 47 329 13
337 203 5 101 8 117 6
6330 395 3 93 41 440 2
9197 539 1 65 39 196 9
11503 233 4 116 9 138 6
10704 426 1 44 73 297 19
8806 539 2 62 61 111 5
9254 339 1 64 16 299 17
10052 369 2 62 16 104 17
10741 49 1 34 37 411 4
884 636 3 202 17 278 5
8067 359 1 10 33 393 14
6749 18 2 38 17 298 15
9245 103 1 21 29 269 3
8467 397 1 57 59 451 2
8593 524 4 125 17 198 2
1933 143 1 63 17 438 12
5438 218 1 93 37 344 18
8430 43 5 55 49 480 7
5188 138 1 24 31 465 11
10565 176 2 94 57 132 11
2512 292 1 43 53 121 17
8767 23 5 69 32 246 11
8276 24 2 116 67 160 5
4422 117 1 25 26 555 4
3959 250 1 23 6 191 5
11465 572 2 71 52 165 4
2233 384 1 11 11 572 14
6183 389 1 18 54 387 8
8406 185 2 62 56 581 9
546 348 2 80 37 679 8
5089 346 1 27 18 154 18
9251 73 4 82 28 450 2
6877 421 3 104 25 649 7
10914 630 2 40 30 573 17
10030 189 3 154 82 252 8
6347 123 2 40 44 215 18
4535 538 3 51 34 416 13
2941 296 1 25 20 49 15
11996 411 4 101 37 311 3
8477 81 3 139 9 217 6
3374 306 1 19 28 134 8
1434 96 2 68 39 112 10
11000 591 4 305 10 308 11
739 257 1 20 34 379 16
5747 374 2 25 24 259 9
10876 69 2 99 69 517 10
3884 91 5 100 35 201 14
5924 365 1 38 11 445 2
11066 179 1 34 48 467 18
10914 442 1 153 10 103 11
6192 461 2 169 26 577 8
6926 513 2 186 83 355 1
5298 639 4 167 34 197 11
3724 337 3 220 49 211 17
9694 358 5 129 66 424 3
623 272 2 47 54 121 7
438 33 4 60 74 165 14
1222 223 3 126 22 674 9
11917 597 7 102 60 282 1
6686 31 3 77 38 294 1
4707 230 1 26 30 291 3
6271 374 2 239 17 142 16
7112 33 3 169 53 396 10
466 589 1 19 53 400 13
9466 243 2 101 10 233 4
2639 184 5 424 75 134 9
2926 94 1 85 37 131 12
1169 520 3 301 17 235 16
3717 632 4 65 78 177 8
9687 124 4 213 13 108 10
10614 347 1 148 33 329 16
7522 366 1 208 39 430 18
6812 585 1 28 31 480 12
8677 526 1 54 17 409 4
10930 116 1 27 20 301 11
6711 201 2 25 15 275 6
3473 497 1 20 21 441 18
11005 589 4 113 58 282 17
1652 445 1 281 74 287 16
11231 247 1 49 23 187 15
5642 447 2 259 85 252 7
10624 433 2 21 67 244 20
4752 29 1 12 42 435 12
6635 393 2 54 27 98 17
11142 362 1 126 7 205 6
11539 210 1 35 38 139 4
2549 424 1 200 90 414 19
11985 116 1 40 36 284 17
8053 322 3 52 78 185 14
586 516 4 329 18 319 17
9451 480 1 28 55 169 14
4132 123 5 100 30 267 6
11585 522 1 35 67 108 7
5627 199 1 61 32 219 8
11916 321 4 57 9 201 11
5119 121 2 29 33 369 15
5603 144 2 31 38 299 3
11777 610 1 113 62 275 5
7881 15 2 193 27 362 2
6765 376 1 103 67 333 4
10851 130 1 49 28 461 12
5017 577 1 78 79 139 12
1187 472 1 11 55 205 16
9048 461 1 19 12 422 10
7635 513 1 25 19 77 20
7749 258 1 50 54 221 15
5533 518 5 295 50 392 7
1710 210 1 30 43 308 19
9844 304 1 30 33 219 14
11120 110 6 131 55 262 14
2502 290 1 31 36 501 9
5227 255 2 125 27 249 10
3739 417 1 145 23 239 9
2392 102 2 169 15 298 7
4381 441 1 41 23 144 10
2111 223 1 30 64 687 14
10112 193 1 71 26 241 13
11964 364 2 66 28 177 2
3600 221 5 468 40 218 9
6491 636 1 52 23 479 10
3591 14 1 17 39 541 5
7476 69 2 72 29 155 2
5536 16 1 51 63 122 17
8845 644 1 40 23 99 10
3629 426 1 65 16 210 13
8352 441 1 18 19 323 17
2086 371 2 101 35 474 11
8627 332 2 58 28 358 14
11000 187 2 37 15 417 14
5660 47 2 54 30 112 18
3805 182 1 40 48 146 10
1490 391 1 37 28 121 2
11886 298 1 39 42 589 12
1690 392 1 26 46 314 1
407 255 5 255 27 642 20
536 464 1 23 34 449 12
4164 286 5 103 31 261 3
2764 535 2 283 26 203 11
5559 56 1 160 18 379 15
4369 265 4 177 19 205 6
5548 463 2 73 49 517 12
1615 435 5 101 32 186 12
5160 646 1 46 68 81 16
3672 318 1 41 62 73 11
7898 615 1 45 40 116 6
11325 633 1 35 34 293 14
4943 109 4 229 14 440 9
4464 164 1 33 75 195 11
7771 578 1 61 38 352 20
5177 469 2 37 28 297 13
7944 235 1 44 22 253 16
10750 16 1 31 35 209 15
5587 269 1 228 31 337 19
7788 604 1 96 62 99 18
1916 553 3 134 16 261 20
10148 479 2 24 24 554 8
11949 195 2 19 40 87 13
1168 454 4 53 19 398 5
8001 236 3 134 27 341 18
11043 237 2 29 15 484 1
2713 267 4 240 44 196 10
9637 462 4 157 13 86 17
4628 371 1 33 57 549 4
10936 464 1 38 39 68 10
51 135 1 130 54 401 14
2371 586 2 90 32 386 18
1062 216 1 17 57 298 3
4362 556 1 40 28 212 8
8841 309 1 37 33 281 3
4217 385 1 34 22 230 16
2786 547 1 37 33 221 9
9125 597 3 155 16 182 2
6913 340 1 32 27 171 18
9136 554 2 113 30 210 10
11066 243 1 15 23 315 6
1946 197 4 49 11 426 6
5983 629 1 17 29 67 10
2275 640 1 65 36 267 16
94 40 2 77 36 270 19
5663 227 1 33 18 343 2
10003 641 1 14 37 287 7
3835 521 1 91 36 60 4
6638 100 3 177 17 174 16
7571 171 3 84 35 138 7
8913 242 1 28 42 528 6
439 352 1 24 68 444 12
1479 541 1 40 28 395 11
4788 300 3 58 53 433 2
4577 152 2 53 41 209 10
2577 607 1 58 25 539 13
1007 363 4 99 26 354 11
11127 159 2 49 35 435 14
2295 574 2 135 30 98 2
2661 160 1 41 81 257 9
7211 251 4 55 29 121 7
8000 251 1 33 45 408 8
3690 256 4 202 27 306 19
2646 511 1 63 34 93 12
3624 355 2 97 65 370 4
3861 418 2 100 34 336 20
9047 122 1 33 39 221 2
8977 117 3 121 31 69 13
3243 473 1 17 18 229 2
8183 574 1 24 13 84 8
9934 117 5 198 21 93 11
8924 163 1 17 54 291 4
7347 190 4 149 41 479 15
10231 530 4 104 54 62 18
11722 154 1 19 26 101 1
6467 144 1 20 28 310 11
4393 53 1 77 13 192 1
11202 400 1 35 24 124 7
5605 219 1 127 48 78 7
11451 553 1 33 26 292 20
9030 383 2 251 48 313 7
1782 536 4 65 15 154 1
8173 440 4 197 24 191 3
8821 317 7 225 44 328 14
327 294 5 255 50 370 17
8556 600 2 44 23 483 3
8708 553 1 51 40 159 19
5163 210 4 136 31 428 18
2271 458 4 51 21 299 9
9580 217 1 30 65 517 16
766 226 2 57 22 238 14
4394 511 1 79 28 519 18
8206 500 5 134 28 274 6
9112 132 2 54 28 284 4
5066 345 1 120 17 517 4
5024 424 3 133 44 321 9
266 350 1 11 46 313 13
11741 518 4 57 60 297 4
3460 82 1 69 80 463 10
8724 365 2 25 37 183 13
4957 375 1 148 39 143 15
5607 168 2 47 31 333 1
1916 89 1 42 17 175 3
4325 132 2 86 83 206 15
1993 552 3 178 16 285 13
2945 386 1 79 52 374 9
10391 405 1 18 43 389 18
2696 310 1 163 61 202 3
11330 547 1 48 15 519 3
3251 123 3 43 21 335 19
4875 636 2 91 24 208 12
11825 59 4 279 24 103 6
6439 227 3 93 48 137 5
1762 203 1 61 43 465 18
1011 608 4 66 59 434 9
490 344 2 79 34 171 7
4310 543 2 39 17 246 14
1775 109 4 247 86 161 16
1705 47 1 26 33 280 16
2272 355 3 194 56 393 13
1263 97 1 73 37 380 14
1301 322 1 21 60 309 17
7905 360 8 389 65 257 12
3371 583 2 182 32 476 13
6977 125 8 300 12 88 11
2852 333 1 39 61 334 15
4077 104 2 71 52 367 3
4261 546 1 13 20 330 10
10801 630 4 52 29 311 7
7592 414 3 78 18 574 4
7890 181 2 41 39 207 5
6193 375 4 211 70 451 14
253 253 3 80 26 373 3
7693 456 1 19 67 305 17
5959 493 2 76 69 200 9
5465 215 1 65 70 96 6
3595 413 4 53 32 462 1
9734 379 2 50 40 173 19
3266 331 4 161 30 262 10
5485 424 4 461 31 335 6
714 206 2 56 53 466 13
5364 75 1 31 31 140 1
10782 335 1 11 19 196 20
2935 240 2 126 21 524 19
759 532 1 24 37 322 6
6586 45 3 122 39 197 15
10527 102 1 35 15 411 8
4399 517 1 41 12 92 7
900 69 2 52 42 275 1
11635 471 2 36 13 120 17
10922 607 2 56 25 76 4
11213 497 1 53 14 463 19
483 74 8 122 40 322 6
7036 82 1 334 17 294 8
6007 496 1 15 38 242 19
10356 202 1 21 44 463 8
1719 391 1 103 17 238 10
532 483 2 108 22 56 8
10192 262 3 193 19 447 14
5615 640 1 13 45 586 13
7369 475 2 80 21 457 6
10022 217 4 534 52 147 15
8369 482 1 74 33 67 13
4235 624 2 203 25 447 9
9925 461 3 40 21 225 12
10698 340 2 52 47 325 8
5261 442 1 24 34 601 20
3072 499 2 172 63 297 16
1058 483 1 9 44 522 8
