39 751
5 80 60 1008
4 24 44 256
3 80 32 992
8 40 68 496
3 32 124 800
7 40 124 368
6 32 128 288
7 64 36 896
4 32 28 32
5 32 112 816
4 40 124 864
6 64 84 496
4 16 64 208
5 48 120 976
1 40 72 224
6 40 112 240
2 16 40 64
3 24 72 304
7 64 32 880
3 40 76 816
6 64 112 928
1 48 16 64
2 40 108 400
7 32 112 448
6 40 124 944
5 80 88 592
1 16 40 448
6 64 128 656
6 40 120 256
7 48 96 480
2 16 52 160
1 16 68 288
4 32 60 720
7 40 48 928
6 32 112 96
5 48 60 480
6 48 104 864
2 24 76 608
3 48 12 352
9120 529 1 79 9 244 12
101 354 1 50 23 183 11
9769 42 2 270 46 327 7
3000 362 3 142 8 223 11
504 143 3 107 31 320 20
313 281 1 184 37 589 6
2205 673 1 14 13 189 9
0 665 4 138 76 78 8
9076 486 1 127 8 425 1
10120 645 3 118 14 565 2
5604 468 3 103 8 85 12
159 333 2 190 56 252 12
5486 45 2 109 8 586 13
6194 169 1 11 63 86 8
9163 269 1 29 62 840 15
0 330 2 49 27 342 12
2633 289 1 15 28 334 9
441 258 1 104 76 281 12
10117 112 2 108 48 479 4
5936 93 1 80 94 616 16
9828 200 4 37 28 148 11
0 403 1 23 34 111 16
6531 750 1 38 5 168 11
5597 334 2 201 49 316 12
5796 269 2 38 31 256 3
6561 458 1 52 28 247 13
5808 334 1 108 14 20 20
0 99 1 9 33 443 14
1909 380 1 69 67 545 14
170 162 1 27 43 111 13
6015 386 1 46 9 27 3
2817 667 5 147 50 108 6
6474 533 2 128 30 261 2
6161 546 1 147 75 250 7
5462 319 1 34 103 202 3
9017 563 1 28 48 93 9
9597 191 1 126 92 366 11
10007 500 2 61 102 580 20
6078 38 1 203 41 431 18
6124 423 1 60 11 227 6
2483 385 4 187 73 679 13
5704 151 3 65 111 324 18
9160 277 3 38 17 22 2
0 198 1 91 4 276 18
0 344 1 28 24 478 15
9332 463 1 37 8 210 8
0 281 1 106 59 115 1
5708 456 2 71 78 175 18
0 25 4 74 113 82 20
191 127 6 102 57 282 10
1982 158 3 128 12 628 8
0 450 1 7 36 120 13
10158 41 1 105 24 241 18
6160 189 1 109 37 214 5
286 649 1 70 7 120 10
2758 301 2 79 19 155 15
6084 692 1 37 34 136 13
435 717 1 19 88 312 8
6082 350 2 105 7 256 18
2756 348 1 138 30 188 19
2960 318 1 64 23 574 17
2056 393 1 25 21 293 18
246 625 3 101 7 136 1
134 297 1 62 77 327 15
6489 376 3 97 52 175 5
5775 534 3 132 37 395 13
0 507 3 169 23 186 13
0 312 3 143 66 130 18
2079 706 1 13 108 800 9
9575 172 1 131 66 370 17
9373 279 2 26 68 62 7
5815 599 1 31 24 274 9
9799 643 1 57 62 447 9
9557 351 3 266 104 694 3
413 24 1 61 25 753 16
441 348 5 167 98 815 4
6302 424 2 49 19 161 4
9324 49 1 31 39 117 5
2920 533 1 11 37 134 19
6134 469 3 101 35 579 13
10067 571 2 44 94 545 17
9414 585 2 145 57 848 14
5943 690 2 85 84 315 13
9434 237 4 109 59 64 13
2150 720 2 24 57 469 19
6009 286 1 21 35 70 1
536 253 1 25 16 19 3
9370 209 1 39 11 61 15
0 188 1 179 36 653 18
2496 739 6 260 70 305 18
0 405 3 122 60 385 12
2400 317 1 43 124 863 4
0 406 1 45 10 18 20
9864 228 1 10 29 33 14
560 643 2 111 39 436 7
2259 310 3 43 44 153 15
9132 745 5 310 25 578 20
2885 680 2 155 73 233 13
2970 492 1 198 43 186 3
9095 233 4 120 40 78 14
2026 526 2 21 15 128 10
0 454 1 46 10 48 4
9898 179 1 55 37 69 13
9287 671 3 251 46 208 17
6233 382 2 72 115 729 20
5597 314 6 271 23 228 3
243 193 2 95 80 160 17
425 223 1 121 25 25 15
479 503 3 97 68 711 6
9411 278 1 34 48 171 15
9513 300 2 47 37 223 7
6600 402 1 239 42 293 3
2464 629 2 92 57 193 18
5932 88 1 28 49 544 9
0 411 4 81 26 155 10
2025 721 2 27 76 290 7
9193 273 2 111 36 562 17
2950 575 4 76 90 441 17
10141 63 1 22 33 176 14
1999 453 2 198 26 881 5
2506 303 1 20 28 411 3
9194 239 1 106 108 392 16
9703 687 3 120 63 256 1
134 674 1 22 69 51 14
2255 413 2 48 37 380 16
9034 107 2 161 116 361 2
0 739 2 45 91 276 8
2496 353 1 174 25 562 15
2787 466 4 292 99 656 2
6332 54 2 18 13 107 15
6117 736 2 39 37 71 2
5892 646 1 7 44 107 15
5646 162 3 123 87 131 18
9892 346 6 207 27 640 6
60 470 1 13 22 378 4
0 248 1 31 54 274 7
483 657 1 51 15 742 16
9593 174 1 38 35 149 4
9951 522 1 43 60 361 9
9723 666 1 54 19 15 15
2389 688 1 42 10 46 3
438 297 1 16 15 91 7
2931 234 3 190 112 305 17
5488 187 4 377 30 747 15
5802 614 1 13 46 251 10
5732 463 1 47 39 667 7
6237 180 1 17 36 81 3
6323 323 3 36 34 242 13
6010 470 1 27 29 416 1
9662 484 4 187 73 274 12
9205 380 3 214 31 410 13
37 378 1 36 51 225 1
9694 260 1 66 11 224 13
234 733 1 21 18 199 1
9049 134 1 20 43 260 11
9393 446 1 11 37 209 4
446 182 3 228 44 499 3
1829 191 1 13 42 185 16
6487 299 1 24 95 274 1
10102 672 1 7 11 83 12
1879 389 2 45 25 140 10
375 514 1 7 52 120 19
9789 414 5 194 32 256 11
9259 634 1 27 28 60 8
0 108 2 62 52 435 2
2 391 3 284 21 247 16
9514 392 2 148 109 514 3
122 112 1 166 53 118 19
112 588 5 223 86 678 20
9569 283 3 186 82 105 15
2835 233 4 68 62 266 18
2245 660 1 150 20 252 7
9322 287 1 29 81 210 20
2567 252 2 63 60 368 3
0 376 5 175 56 348 9
9952 608 4 98 69 681 13
60 585 1 58 66 239 12
6024 671 2 153 40 40 15
9014 565 1 16 34 105 20
9220 55 1 202 34 276 15
2848 78 1 40 52 492 18
9811 533 1 112 32 448 15
6050 606 4 202 81 142 4
10026 299 1 28 51 210 4
114 548 2 106 6 83 10
9010 433 1 28 79 187 10
5666 550 1 12 48 279 1
2623 412 2 116 58 242 9
6239 525 1 209 51 710 16
9950 280 2 64 68 288 6
0 302 2 89 116 323 5
9253 297 2 37 41 416 18
0 36 3 229 40 534 11
2874 323 2 58 43 225 19
2051 697 1 11 23 39 4
0 617 4 172 19 600 15
6271 216 1 103 42 191 13
2941 103 1 12 44 79 4
0 716 4 168 56 562 8
9054 232 4 148 55 175 8
0 194 2 23 14 236 3
2495 614 3 59 48 184 2
5696 419 1 10 20 69 16
6296 553 2 43 17 131 13
6512 386 3 162 53 248 9
9668 382 4 376 76 454 3
312 231 1 48 10 31 3
307 293 1 85 6 112 16
9160 461 1 15 28 268 18
151 73 1 18 39 231 20
5611 701 1 39 16 20 10
9678 157 3 69 46 544 4
0 558 4 126 17 365 3
0 567 3 238 81 168 5
1970 484 2 387 40 567 4
0 507 1 52 9 517 19
288 139 2 50 81 431 14
0 657 1 52 67 151 5
2293 67 6 343 52 295 6
5571 704 1 122 6 312 12
9289 512 1 98 100 649 14
2056 629 1 26 51 447 19
9591 576 5 117 54 721 14
340 120 2 85 15 504 7
9948 24 1 77 34 192 5
1944 566 1 88 11 187 7
6358 203 5 189 29 86 20
0 514 3 174 19 355 1
10057 210 1 36 74 376 15
2816 680 1 16 53 558 2
9229 355 1 212 20 519 1
0 332 1 15 25 43 4
0 199 1 41 67 234 14
9609 440 1 21 52 388 8
2811 255 3 37 28 88 8
2103 271 1 30 91 268 19
10192 434 2 63 6 89 14
2948 423 1 18 9 40 15
2042 198 1 217 66 301 14
190 289 1 12 31 39 16
9613 36 3 227 32 972 18
5863 162 1 89 20 556 13
228 676 1 13 46 272 4
0 378 1 14 39 44 13
381 340 1 9 26 246 19
9004 622 1 30 44 767 6
5636 487 1 29 29 166 13
5579 619 2 142 20 372 9
5422 178 1 10 33 183 16
6328 623 1 18 74 718 7
527 375 2 61 59 667 11
2757 593 1 224 24 275 2
220 317 6 180 28 721 1
304 373 5 150 96 207 20
0 575 3 209 19 200 3
6227 611 5 194 27 272 15
2689 580 1 23 48 451 13
0 570 1 27 13 51 18
381 158 6 161 24 598 6
2605 419 1 11 37 190 10
1820 64 4 201 53 719 12
9061 581 4 100 19 9 11
9239 328 3 190 105 180 6
2725 575 4 99 126 153 5
9945 711 1 40 58 645 6
9332 473 3 161 76 355 13
0 535 3 86 57 675 11
10101 371 1 62 37 357 12
6521 659 1 23 35 171 5
2222 299 2 238 46 205 13
2344 532 1 60 57 462 10
0 345 1 53 72 327 12
6250 130 1 28 53 84 20
2336 562 1 13 21 165 7
0 718 3 276 82 239 14
0 66 1 155 22 613 5
0 663 1 9 31 401 14
5455 415 5 356 40 319 12
174 111 1 82 84 96 3
0 511 3 105 11 150 2
9942 255 7 337 9 181 17
5933 276 3 48 34 198 13
6427 396 3 200 32 190 19
9844 271 1 12 42 204 17
1986 424 1 11 33 156 8
2286 38 1 30 42 105 15
2411 646 1 25 37 34 20
9537 340 3 82 8 142 18
6167 739 1 77 76 223 9
9245 419 4 64 31 151 13
0 487 1 33 76 479 9
0 627 3 63 46 63 6
441 442 3 145 58 862 16
503 49 2 136 75 707 5
2910 67 1 73 42 404 6
132 158 4 108 24 430 2
9997 678 1 95 105 738 6
9284 523 3 116 8 234 7
10020 671 1 21 71 597 17
0 344 1 19 44 541 19
9909 291 1 25 99 650 16
2898 696 6 102 66 48 5
341 193 1 178 49 639 7
9199 355 4 82 113 179 16
2277 655 1 20 48 573 10
2262 379 1 157 33 561 6
6482 60 1 37 9 159 8
6532 114 1 37 15 245 6
396 369 2 47 62 591 11
2482 424 1 22 5 169 19
5553 582 1 27 71 202 12
2697 498 2 31 38 160 8
9464 652 2 361 17 664 2
9950 87 2 101 3 163 4
351 381 1 14 71 342 8
2280 738 1 9 42 201 9
1973 481 1 57 50 290 11
6262 354 1 28 64 400 12
5706 34 1 40 109 280 6
0 198 5 284 40 250 10
2041 107 3 151 67 114 10
9029 658 1 68 64 361 1
5598 486 1 18 27 125 3
2262 357 4 106 37 81 17
0 474 1 41 7 46 12
2365 235 2 182 53 499 9
9590 465 2 101 36 186 8
2403 728 3 197 97 254 9
0 343 5 172 59 97 5
0 155 1 162 20 338 15
5623 161 1 33 16 48 3
9065 53 3 144 53 697 2
2672 122 1 127 20 787 8
5425 156 1 55 78 238 14
2511 497 1 169 21 958 1
5436 142 2 46 11 31 16
2808 222 1 40 53 133 5
5665 50 1 180 68 299 18
9768 619 3 84 28 229 12
557 724 1 134 100 148 19
5906 332 1 34 75 63 16
5642 385 2 186 52 421 15
9038 472 1 27 27 594 19
6525 107 1 32 42 151 11
319 254 1 36 94 438 1
6384 139 3 69 42 187 14
55 328 2 233 63 375 1
6062 236 1 15 124 341 11
9808 528 1 55 53 180 6
5623 158 1 62 73 259 7
0 522 1 35 50 149 15
2185 82 2 169 39 193 18
9083 41 3 168 120 549 9
9284 54 1 77 18 363 8
9859 375 1 8 14 45 16
9780 91 4 155 44 449 8
2679 105 1 37 96 770 4
5416 356 1 24 37 225 20
9914 422 6 252 55 622 8
502 615 7 303 21 276 13
2632 400 1 42 26 269 13
428 668 3 159 50 376 14
367 583 1 10 12 160 7
0 700 1 31 56 254 17
6571 341 2 269 20 212 4
0 37 3 228 15 369 13
6061 359 3 254 17 541 13
2052 682 1 7 34 197 4
2237 745 3 36 26 137 15
6072 284 4 271 16 499 15
6192 490 3 140 74 70 9
9553 653 1 24 49 209 18
9868 749 1 221 16 554 6
2868 322 1 27 31 583 4
9830 737 4 88 60 67 20
479 169 2 45 30 455 6
2487 547 1 24 50 124 11
5521 496 1 57 51 68 4
9016 387 4 197 44 585 18
10177 562 1 13 58 109 3
9259 366 2 53 56 85 17
0 143 2 30 66 189 4
10113 646 1 25 41 117 2
9701 685 1 19 45 565 19
9317 473 2 23 24 122 18
0 495 4 152 66 240 15
2706 629 5 110 62 518 9
9709 649 2 69 36 453 2
2256 375 3 170 54 342 17
0 242 2 186 20 168 8
0 364 1 66 113 474 12
9902 253 1 42 34 134 1
6394 568 1 28 23 331 1
0 437 1 20 4 31 14
578 748 3 127 18 909 18
5617 632 1 53 85 277 13
6460 465 1 270 49 342 2
1968 96 1 75 93 314 13
1942 498 3 118 76 30 8
10185 186 1 14 55 65 17
2744 675 5 137 62 498 14
0 635 1 81 77 360 15
9204 435 3 231 33 912 20
527 261 1 14 24 37 1
9592 507 5 336 17 475 18
9469 550 3 121 51 421 16
549 475 3 254 22 229 7
2664 345 4 64 115 169 5
6505 134 1 55 90 360 6
0 114 1 10 13 428 13
6434 68 2 157 78 466 8
5637 473 1 40 26 777 7
0 294 4 81 29 75 5
2905 30 7 274 22 206 3
9534 46 2 41 63 253 11
6574 546 3 37 30 138 18
10145 576 1 27 28 174 4
6023 363 2 76 51 268 18
6256 313 6 289 32 469 1
2613 352 1 71 99 491 7
9656 316 3 208 59 571 10
5923 161 1 34 53 234 11
6014 615 1 19 53 583 7
225 523 2 254 58 336 1
2947 344 3 75 12 28 19
2807 260 5 234 27 470 20
9761 670 4 153 41 240 2
2994 739 2 100 8 137 1
2056 493 2 106 21 173 13
6204 152 1 262 81 201 13
305 52 3 65 79 103 4
0 599 3 333 53 599 2
0 469 2 176 76 72 9
2096 79 5 138 54 72 18
6070 67 1 124 41 143 5
2777 600 1 19 76 454 14
6236 641 1 24 13 44 13
9794 174 2 27 47 449 20
501 22 2 122 62 672 20
2872 576 1 10 12 266 20
0 538 1 19 11 42 6
0 609 1 21 77 414 5
0 506 1 48 41 154 19
0 328 2 117 72 438 4
9366 68 1 8 38 287 18
2197 432 4 144 52 564 5
0 407 1 12 18 303 5
5851 335 1 35 9 20 17
0 81 1 58 25 548 4
6112 486 1 115 70 391 16
0 386 2 149 11 476 7
2091 733 4 86 97 29 4
10033 65 1 35 58 145 11
273 597 1 15 25 310 18
10122 533 1 84 79 350 6
1844 114 1 187 44 857 4
9969 423 2 180 69 288 14
6004 345 4 68 31 412 15
5977 532 1 7 27 306 20
0 70 2 24 31 165 20
5493 606 2 56 32 442 3
5436 230 5 157 95 332 7
6116 393 1 28 42 176 18
6120 259 2 43 38 181 14
5702 60 1 57 61 371 14
0 58 3 80 36 370 3
119 49 2 30 48 80 4
6397 500 1 48 41 737 20
0 735 3 198 25 177 7
225 391 3 172 17 397 15
5500 504 1 17 30 177 4
487 320 2 52 25 18 8
9958 666 2 105 21 8 15
2044 307 3 359 38 436 1
6544 695 5 378 36 376 3
0 26 2 126 53 826 16
2321 667 2 62 40 465 7
581 638 4 256 61 289 5
5614 104 1 59 41 98 18
2717 422 2 39 34 138 10
9926 524 2 68 3 197 6
6217 619 1 70 21 178 16
166 649 1 37 39 358 8
9495 76 2 19 35 185 9
5930 171 2 351 34 593 1
9971 374 2 384 15 457 8
2599 648 1 10 30 183 18
9408 398 3 314 70 247 6
6082 170 3 68 68 195 2
5502 303 1 187 46 602 8
10152 592 4 94 111 54 9
6095 663 2 25 66 198 13
9543 460 4 84 27 497 12
2316 313 1 29 87 85 1
0 722 1 61 32 102 19
0 680 4 119 18 525 9
9732 100 2 98 23 321 13
5903 633 2 33 15 112 8
9783 204 2 22 43 78 5
338 469 3 211 52 214 8
5916 507 1 167 38 120 9
407 636 1 14 15 48 1
2757 159 3 92 42 445 7
2789 234 1 117 47 279 8
2632 374 1 55 50 121 6
9771 106 1 31 41 156 20
467 688 1 79 74 57 6
459 199 2 111 70 73 2
6346 400 2 125 101 514 19
350 594 2 294 57 301 18
6521 639 1 7 15 202 10
6544 188 4 193 64 197 3
9109 62 1 30 98 332 12
9666 627 1 28 26 18 3
587 64 1 39 69 160 12
0 550 1 29 59 76 20
2355 724 3 157 120 315 14
5610 435 2 62 63 716 4
2794 223 2 59 68 753 20
2275 122 1 16 42 297 14
202 707 3 64 38 450 13
2016 157 2 121 44 134 19
9253 438 2 106 35 333 11
6537 186 1 37 9 43 13
6217 365 1 38 87 158 5
9244 299 2 123 68 160 7
2377 333 1 27 29 758 20
9521 604 1 14 13 211 3
0 421 1 40 99 298 9
6432 684 1 112 32 890 15
6128 73 1 40 9 58 12
9387 711 3 49 51 659 3
2406 436 4 90 15 527 10
2404 657 1 26 5 55 2
9579 715 1 188 34 182 4
73 600 1 40 14 120 10
9280 499 6 153 72 189 7
2433 254 1 167 23 254 16
5612 276 2 26 26 143 9
10051 485 1 237 33 421 3
6549 144 3 396 34 602 8
0 489 1 55 19 7 19
0 232 1 30 14 31 12
0 658 5 151 97 71 10
2018 272 2 27 16 92 7
10115 146 2 88 19 343 16
6077 25 1 22 17 151 7
5701 686 4 139 59 59 3
9894 682 3 67 60 50 12
9644 21 1 22 24 109 7
216 467 1 59 15 722 19
62 392 1 16 9 37 3
9304 72 4 64 37 534 13
2309 87 2 68 48 331 20
2555 528 1 34 44 131 18
0 172 1 133 108 744 3
154 554 2 192 116 174 16
6431 569 2 80 90 480 15
0 717 1 106 97 614 20
9420 427 1 47 66 290 17
9241 330 1 50 47 152 1
9241 97 5 282 54 281 18
9915 68 1 11 18 96 2
5786 288 2 51 28 29 20
0 452 2 160 70 743 7
42 720 1 27 47 103 4
5944 179 1 195 42 711 1
0 440 4 85 50 43 10
2717 302 1 20 95 772 9
9829 147 3 32 33 197 6
1836 363 4 106 28 133 2
9495 612 1 61 25 477 4
2545 576 1 6 23 112 13
115 75 3 18 32 140 12
9728 297 4 210 52 145 19
9735 633 4 142 96 183 12
1960 150 1 13 15 343 2
383 177 2 268 60 323 6
6371 568 1 113 8 73 14
9537 359 2 71 29 199 14
5549 331 1 39 54 116 12
9486 391 2 96 6 141 9
6037 610 2 14 24 39 19
2504 480 2 222 43 114 9
9487 235 1 56 54 310 8
1854 390 1 11 10 280 9
9939 47 1 6 16 137 13
564 713 1 29 101 153 16
9651 666 4 184 87 572 12
0 681 3 53 58 240 10
1919 526 2 90 90 729 13
9480 508 2 254 27 201 15
343 300 1 19 21 49 5
9361 367 1 162 8 329 17
9681 21 2 25 34 34 10
5656 259 1 65 83 483 11
2538 413 5 283 73 146 19
5 720 1 12 18 45 4
2496 81 1 34 53 188 10
6386 560 2 103 37 433 2
9787 705 3 239 15 526 1
5746 215 2 63 18 23 5
27 473 1 324 105 464 3
2880 559 1 33 35 449 4
0 706 4 157 67 190 11
2978 348 1 117 99 563 20
9953 145 3 67 17 30 1
5766 250 3 135 47 220 6
2528 49 1 8 24 332 11
0 540 4 101 75 718 4
2625 552 4 146 23 582 14
2647 169 3 212 99 565 9
6595 146 1 17 58 157 9
2565 603 2 240 21 222 3
5798 643 2 49 38 472 6
5655 224 1 34 21 164 16
9135 309 4 176 11 536 13
5891 724 1 16 22 35 7
0 240 1 167 28 283 11
0 191 3 87 105 406 2
5885 686 1 96 60 367 12
2590 611 3 173 77 777 13
6586 603 2 53 50 107 14
1935 615 1 13 51 110 9
5477 461 1 109 43 54 14
9414 510 1 6 13 35 18
9227 128 2 52 93 20 11
2620 709 2 249 54 467 9
9520 110 1 37 6 39 2
6464 661 2 112 9 296 10
9426 510 3 146 13 388 10
2055 95 1 12 46 268 14
9299 123 1 32 47 68 8
2278 447 1 40 29 344 6
6553 504 5 252 17 442 4
9464 234 1 23 39 111 2
5754 579 1 10 49 153 12
9767 124 3 86 43 286 15
6097 555 1 102 19 515 17
9019 650 1 291 32 1001 14
54 308 1 55 18 454 5
2932 747 1 23 67 105 3
0 601 4 52 59 161 8
9383 711 1 44 90 223 11
2972 181 6 184 52 292 15
5867 574 1 140 19 631 14
0 495 1 202 41 229 17
5781 607 3 91 60 179 8
2933 159 1 48 20 16 18
2393 591 1 40 14 34 5
6483 545 3 114 14 28 5
9426 418 1 79 85 472 3
9044 748 2 164 55 135 8
5783 298 1 18 28 19 9
0 453 1 20 54 160 6
2020 595 2 91 69 590 3
9768 438 1 30 9 161 3
333 295 1 91 58 367 13
9353 172 1 129 44 171 1
6373 226 2 213 57 368 14
2429 334 4 41 56 175 10
2167 345 1 8 39 241 17
9836 29 1 45 6 25 18
366 63 2 163 77 44 16
9724 504 1 101 86 143 1
9837 734 1 67 66 635 5
0 438 2 68 70 508 18
6540 41 1 13 50 211 1
352 696 1 38 32 144 19
9972 723 5 139 52 88 16
2349 493 1 47 94 372 4
5953 37 3 281 30 528 9
2515 427 1 28 35 134 14
0 282 3 184 14 644 10
9629 163 4 187 21 179 6
9515 382 2 57 72 240 1
2287 210 3 94 88 185 7
5869 560 2 177 34 93 9
475 620 1 57 16 502 7
6071 641 1 38 4 132 19
9862 221 1 27 59 110 14
5591 161 2 59 62 241 8
9439 420 2 64 67 757 12
0 521 1 35 23 111 9
2099 225 4 89 51 211 11
6386 29 3 95 29 204 4
9883 617 1 31 81 512 12
200 179 2 37 46 298 11
0 491 1 79 61 364 12
5483 185 2 179 56 396 15
5556 682 1 57 52 231 13
9974 172 2 112 14 450 12
2913 591 2 158 21 470 1
9744 401 3 78 33 254 15
2925 704 1 28 42 87 13
9077 408 1 127 35 253 17
5902 490 1 18 74 272 3
9474 702 1 68 24 202 14
6194 227 1 181 16 629 7
2648 42 1 78 60 141 10
9893 249 2 190 78 234 2
0 38 4 218 43 249 12
10 387 4 286 83 183 18
6552 56 4 95 112 582 10
9321 471 2 79 74 805 12
5792 135 3 44 66 113 10
6224 364 1 28 11 134 5
9367 114 6 172 49 327 1
2024 59 2 60 42 214 7
183 175 1 30 3 243 11
5569 230 1 58 10 19 5
0 632 2 191 79 311 13
0 183 1 7 37 203 11
5555 434 1 21 39 414 4
9233 301 2 67 67 476 5
6085 87 4 88 39 255 7
0 676 1 62 32 363 8
10176 442 4 154 38 508 11
2867 123 3 92 36 287 6
6486 241 2 26 36 101 13
6330 717 4 187 108 358 13
9946 319 2 130 29 197 10
181 643 4 154 34 109 11
1915 52 3 80 75 198 11
9802 670 1 33 39 293 18
470 279 3 33 19 154 10
5908 564 1 117 23 584 12
2440 289 1 34 29 284 3
2823 215 1 50 14 26 1
0 539 1 12 35 93 7
10150 223 1 42 22 160 3
9607 30 1 25 61 39 15
0 38 1 51 20 109 9
9096 172 1 63 75 182 18
5803 629 3 100 92 108 10
6183 300 2 117 64 396 5
0 719 5 217 90 155 5
2234 484 3 114 90 500 8
9420 404 3 137 83 309 8
5941 536 2 133 48 546 13
5613 127 1 64 60 211 11
10085 689 1 165 27 302 6
2254 395 1 239 61 285 10
34 198 3 251 83 219 14
2166 546 2 87 24 488 2
523 652 1 21 21 202 9
6185 369 1 46 46 229 11
9790 724 1 168 53 163 9
150 634 5 120 104 112 4
0 315 1 83 10 15 8
6094 672 1 14 21 30 18
