16 237
8 80 84 304
3 64 60 192
2 80 64 736
5 32 64 256
6 48 44 800
2 24 48 560
3 40 36 144
4 32 124 448
2 40 84 832
7 80 68 672
5 48 40 640
8 32 28 480
3 24 80 768
2 24 128 800
7 80 112 608
4 32 48 384
10889 545 1 21 12 254 14
2247 184 2 60 21 133 9
11387 259 1 48 26 138 19
8696 259 1 28 42 305 10
8179 619 1 113 16 169 15
7725 185 1 20 51 535 4
7942 101 5 135 17 292 11
3158 61 3 91 34 136 8
7602 338 4 122 40 133 3
350 610 2 230 69 176 17
3445 389 2 76 15 331 14
11297 78 3 78 32 174 12
11332 428 1 48 47 166 8
11504 35 2 145 21 514 12
8448 141 1 31 30 226 10
5632 278 1 20 31 238 15
10523 629 1 38 18 449 17
9248 65 3 104 21 150 6
9111 514 1 18 18 89 19
6951 513 1 123 27 498 10
9031 522 2 87 10 384 11
6127 451 2 22 60 412 17
6399 629 2 138 55 354 16
7266 526 3 98 11 171 18
3473 650 3 45 18 174 9
9967 486 1 133 46 139 8
1682 168 1 9 27 164 7
3794 15 1 18 64 339 17
11441 247 1 11 23 154 16
702 556 1 38 47 208 19
1737 613 1 35 78 153 13
1581 454 1 28 41 327 13
203 66 4 242 75 427 3
3666 121 1 41 7 360 11
11714 54 2 91 26 111 3
2357 614 5 120 6 350 16
5757 597 1 26 12 98 18
5155 133 2 26 34 576 13
1045 465 1 44 32 49 16
11997 368 3 43 19 355 20
2032 241 1 74 25 166 5
10325 358 2 38 22 399 11
8562 64 1 19 13 588 9
11135 473 2 48 14 431 9
6988 28 1 24 21 281 11
7526 107 1 19 29 251 19
11015 287 1 14 20 498 13
3761 179 3 125 24 166 14
10405 91 2 27 11 209 17
2531 398 1 111 22 247 9
144 588 2 52 25 576 12
783 323 1 67 27 331 14
8495 428 1 26 16 176 15
3246 210 2 61 12 249 6
3357 79 4 179 13 468 9
8249 161 1 15 55 266 14
7225 12 3 60 25 174 12
11042 363 1 26 9 170 20
3016 182 2 189 18 251 6
3739 536 1 20 39 159 3
7046 15 2 64 39 115 5
5403 267 1 21 11 309 19
1289 515 2 45 32 285 10
2442 298 3 169 19 220 18
2307 11 1 30 24 219 16
11972 73 3 43 49 519 7
7234 510 1 36 48 499 8
2434 339 2 172 23 86 8
9047 124 2 37 54 431 9
6350 131 1 103 29 256 10
707 280 2 102 44 300 16
11447 640 2 93 28 173 2
3036 600 1 47 9 227 12
1244 43 1 26 70 172 2
6741 162 2 24 32 226 17
10278 339 2 39 22 258 13
3894 467 1 15 24 331 7
7365 158 1 14 22 106 17
11251 360 1 14 28 201 5
4393 593 2 22 43 196 6
10726 214 3 82 28 225 11
10962 19 2 80 18 119 4
2535 421 1 19 12 386 1
10670 14 1 322 43 338 8
8613 493 3 161 74 361 3
3074 104 1 24 26 140 9
1387 512 6 417 21 146 2
6543 271 1 30 20 70 6
2177 120 1 44 32 176 5
1127 600 2 30 33 405 13
834 525 1 32 13 43 16
5581 560 1 132 69 372 14
4260 495 1 104 19 167 13
6485 516 3 71 16 435 18
6898 106 4 182 17 503 15
5676 107 1 42 59 80 5
9283 211 2 52 21 143 7
5714 258 2 53 65 234 9
406 636 2 153 23 144 2
193 347 1 33 25 43 14
11953 280 2 47 33 100 8
2258 301 1 12 87 255 13
6849 632 2 34 43 227 12
5301 577 1 24 29 209 5
3312 336 3 75 33 154 8
4506 175 1 27 40 404 11
8485 451 1 25 17 355 2
2397 28 2 72 16 58 6
6088 561 1 115 29 439 5
8293 119 4 210 27 259 13
653 531 1 49 9 70 5
5386 599 1 124 14 252 20
2281 644 2 39 20 324 17
10464 220 2 91 22 72 9
5258 37 2 63 31 297 4
3821 150 2 61 9 94 11
10003 205 2 136 43 186 18
807 608 1 13 32 271 11
8413 47 1 105 16 340 15
6618 31 2 66 16 311 14
4515 456 1 45 14 46 16
676 186 3 231 54 378 20
7543 178 2 33 19 287 15
7036 17 1 18 11 357 7
8347 542 1 40 16 463 10
6386 642 1 37 34 267 9
377 201 1 31 55 219 9
5108 182 1 27 23 90 2
11473 261 2 43 14 323 10
10690 180 2 198 46 352 15
1094 90 2 57 20 248 20
5636 464 2 72 13 263 4
9960 502 1 132 32 344 8
6312 377 2 120 22 249 15
10142 297 1 21 33 247 11
4947 38 1 13 49 304 20
5639 517 1 48 30 372 7
10531 187 2 148 29 124 8
6095 285 2 92 27 303 3
6232 41 2 86 32 63 11
322 603 2 27 28 88 7
7952 31 1 29 18 39 11
7527 74 1 23 13 125 14
673 303 1 33 13 97 2
4490 293 1 54 30 237 5
7453 105 3 60 12 99 10
3821 578 1 25 18 371 14
2976 299 1 25 61 246 15
9435 334 3 128 40 97 14
1069 222 5 236 28 484 7
7 629 2 18 66 411 1
8607 369 3 90 30 599 3
9770 50 3 37 31 543 8
9055 63 4 61 22 178 6
6360 474 1 11 31 237 1
5420 542 1 58 30 162 4
100 96 2 31 44 187 6
7265 585 4 155 21 276 14
11550 186 2 91 46 481 5
5138 245 4 339 44 412 1
3536 405 3 80 24 205 10
5056 125 1 60 22 460 13
4508 293 1 62 20 444 5
8100 357 2 64 24 408 9
5289 424 3 75 10 311 19
11496 129 4 208 42 284 11
11786 591 1 21 14 135 1
8723 161 2 55 33 260 17
10276 438 3 74 14 319 11
676 473 1 23 87 143 10
7470 246 3 148 35 274 2
1597 407 1 39 54 420 10
4690 93 1 27 20 69 8
1397 293 2 49 15 187 9
66 367 3 116 11 284 5
3013 276 1 40 71 252 7
7537 25 1 52 15 110 15
11581 106 6 456 30 130 12
5932 297 1 19 38 396 16
9950 228 1 15 27 115 3
1672 473 1 37 23 331 7
8837 632 1 45 34 125 16
2256 365 2 132 67 452 14
4820 360 3 197 38 409 10
1489 136 2 340 57 228 18
8007 110 1 36 42 391 6
321 616 1 16 63 531 5
9342 547 4 71 27 105 12
10800 295 1 33 62 578 16
3535 505 3 256 16 144 13
5710 462 4 297 20 186 8
6011 382 2 50 38 518 4
4217 399 1 45 35 129 8
10133 541 2 58 12 139 1
10467 129 2 98 20 275 4
9563 93 1 18 26 272 19
6729 378 2 103 14 262 15
6527 222 2 468 18 159 3
4726 127 1 46 29 165 8
5173 359 1 12 32 504 17
6657 327 1 19 28 333 4
3960 461 1 37 32 226 20
11126 611 1 102 42 137 11
7195 276 1 51 17 209 1
8001 16 1 43 24 318 13
10998 618 1 194 37 309 8
10905 107 1 32 23 86 10
1715 292 2 59 11 53 12
8621 354 3 277 22 75 9
6920 333 1 54 27 473 17
7757 494 4 148 14 373 20
10724 26 1 58 12 266 9
3427 274 2 20 30 254 20
3378 286 1 22 21 108 12
535 281 3 214 26 76 8
4419 625 1 30 8 59 15
2062 206 1 113 17 303 17
9343 631 1 16 33 319 6
4482 132 1 49 28 109 8
4801 588 1 41 16 330 9
951 608 2 58 24 277 10
3783 540 1 64 35 408 14
4640 468 5 293 75 184 8
11676 648 2 120 27 218 1
3172 626 1 13 46 364 8
2689 449 1 258 22 231 5
3453 480 1 16 9 72 3
8600 495 1 23 35 250 2
4724 531 1 36 68 108 6
7526 542 2 33 40 317 11
2721 498 3 99 20 50 3
89 23 1 35 26 139 10
3398 204 1 38 16 596 3
3893 19 1 48 65 256 18
7823 137 2 30 16 152 18
2761 563 5 126 15 446 20
5300 64 1 44 32 180 14
