35 715
3 80 104 704
6 64 92 800
2 80 104 864
7 80 60 128
5 40 116 992
7 32 40 320
3 80 48 256
2 48 108 400
6 64 36 400
8 64 68 976
8 48 104 896
8 80 64 448
4 48 32 160
8 24 40 736
2 64 36 416
5 64 80 144
2 40 28 608
3 24 116 640
6 64 60 560
2 48 120 512
7 24 80 752
5 80 68 672
5 40 28 720
5 32 32 288
4 40 112 224
5 48 76 160
7 32 56 864
2 80 64 576
2 64 24 176
3 32 112 592
3 80 28 928
7 80 104 912
3 64 76 688
5 40 112 1008
3 40 72 736
712 73 1 312 32 323 15
3989 400 1 150 38 76 3
7104 184 4 124 28 361 15
3025 119 2 337 51 465 14
6219 350 2 100 13 132 1
5962 530 3 181 70 371 13
2283 275 2 153 20 278 10
7202 530 2 80 32 152 8
11021 105 3 150 40 349 11
2641 15 3 74 40 110 17
10412 613 1 118 37 590 11
60 62 1 41 28 287 16
6430 195 2 49 38 500 20
3124 137 2 24 12 192 11
8716 122 2 80 14 200 1
11665 170 2 67 28 512 20
8029 275 2 116 18 419 15
1022 473 4 246 33 298 6
9943 467 5 103 16 163 10
10309 280 1 28 35 178 19
8326 38 1 59 34 96 12
8112 480 1 38 48 244 17
1198 235 1 101 30 311 13
9373 391 1 40 7 91 8
7592 195 3 192 44 145 2
4020 543 1 44 46 271 14
6984 319 1 81 9 44 11
1009 650 2 66 21 222 20
794 574 2 40 20 49 8
6642 104 2 56 18 148 6
8724 386 2 47 47 89 3
1022 323 2 130 15 86 8
10864 52 5 291 44 208 19
9447 473 1 33 70 271 13
8866 491 2 92 15 96 16
2400 574 2 327 33 83 12
9347 464 6 291 22 253 17
1234 65 1 53 61 99 10
3649 107 1 82 37 508 15
2932 512 1 19 23 459 8
3627 228 3 121 31 221 15
1141 101 1 40 51 64 1
6401 93 2 142 16 103 14
4417 203 2 35 45 148 20
4672 286 1 64 15 265 15
10530 59 1 48 59 202 19
108 178 1 64 49 564 1
6847 27 2 53 59 190 5
44 259 1 21 18 283 15
3687 605 4 259 38 139 17
8783 516 3 122 25 358 5
6338 571 1 45 36 143 7
7039 268 3 53 37 182 10
11148 452 2 81 71 180 11
10822 145 4 266 30 52 8
4555 86 2 70 51 223 14
10584 115 1 28 50 235 7
2484 246 1 164 23 273 16
11205 327 3 269 57 236 15
8277 428 2 60 8 297 16
1979 604 1 359 22 274 6
2771 181 1 42 45 361 9
11541 84 1 19 26 241 3
10115 49 1 29 32 156 11
11774 69 2 136 55 108 15
4289 125 4 68 41 125 10
6791 427 2 156 17 28 20
6601 258 4 132 47 410 1
11947 442 3 168 26 133 8
7332 640 1 33 19 427 9
5812 280 2 103 27 699 14
4684 333 2 181 13 158 20
4275 307 2 63 54 625 15
10950 578 1 97 62 540 13
4576 69 4 186 65 406 15
2168 367 1 182 20 95 2
4081 312 4 162 23 83 17
2985 267 1 40 50 261 20
10618 211 1 85 6 65 13
10311 281 1 22 19 364 10
5318 289 1 108 28 164 8
1743 18 6 260 42 283 9
4310 527 2 176 20 217 16
8762 71 2 134 18 101 9
587 376 2 156 58 324 6
5200 647 1 51 12 397 19
8991 371 1 41 23 233 12
1944 629 3 110 17 211 12
11986 222 2 54 13 98 12
7597 288 3 185 17 163 13
10264 134 1 64 71 535 19
8 489 1 73 23 422 15
2328 468 4 126 18 278 15
9082 299 1 25 14 70 2
10541 581 2 105 32 49 13
10207 504 1 147 25 358 5
9677 270 2 31 28 488 10
11601 261 1 28 47 260 16
7062 115 3 169 43 401 19
5560 328 3 155 54 265 18
2409 125 5 87 21 455 3
10043 234 3 112 39 105 6
3702 574 2 126 21 74 1
7368 623 1 23 11 349 14
9672 383 1 163 40 75 10
3552 213 1 26 8 51 16
6760 10 2 47 38 276 19
1787 455 1 87 32 381 20
9279 132 1 104 13 80 7
2458 571 1 81 20 281 5
142 541 2 38 23 110 12
2113 252 3 123 36 41 12
7108 437 1 55 10 233 19
5783 647 2 96 53 386 14
7404 192 1 32 56 67 9
3713 231 1 63 27 450 17
6105 597 1 18 8 47 8
3041 228 2 94 13 87 12
2898 485 2 58 43 295 12
569 637 2 256 23 127 5
7560 25 1 19 32 445 3
5066 603 1 37 28 72 14
11357 537 1 37 16 49 15
6231 34 2 169 49 33 6
11857 31 2 75 21 125 8
4783 273 1 46 39 181 3
10352 367 1 37 22 41 18
5787 487 1 13 12 620 11
1474 632 1 62 45 380 3
4627 580 1 45 11 259 7
7554 306 4 172 24 137 10
1599 352 1 185 15 142 8
6304 350 1 12 21 203 18
5365 436 2 81 32 535 13
929 497 1 15 11 510 11
9712 593 1 33 39 340 15
5970 342 2 267 27 328 5
9371 356 1 32 21 78 7
1801 510 2 46 45 222 2
9855 123 1 43 28 217 18
1996 105 1 100 13 111 13
5374 273 3 99 30 405 10
9854 168 4 180 14 244 1
1583 85 1 54 29 336 12
2141 25 2 64 27 40 16
2321 397 3 52 71 509 17
1525 329 2 125 33 77 12
1488 202 1 101 24 42 16
11115 287 6 86 27 414 19
8814 212 1 22 15 189 10
3109 536 1 20 10 313 1
8535 314 1 55 13 100 10
3912 109 3 110 8 679 20
6463 247 1 68 66 196 8
7600 272 2 130 60 185 13
1951 503 1 32 25 300 20
3612 141 1 25 14 65 3
11678 252 1 83 26 199 1
459 541 2 252 34 286 17
6823 212 1 18 30 586 11
10881 303 2 66 14 401 19
1796 223 1 38 36 261 5
9600 549 1 19 23 193 7
1912 410 1 39 65 137 19
2469 192 4 101 31 31 6
3501 633 1 106 20 82 7
5839 248 1 99 30 213 3
7165 207 4 280 30 380 15
1077 204 1 45 60 231 11
3989 439 1 133 31 227 17
10864 412 1 26 24 208 10
1551 461 1 102 47 646 15
6906 123 2 146 26 276 14
5284 317 1 49 49 467 13
9206 331 2 54 43 499 12
3643 70 1 21 52 208 3
3133 176 4 142 23 176 19
2411 332 1 33 76 184 11
5923 290 2 122 12 502 20
8380 277 1 39 35 441 7
4154 323 4 164 43 186 9
10251 373 1 57 30 95 13
4103 390 1 43 49 255 16
7385 111 3 109 17 153 11
854 432 1 131 21 246 7
4850 558 2 94 41 435 7
2688 350 1 58 23 309 15
7761 282 1 101 22 198 8
2716 37 2 40 21 269 14
2489 529 1 34 26 61 5
3421 376 1 29 7 305 3
6073 391 1 32 69 253 14
2550 271 1 21 22 219 5
5015 259 2 82 14 282 18
2580 90 1 38 50 337 10
2903 255 1 56 25 210 5
3614 31 2 65 47 423 7
7781 310 3 94 30 202 14
9319 60 5 143 23 183 18
6933 177 4 249 29 423 15
4211 190 1 30 32 82 7
30 29 1 102 68 378 6
9159 305 1 49 25 70 4
8158 57 1 39 43 241 19
60 391 1 31 15 358 5
6926 38 1 79 38 411 6
6582 643 1 51 12 248 5
7057 605 2 75 49 125 11
4490 68 1 35 59 263 7
3540 427 3 63 22 48 11
8848 77 5 181 40 385 10
4330 379 5 300 38 611 10
4263 347 1 13 40 472 13
2987 183 1 45 12 146 6
5718 344 1 42 36 50 10
6294 54 1 302 57 302 20
3399 66 1 47 11 528 20
7138 345 1 28 16 69 7
10984 138 2 40 48 384 17
8793 518 1 38 21 189 12
7879 103 3 255 35 277 4
4071 545 1 64 66 429 4
3009 519 1 73 25 308 19
8055 538 1 65 40 387 14
11387 469 2 103 60 391 18
10276 46 4 130 33 158 2
9029 69 1 25 30 281 8
5284 210 1 161 9 79 4
9713 86 4 98 48 116 15
8128 169 1 77 11 315 4
2533 465 1 33 72 250 3
6525 160 1 47 45 383 19
11896 10 2 63 17 472 9
6548 594 2 63 7 419 14
3222 577 1 130 17 233 9
2520 53 2 354 34 320 14
11581 546 1 11 22 309 12
8718 426 1 150 30 72 15
11590 541 1 126 68 64 12
2647 396 1 48 18 234 5
10616 289 6 118 38 195 8
8686 158 1 32 29 532 19
10251 354 2 115 42 54 12
6287 298 3 277 18 260 5
3535 405 2 59 69 54 6
4669 63 5 185 70 561 8
8542 164 1 86 32 308 5
4967 132 2 49 11 172 10
9057 32 1 42 26 549 6
3463 97 1 15 11 368 16
10905 261 3 324 32 220 20
3392 486 1 72 14 103 6
515 580 4 140 49 427 15
6720 529 3 45 55 387 13
1162 145 2 129 61 516 8
11685 495 5 408 42 352 3
237 351 1 108 35 382 7
1247 110 2 48 26 167 8
6630 382 3 59 9 255 7
1488 320 1 64 14 298 17
7914 155 1 92 27 283 18
3715 280 2 48 65 366 10
5080 450 4 233 13 272 5
11467 122 1 121 14 295 6
11173 156 2 33 12 235 9
4174 424 2 67 26 134 14
643 164 1 17 30 208 12
2239 309 1 24 29 487 15
10501 284 2 76 41 162 8
18 89 2 103 37 132 20
6586 527 1 55 20 153 20
10583 604 1 131 19 133 18
8090 226 1 11 37 514 2
1113 533 1 16 16 151 4
1102 473 1 26 78 362 3
10963 338 6 403 31 90 10
1758 347 3 188 10 330 3
2485 384 2 118 19 323 9
522 371 6 83 18 78 6
11503 32 1 46 10 111 6
271 419 1 43 22 333 19
6000 154 6 55 23 365 13
5953 579 2 62 30 610 6
6128 576 1 40 12 97 9
4679 563 1 33 25 248 5
1177 103 1 73 17 94 15
2367 480 1 57 25 189 4
11118 523 1 23 42 68 19
496 151 1 53 57 333 3
2440 429 2 171 21 232 17
10196 193 5 401 39 411 14
10210 221 4 163 34 215 20
717 216 8 202 47 507 6
5232 190 6 126 13 205 12
9272 447 3 123 21 434 18
632 126 1 49 65 276 20
3523 196 3 45 26 131 17
10848 404 2 30 35 235 12
5223 297 3 88 49 482 18
7934 613 2 72 63 111 10
1337 166 2 56 73 246 6
11103 550 1 77 37 75 13
6594 118 1 56 62 228 2
6150 183 4 370 26 196 20
2592 378 3 57 26 201 1
1312 377 1 46 9 42 13
371 566 1 22 49 380 1
3060 213 1 29 47 452 4
565 65 4 155 35 343 1
7770 636 1 41 5 72 8
4433 177 1 58 12 279 18
10574 512 1 35 56 614 10
11677 312 2 106 30 305 19
6014 269 1 34 13 347 11
10479 271 2 86 44 193 12
6947 493 1 39 35 176 3
1813 389 5 259 22 185 8
10607 230 1 173 52 65 8
473 34 1 39 34 183 18
11311 395 1 30 40 327 8
704 548 3 233 30 275 15
10901 342 1 48 55 170 15
7178 242 1 73 16 60 14
93 282 3 56 29 547 20
7431 409 2 130 23 432 1
3714 106 2 132 56 357 5
10161 208 1 44 79 368 11
59 59 4 163 51 366 20
8329 500 2 27 42 298 15
3387 390 5 187 37 238 16
8225 283 5 138 37 646 20
10375 23 1 57 41 547 12
4844 564 1 37 7 47 9
8768 140 1 71 16 289 19
1348 99 3 95 49 158 14
6519 645 2 119 20 394 11
6555 128 1 51 59 225 9
566 496 1 49 33 559 19
443 400 1 108 71 155 10
8065 346 1 79 24 194 20
7347 363 1 27 43 77 15
1573 458 2 74 49 355 2
312 561 1 64 18 245 20
7407 438 1 52 38 400 13
64 605 1 179 38 444 12
5944 23 1 65 68 345 13
743 606 5 132 69 654 7
10554 20 1 40 10 50 15
2096 457 1 43 33 378 1
10510 114 1 36 38 360 14
8938 108 2 68 68 114 10
11758 384 3 87 26 281 9
2381 36 2 266 54 271 3
10546 193 2 123 40 136 9
3201 263 3 77 18 285 16
635 575 1 83 53 218 20
9112 389 1 73 11 476 14
1838 38 2 49 41 493 6
8932 260 4 86 16 154 7
11592 280 1 48 10 42 10
8414 451 1 27 52 208 11
10991 30 2 115 29 605 4
4891 211 2 89 14 43 2
8149 489 3 113 34 77 9
3790 437 1 41 79 233 8
8207 291 1 59 27 91 20
7778 342 5 111 11 292 2
9067 223 2 306 27 633 4
7130 317 6 225 60 328 15
7905 589 2 139 45 659 10
3414 271 3 120 34 59 9
8306 531 1 27 68 564 1
930 261 1 38 61 337 7
10156 155 2 88 38 194 1
2356 538 5 79 42 524 10
10561 511 3 112 26 497 9
6718 128 3 217 24 342 12
6862 289 4 135 28 352 3
6548 369 4 88 21 454 11
10245 290 2 113 16 672 18
6901 519 1 30 10 206 12
2533 510 1 64 68 368 17
2277 366 1 160 48 524 19
3456 374 2 76 18 497 3
1123 215 4 90 23 39 10
3025 311 5 71 27 125 6
8648 641 2 135 32 580 11
8295 585 1 171 39 495 5
7228 472 4 408 35 35 4
8800 308 2 29 65 724 4
9778 145 1 85 9 97 1
8977 160 1 54 24 199 17
11696 510 1 31 57 256 8
1791 82 4 329 73 357 11
6476 464 1 17 54 326 10
3409 16 2 45 32 395 13
9300 62 1 47 59 221 20
8776 195 1 33 35 124 5
2191 355 2 42 43 649 20
1594 378 4 246 35 259 19
2933 140 5 87 27 327 5
10409 418 2 188 38 608 11
5417 522 1 56 34 249 11
8297 612 2 196 41 378 11
2231 517 3 147 48 541 1
11075 235 2 203 18 227 6
6695 401 2 117 23 590 1
1550 333 1 55 29 538 11
1351 194 5 142 15 297 5
8625 136 2 80 6 75 20
5293 466 5 169 38 104 2
4885 551 1 48 26 173 14
2748 138 1 44 18 345 1
4539 306 3 144 19 81 10
3415 608 2 135 25 130 4
2993 216 1 40 47 197 10
1045 76 1 32 48 137 13
2919 232 1 36 34 434 2
6463 342 1 31 11 667 13
1177 313 1 146 49 527 10
1363 342 1 92 52 370 5
7004 360 2 35 64 680 1
11736 265 1 74 20 148 14
3013 136 1 39 19 189 10
6392 118 3 41 23 185 10
7118 346 3 60 13 546 3
4365 473 1 43 31 196 9
5152 105 1 98 14 144 12
6190 327 4 136 23 380 5
7612 175 6 257 15 273 7
9222 586 1 27 31 224 15
5483 518 4 186 18 115 12
1282 312 1 20 28 404 19
6744 440 1 59 11 536 2
4945 170 2 41 59 357 20
8909 127 4 292 15 254 15
4592 594 2 87 63 265 12
9505 292 2 139 24 312 10
9069 477 2 82 57 134 16
11631 567 1 38 73 363 7
2691 322 2 32 38 389 9
2358 569 1 23 16 33 4
5475 427 2 58 51 77 2
4904 469 2 84 28 94 3
10056 529 2 62 24 285 3
6205 397 2 73 26 285 3
2890 318 3 56 26 459 5
4757 107 1 14 33 299 14
314 624 1 45 11 70 19
7486 182 5 118 13 86 12
4021 114 1 39 23 292 18
158 530 1 50 24 212 17
11289 280 1 41 76 154 11
6096 424 4 100 21 169 18
6189 631 2 71 25 359 5
3568 621 1 65 26 450 9
2977 580 2 39 27 165 10
7893 63 2 106 16 111 9
909 222 2 60 47 339 4
9565 353 2 59 14 45 3
6774 229 1 157 26 81 7
654 185 2 46 9 69 6
3290 571 4 118 22 65 4
4198 631 2 93 68 298 18
8929 396 2 65 14 45 16
5478 101 2 42 58 244 8
91 612 1 68 20 147 2
10882 511 1 37 17 275 13
6843 76 1 47 20 96 6
10201 393 1 65 11 683 15
2428 546 1 41 41 304 11
9889 108 3 306 22 107 9
5771 480 1 37 13 49 20
8054 507 3 117 9 42 13
7074 407 1 24 58 527 10
7099 346 3 136 55 538 20
8098 433 3 64 42 110 4
3296 242 1 26 31 335 9
10763 30 1 31 57 619 8
8920 147 3 159 53 91 14
9721 482 2 201 10 402 1
2006 129 3 175 55 282 20
2857 505 2 127 35 272 13
4062 251 5 227 64 336 5
11114 546 3 111 15 105 1
140 549 2 137 34 372 18
11034 170 1 39 62 263 11
9887 46 1 109 42 492 9
7242 593 1 107 64 370 18
3453 624 2 65 49 258 10
5819 232 1 187 21 649 19
4082 308 4 167 28 74 14
3796 199 1 19 56 417 16
3629 190 2 96 16 113 18
1156 617 3 254 24 629 1
1382 43 2 46 43 290 16
6966 345 1 102 6 69 3
9429 439 1 31 48 62 19
7401 20 2 76 33 241 9
2420 212 2 80 13 556 16
11087 528 1 43 14 121 11
2678 515 2 127 56 438 19
11041 67 1 24 18 323 2
8948 581 1 86 33 281 14
10885 633 5 105 26 394 17
2485 308 1 49 57 130 1
6343 76 1 15 16 147 12
1757 103 3 57 25 616 7
8948 172 1 50 37 286 16
8071 530 3 73 23 225 20
10173 318 1 52 13 283 16
517 560 1 122 34 253 8
1612 505 4 34 52 242 5
1589 504 6 133 44 159 18
5261 281 2 262 34 405 7
6620 609 3 104 25 298 6
10450 240 3 45 41 410 12
4068 489 3 398 64 200 1
3561 64 2 40 65 265 10
11996 169 1 132 53 61 2
6342 493 3 291 20 487 3
1194 640 3 171 40 337 10
7138 135 3 71 19 298 14
2546 180 3 97 45 51 12
5855 319 3 146 20 52 3
10757 583 4 71 70 755 14
5820 187 4 327 32 152 16
9829 139 1 53 37 146 9
10308 536 1 144 26 45 5
5781 91 2 90 18 136 1
4906 136 4 249 37 282 13
6427 536 1 149 12 258 14
2748 325 1 14 52 470 16
6377 397 2 85 14 116 9
9562 452 1 39 40 143 2
6808 190 2 161 11 48 10
2790 642 1 25 46 578 7
7125 526 2 57 44 546 4
11746 297 3 139 13 81 10
5670 89 1 38 16 265 11
10703 289 1 61 42 206 20
8385 207 1 40 29 578 17
1768 639 3 117 75 527 18
1809 407 2 41 20 149 16
2901 525 1 53 13 206 9
4291 163 2 129 71 340 7
196 111 1 204 17 368 5
1631 105 1 114 13 110 7
11040 485 1 114 27 188 16
8684 144 1 19 16 257 12
8766 197 1 114 17 335 3
900 386 1 82 15 485 10
7971 149 1 23 30 64 18
8370 526 1 35 18 127 15
5934 396 1 40 35 282 11
11633 637 2 39 16 74 8
1871 419 1 129 25 421 8
10861 397 1 27 51 171 14
8573 488 1 43 18 598 1
9300 166 1 22 60 145 5
7154 234 1 24 17 465 18
6128 462 1 18 31 547 15
7232 30 1 27 47 319 15
7870 584 1 84 41 376 7
2638 220 2 75 22 95 13
5650 292 1 104 19 95 19
6944 230 1 61 31 118 8
4710 256 1 157 21 102 2
3794 333 6 249 32 91 13
6178 388 2 143 15 591 20
6247 313 1 30 34 315 9
2651 145 5 118 27 176 18
11625 256 2 152 41 330 9
9143 19 2 200 44 348 9
4456 593 1 21 28 159 6
4477 309 3 29 25 317 5
2292 43 1 321 47 439 1
9849 313 1 24 52 521 5
7295 176 4 183 46 189 6
455 120 1 24 37 154 8
11062 180 1 89 37 354 14
5986 510 1 41 59 381 7
5541 522 1 109 73 555 18
9396 493 1 95 19 125 18
3337 523 1 27 42 230 3
3595 56 1 93 18 168 14
11659 588 1 24 12 406 1
3395 284 1 98 33 580 1
6688 281 1 86 55 280 1
3484 281 3 199 42 371 9
8333 548 1 117 44 537 4
3702 590 1 60 37 501 20
835 615 1 24 71 206 18
1315 284 1 204 20 81 2
4834 110 4 224 62 382 1
6597 447 2 51 21 521 2
8351 28 2 30 66 439 13
2328 401 2 31 16 128 16
6803 386 2 181 35 266 20
2841 259 1 18 58 128 12
8749 492 3 266 30 42 13
11499 141 6 154 24 129 12
8 80 1 59 22 105 11
4175 199 2 46 8 401 4
11561 627 1 134 24 207 12
9656 255 3 153 35 339 16
5109 248 3 36 18 177 3
5802 193 1 38 51 345 20
6479 236 2 84 29 295 18
1114 515 1 30 17 80 8
489 525 2 78 69 457 12
3985 253 1 32 62 617 18
11870 352 1 198 25 39 3
10223 273 2 387 41 318 3
527 177 2 53 21 139 15
6995 343 1 44 64 418 7
3631 153 2 67 8 194 19
8409 208 4 148 11 466 9
856 257 1 114 30 393 14
4268 166 2 173 23 82 15
5069 425 2 173 35 46 4
2136 451 1 24 11 271 10
10985 238 1 67 26 163 19
2183 618 1 231 24 367 9
11160 558 1 16 17 213 8
2227 430 1 21 11 241 5
5892 119 2 50 19 235 20
2696 151 2 174 21 311 14
5050 418 3 145 25 510 12
8274 631 1 108 35 330 8
6313 250 2 82 44 215 8
386 378 2 40 25 216 17
4830 548 4 187 48 604 20
5383 90 1 88 28 583 9
3827 16 1 48 15 278 18
4001 10 3 115 19 120 3
6659 39 7 337 68 441 11
4112 347 1 116 34 386 3
2605 119 2 89 42 363 15
6841 377 1 84 27 159 14
4668 62 1 22 16 161 9
8846 600 1 21 43 360 11
4128 471 2 144 29 166 1
5603 148 3 109 28 34 2
8380 573 4 82 23 44 1
3099 361 1 49 70 284 14
1172 629 1 34 38 465 20
6825 141 4 124 46 439 8
196 359 1 48 37 565 3
5607 195 2 50 46 464 10
7314 632 1 51 24 218 6
9188 293 4 181 45 272 10
10917 461 1 47 36 55 19
6778 20 2 75 29 148 15
8772 140 1 49 62 449 11
1372 558 3 122 16 420 19
10223 42 2 87 10 213 10
11307 270 5 125 13 305 2
3703 334 1 38 19 96 8
2023 190 1 37 8 212 6
286 255 1 39 15 105 5
9477 591 1 17 64 246 7
3514 404 4 168 29 94 11
6916 338 1 90 17 98 7
8775 326 2 52 13 139 10
1802 262 1 17 17 235 2
9465 16 2 127 35 258 4
7060 228 2 130 15 230 16
5611 557 2 62 62 560 3
6817 412 4 280 34 446 18
11331 434 1 10 34 190 3
2680 326 4 125 18 465 14
1262 393 1 46 19 556 1
10116 84 1 34 33 281 18
10418 324 1 33 20 216 8
2056 280 1 115 25 249 14
11603 576 1 61 9 347 7
8578 266 1 19 52 369 12
1449 49 1 63 28 134 6
4517 37 1 30 27 158 6
9723 542 6 189 49 540 12
11 446 1 44 73 741 14
2575 612 1 31 51 440 10
3681 643 2 40 18 90 5
2288 312 1 60 16 180 7
4120 291 2 137 32 344 18
6829 342 1 100 32 91 1
3672 75 1 40 70 230 1
8445 438 5 212 25 375 14
5432 25 1 33 15 388 9
2505 211 2 104 24 193 1
4051 572 4 223 46 352 8
3948 89 2 124 37 312 19
8427 411 2 140 30 215 6
4548 184 2 29 15 99 17
6255 495 4 175 43 546 12
3551 602 3 140 34 264 3
7655 490 2 95 8 306 12
7193 353 1 19 79 248 2
8786 422 2 46 70 202 3
4967 608 2 72 59 227 18
1773 383 1 19 19 237 17
770 606 1 33 17 97 4
2390 91 2 104 44 175 2
11328 521 1 84 24 498 12
2762 437 1 32 41 377 4
10644 507 2 275 38 182 4
1026 479 1 32 16 357 11
9659 43 1 20 43 408 3
9584 159 4 158 18 61 17
913 236 1 27 22 71 14
4458 14 1 19 44 382 6
6328 617 1 63 12 68 5
7834 358 5 85 19 251 18
9187 220 3 90 20 91 12
