7 71
7 32 104 768
8 32 60 880
3 64 60 592
7 24 124 496
7 40 112 880
6 32 128 864
3 32 32 800
2092 422 3 93 68 285 12
2253 542 3 179 67 275 20
1981 391 3 49 48 432 6
864 117 4 89 75 294 2
2478 36 1 26 32 419 16
501 201 1 61 57 223 15
45 430 1 107 29 216 6
847 137 1 52 23 130 3
1681 107 2 62 66 556 12
557 344 2 87 58 238 12
658 371 2 33 15 496 15
2276 482 2 191 76 424 16
369 131 1 32 16 120 19
1109 344 2 41 40 229 8
2187 282 1 80 25 356 5
751 70 1 72 26 625 8
1472 516 3 70 18 253 3
88 287 1 25 37 281 18
1955 91 1 159 28 181 7
1299 15 4 60 46 241 15
1512 234 6 80 48 322 9
1762 446 2 68 21 168 20
214 40 6 161 29 190 2
2394 438 1 36 20 455 16
499 367 1 97 37 136 18
726 115 4 65 80 611 9
1624 428 1 41 65 259 2
2273 372 1 48 32 442 15
768 148 5 108 67 296 3
266 380 2 28 40 462 12
1038 321 2 46 11 482 7
2370 406 3 44 45 426 7
747 214 3 86 43 417 4
2290 63 3 121 28 189 18
1587 509 1 75 30 432 17
1387 459 5 82 51 561 6
787 87 3 114 40 268 2
1643 639 1 132 20 480 16
1336 559 2 42 8 472 16
849 186 3 39 8 498 8
1496 547 1 28 37 104 18
353 443 6 158 54 534 8
535 308 1 45 23 358 7
160 247 1 26 16 479 4
207 120 2 75 23 434 9
1299 432 2 87 40 263 7
939 437 1 25 15 285 6
56 395 5 65 83 313 19
468 453 1 76 52 280 16
380 98 3 61 17 240 3
607 223 1 20 18 619 3
1481 522 1 39 63 337 15
1620 123 3 107 29 432 19
1155 552 1 104 72 306 14
2285 339 2 68 29 183 8
1619 173 1 84 39 199 16
2332 504 3 66 19 545 1
1660 575 3 55 88 555 5
751 195 1 28 30 267 3
1796 169 1 19 42 350 3
1504 270 2 50 18 388 2
572 139 1 37 15 364 10
451 418 1 19 65 462 16
1467 591 1 33 34 638 19
1675 94 6 204 49 204 16
1504 340 4 61 27 277 1
443 359 1 33 42 595 4
1980 455 2 62 10 504 5
1021 334 1 15 58 134 19
1928 353 1 136 59 266 14
21 519 3 190 48 441 1
