12 105
6 80 120 960
4 40 24 640
5 24 40 496
4 48 52 416
5 64 52 800
8 80 88 400
8 32 116 512
4 48 108 752
8 64 64 864
2 80 108 432
8 48 108 304
4 48 108 304
0 623 2 143 101 305 2
5413 560 2 136 89 336 19
9788 368 1 84 40 349 17
273 293 1 219 25 714 17
1800 707 1 139 39 238 16
5891 300 2 242 16 380 10
128 690 2 57 64 446 10
10032 147 5 304 45 750 11
6029 652 2 97 85 125 17
9225 313 2 237 103 709 12
6585 425 2 165 86 203 2
1817 241 6 431 46 309 13
6115 460 6 427 100 206 1
9453 631 2 116 58 210 13
37 604 5 466 39 225 19
544 701 3 90 25 306 9
511 106 3 141 72 153 11
2290 553 3 164 71 924 13
2968 564 6 346 42 146 13
9265 677 1 92 62 143 12
9272 440 2 108 25 233 12
0 726 1 55 24 213 8
9297 281 4 156 69 270 2
2032 642 2 70 39 261 8
0 54 1 53 13 391 20
1916 118 3 130 32 517 14
6031 381 2 65 80 83 7
2035 329 1 66 65 158 1
6377 326 4 277 40 261 20
9417 222 2 104 23 122 9
5533 653 3 180 67 679 8
5925 114 1 39 62 213 12
9676 552 2 80 27 179 11
2135 384 1 81 19 257 12
6529 505 1 29 43 208 16
9534 545 1 134 12 104 3
398 88 6 172 24 177 1
10109 374 3 55 26 224 3
6003 352 1 34 78 267 11
166 693 1 215 82 552 7
9276 714 1 98 37 281 17
9865 692 7 507 36 349 12
5839 536 3 113 61 817 14
0 726 1 406 20 253 9
6266 157 1 112 12 339 6
6221 536 1 129 33 297 16
2494 646 3 47 24 455 7
9212 224 2 83 34 173 20
9834 64 6 548 34 87 2
438 202 2 170 25 595 1
2976 25 1 72 77 317 2
78 374 3 76 31 254 7
2183 493 1 154 44 247 20
423 199 3 172 67 127 15
37 429 2 65 93 354 8
9581 343 2 101 21 118 12
0 598 3 137 55 339 11
10196 31 5 308 84 624 16
10081 168 2 456 44 88 13
9383 475 1 69 39 359 10
9157 234 8 190 25 238 18
5925 472 3 149 16 468 8
9202 734 3 151 13 305 13
208 123 4 99 102 403 15
85 476 1 61 73 297 8
2708 249 3 127 62 65 15
0 108 2 59 98 241 20
9514 614 1 26 51 249 5
9563 627 1 32 65 304 19
2264 559 1 210 14 443 7
6555 148 1 65 38 252 20
223 478 2 176 60 452 7
6134 352 3 245 32 542 19
6138 431 1 282 65 256 3
10055 120 1 43 88 402 7
2210 377 3 40 25 101 17
9201 289 1 100 62 325 5
2161 94 7 155 80 350 6
2976 511 3 213 116 381 8
9489 235 1 34 29 610 10
10177 598 3 125 60 366 12
0 517 1 33 72 346 11
0 249 1 59 11 397 5
2717 602 1 69 79 98 19
5515 720 4 195 48 438 5
5850 107 2 245 91 586 8
2891 238 1 135 42 172 13
2710 186 1 151 64 315 18
9630 488 1 382 44 210 13
5535 729 5 133 86 412 5
5744 26 1 46 50 285 7
0 422 1 44 64 196 17
0 309 3 243 67 460 6
5856 709 1 143 75 163 4
2276 568 5 159 68 406 16
470 124 6 214 58 835 5
2103 391 1 167 60 67 5
6246 460 1 52 28 215 2
9060 347 4 385 64 243 4
5510 338 4 193 36 154 14
6178 673 2 61 102 699 17
6555 216 2 192 22 372 6
2866 456 3 148 81 299 20
5585 81 1 75 32 108 19
2238 269 2 80 42 201 7
