5 59
5 40 96 368
7 24 48 928
3 80 96 256
3 32 28 448
8 48 108 256
46 455 1 18 33 672 2
58 640 2 50 53 183 8
364 46 3 89 29 489 13
1330 600 2 42 13 146 18
1623 131 2 71 14 191 15
2021 493 1 54 40 160 18
1342 553 3 129 57 87 9
352 613 1 42 39 75 8
880 300 1 30 59 115 14
1809 424 1 32 13 210 19
1909 301 2 80 59 113 3
1739 216 2 136 54 245 9
875 534 3 67 13 190 11
229 434 2 90 64 175 11
947 649 1 90 34 141 6
2370 121 3 128 51 252 1
767 382 1 111 21 107 11
2001 62 1 31 58 133 20
1968 563 1 60 44 181 4
1380 203 2 112 30 177 4
1478 628 1 113 62 82 2
1411 581 4 59 25 85 11
1473 400 3 46 24 302 12
724 410 1 15 29 592 12
271 305 6 95 13 655 13
5 238 5 66 17 646 15
918 424 1 81 22 94 6
1588 260 2 57 55 234 17
902 81 3 123 48 121 3
975 316 1 91 28 89 13
1958 413 2 62 22 121 18
1268 581 1 26 13 298 9
2284 306 1 71 30 98 17
1554 483 4 239 48 78 15
658 577 2 150 47 159 3
1999 417 2 105 46 64 10
804 60 5 149 64 91 13
1974 31 1 20 14 504 8
1589 371 1 154 68 62 13
2468 644 1 167 63 73 18
1284 308 1 65 46 61 17
581 112 5 121 28 656 16
569 50 1 68 53 269 1
1929 208 1 113 44 80 6
2116 110 2 60 52 79 1
614 431 2 51 42 110 18
2264 222 3 165 59 115 14
1904 411 1 19 14 289 16
2122 255 4 103 23 192 15
1563 305 1 28 15 210 9
902 196 2 192 23 191 20
748 470 4 108 30 587 4
377 603 2 147 71 62 11
1536 490 3 108 50 88 15
1386 563 3 52 34 605 17
1324 609 1 142 64 63 12
1185 189 1 69 15 354 12
2042 41 3 46 60 234 19
38 372 1 49 7 288 18
