2 31
6 64 60 736
3 80 100 560
776 321 6 284 36 185 13
1656 183 6 259 21 366 6
2001 78 2 252 24 387 2
1299 406 1 35 52 325 10
1975 24 2 186 44 198 12
1497 301 5 176 24 472 15
2050 353 1 201 34 120 3
2457 577 1 37 28 538 1
1137 374 3 109 13 342 4
993 157 1 29 53 346 15
16 63 4 228 40 287 20
2108 288 1 63 34 336 8
1802 12 1 49 30 506 11
1208 218 1 150 33 241 4
552 133 1 85 41 167 20
811 20 2 120 23 222 5
7 210 2 104 33 399 15
834 501 2 188 22 311 8
886 419 1 103 42 419 10
1372 314 2 92 34 383 14
2225 585 6 267 17 508 1
1088 78 1 102 55 288 17
710 542 1 52 62 393 5
1687 425 2 135 38 198 1
1176 492 1 61 63 181 8
1154 58 1 71 23 280 4
545 465 2 73 64 355 1
1546 168 1 116 67 266 16
936 412 6 299 17 492 19
57 457 1 57 53 395 19
82 278 1 129 48 333 1
