6 40
8 32 68 768
5 48 124 592
6 40 116 368
6 48 56 784
5 32 60 256
5 64 104 320
1569 131 2 70 23 54 7
2255 63 1 15 21 68 11
1686 15 1 64 30 40 5
193 152 1 24 40 183 2
193 224 1 25 17 125 6
811 70 1 28 33 151 1
2360 268 1 26 14 90 5
2280 150 1 8 14 47 6
1105 111 1 8 28 137 1
1080 240 1 23 7 282 9
170 225 1 27 14 128 5
1022 64 1 27 34 158 1
1697 61 1 26 7 54 4
965 269 1 53 30 28 8
979 9 1 10 11 127 2
1851 169 1 25 4 296 7
554 195 1 25 19 274 9
1574 135 1 23 39 52 9
882 8 1 21 45 131 10
162 288 1 52 10 283 9
1677 37 2 12 43 97 11
862 96 1 26 19 118 7
322 265 1 47 22 122 2
2108 103 1 12 9 84 7
322 60 1 25 26 127 5
633 255 1 10 25 161 4
2426 243 1 23 19 39 9
2470 63 2 32 38 93 11
1271 153 2 36 14 17 12
957 283 2 49 22 266 4
234 120 2 38 44 141 10
156 148 2 47 10 117 2
1392 44 1 7 25 208 12
2296 42 1 11 35 68 2
1206 296 1 26 14 183 9
1855 43 1 10 40 167 1
822 207 1 33 13 73 3
1506 99 1 6 32 168 9
1779 243 1 15 35 58 1
1265 67 1 24 41 110 7
