9 86
6 64 124 320
7 64 80 944
4 40 128 416
8 80 92 896
5 32 120 848
6 32 48 624
8 32 88 832
6 40 72 960
4 80 116 832
40 190 2 18 17 164 9
1344 185 1 62 17 104 2
2145 126 1 11 20 54 6
1214 252 1 27 17 66 12
1584 266 1 15 19 107 6
557 204 1 19 47 290 9
897 264 1 56 42 17 11
492 29 2 17 22 45 4
1296 61 1 21 32 240 2
169 54 1 48 27 342 12
1850 191 2 38 22 233 9
144 187 2 82 33 131 5
1249 12 1 10 18 94 11
1154 15 1 29 8 351 1
1654 106 1 27 20 57 11
197 111 2 46 46 239 9
432 139 2 28 8 177 9
2085 166 1 7 5 210 8
157 37 1 18 16 85 9
1247 289 1 8 36 75 2
85 217 1 33 27 184 10
1095 97 1 20 29 35 3
393 3 1 51 21 201 3
917 145 1 13 23 270 1
2017 55 1 59 16 103 10
1793 198 1 32 45 119 8
2410 66 1 66 8 178 11
706 58 2 41 18 282 8
584 253 1 64 39 67 7
940 271 1 63 32 32 1
658 158 1 21 11 280 9
1335 128 1 30 12 300 4
1522 16 1 20 9 56 4
1582 66 1 17 13 92 5
2430 137 1 30 32 257 12
177 66 1 13 8 102 5
2069 247 2 77 20 235 2
1291 33 1 12 22 133 2
1113 297 1 41 17 348 1
670 179 2 29 3 176 12
284 220 1 30 33 99 10
1148 138 2 32 41 333 4
1319 54 1 20 33 294 2
1626 85 1 11 29 246 2
868 294 1 10 24 194 4
874 85 2 37 16 343 5
2370 75 1 19 38 55 11
864 88 2 50 28 74 12
858 53 1 42 31 330 11
2029 144 1 34 9 178 9
1958 4 1 17 25 260 10
29 293 1 44 13 269 8
537 294 2 82 34 230 3
1749 124 1 7 9 70 3
1736 140 1 7 24 114 8
33 3 2 7 8 226 5
1528 287 1 16 32 316 4
238 112 1 13 38 118 11
205 84 1 6 9 75 7
93 72 2 41 25 323 5
1797 195 2 88 9 156 8
648 206 1 14 14 242 1
215 135 1 32 16 54 10
1953 38 1 31 36 113 1
2172 156 1 22 37 93 7
1311 297 1 22 20 343 9
2497 82 1 18 26 75 9
809 242 1 29 43 99 5
173 148 2 26 9 39 6
2261 232 1 14 23 210 7
2145 143 2 35 33 162 2
1416 116 2 86 21 130 2
646 229 1 30 12 133 12
1499 98 1 13 8 86 3
472 31 1 13 32 199 6
1873 172 1 31 25 101 3
412 214 1 13 32 256 11
150 173 2 19 30 226 1
858 279 1 85 37 212 6
451 51 1 40 24 315 10
427 11 1 27 19 259 3
498 217 2 13 24 337 4
2409 86 1 17 11 352 10
260 112 1 13 26 85 11
2141 265 1 34 24 70 5
1827 143 1 23 12 341 2
