2 23
7 48 72 816
4 48 52 848
2163 53 1 7 27 168 3
2038 294 1 16 24 42 9
1842 17 1 26 12 288 8
949 106 1 16 21 46 12
251 4 1 46 9 100 11
1983 231 1 16 19 251 3
2136 166 2 49 27 215 10
2073 105 2 19 15 73 7
1053 140 1 18 19 291 12
1308 194 2 42 5 207 12
267 198 1 33 22 289 3
1191 156 1 7 16 69 11
2387 133 2 28 9 282 11
2024 185 1 24 24 191 12
128 260 1 47 21 82 12
2000 162 1 11 22 170 4
2433 271 1 40 27 293 7
209 104 1 6 20 90 4
2034 189 1 19 25 57 3
663 40 2 31 13 257 7
929 92 1 11 13 273 10
1385 21 1 15 17 75 1
653 36 1 49 22 42 9
