63 2324
8 32 100 256
3 80 60 848
8 64 104 304
3 64 104 736
2 32 8 80
5 40 72 176
7 64 128 848
8 80 52 752
5 80 72 624
2 64 92 144
4 48 40 256
4 32 72 800
3 40 8 256
3 40 16 320
5 32 24 384
8 40 76 400
1 16 72 160
5 32 52 32
4 24 16 192
8 64 128 576
8 32 104 224
5 32 72 544
5 48 88 864
4 80 108 1024
8 64 60 576
1 40 28 336
4 40 84 960
6 80 72 400
5 16 40 512
3 40 32 304
8 32 96 992
4 48 48 208
2 40 84 304
5 24 72 560
6 32 88 704
4 24 44 960
2 64 40 752
5 80 68 640
4 40 104 784
3 80 120 128
6 24 80 160
8 64 40 704
8 64 76 496
3 32 104 208
6 48 52 688
8 32 64 768
2 32 64 512
7 40 96 928
2 40 60 256
4 64 40 560
1 40 44 208
8 32 116 432
4 24 128 768
5 40 64 176
6 40 92 368
5 24 12 224
8 80 72 368
4 24 52 272
5 32 36 400
8 40 52 576
4 24 28 432
1 24 40 32
2 80 64 576
166 292 2 280 53 368 11
4319 140 3 108 57 340 4
10992 474 4 93 59 254 11
15412 55 1 64 12 259 15
9970 200 6 236 19 386 9
0 528 3 69 49 263 3
3290 678 1 32 5 52 12
673 482 1 65 31 576 20
10678 422 2 108 32 465 20
216 404 2 128 25 399 9
16356 144 3 262 45 360 20
4985 366 5 193 42 569 19
4429 707 1 23 46 91 11
15279 329 6 228 24 253 9
3017 526 1 23 33 315 10
3249 657 1 96 75 960 4
3456 487 2 107 39 497 18
4462 435 4 131 71 151 7
111 464 1 41 31 430 2
716 59 5 112 34 111 19
76 721 6 70 51 419 13
10934 675 2 125 93 79 19
4846 184 2 109 47 113 6
0 491 2 32 19 94 5
879 102 1 31 30 417 8
16485 125 1 42 70 181 11
4516 200 1 146 35 554 13
15374 429 1 110 39 493 20
15891 142 3 72 35 161 14
15596 203 2 101 35 240 14
4995 318 1 46 28 374 13
0 526 3 156 34 291 8
4123 630 2 125 27 303 18
10713 184 1 33 4 176 19
15167 403 2 21 19 107 17
16059 108 3 182 28 178 5
16810 591 5 382 59 274 6
4074 104 1 38 26 122 6
16332 745 1 32 34 605 8
338 707 1 9 21 16 5
3959 467 1 30 39 239 12
3169 264 5 76 18 239 11
3780 95 1 100 101 124 9
4396 580 2 174 36 388 11
96 333 4 257 39 77 1
3977 77 3 92 52 512 11
4422 236 1 74 21 92 11
0 398 1 71 58 357 13
0 141 3 69 39 199 1
9690 134 6 360 29 518 13
9981 655 1 210 81 162 12
10828 714 1 110 76 960 8
0 155 1 84 21 244 10
4314 656 2 33 21 11 6
10500 346 2 98 9 265 12
0 546 1 362 44 468 14
16640 314 6 239 13 560 19
15771 381 2 64 8 119 20
829 533 6 274 47 440 14
9379 354 4 119 43 101 5
276 329 3 65 11 226 16
3289 531 2 96 23 175 17
0 264 1 6 37 45 5
953 561 2 102 15 130 1
9913 201 1 153 52 701 18
10433 332 1 34 56 195 4
174 174 3 129 10 507 20
16483 668 2 54 4 60 11
9034 39 1 24 55 98 8
3420 394 5 120 27 542 7
876 239 4 188 108 253 3
0 94 5 548 22 217 12
10865 632 1 15 44 96 10
10152 614 1 40 22 121 19
15698 325 4 283 55 146 15
16172 299 1 136 56 658 10
3493 353 6 159 52 693 18
9701 665 3 65 72 439 12
16604 395 3 89 35 273 19
0 343 3 94 37 148 7
0 83 1 25 86 400 16
15798 456 1 14 62 92 19
16588 210 1 29 57 532 14
0 39 3 191 70 112 4
3398 520 1 28 64 462 6
841 553 1 19 40 169 1
3277 523 3 221 43 379 1
0 440 2 32 45 521 6
4031 231 2 74 9 84 11
0 690 1 380 48 244 3
3748 477 1 63 25 84 6
16142 639 1 17 26 602 4
10938 423 1 15 16 143 5
947 618 5 135 62 160 17
10054 546 1 63 42 192 12
0 120 1 42 44 70 19
4578 481 3 187 57 225 9
939 501 1 89 69 429 20
16171 426 2 49 38 377 19
16019 713 1 104 18 554 14
16153 222 1 37 42 187 9
15765 477 1 17 28 16 12
4834 259 4 88 35 20 16
9645 656 1 30 4 30 5
3489 205 2 32 26 242 15
156 521 1 82 6 89 15
15451 201 1 97 25 745 9
16978 653 3 70 22 256 18
408 196 1 32 47 76 19
236 151 3 109 45 21 5
10042 253 1 74 62 541 18
10567 639 1 21 4 145 19
4688 352 3 135 55 233 8
4193 26 1 351 25 83 1
102 660 1 182 52 341 9
15137 332 1 36 31 554 12
9590 528 1 29 19 175 18
3331 378 1 67 29 176 8
4514 501 1 46 43 356 11
505 455 2 39 8 98 18
3764 697 3 40 28 267 16
3412 79 2 92 53 112 14
0 345 6 200 61 261 17
4333 605 1 93 82 421 8
3291 560 1 56 38 158 9
883 582 1 73 30 249 17
3112 228 1 51 50 476 15
3929 512 1 19 27 30 6
16286 673 1 210 48 228 14
9670 44 2 65 6 220 17
10384 693 1 23 5 56 14
15693 257 2 146 17 367 14
4159 305 1 385 58 336 18
4639 337 2 92 45 566 2
327 221 1 37 45 794 2
4983 91 1 33 20 208 13
509 166 7 196 64 138 5
4131 574 1 59 84 227 6
10940 322 2 121 14 394 17
16938 349 3 178 50 249 9
0 546 1 12 88 143 1
0 459 1 91 25 302 19
15465 696 2 49 4 41 2
255 522 1 38 12 129 6
714 142 2 288 30 410 10
15268 296 1 68 69 248 13
3978 95 1 22 50 740 3
9768 143 3 121 93 603 2
9931 129 5 189 59 562 13
3187 135 3 145 55 492 11
4439 25 1 37 13 313 3
15433 169 1 9 20 128 18
0 505 7 130 50 72 17
0 397 7 169 45 166 3
0 72 1 36 4 67 5
9987 681 2 75 24 139 5
4990 194 1 153 34 621 12
4335 546 1 62 36 583 19
4390 379 1 132 83 426 13
9859 339 1 55 51 536 16
4287 109 3 274 17 616 17
15531 464 2 186 45 674 1
15316 618 1 45 39 209 6
16760 338 1 68 32 592 11
0 141 2 119 59 265 1
4503 396 1 63 7 122 14
0 749 1 49 30 67 3
15961 275 1 30 62 174 7
15151 652 3 39 26 146 9
4015 196 1 59 44 240 20
10998 450 1 26 14 152 5
9344 526 1 30 15 207 2
16078 472 2 81 48 457 8
0 191 1 74 38 66 15
15862 722 1 34 18 182 15
10193 228 3 632 17 405 17
16533 577 3 290 30 454 6
3138 128 1 89 25 380 15
16009 67 2 149 62 67 1
10850 566 1 232 31 204 4
10397 177 1 61 49 400 20
0 571 7 201 67 550 19
16438 238 2 284 78 412 16
9034 256 1 29 13 306 13
10676 22 1 9 37 94 11
625 274 6 209 40 373 4
9783 726 1 22 17 179 4
16962 396 3 231 44 543 4
3980 157 1 34 107 806 6
10641 85 4 87 47 81 8
507 337 1 17 7 73 16
10442 481 3 113 48 611 1
641 647 4 410 22 170 2
4531 88 3 94 31 143 3
60 546 2 68 17 140 4
0 146 1 24 95 75 1
9306 494 1 30 19 137 3
15988 245 2 71 27 539 1
201 177 1 189 53 665 5
10812 718 1 35 95 783 1
464 174 4 270 102 722 11
15251 53 1 114 85 84 3
9789 255 1 14 66 885 10
3183 209 3 126 17 105 18
92 225 2 33 44 203 6
4967 562 3 199 47 580 4
4152 223 1 61 41 37 15
15346 248 3 280 124 383 2
15025 303 5 141 40 167 4
16799 549 1 32 13 63 2
9122 316 5 237 50 925 1
4197 85 1 122 40 529 20
124 531 3 77 95 208 1
10041 692 2 88 26 502 7
3573 59 1 11 116 390 18
0 519 2 111 17 83 10
4359 424 1 23 16 269 16
15761 153 1 23 23 65 12
269 77 5 284 64 283 16
4759 46 1 31 37 376 9
0 524 1 34 7 99 13
3356 608 2 79 16 80 7
16246 663 3 406 48 514 5
0 398 1 23 37 99 18
3580 436 2 37 87 454 20
0 218 1 29 8 205 13
9881 322 3 134 29 483 20
4034 206 2 168 29 369 11
16938 81 1 29 19 302 18
3975 353 3 85 31 108 12
4645 168 4 63 19 294 12
15894 316 1 16 30 257 14
3275 589 2 153 24 13 19
9076 229 6 392 41 266 7
9532 167 1 40 62 270 6
15435 587 4 223 82 172 5
10262 54 3 60 19 154 6
0 661 1 46 83 99 10
0 455 2 97 89 274 18
10437 675 3 77 5 39 3
3963 75 1 30 58 215 11
10831 545 2 92 36 171 20
4606 391 2 226 25 426 15
10456 179 1 27 21 88 2
10380 637 3 36 72 274 20
4909 547 2 137 54 476 13
4255 64 5 57 3 93 3
882 695 2 110 61 320 10
64 552 4 312 43 568 19
4182 49 1 46 35 789 12
16900 115 5 201 49 670 18
9111 179 4 155 25 129 5
9385 481 4 190 49 70 13
9200 693 1 64 28 261 10
16061 174 2 207 62 385 14
9475 242 1 81 69 815 14
835 252 1 38 70 530 15
10416 54 1 18 50 192 19
16907 506 2 94 23 393 11
16421 100 1 225 50 756 18
4481 478 5 171 33 269 15
16712 255 1 81 21 143 19
10659 568 1 105 35 86 11
4878 464 1 179 80 252 9
0 748 3 120 60 420 19
3562 112 1 29 16 231 2
830 233 3 150 34 68 13
4559 287 1 27 27 151 15
246 127 1 85 28 362 3
0 744 2 58 63 148 19
9525 260 1 99 84 265 3
16495 356 2 41 98 43 3
3874 25 3 79 23 220 13
10873 446 3 99 56 44 10
16863 593 3 90 39 140 13
3647 465 1 27 18 138 4
10150 679 1 35 10 177 17
4086 468 3 248 44 378 12
3531 351 1 32 23 99 5
4604 574 2 44 14 811 18
3199 556 1 24 64 193 8
4225 29 2 85 34 321 2
10382 442 5 396 57 183 19
3207 517 7 156 25 97 15
4464 95 1 50 24 82 4
9706 350 1 63 15 337 18
15376 266 1 16 19 189 13
16056 508 3 60 30 9 1
3887 258 1 108 15 519 4
3672 446 2 76 63 270 19
16356 368 1 126 36 189 4
10587 183 1 27 18 323 13
9039 412 1 249 30 196 7
4514 423 2 158 64 347 17
16730 516 2 36 25 584 3
16004 721 1 356 35 510 6
15603 696 4 346 23 441 3
3568 662 2 85 57 120 2
4290 52 1 53 61 276 5
9920 644 1 60 49 358 2
4410 122 3 152 76 209 8
4162 736 1 27 33 143 3
0 207 1 92 122 510 6
16303 346 1 63 54 684 2
42 552 1 19 49 26 12
15946 679 2 55 21 302 18
15474 65 1 50 15 219 4
9410 438 1 13 69 147 18
9216 430 2 56 18 788 4
10326 244 1 127 65 432 16
992 446 3 264 14 684 7
3530 702 2 98 47 456 2
10193 638 1 89 11 311 2
3288 46 2 55 13 946 8
3962 546 1 14 42 181 17
15188 603 1 41 18 160 3
4943 549 2 99 26 703 6
839 475 1 22 31 12 13
3201 639 1 27 24 194 4
3560 327 2 56 46 279 14
3383 86 1 20 18 151 18
285 201 1 50 17 227 9
16346 502 2 53 93 373 14
3087 594 2 77 44 618 9
10098 141 1 23 18 226 2
0 221 2 51 30 136 16
4978 532 1 35 29 106 7
4759 332 2 35 47 59 4
10465 464 2 68 109 555 12
4902 35 2 95 28 21 14
12 654 2 104 61 657 5
4556 217 7 111 25 479 19
10017 564 1 66 56 536 19
3421 383 2 504 80 236 19
517 33 1 40 107 548 2
4329 602 7 233 115 174 8
3763 145 1 61 20 61 6
298 200 1 110 12 209 6
4043 445 1 57 23 407 20
15694 401 1 30 17 216 1
4164 334 1 21 22 141 12
15834 668 1 32 88 363 7
0 692 2 31 54 103 16
16029 582 1 20 37 12 7
15782 518 1 23 42 116 16
0 289 3 195 30 256 6
594 612 4 345 31 195 2
10467 416 1 21 12 23 6
0 137 1 132 73 531 15
314 346 3 322 12 397 10
15707 202 1 42 19 150 2
15618 749 2 86 64 317 8
16144 36 1 33 14 154 4
0 295 1 135 33 127 7
9308 201 1 17 65 138 11
16208 146 1 24 20 177 3
4489 286 3 83 20 281 17
10815 500 4 42 30 191 13
9393 472 1 102 33 487 15
0 332 2 74 24 64 11
46 315 2 195 74 493 19
15019 22 4 89 22 179 14
9512 734 3 139 12 171 19
70 94 5 147 51 547 1
3947 265 2 67 46 104 16
16155 204 1 33 20 161 17
16246 28 2 82 53 369 1
10165 306 4 115 52 363 14
10718 57 3 113 38 357 8
4505 468 1 32 40 330 1
15541 661 1 48 14 429 6
16998 576 2 164 44 649 6
623 204 1 19 23 22 3
4447 337 2 78 52 733 2
16273 212 2 66 65 743 3
16661 287 8 142 62 218 9
10510 560 1 53 12 489 10
16909 681 4 213 22 441 9
9067 210 4 277 126 470 17
113 357 4 80 25 690 14
663 294 1 58 41 299 17
9878 398 5 108 19 19 10
10900 104 2 87 52 299 1
3674 592 3 144 57 367 1
3283 466 1 39 35 349 2
0 469 2 136 48 176 4
9901 552 4 68 25 74 20
9492 105 2 74 22 73 12
0 468 1 16 17 13 5
0 529 1 23 30 24 12
15509 201 1 14 40 156 13
335 436 3 65 27 18 16
3220 268 1 32 81 502 7
4251 512 7 307 73 178 10
4593 175 3 27 27 374 17
3673 532 1 43 33 138 1
3973 477 1 37 9 125 9
4264 579 2 169 57 289 6
4289 446 2 113 52 107 5
16164 55 2 71 47 368 7
0 675 3 54 5 103 15
3600 590 1 50 40 424 13
0 59 2 27 49 70 20
10289 161 2 20 32 76 14
16592 281 1 13 33 113 4
3210 672 5 378 22 429 10
15139 207 3 115 15 382 11
525 91 4 141 62 780 7
825 635 1 48 16 66 14
368 707 3 65 48 465 16
9125 491 1 11 40 39 11
4373 718 2 150 47 433 14
0 306 3 213 67 195 9
15671 510 1 13 40 15 13
4092 52 1 38 40 101 11
3001 387 3 79 59 313 6
16889 402 5 311 40 202 13
379 381 1 99 18 363 6
16165 167 1 85 10 492 14
4290 417 1 42 72 548 7
4998 312 6 288 83 476 1
246 699 1 11 76 157 11
0 425 1 75 51 546 1
3050 335 3 128 23 260 6
4704 406 1 44 20 65 5
0 40 1 66 10 172 20
3086 132 1 16 11 8 17
0 241 1 65 24 21 4
3160 608 1 132 35 333 9
15355 495 1 29 16 142 2
15536 522 4 135 38 136 12
4276 404 5 64 21 266 3
735 37 1 67 21 790 19
15841 671 2 69 63 242 4
10332 242 2 30 58 129 9
16648 254 1 208 43 307 5
16371 708 1 64 11 161 11
4548 618 2 40 45 508 9
3983 462 1 16 15 202 6
16767 27 3 189 86 257 9
236 500 1 21 39 577 13
9440 738 2 203 48 268 1
669 313 2 37 66 914 3
15396 576 4 121 36 384 19
9123 403 5 102 56 226 1
10034 435 1 58 53 85 19
4604 331 2 40 24 203 4
998 166 4 370 36 282 15
0 308 1 136 72 757 3
3609 126 3 149 67 605 13
9364 639 2 40 38 370 3
0 532 1 67 5 76 13
9211 707 7 180 92 215 4
16065 680 4 58 22 458 17
15079 238 2 104 55 316 6
9572 184 1 53 71 213 10
0 193 1 82 49 345 11
10123 187 1 74 22 247 10
15914 188 1 107 58 104 16
10979 444 3 44 50 336 15
871 605 4 106 23 359 16
9969 328 2 114 55 73 9
0 738 3 30 41 345 8
4738 505 5 100 20 99 12
10339 355 1 129 54 400 6
3759 92 1 31 28 133 5
15568 297 5 160 51 594 2
3564 619 1 339 21 527 10
15285 413 4 278 23 381 9
9026 668 3 214 12 605 5
15723 677 1 34 39 206 18
3590 470 1 12 31 114 10
0 152 2 67 16 526 8
10344 409 1 80 18 149 6
9464 658 1 16 54 87 20
0 134 1 17 24 86 18
735 696 1 13 5 57 14
10428 529 4 202 69 657 1
0 120 2 97 35 85 8
3724 658 4 94 42 73 3
16591 87 7 213 45 239 17
10879 407 1 150 105 136 14
9221 710 1 16 19 250 7
0 40 1 55 85 516 4
390 258 2 32 36 187 14
15217 94 1 22 32 274 19
9346 119 1 39 40 91 5
16358 100 2 35 26 100 18
0 747 1 13 24 249 11
15531 378 1 103 25 413 13
9130 252 3 194 85 827 7
4768 731 1 24 24 215 15
3640 508 5 157 105 97 5
4523 306 4 88 43 75 12
15418 423 1 20 60 213 9
0 512 1 94 47 822 6
0 308 6 92 47 106 20
16396 110 4 110 22 197 6
16236 41 2 67 55 75 3
323 233 1 61 43 725 14
15633 376 2 24 108 533 7
16600 123 3 50 10 347 8
9635 547 1 15 18 29 5
3661 673 1 47 15 100 5
10152 690 1 119 20 553 15
3749 705 2 69 64 172 9
4172 392 1 30 18 301 8
0 363 1 24 24 177 3
15897 690 1 98 35 15 17
10412 435 1 77 66 130 10
10746 637 2 29 5 55 16
3984 672 2 166 21 440 2
0 24 2 171 51 458 16
0 157 3 314 62 580 20
10503 463 2 113 5 79 20
16979 631 1 49 25 272 5
16181 493 1 42 87 708 9
16844 733 1 102 20 149 16
69 633 1 16 14 202 16
15358 131 2 286 62 197 15
3536 273 6 193 51 177 10
15766 192 2 120 58 108 19
16134 285 1 140 46 194 9
16851 550 1 32 11 194 8
4057 707 4 95 44 289 11
15552 481 1 55 20 522 9
15008 40 2 79 69 285 19
4557 118 1 31 31 160 12
834 720 1 55 41 252 6
16217 425 4 479 20 487 11
16167 347 6 230 53 270 1
635 145 4 201 30 487 18
10420 281 2 190 26 142 8
0 117 7 396 49 179 9
10967 688 1 102 54 613 13
16243 409 1 63 33 805 18
9146 370 1 35 65 729 16
0 469 1 24 16 198 1
3846 158 1 23 32 118 14
3155 593 1 34 37 645 16
15293 59 3 180 43 323 5
15765 463 3 96 17 585 5
885 404 3 409 97 315 13
0 248 6 170 30 291 2
0 711 2 71 5 156 6
15868 125 1 127 35 900 8
0 246 2 47 26 407 18
16188 520 2 79 48 474 18
4390 110 4 131 12 388 15
805 372 1 59 34 635 6
4567 728 1 28 7 290 11
15348 561 4 195 42 147 6
3136 728 2 67 6 244 18
0 264 3 325 34 343 2
10646 630 1 96 40 337 7
0 289 4 102 76 565 6
10153 130 2 32 6 254 3
3853 129 1 26 23 190 17
190 218 2 148 83 519 2
0 307 1 59 6 188 13
15251 463 5 469 20 251 19
3616 750 2 42 61 370 3
0 709 7 370 67 510 7
0 44 1 12 21 24 18
9662 669 1 78 84 207 18
0 219 2 67 81 489 3
15163 221 3 48 7 215 6
250 34 3 142 54 212 12
0 447 1 230 67 788 5
10251 93 2 110 25 95 10
799 653 3 220 119 224 2
9642 298 1 20 12 162 5
15867 329 2 106 28 91 3
230 518 3 174 20 224 15
0 478 4 156 91 675 12
4105 506 1 100 81 435 17
0 714 1 43 50 166 16
0 96 5 91 61 67 6
0 589 1 92 24 184 16
3736 124 2 33 35 199 15
10696 661 2 57 22 12 12
10949 577 2 57 33 21 6
76 398 1 11 27 420 20
0 247 2 298 59 623 8
0 713 3 248 15 260 5
10208 195 2 37 38 57 11
0 417 6 362 30 152 20
3250 739 1 27 29 379 14
9613 455 1 62 46 123 19
280 562 3 173 53 541 15
3443 172 2 35 26 144 6
3801 363 1 49 15 315 9
9728 84 3 108 23 102 2
10967 607 2 138 33 116 8
16854 326 2 99 12 415 10
9324 614 4 77 26 162 4
4622 113 1 19 23 125 11
4489 380 2 67 30 124 15
576 449 1 53 59 246 14
4972 30 1 79 72 42 18
10964 344 1 125 15 263 5
10085 536 4 40 57 447 5
10298 354 1 14 14 201 17
10658 329 2 110 38 386 3
0 629 1 19 41 355 3
9012 585 1 337 44 265 6
10942 652 6 106 51 116 15
0 347 4 158 69 803 12
57 507 1 43 86 100 11
0 310 1 72 55 418 13
165 59 7 161 49 432 15
10193 109 1 27 17 86 3
16926 403 1 199 27 330 9
3831 128 2 48 33 372 18
15296 85 2 48 42 172 8
4995 373 3 45 14 265 7
3126 691 3 92 17 307 4
3720 81 5 234 57 237 3
143 729 5 130 63 235 5
157 423 1 31 85 118 2
10728 645 1 93 72 553 17
0 611 3 81 35 572 15
10219 248 1 62 72 63 10
3183 416 1 131 40 129 20
0 306 2 43 22 246 4
15248 332 1 385 43 736 4
10066 584 3 49 39 105 17
15786 57 1 42 9 159 11
4979 508 3 177 21 685 3
10965 73 1 31 50 555 6
3987 710 2 54 27 421 3
15202 350 1 33 49 371 14
16258 332 2 165 41 266 16
15646 726 1 32 26 158 10
4206 55 1 130 44 659 9
9260 142 1 38 5 65 3
15086 435 1 23 43 98 13
10014 597 1 29 3 37 18
9690 663 2 140 75 436 12
16822 433 4 189 44 94 17
72 164 1 16 16 106 13
3646 356 2 156 70 625 7
84 689 1 183 37 442 15
16201 649 1 57 8 311 9
4998 126 2 141 39 201 5
3526 285 1 211 90 673 10
10614 530 1 30 36 156 6
4471 621 4 225 40 339 12
10514 409 1 11 9 123 7
3319 731 1 64 44 198 13
9790 116 2 34 5 45 13
10961 423 2 62 13 195 11
10041 321 1 31 32 134 7
10962 590 2 51 17 340 9
492 357 2 43 23 321 9
3596 726 5 66 37 453 20
3964 505 2 55 77 219 19
9902 383 3 211 31 374 3
15313 261 1 20 14 26 8
10810 390 5 257 104 756 9
3325 75 1 50 7 71 12
401 313 2 158 22 529 4
10492 424 6 107 35 83 11
0 164 1 55 49 191 18
9895 282 4 124 32 576 5
3035 77 2 65 5 187 19
16263 253 2 146 39 276 1
0 333 5 163 50 114 11
9769 222 1 25 100 149 7
10558 138 4 273 63 220 11
4844 714 1 212 16 308 12
10737 652 5 118 42 412 15
15881 519 2 58 43 665 12
9101 578 1 84 6 191 20
0 428 1 110 25 290 17
9835 95 1 15 5 43 5
10946 709 1 9 63 253 5
3058 246 1 44 21 66 1
15360 345 1 66 27 536 10
9248 220 1 51 62 272 14
10936 723 3 132 32 98 1
10173 21 2 132 41 680 6
4037 684 2 65 33 78 16
10807 740 1 93 30 471 20
10539 704 1 163 42 255 7
4211 126 1 223 83 747 4
4030 472 1 60 30 704 5
9340 194 1 156 38 63 14
0 466 2 356 52 475 19
3576 233 2 309 45 187 17
9733 281 2 190 78 516 9
15107 41 1 67 35 339 5
4580 517 2 63 39 403 20
4565 136 6 344 73 282 12
16281 350 2 401 37 286 12
16491 567 1 31 60 394 12
3042 68 1 34 16 130 4
15313 288 1 120 49 558 14
3270 96 2 60 58 56 1
10579 465 1 63 39 448 2
9348 261 3 104 43 104 18
857 142 1 55 18 165 12
10164 446 2 80 41 59 3
0 614 2 109 100 142 7
50 634 1 251 58 352 11
0 638 1 311 13 677 4
0 83 1 19 7 49 9
10587 578 2 127 30 93 11
4786 507 5 165 51 207 17
15453 596 1 20 20 9 4
10000 701 2 213 68 77 3
16531 33 1 160 67 449 8
764 322 1 64 25 255 4
10436 185 3 101 7 162 6
3148 339 1 14 28 18 14
3780 171 2 106 33 275 14
10 222 1 35 5 203 7
87 630 1 58 26 391 18
778 744 5 397 47 202 3
15675 275 1 27 14 102 12
9363 724 6 403 38 541 5
16285 358 1 104 37 165 11
10337 647 1 27 7 335 20
15259 706 3 221 88 724 20
244 339 2 56 48 134 11
770 221 1 111 32 796 9
10056 371 1 43 120 374 13
4485 524 1 115 47 351 9
16952 175 4 110 68 550 5
10170 725 1 109 44 331 15
15337 403 1 67 47 390 15
3234 350 1 219 42 214 6
568 479 2 373 33 558 9
3451 297 2 197 70 386 16
15891 69 2 100 40 603 18
9124 339 1 39 109 297 2
10327 197 2 33 60 438 6
16332 622 2 124 18 234 14
15540 607 2 66 18 266 17
16974 709 1 170 34 846 11
368 93 1 55 53 104 15
0 450 2 73 45 83 7
9198 733 1 13 50 621 1
16818 654 2 57 58 184 15
4619 102 4 65 41 126 3
4138 264 2 152 30 692 5
16303 560 5 147 97 112 1
15286 669 1 24 21 249 12
3114 51 2 103 17 534 5
3915 160 1 20 12 326 11
15647 599 2 63 59 305 1
976 160 1 24 28 336 3
9332 188 1 100 11 229 10
3313 304 2 78 25 149 1
4641 213 1 121 30 298 4
640 369 1 53 84 86 16
817 491 1 17 26 155 15
15228 670 1 36 39 313 10
16280 83 1 32 12 178 9
15233 664 3 168 48 503 17
485 233 3 148 41 227 4
9384 296 1 56 71 33 7
15977 514 1 9 66 64 1
15112 477 2 39 35 275 11
775 148 1 22 28 9 13
16740 432 1 23 9 18 16
0 110 2 51 61 142 1
10576 722 2 45 26 176 19
15700 143 3 77 79 61 4
171 448 2 51 61 591 6
3538 388 1 55 16 624 18
42 23 1 28 94 179 9
4697 340 3 82 40 135 18
16164 608 2 145 29 564 1
4600 142 3 18 24 401 1
15781 407 2 107 33 191 7
4632 315 1 60 28 26 19
9429 672 1 17 10 152 9
16835 647 1 49 34 475 5
0 82 1 100 29 524 17
9177 368 1 500 28 636 5
0 496 3 119 57 131 20
16616 61 2 39 24 12 8
9713 271 7 133 97 400 2
4033 548 2 35 25 277 15
10055 210 3 58 48 88 20
15847 623 4 292 45 318 16
16716 532 1 50 61 271 12
172 317 1 235 63 123 12
3339 154 4 208 80 527 2
3115 412 2 352 44 331 3
16380 422 3 147 42 565 4
992 454 1 60 52 281 15
4385 151 3 48 80 659 9
16965 695 6 142 45 554 6
15214 103 1 71 81 485 9
19 236 1 30 39 160 18
0 737 1 50 22 551 7
4977 622 1 59 8 142 11
16374 556 1 48 43 464 3
15361 228 2 207 40 220 2
4571 589 4 157 34 406 20
10566 342 4 113 14 169 15
10742 513 3 75 63 590 19
4041 152 8 518 39 592 3
15735 278 4 49 48 429 12
9879 76 2 52 25 233 16
10867 709 3 116 35 523 17
15450 708 4 58 19 507 8
3997 238 2 47 49 215 4
10456 433 2 85 19 324 6
4842 146 1 27 58 152 10
16615 721 1 34 17 73 8
10708 705 3 139 36 23 9
4706 129 5 232 128 293 1
0 656 1 113 27 317 12
0 291 4 264 21 149 4
3539 641 1 20 24 51 13
4794 317 2 104 101 177 10
9494 551 3 435 43 314 12
15134 421 1 29 20 44 20
10736 747 2 163 60 119 18
3852 205 3 157 68 456 16
614 431 3 140 61 538 20
0 744 2 217 76 656 10
15544 147 7 117 25 251 13
822 403 2 293 33 127 18
799 89 1 54 43 357 7
0 330 1 29 11 70 1
0 124 3 57 23 350 18
9619 653 3 77 25 642 9
15123 591 3 191 26 381 15
4910 382 6 91 33 533 18
15246 463 1 50 62 77 19
16946 109 2 47 17 402 6
3506 136 1 176 16 129 8
3368 581 1 88 49 532 20
4217 383 2 92 19 109 18
3998 481 2 79 78 56 1
10567 351 4 278 24 200 7
3879 368 1 29 7 68 1
15004 353 1 39 18 408 7
3765 672 1 21 6 75 6
4642 304 1 157 42 510 9
4119 520 2 182 33 42 19
15568 487 1 76 42 449 9
15416 176 2 74 46 905 14
3356 228 3 132 53 84 19
15186 25 1 107 69 72 12
16686 80 5 144 14 10 13
4944 699 1 66 15 337 10
4723 416 4 82 20 398 19
382 205 2 169 34 286 14
4708 739 4 40 78 386 8
4162 129 1 31 7 194 12
9143 247 2 54 66 408 18
413 651 4 94 37 180 10
10837 70 4 97 50 222 20
15888 553 1 249 27 142 19
10594 141 1 255 67 177 4
10814 654 5 157 35 323 13
0 284 1 244 44 326 5
0 366 1 62 19 418 19
10686 429 1 119 31 345 19
420 201 6 167 30 347 12
4865 110 2 110 99 415 4
15548 676 6 270 38 288 5
15280 58 1 32 8 57 5
280 472 5 347 40 133 9
10259 262 1 27 16 132 5
610 103 1 283 64 444 10
10497 252 1 55 19 257 6
15921 227 2 126 44 101 13
16876 284 1 26 17 493 1
0 35 4 256 41 398 16
15850 539 2 121 11 672 2
0 286 3 83 78 523 5
4053 509 4 405 44 413 10
3130 253 1 23 73 511 6
4570 622 1 48 21 166 5
3396 741 2 54 77 174 16
16154 525 2 48 69 253 1
122 199 3 181 34 263 1
4117 568 1 109 44 332 15
10356 291 2 194 48 143 5
10336 447 3 88 46 310 12
0 548 2 131 52 439 17
3049 566 5 185 39 498 16
3866 198 1 58 19 506 19
15962 531 1 27 44 236 19
0 268 6 169 59 238 8
16143 248 1 90 17 414 5
0 335 1 94 11 12 17
758 132 4 309 37 217 14
0 431 1 29 26 209 4
23 435 4 391 94 279 5
530 547 2 80 76 89 8
100 576 2 96 30 54 14
99 603 2 123 41 353 20
16656 85 1 17 55 154 4
9766 360 1 72 17 279 11
10593 667 7 279 54 218 16
0 516 3 184 62 70 13
857 207 4 169 85 380 17
9812 199 2 95 16 368 1
16588 292 7 369 28 320 8
3917 429 1 118 19 354 20
10268 300 1 119 16 142 18
386 738 4 71 31 118 11
10258 636 2 200 44 376 4
9034 746 6 88 55 103 18
534 216 1 37 4 146 1
16164 523 5 199 39 131 13
0 711 3 165 79 479 18
10678 551 4 85 36 287 20
9783 55 1 28 14 276 11
9031 497 7 417 17 447 4
0 539 1 43 26 183 16
9353 82 1 32 17 137 18
10144 623 2 180 22 390 9
16587 555 2 72 24 508 10
0 165 3 179 19 136 4
0 331 2 36 31 185 10
4075 376 2 179 53 640 9
0 745 1 79 75 39 20
10008 420 2 63 83 397 11
4919 245 4 79 9 64 19
9060 250 1 40 46 162 7
15832 601 4 173 108 176 7
355 263 1 142 65 562 7
3321 650 1 96 19 453 19
9826 311 6 368 61 615 12
15898 536 2 67 94 105 20
4184 135 4 52 30 395 14
15148 590 1 11 49 59 3
3414 417 2 94 53 685 15
0 63 1 27 29 118 20
854 620 1 21 15 850 17
9020 537 1 74 37 620 15
4768 78 3 308 65 147 20
4705 683 5 182 35 79 3
9821 419 1 72 45 348 11
9607 30 1 189 42 399 12
9403 456 2 108 37 528 19
10710 622 4 394 109 454 3
4517 552 1 33 14 148 15
15248 606 2 342 56 139 8
16483 304 1 88 7 151 9
3663 327 2 52 56 683 4
9972 643 4 207 34 516 4
0 69 3 64 28 93 3
15813 57 1 38 20 207 8
9568 160 2 93 62 209 5
4946 696 1 10 51 177 20
15743 510 2 97 27 17 17
10692 631 2 363 79 239 2
0 190 3 76 17 188 19
9720 659 1 29 16 335 20
9699 720 1 119 24 298 17
10363 220 4 318 41 108 1
15867 25 1 21 20 17 11
10990 33 1 15 16 222 1
472 721 2 34 4 70 18
16740 630 2 59 40 251 12
16151 303 1 39 70 376 12
15706 374 6 302 110 468 3
16774 399 2 245 84 634 14
0 299 1 80 32 83 5
9670 425 1 25 30 249 7
0 535 1 27 24 170 4
10211 609 1 125 40 81 19
16194 562 1 21 39 167 1
9147 278 2 117 32 103 19
16466 84 2 32 33 296 18
471 73 2 288 16 126 17
9744 571 7 411 61 243 10
9365 430 2 96 12 702 1
115 109 2 231 12 492 4
199 91 3 110 64 584 19
4421 620 3 67 32 100 17
15576 237 3 56 71 68 1
56 291 1 34 26 505 8
9773 619 2 38 42 603 2
16148 175 1 76 34 223 17
376 453 6 119 26 294 5
927 631 2 112 60 161 8
10743 410 1 34 54 127 20
15802 206 2 40 28 497 4
3010 259 5 265 19 129 1
887 99 1 227 23 502 1
3272 659 1 37 29 507 16
4464 378 2 151 42 196 3
9503 230 2 126 16 181 5
16703 421 4 99 35 404 19
16894 210 1 26 75 338 4
10484 563 4 114 36 90 1
0 32 2 58 71 48 9
3305 365 1 40 17 54 18
10974 393 2 301 44 365 18
16901 219 1 28 10 376 20
3708 450 1 106 35 484 16
9724 460 2 57 74 633 1
10409 597 2 44 40 14 15
4093 88 3 153 85 413 2
0 550 5 509 127 418 1
0 376 2 44 8 99 17
4769 336 1 124 81 280 13
16886 283 1 34 24 197 7
9999 172 2 116 65 241 12
9525 368 1 28 14 232 5
4362 525 1 71 51 723 3
10549 195 1 51 29 429 4
9433 736 2 101 54 47 4
4234 99 3 163 102 165 20
754 274 2 147 24 774 5
4090 261 1 21 60 154 13
3968 276 3 175 54 229 1
660 427 2 187 26 184 4
0 343 2 125 78 47 7
511 707 1 27 4 149 1
9502 536 1 32 17 279 1
16748 327 1 23 23 9 8
16063 356 3 104 17 135 20
10656 407 2 65 75 401 8
10027 486 4 87 19 262 8
16138 428 1 19 56 135 14
16434 36 1 21 5 104 15
3578 596 3 100 48 60 10
9524 540 4 291 42 202 20
0 275 1 49 81 119 5
9377 371 3 103 64 37 11
4974 434 2 39 50 151 18
9370 450 1 29 28 390 6
3458 595 1 23 5 292 15
738 299 4 354 78 126 14
9488 590 1 200 39 182 1
9583 239 2 58 4 111 4
4996 319 3 145 84 603 14
15093 251 2 89 31 566 5
15361 722 2 329 63 186 2
16858 593 4 157 9 210 5
2 504 2 58 31 100 13
4469 652 5 86 53 167 16
10422 339 1 38 37 145 13
0 505 1 116 8 246 10
0 261 1 109 20 224 11
15495 357 1 72 27 65 13
4454 384 2 194 84 520 20
15440 131 2 189 68 744 8
153 489 1 159 79 119 9
10601 190 1 42 3 137 3
15967 654 1 126 65 302 9
3997 534 1 109 32 42 16
9608 383 1 46 15 506 10
3563 82 2 85 63 270 3
102 747 2 110 46 116 2
3723 683 3 75 58 430 18
9722 46 1 81 35 435 6
16804 339 1 48 5 69 13
16509 726 1 20 8 26 12
9161 573 2 80 82 237 10
10371 270 8 151 71 122 14
0 42 1 43 22 231 10
16137 85 4 59 6 142 18
16440 636 2 54 8 90 4
4353 298 1 29 12 148 13
9706 565 2 107 6 271 11
0 318 1 120 54 164 14
0 604 1 54 46 220 10
3362 175 3 247 88 436 6
15020 304 1 181 92 208 1
3777 709 1 70 12 42 7
9303 702 1 31 4 53 14
10198 22 4 72 15 925 14
3370 468 3 116 34 88 17
10201 654 1 94 53 263 18
16499 301 4 179 66 559 10
3766 541 2 122 44 284 12
16260 714 1 153 13 200 15
264 102 2 47 22 27 3
908 361 1 140 30 543 14
666 199 1 14 26 79 4
0 54 1 58 30 531 12
15786 287 1 36 113 53 19
3414 352 2 58 23 641 11
10140 706 2 144 56 630 13
0 606 1 61 47 43 3
3412 351 1 29 20 65 17
16901 631 4 142 45 338 9
4358 498 1 54 5 49 17
0 160 1 80 34 36 11
115 141 1 32 28 363 7
4880 360 1 72 11 289 13
9461 593 5 120 11 255 13
464 669 1 22 16 184 20
16223 171 2 52 58 75 18
294 91 1 26 24 289 2
3188 435 4 69 88 411 10
5000 256 7 347 51 204 5
0 309 5 118 78 285 12
442 453 5 231 55 254 2
4580 496 1 16 51 248 8
15047 347 1 97 27 512 11
15882 458 1 20 14 237 12
16579 418 1 37 21 192 15
4473 309 3 78 22 457 5
16897 298 4 145 54 41 7
10866 290 1 87 39 61 16
3069 382 1 22 43 260 9
10703 536 1 23 46 72 19
0 70 1 40 35 608 2
4892 665 3 135 55 88 20
848 737 4 123 26 388 12
156 408 2 98 47 896 3
0 488 7 221 22 356 2
3807 113 1 64 5 349 5
0 439 1 54 84 278 6
3351 433 3 204 58 482 19
10090 225 2 509 34 267 12
542 83 3 116 31 206 18
16369 692 1 80 14 303 9
3351 674 1 20 27 21 14
4473 57 1 22 15 492 1
4758 39 1 27 14 104 12
10572 163 1 16 28 300 6
4529 144 3 104 53 109 2
9043 155 1 65 38 519 13
10942 47 5 146 30 313 1
0 448 2 65 36 74 8
417 691 2 126 15 193 16
15794 111 8 148 45 483 10
15234 302 2 37 6 47 17
0 25 1 15 19 199 12
10903 410 1 22 42 857 6
15469 439 1 126 34 384 12
0 613 2 34 9 184 17
10719 222 1 17 24 15 17
0 101 3 146 59 40 8
10942 630 1 43 17 144 16
0 314 3 277 49 508 19
3458 480 1 122 116 66 4
15372 723 1 50 38 305 10
348 335 1 19 50 215 7
0 226 6 453 67 296 3
16701 405 1 108 34 174 17
3927 642 2 39 12 159 20
675 365 2 35 52 457 7
693 117 4 78 76 272 3
0 124 1 55 37 461 7
4080 368 3 103 91 819 16
16594 549 1 244 25 120 18
0 672 2 134 24 155 8
9399 427 4 160 77 305 15
378 166 1 158 14 403 12
16417 90 2 48 96 516 6
9655 385 2 54 16 97 16
0 348 5 251 33 244 2
369 639 4 80 15 126 1
3791 733 1 24 27 91 13
0 588 4 40 16 200 3
255 704 1 96 29 85 19
4284 350 1 29 19 232 11
16189 154 1 550 35 187 11
3941 232 1 60 53 218 14
0 657 1 20 19 14 20
15446 675 1 29 26 116 5
742 421 1 18 28 76 2
4254 66 1 73 23 177 14
123 237 6 225 112 709 16
10132 321 1 274 37 218 1
0 35 3 122 23 219 4
9605 477 5 184 109 541 9
0 467 3 153 51 435 7
9499 545 2 89 27 537 18
9808 200 1 115 61 197 10
9187 702 2 46 4 38 7
3525 518 2 79 41 599 19
16827 680 3 258 16 297 11
15300 676 3 104 66 282 8
15506 483 2 21 62 615 11
9165 604 1 64 16 344 12
15820 743 2 50 122 666 12
15985 186 1 28 28 146 2
15435 133 2 72 74 723 20
9240 676 1 84 31 233 14
9454 262 1 15 11 157 19
15460 149 1 33 47 432 13
0 89 1 176 100 165 2
3795 60 3 80 14 83 3
808 729 3 163 55 85 15
0 651 5 236 22 375 1
0 494 1 163 21 169 7
4195 426 6 114 70 146 17
9315 485 1 18 43 278 9
3447 360 1 101 25 682 16
4109 623 1 66 34 246 6
0 472 1 265 27 562 17
15289 89 1 101 53 217 10
10731 489 3 196 73 126 16
0 371 3 79 15 220 6
15347 427 5 29 20 365 17
9961 569 3 141 21 361 13
15536 322 1 42 29 506 15
16018 250 6 171 77 714 8
9459 385 1 12 39 77 6
736 137 1 198 68 101 5
247 280 2 110 35 319 7
9166 33 2 183 44 364 8
16868 164 3 197 28 258 18
9614 312 2 35 29 65 3
9450 299 2 35 30 496 16
10143 411 4 376 39 131 18
10732 308 4 123 46 358 14
10719 669 1 97 50 551 17
9735 468 1 18 13 7 12
9001 685 1 62 52 77 8
15496 396 1 39 4 46 7
9755 744 1 28 23 246 7
3673 516 1 45 53 100 17
15477 730 1 116 41 121 4
10447 570 1 16 59 195 16
15804 227 1 133 75 501 14
3727 664 3 75 61 729 10
157 726 1 22 6 22 14
72 341 2 58 53 129 5
0 39 3 59 56 683 7
9654 583 3 159 13 235 4
4398 611 1 26 10 60 18
0 471 1 38 38 172 13
16570 678 2 122 30 167 18
9456 268 2 38 12 481 5
15614 205 2 91 65 510 15
9237 38 4 96 37 20 19
9815 446 1 35 6 108 18
16304 592 1 60 35 405 4
15908 685 1 49 18 160 12
15239 500 3 196 72 228 16
9626 106 1 138 35 169 13
10742 384 3 77 62 533 16
16819 53 1 30 12 222 12
16075 63 5 113 11 221 19
873 140 1 71 7 94 11
16879 61 2 54 11 230 5
15607 482 1 14 35 68 4
3277 673 1 20 36 14 19
10645 256 5 156 41 181 3
10618 128 3 32 44 483 16
16725 389 1 58 30 59 5
3573 324 3 138 24 209 13
3842 536 1 16 33 83 8
16083 189 3 82 43 669 5
10622 109 2 373 27 123 6
15473 384 2 122 66 64 5
0 347 3 153 103 554 17
10296 193 4 105 63 231 10
16058 552 4 135 50 162 1
61 330 3 58 14 377 15
222 185 3 90 37 179 5
15062 333 1 23 32 21 5
0 722 4 130 49 149 5
9319 66 2 92 7 56 15
9020 601 2 90 18 287 19
15072 422 1 56 44 71 14
9185 523 4 80 7 119 16
10115 273 1 40 67 724 20
10664 244 1 38 22 151 12
9743 213 1 24 38 439 2
0 492 2 83 25 187 4
15763 159 3 324 37 441 18
0 190 4 79 54 73 10
4465 666 1 118 42 352 2
16688 333 4 302 43 965 12
15297 544 2 179 102 241 17
16147 381 1 33 39 158 14
3200 300 1 131 95 95 4
10188 314 1 203 85 141 17
10290 621 1 99 40 220 7
0 96 2 63 9 80 1
4857 656 1 32 6 170 11
15641 750 1 25 21 218 7
10550 435 1 61 57 160 16
9510 548 8 149 38 182 4
15464 222 1 134 26 786 20
9011 112 2 66 40 385 14
180 697 2 86 21 303 5
15872 23 2 157 21 183 14
16880 601 1 382 25 319 20
3329 729 1 48 16 88 8
586 668 4 83 58 362 9
16315 356 4 65 10 880 6
15623 672 2 70 37 624 13
16232 329 3 65 25 88 7
4064 299 1 25 44 202 17
9313 375 1 57 100 605 3
15362 89 1 73 30 281 14
0 435 3 95 31 281 17
9071 734 1 30 6 70 1
222 84 6 111 37 193 7
4808 221 1 119 45 269 1
4371 462 3 188 11 337 7
10731 672 2 46 16 178 11
9747 313 1 26 47 633 9
10993 735 1 80 61 296 12
16542 584 1 12 23 101 17
15634 531 3 60 22 186 20
41 718 1 21 19 162 2
9388 687 1 32 7 109 5
16993 118 1 17 14 148 17
4411 473 2 30 29 264 20
9639 230 4 320 92 182 16
321 478 1 50 30 695 3
4700 153 5 380 44 273 8
10570 667 3 188 65 396 19
4391 412 1 48 7 40 10
9778 356 3 85 65 473 6
9292 467 5 207 31 421 13
9561 294 2 161 18 495 8
15108 549 4 187 24 330 6
9002 318 2 210 22 325 6
3223 350 2 193 25 123 20
0 460 8 405 80 93 6
143 343 1 27 29 190 14
10017 477 3 120 8 225 2
9667 515 2 71 43 133 11
4162 273 2 98 20 435 11
15865 468 2 99 6 157 3
9177 189 2 143 76 182 1
15998 512 5 215 54 540 2
0 217 2 89 45 400 7
0 161 4 120 86 509 19
15133 459 2 135 30 62 4
3220 293 2 72 17 112 12
0 277 1 27 42 55 3
676 22 2 94 6 163 3
16663 121 1 75 81 144 14
16183 703 2 62 47 153 1
4181 436 1 60 28 515 13
985 228 1 16 72 545 15
9331 215 1 28 45 138 9
9079 498 1 61 62 87 1
9413 552 2 69 15 190 5
0 297 1 74 37 307 14
820 281 2 63 4 224 1
10527 675 2 70 12 89 8
4017 261 3 221 52 153 20
10466 633 1 16 14 155 15
4269 660 3 137 40 23 16
3264 674 1 61 68 263 13
0 74 2 44 27 112 10
16562 572 1 31 30 392 13
3635 344 7 214 50 495 13
16723 625 1 46 29 539 12
15522 562 3 52 15 119 16
9404 650 1 38 42 67 17
16345 120 4 100 48 214 14
4515 35 1 14 8 238 13
3005 73 4 390 22 602 13
3792 234 1 59 21 563 19
4203 111 1 126 51 403 14
15285 659 1 39 16 258 1
4563 446 2 97 30 320 16
0 178 1 82 21 55 12
347 266 4 58 4 53 9
16619 26 7 258 56 216 13
4863 369 2 235 43 75 9
0 428 2 104 58 572 14
16714 573 5 148 45 272 12
3989 688 3 106 26 14 18
9324 129 2 41 6 144 6
0 335 4 68 19 371 4
4292 63 1 89 28 288 11
0 87 2 84 29 94 16
9272 386 3 93 18 146 13
9854 591 2 60 17 194 19
10478 49 3 31 28 688 5
3058 580 1 124 41 504 7
4765 262 1 93 9 189 14
9542 299 5 159 40 318 12
4208 483 6 126 96 476 20
10901 296 6 250 63 151 17
10037 346 1 131 29 685 16
3020 566 1 56 94 65 2
9698 51 2 53 24 181 20
4459 459 3 103 53 287 19
9993 706 2 108 50 564 11
3323 340 4 520 36 180 6
10864 79 1 83 12 116 16
3044 374 2 107 11 180 14
148 710 3 191 59 517 11
4750 622 4 392 67 338 15
3431 139 1 24 22 97 14
9390 593 1 53 49 199 17
9063 209 3 92 34 382 14
838 66 6 116 29 118 9
15461 455 7 257 35 439 11
9370 56 1 31 71 370 16
3949 519 1 51 62 697 5
16868 347 2 161 76 225 13
15583 494 8 233 52 103 8
9548 721 1 175 42 311 14
4828 699 2 117 62 619 5
881 572 3 135 53 514 3
16033 224 1 36 66 488 2
3855 431 2 67 34 184 10
9655 28 2 115 72 233 1
0 488 2 58 21 229 9
15332 514 2 37 15 668 6
0 173 1 27 19 313 20
3525 718 5 51 21 257 11
4186 546 4 216 21 252 4
0 92 1 26 7 46 1
15677 746 1 60 11 220 3
4469 333 1 26 58 158 17
10042 110 1 53 19 633 3
221 210 2 269 44 345 15
15007 490 1 48 11 185 1
0 586 1 94 32 494 14
10451 486 2 124 46 537 10
3150 492 1 23 22 592 12
10654 732 1 77 39 836 5
0 134 7 211 59 449 18
0 632 1 15 34 73 6
15932 445 1 93 28 15 9
3660 358 1 153 26 294 7
0 262 1 27 38 177 2
16370 509 1 135 99 460 1
9992 737 1 54 32 478 20
3906 375 4 185 18 397 16
4547 353 1 188 21 608 18
0 379 1 65 38 510 11
9675 715 8 243 61 241 12
10236 346 1 44 23 578 12
10170 173 5 151 95 144 18
10413 136 2 127 25 351 11
0 735 2 172 60 569 11
9122 260 4 441 35 213 18
15709 306 1 205 9 491 16
15394 327 6 93 49 117 19
10319 24 1 141 29 102 4
4912 734 2 82 66 67 13
4002 306 2 83 41 40 1
15358 388 1 195 40 753 11
15607 504 1 19 20 20 10
0 624 1 101 33 416 7
15203 706 2 67 30 267 18
15852 60 2 38 3 20 18
0 433 1 213 32 451 7
10207 225 3 236 48 353 7
9912 55 2 94 27 132 1
290 654 1 48 39 216 16
16342 94 2 73 76 197 15
0 374 1 80 71 165 11
9141 187 2 34 51 128 8
9294 615 3 150 83 388 15
308 420 3 126 55 651 8
16880 444 1 90 46 548 7
16278 201 1 33 5 130 10
15452 573 2 146 12 248 11
15805 350 1 32 8 154 10
355 514 3 211 28 219 11
16151 516 2 62 70 129 16
15511 467 4 224 73 152 17
15544 432 1 148 48 238 10
4635 458 5 84 35 67 5
9251 640 3 58 25 457 8
16022 395 1 8 48 81 1
3761 32 2 74 51 217 11
0 243 5 90 64 640 19
0 386 1 22 15 105 1
0 548 2 86 9 141 9
15742 55 5 149 24 596 15
16003 649 1 24 44 462 3
10503 96 4 120 33 212 7
10201 474 3 73 100 732 18
16707 239 2 178 29 834 16
10160 561 1 14 6 79 15
10955 296 1 76 40 421 1
10598 587 1 119 39 145 15
3496 44 2 336 32 342 13
9203 72 3 188 89 177 16
953 475 4 184 63 91 10
0 324 4 255 71 168 19
16761 291 1 20 92 724 3
0 564 5 273 50 187 1
10894 389 1 17 19 74 4
15347 40 1 23 38 277 15
619 509 1 39 33 136 17
9922 611 4 112 13 16 10
10879 97 1 93 22 446 18
15174 615 6 297 21 279 9
16537 173 1 250 95 134 19
9778 730 2 49 2 74 16
15557 79 3 67 16 98 14
3160 740 1 40 21 178 3
0 656 1 50 44 271 16
743 530 1 12 18 56 17
3337 113 1 12 26 237 8
15304 266 4 37 29 231 13
0 39 2 94 63 86 9
10205 359 1 64 33 381 14
15129 47 3 70 33 29 14
4796 21 2 80 69 437 4
3510 733 5 226 41 531 11
9581 731 1 16 6 157 6
0 406 2 34 72 444 6
3500 239 1 52 57 369 12
15390 424 1 32 24 235 9
10996 114 2 38 32 192 17
10015 213 1 51 74 426 16
16299 546 4 65 20 384 13
3267 52 2 83 44 193 13
16156 436 2 70 21 136 13
9879 231 4 37 11 93 20
9543 227 2 40 13 385 19
3545 150 3 89 40 428 13
4530 38 4 96 32 196 14
9451 678 1 66 9 163 7
448 424 2 134 52 382 16
15855 504 2 61 67 394 9
9882 141 2 209 58 742 5
15115 35 1 147 44 278 19
4441 104 1 28 10 100 8
4173 584 2 88 54 57 14
224 47 4 298 52 516 13
9519 57 2 182 31 96 6
0 248 1 101 53 675 1
16253 86 1 53 74 96 17
16709 280 2 119 66 760 7
0 663 1 104 33 18 17
0 369 1 29 35 68 14
9375 237 1 67 5 248 1
0 88 5 166 60 560 1
10520 32 1 121 40 277 9
9525 150 1 36 20 94 13
39 304 1 43 5 78 7
9519 429 6 200 28 192 1
4402 313 4 408 38 333 3
9072 731 1 53 14 569 10
4026 105 1 38 47 361 17
573 190 1 142 16 143 7
9253 558 1 20 5 150 11
3002 160 4 114 36 442 12
15535 213 2 167 53 245 3
10430 373 1 11 32 19 10
4045 350 2 96 9 413 15
453 365 2 45 18 430 3
16801 400 2 136 26 458 2
4698 484 5 106 16 387 5
15800 416 1 56 27 73 3
10593 439 4 213 108 138 18
16087 272 4 49 11 197 10
16571 600 3 72 49 498 11
15175 89 3 341 46 201 17
16682 343 1 16 53 142 11
879 682 3 180 41 123 20
4486 280 3 72 12 184 18
10059 568 1 146 13 165 15
9550 596 3 85 16 14 7
3166 96 5 133 42 265 15
3720 198 1 29 51 854 7
9783 692 3 172 68 522 13
0 563 1 58 25 610 4
3955 23 7 532 29 177 15
3512 550 1 44 67 167 14
16719 236 1 73 31 154 11
0 724 1 55 7 39 1
10599 112 2 40 8 121 9
10106 660 1 21 4 140 9
10224 150 1 108 34 510 8
0 37 2 34 42 130 11
16703 216 5 199 67 115 7
4655 363 3 132 74 185 9
0 720 2 44 30 63 13
0 698 1 142 37 603 2
10694 118 3 120 48 22 5
0 558 1 32 27 69 12
16035 120 1 55 36 187 1
9081 668 4 173 55 413 7
4237 201 3 54 7 70 8
15830 330 1 22 56 365 17
9736 38 2 262 36 358 10
15191 207 6 507 35 193 17
15199 509 1 48 34 897 12
4735 160 1 101 33 388 13
112 268 1 54 56 589 8
3706 581 1 86 86 228 20
3297 659 1 17 26 52 12
4493 458 1 14 37 496 11
10209 502 2 119 20 458 6
3495 567 1 256 36 312 8
16958 678 1 42 49 419 15
3828 519 3 292 28 273 7
16929 694 5 102 31 119 15
9828 502 1 27 31 227 1
16831 419 3 110 27 251 3
4126 80 4 110 68 33 3
4867 435 1 235 47 363 19
10814 226 1 55 41 137 10
4214 113 1 39 11 43 15
4133 529 1 130 91 156 2
875 682 1 28 25 129 11
9565 315 7 207 45 254 4
3633 372 1 40 20 94 11
0 515 1 38 67 273 2
15754 603 1 76 49 217 1
0 704 1 54 69 420 6
15266 520 1 43 64 560 15
15642 477 1 108 25 34 18
16633 688 1 30 32 100 15
4294 165 3 66 10 110 3
0 639 2 39 42 411 15
0 486 1 7 53 114 7
10428 196 2 254 22 297 6
0 560 2 157 40 228 9
588 89 2 135 34 117 19
0 105 1 169 53 85 14
0 105 3 76 50 304 9
9863 413 1 30 51 84 4
15879 65 1 27 97 141 18
419 423 6 172 86 46 20
15487 338 1 57 23 196 8
15506 351 2 58 13 76 5
10638 43 1 74 40 287 11
0 34 2 66 22 420 16
930 560 1 313 89 410 11
9437 389 7 510 57 339 16
3344 462 1 61 11 128 20
892 83 1 16 29 18 7
10713 703 1 49 37 308 14
0 314 3 102 30 207 13
16003 132 1 31 64 110 10
0 642 1 56 23 175 10
521 632 4 114 66 177 5
3086 725 1 53 54 511 18
4434 692 1 62 21 239 10
32 495 6 142 112 206 12
10146 40 1 51 38 170 18
3835 201 1 84 44 510 9
15961 464 3 62 4 137 12
9419 307 3 66 26 97 8
15307 443 2 65 10 108 9
0 582 1 18 18 359 7
9731 546 1 7 46 119 9
16916 489 4 262 40 446 7
0 364 1 196 30 351 15
15016 206 1 155 43 438 8
10019 125 2 126 57 942 5
0 456 5 175 127 203 17
3168 83 1 89 18 73 7
15346 433 3 275 39 298 3
15220 478 2 24 16 322 7
4141 306 3 319 13 404 11
10261 336 2 131 34 425 13
363 245 4 274 23 163 19
0 53 2 50 38 164 18
3750 319 1 54 13 230 9
15341 496 1 54 33 511 6
16774 125 1 27 21 74 17
9575 506 2 101 79 787 5
0 297 1 10 31 98 18
3444 359 2 126 56 626 3
4103 245 1 24 16 517 4
10673 416 3 39 22 28 15
9499 235 2 55 14 226 18
16971 556 1 211 92 623 10
10092 314 2 56 35 256 19
3652 419 2 50 41 85 2
9196 332 1 60 22 204 12
10146 310 2 105 32 462 2
16264 351 1 24 79 321 15
10866 532 2 59 19 81 18
15017 706 1 103 38 368 4
3688 36 7 188 92 160 6
9261 312 4 84 9 102 1
0 398 3 56 12 200 15
9903 508 1 17 43 388 19
16176 464 1 18 11 226 19
0 72 1 28 26 145 15
10104 169 2 58 19 244 20
9624 439 3 143 31 560 14
15345 665 1 123 26 77 15
9037 526 3 319 23 151 14
10967 206 3 234 41 398 20
0 488 3 126 16 18 18
4318 351 1 41 30 129 18
132 467 2 309 53 410 16
3705 657 6 204 70 123 7
0 355 1 32 35 494 1
9050 400 1 37 19 198 20
9968 230 2 71 47 147 1
9549 168 1 28 5 152 15
4701 150 2 51 58 660 9
9808 712 2 37 20 97 18
0 197 4 193 41 223 18
0 124 3 110 25 113 14
0 673 2 83 95 222 9
15865 440 1 36 12 352 13
3498 423 1 49 30 138 10
10503 577 4 49 14 111 3
16481 533 1 15 7 198 7
16342 487 1 19 59 189 13
15465 73 2 56 44 822 7
10790 478 1 46 12 216 12
952 206 4 96 23 163 6
9351 735 1 299 17 362 12
10982 684 2 108 81 121 10
10368 256 1 108 90 125 7
4400 465 1 58 29 138 15
0 306 3 160 32 338 1
4783 572 2 264 68 158 8
901 239 2 85 4 194 8
9521 448 1 20 21 26 18
3287 419 3 77 7 201 8
0 380 1 62 22 86 14
0 375 1 22 35 328 4
0 308 3 30 29 202 9
3660 125 1 225 24 522 18
0 246 3 128 27 445 8
0 195 2 55 13 171 17
10214 294 8 222 35 207 18
9701 734 1 26 40 178 5
851 393 1 43 33 586 3
0 86 1 26 26 21 9
4762 729 1 23 64 462 20
15107 577 3 127 25 243 7
3865 380 3 80 29 606 8
15363 154 1 14 9 218 20
879 709 1 27 6 136 3
15750 378 3 149 27 22 20
207 527 4 121 21 215 1
9881 425 2 72 17 307 4
9360 659 1 31 5 190 20
15453 327 1 54 11 346 13
10340 487 1 31 19 165 6
4362 402 1 33 59 449 3
9094 270 1 156 20 655 15
3013 173 1 58 36 224 11
10812 132 3 299 43 145 9
3044 469 1 13 19 18 13
16128 611 1 48 83 405 1
3005 719 3 44 50 448 7
15016 603 1 46 104 60 2
15516 589 2 109 37 214 3
16453 317 2 63 37 253 19
10395 217 2 98 35 312 8
9137 558 1 198 41 202 5
0 551 1 17 61 118 7
16355 406 7 215 94 805 11
290 505 2 33 26 141 19
3383 371 3 300 17 494 14
197 462 1 9 49 90 18
10032 343 1 12 12 935 18
0 297 1 79 40 202 10
3784 110 3 111 40 73 17
9569 191 1 28 10 307 1
4426 731 1 200 53 190 13
0 126 1 65 27 442 7
393 275 3 72 80 75 11
16915 694 1 52 37 182 17
9479 178 2 279 57 152 15
10756 48 2 52 15 231 20
475 606 1 33 24 166 16
3694 715 3 61 90 285 4
938 708 1 71 12 421 17
0 269 3 99 55 610 10
0 535 3 140 21 232 6
9715 77 1 14 27 20 9
10309 74 1 74 42 529 19
3407 46 2 35 21 257 13
0 423 2 142 14 227 6
3370 143 3 153 45 115 14
0 257 1 75 18 204 5
3643 348 1 154 63 47 2
16072 686 1 26 41 162 7
15266 162 1 70 36 125 10
16105 440 1 39 17 133 20
4936 430 2 50 42 116 18
15111 701 1 24 50 452 16
3776 690 3 62 28 146 18
10608 544 3 244 27 355 13
9809 57 1 29 20 288 19
0 496 1 252 20 311 1
852 300 2 30 26 435 2
16769 679 1 11 72 135 12
16828 182 2 420 48 171 7
3771 277 2 49 45 86 20
3976 448 1 23 22 32 11
9540 334 2 72 48 452 14
4906 264 1 34 10 72 3
10479 431 1 37 28 306 6
4155 80 1 18 38 326 20
15948 267 3 219 47 168 1
15307 482 1 47 35 597 6
4238 262 1 91 31 47 17
9847 417 3 96 35 208 17
382 745 4 97 38 402 12
3792 143 1 114 60 213 4
15463 565 3 71 37 321 1
3836 93 2 101 67 319 11
15502 95 4 65 109 500 9
16939 382 3 74 30 502 19
16680 284 2 132 31 123 16
15641 209 4 155 46 106 18
972 590 3 123 83 121 15
4768 381 1 109 56 368 14
9849 679 6 184 21 465 17
9873 390 2 63 44 230 2
4832 290 2 187 68 421 17
15028 166 2 156 15 319 5
16589 468 3 66 15 60 9
0 173 1 39 8 60 6
477 563 4 387 40 248 9
4206 74 4 71 58 313 13
9759 366 1 86 39 272 13
0 157 1 108 29 217 20
16058 299 7 131 15 386 13
9181 175 1 75 32 278 16
10183 138 3 128 33 88 1
0 346 2 60 30 141 7
4077 547 1 74 71 145 1
10444 740 1 31 5 300 8
3658 211 2 95 35 290 8
0 450 4 95 17 328 11
15743 518 1 58 13 675 10
15306 378 1 13 65 116 13
3967 554 3 120 45 146 6
16957 242 1 35 15 240 4
4723 112 1 175 20 294 5
3272 627 1 90 39 216 12
10190 149 2 95 47 38 20
0 86 4 108 43 78 8
440 171 1 148 81 433 11
10972 50 1 23 19 149 16
3570 654 2 158 15 547 3
10617 525 1 47 32 84 6
9559 362 4 146 17 112 19
132 541 3 110 67 729 20
15885 635 2 270 118 534 7
989 551 2 137 42 82 12
15032 363 1 39 5 208 17
10820 299 5 221 37 508 15
16540 620 1 40 49 134 20
240 698 4 63 54 195 17
3795 106 1 31 62 237 15
9532 214 2 51 29 523 6
798 460 1 40 27 335 6
16089 621 2 143 20 218 4
15217 231 4 188 21 332 18
10560 164 2 149 14 247 12
9553 87 2 172 83 85 5
9934 145 3 91 48 386 1
9698 554 1 25 49 208 18
10399 460 4 147 31 526 18
696 604 3 398 33 514 19
4138 655 3 180 80 394 10
10717 258 2 106 68 335 13
191 323 2 76 13 454 10
0 327 2 51 6 58 16
4682 202 1 31 3 84 16
16020 584 6 177 63 409 1
10380 732 2 55 32 277 19
4168 437 2 64 16 528 6
4470 601 2 97 54 349 19
16266 722 2 320 100 727 11
16957 112 2 69 41 362 15
10672 198 2 49 60 527 9
16786 669 1 100 14 152 9
10803 300 2 82 4 100 15
3942 163 4 158 17 160 13
16632 412 2 132 52 726 11
9968 350 6 107 104 101 11
0 540 2 61 24 338 8
10817 477 2 83 24 500 18
9973 233 2 103 10 460 18
0 205 2 59 35 593 14
3741 487 3 170 36 378 15
9644 408 3 478 55 316 15
541 136 2 33 7 122 20
16086 319 1 45 35 305 7
9847 385 1 72 44 391 7
10166 380 1 22 62 183 19
15990 351 2 29 35 144 9
10453 445 1 50 61 173 19
822 606 5 336 24 240 18
15624 211 1 20 18 196 16
9974 665 1 88 29 417 12
16336 586 1 49 22 156 11
714 453 2 86 64 107 2
16479 461 2 71 34 79 9
3550 577 6 88 53 91 19
4826 667 2 119 26 85 5
10407 348 2 379 69 211 8
15322 475 3 164 48 430 9
9042 281 1 51 25 430 7
16438 413 2 93 25 271 20
18 374 1 138 38 126 17
15995 94 1 32 50 134 18
4840 435 2 67 27 141 12
9155 735 1 18 66 142 5
15815 170 4 251 47 152 2
16351 419 1 13 38 70 6
9320 113 4 92 36 368 16
0 252 1 38 44 449 20
0 576 2 75 27 229 4
374 601 1 46 25 163 9
638 73 3 180 69 674 3
9331 89 7 118 54 141 2
4658 736 1 56 72 766 9
10088 514 2 69 20 117 17
994 111 2 72 21 606 4
0 307 2 240 40 532 17
10997 107 2 301 60 393 5
0 332 5 160 62 357 2
9064 200 2 77 36 377 8
4248 312 1 289 27 586 4
16397 189 3 63 10 113 8
9952 205 1 17 71 79 2
3059 501 8 383 101 217 16
16511 180 1 157 36 402 13
4830 489 1 15 10 149 11
3301 203 1 25 18 163 10
10114 540 1 77 69 323 3
0 587 1 31 37 147 6
16490 550 1 32 15 216 19
413 232 2 225 34 687 7
0 348 1 25 25 47 2
3615 390 2 77 48 144 14
16816 654 8 243 57 214 15
3656 54 2 345 25 162 1
9018 602 1 121 48 313 7
15025 738 7 247 27 319 9
9453 112 2 62 71 71 4
16787 271 3 144 71 399 11
10438 156 1 154 54 392 7
4449 207 4 186 40 267 15
15888 516 2 84 56 494 3
464 569 1 27 63 211 7
10990 150 1 32 61 503 4
596 632 1 33 37 119 15
15722 556 3 104 8 116 5
10227 219 1 35 64 501 17
9042 378 5 286 16 371 18
4354 367 1 105 37 377 14
3718 311 1 19 22 14 16
9299 613 1 70 63 107 5
16638 303 2 78 82 706 8
4458 304 2 64 43 82 16
806 506 1 49 103 262 1
777 626 2 118 20 260 5
4455 451 1 333 50 365 4
10325 335 3 68 28 297 13
403 436 2 93 68 155 20
15980 257 1 115 22 253 3
839 185 1 28 21 464 10
70 643 2 74 47 66 2
853 509 1 22 24 183 7
3492 348 2 52 21 294 13
3853 250 7 400 19 666 16
16219 739 1 179 10 182 19
3625 182 1 65 35 193 18
9574 723 2 71 10 190 17
3585 241 5 171 86 108 18
10900 110 1 29 5 32 10
3286 430 1 68 17 177 9
579 226 4 95 8 187 5
16123 159 1 118 11 543 2
10942 47 1 24 23 89 12
343 520 1 57 26 165 8
9978 629 6 406 18 187 1
0 303 1 14 24 471 11
3264 474 1 16 79 145 4
0 61 2 27 71 698 4
4871 621 2 86 75 424 3
16073 699 1 391 63 120 10
16333 608 3 240 38 439 4
9678 133 1 21 26 190 16
3841 175 1 223 55 367 10
0 660 2 114 66 56 11
9095 687 2 20 34 212 3
4382 191 1 84 32 327 2
16140 64 3 119 58 454 4
0 91 5 504 53 274 7
16108 489 5 113 13 152 11
10860 678 2 32 13 378 7
15949 328 1 60 78 469 9
15776 675 1 14 15 97 8
0 530 3 99 19 64 10
997 320 5 79 67 119 2
16982 446 2 28 5 34 19
3582 232 4 94 62 82 18
3368 390 5 188 40 123 17
16664 709 3 31 35 552 11
9347 182 6 202 44 136 14
3484 685 1 32 3 234 12
16318 461 1 34 18 262 16
9291 147 1 259 39 347 12
15161 702 2 96 19 339 8
16410 118 1 16 4 58 1
10597 470 1 98 32 105 19
10055 673 1 32 96 182 12
3004 622 1 18 67 290 15
9054 687 7 313 24 187 1
15554 121 2 206 21 241 13
0 568 1 34 34 202 9
4839 45 5 188 33 817 9
0 311 3 60 9 90 2
4729 306 1 115 42 265 19
0 128 2 164 62 209 3
15384 310 1 31 6 314 7
9376 167 3 54 28 197 14
0 452 1 87 40 468 1
3336 88 1 212 31 614 20
0 717 1 48 31 221 14
436 352 1 220 38 286 6
9166 496 2 98 38 130 6
94 163 1 110 33 147 16
3421 733 1 177 34 231 9
4092 723 8 333 53 121 3
0 503 2 353 37 144 18
4667 21 2 46 8 138 17
10246 556 1 131 43 221 19
9143 588 2 49 45 166 4
4965 442 6 156 23 136 17
0 670 2 74 75 376 7
10267 195 1 133 71 268 11
16566 461 1 66 26 79 13
15610 141 4 125 79 609 6
9935 620 1 45 41 165 10
0 310 3 69 34 357 8
15459 495 3 66 30 438 15
16205 405 1 25 31 215 1
9155 528 4 97 12 394 18
10434 163 2 59 22 294 7
3071 672 1 17 59 438 9
16379 569 1 16 64 127 5
10655 431 2 117 69 985 12
4633 283 4 178 44 361 3
4219 232 4 192 56 409 3
10270 92 2 42 13 377 16
778 657 1 31 18 198 20
15444 254 3 62 28 387 10
0 342 2 40 13 285 16
15895 190 2 150 43 92 13
998 81 1 395 12 349 10
10494 97 1 110 40 253 16
371 317 2 245 92 319 12
15320 376 1 48 103 232 11
225 215 1 48 23 424 18
9288 474 1 12 52 72 8
0 561 1 18 34 131 17
9533 77 1 213 29 341 20
10959 439 1 10 46 390 14
9560 244 1 21 39 456 1
9473 58 1 16 27 91 11
620 45 3 221 37 227 16
162 308 3 97 39 79 17
15692 373 2 76 25 452 9
16859 557 1 21 16 247 11
15147 22 3 133 42 594 11
9536 125 4 42 9 135 5
9548 625 1 64 65 102 17
0 101 4 171 100 460 2
4982 88 3 105 26 296 16
15880 238 2 35 68 231 10
4333 96 2 99 22 113 9
282 634 3 155 126 845 1
10599 747 3 121 34 80 17
4269 496 1 36 43 193 9
16130 216 1 33 58 227 8
10174 460 4 61 39 183 9
4745 617 1 28 27 324 1
15776 681 1 102 23 333 19
3859 303 3 131 26 155 18
9943 525 3 319 42 281 3
3146 169 3 169 67 188 16
3737 440 4 306 49 320 9
16165 420 1 271 49 587 10
16135 228 1 56 38 441 11
15759 648 1 245 27 367 17
15191 271 1 12 67 363 18
0 483 3 49 52 134 2
0 512 1 72 30 247 11
9665 563 3 342 21 325 5
4539 146 3 59 14 183 20
9390 617 1 30 8 74 13
10580 257 5 137 55 155 20
0 406 3 131 19 327 3
10477 531 7 384 29 133 19
4472 626 1 22 21 17 7
9907 666 3 61 19 168 19
4810 37 3 236 38 305 7
9642 155 1 116 27 693 15
4993 231 2 41 90 459 13
15182 29 4 124 38 497 6
9144 98 1 40 22 171 13
0 96 2 208 56 387 5
4357 522 1 158 37 123 18
10311 415 1 192 55 183 18
4318 292 4 294 48 172 17
4573 159 1 236 90 259 17
466 452 1 15 28 11 4
577 408 1 50 56 209 15
0 748 1 134 69 201 8
3978 47 1 52 34 235 4
4580 101 2 66 18 484 12
3072 325 1 50 29 331 8
530 679 2 84 9 329 17
15777 72 4 503 52 345 5
15934 303 2 77 24 550 2
16562 391 1 64 52 98 10
9754 308 1 48 52 289 20
15036 75 8 132 40 375 5
10905 530 4 428 31 375 7
15734 486 1 32 70 834 13
9292 719 3 43 43 186 11
15667 499 1 21 28 28 19
529 619 1 67 7 170 19
35 223 1 106 68 408 13
15507 609 2 26 75 362 20
4486 352 6 334 60 281 13
499 732 2 87 55 62 17
0 530 2 270 69 200 15
3595 103 2 157 70 28 8
16828 600 3 53 34 228 4
0 359 1 53 38 304 3
16839 300 4 208 25 410 15
9731 588 1 24 5 20 5
4693 225 7 363 14 171 17
16305 339 1 145 78 180 17
15162 570 2 28 15 451 6
10895 35 1 103 101 373 11
3674 568 1 71 29 658 8
4987 651 4 85 15 16 12
4814 299 2 229 21 387 7
4880 343 1 35 65 231 5
9931 408 5 220 31 384 13
4314 274 1 473 34 681 8
16388 738 1 45 89 185 18
4434 299 3 195 47 197 9
818 195 1 93 20 322 13
15853 546 2 68 43 244 1
15272 285 2 62 36 366 9
10934 666 3 102 45 14 11
16427 435 1 26 3 97 3
15662 421 1 104 21 236 8
0 242 2 267 25 382 16
17000 427 4 180 114 283 15
9603 446 1 178 31 140 8
16030 437 2 58 66 93 3
3332 535 4 273 45 483 19
15190 295 2 32 43 301 6
10099 246 2 60 2 39 19
84 543 3 398 18 571 8
16535 62 5 349 72 360 15
3491 251 2 27 74 404 11
10734 132 3 63 29 140 9
278 739 1 51 28 768 8
0 391 1 19 25 78 14
667 673 3 200 31 130 14
104 588 5 260 85 158 4
10512 179 3 88 51 365 2
4983 595 1 16 36 259 7
0 476 1 49 28 143 17
16439 367 2 118 23 157 10
4587 267 2 106 86 775 7
9413 122 5 219 50 192 14
4786 228 1 37 8 234 14
16789 539 1 54 13 198 7
16034 637 3 96 48 416 4
10564 235 3 57 17 271 13
10657 575 1 32 22 97 20
624 561 4 132 59 78 17
129 251 1 36 70 319 3
15012 481 2 32 31 162 13
4796 521 2 26 41 346 20
3917 566 1 41 65 819 8
15081 113 1 13 25 235 8
0 83 2 90 48 46 13
4897 386 5 465 52 322 10
4894 696 1 26 26 44 6
15669 713 3 269 69 379 9
3755 169 2 48 22 290 8
3687 576 1 13 45 85 2
16020 81 1 124 70 671 8
9854 740 3 28 23 446 16
3680 96 2 81 11 164 4
4722 750 2 181 51 120 20
3350 699 1 36 10 190 18
3078 209 2 44 63 73 6
4599 421 1 26 54 332 14
0 615 1 67 8 154 17
10318 476 1 135 19 479 2
492 270 2 118 63 253 10
15992 530 2 107 20 141 3
478 616 2 32 49 261 8
10895 636 1 36 60 112 14
16772 632 1 16 36 354 15
932 158 5 198 31 95 7
4468 174 1 14 37 89 2
3732 42 5 372 15 468 6
16921 217 1 131 32 322 11
16778 607 1 47 45 186 1
3328 425 2 115 26 740 9
0 79 1 127 42 606 6
16249 161 1 14 56 82 9
16871 70 1 90 72 177 9
15762 424 1 23 10 102 17
3247 247 5 142 14 524 11
9476 201 1 115 81 31 16
0 574 1 40 37 120 2
15139 590 1 33 35 82 10
10231 289 6 317 23 502 13
4982 700 3 236 70 228 3
10565 302 1 57 31 53 14
313 543 1 41 69 376 17
3820 623 1 20 12 15 11
0 353 5 408 42 169 7
16391 92 2 39 11 323 18
552 540 2 87 49 713 15
4915 513 1 66 47 892 2
10900 326 1 41 23 493 14
0 342 2 62 7 161 12
224 551 4 156 67 498 4
10000 330 2 75 34 83 20
9286 329 1 447 19 405 8
86 194 5 168 58 162 11
16744 511 4 375 55 525 2
118 717 3 69 79 43 4
0 395 4 39 9 75 12
0 176 4 121 34 269 4
4509 315 1 26 26 116 18
4243 396 1 99 38 334 3
9948 295 2 98 36 380 8
15090 35 2 115 31 97 9
9972 95 2 225 60 306 17
0 408 4 85 15 252 14
495 73 1 45 54 548 18
3012 64 1 12 36 87 14
3820 36 2 151 98 78 3
459 554 1 59 47 97 11
0 503 1 36 43 55 8
10846 471 1 22 14 325 19
974 227 3 197 13 505 4
16437 518 1 46 43 125 16
9819 692 2 52 31 189 19
9117 737 1 254 19 130 16
15727 469 1 34 10 160 2
9372 688 3 88 5 174 3
15848 275 3 78 35 261 2
0 629 1 38 26 77 14
9447 354 3 221 128 552 1
668 100 2 192 34 34 8
4536 374 2 53 46 70 11
4432 500 2 163 23 117 10
0 332 2 125 60 353 1
9975 138 4 103 56 543 10
0 142 4 74 98 452 15
989 457 1 63 31 461 9
839 625 1 55 36 114 1
16614 95 1 66 4 131 20
9286 130 2 27 10 98 19
15098 346 1 174 48 708 1
3412 418 3 92 43 273 10
0 486 2 70 33 208 10
10042 90 4 268 42 227 15
16645 380 2 23 42 456 9
9639 251 1 47 76 196 16
316 549 4 137 46 132 13
15433 178 2 56 47 255 6
15960 73 3 259 36 203 9
10593 41 1 42 74 333 18
10648 349 1 153 50 494 1
3727 479 2 132 45 438 17
16472 611 3 162 72 608 19
0 631 2 460 39 225 11
16793 258 1 35 9 170 3
99 580 1 49 34 452 3
9668 100 1 69 38 469 6
15552 627 4 45 26 248 19
10105 402 1 64 31 85 4
757 281 4 76 48 238 10
4408 645 2 156 28 233 1
3582 578 1 12 15 30 3
16114 621 3 124 52 77 15
15232 341 1 23 4 80 20
0 378 1 55 97 105 18
16563 736 5 132 60 260 6
66 109 3 71 7 95 4
0 110 5 214 25 849 15
16818 149 3 204 29 613 8
15376 375 2 59 23 236 10
0 159 1 12 71 122 14
10961 73 1 35 21 607 12
3591 354 1 11 47 106 19
4670 393 2 27 8 59 11
15782 74 1 70 47 426 11
0 93 1 35 14 86 8
16589 204 3 61 87 382 20
958 664 2 215 75 142 12
0 533 5 436 42 119 9
9375 222 2 106 16 557 13
16057 166 2 50 9 112 13
936 189 1 22 4 25 5
4573 466 8 218 54 792 10
4773 555 2 59 8 150 4
986 221 3 92 45 60 9
4530 427 1 179 60 227 7
16415 330 1 145 42 839 4
16498 317 5 219 36 293 2
283 737 1 110 3 82 20
426 112 2 62 19 197 2
4104 634 2 224 33 195 5
4871 349 1 23 12 142 3
10098 212 1 38 27 296 1
489 165 4 109 54 450 1
10429 543 1 59 72 617 7
3036 654 2 141 27 622 17
4086 32 5 243 43 398 1
4448 191 2 48 26 267 13
3825 256 2 359 67 271 12
0 723 8 273 68 287 15
15675 313 5 215 17 159 13
3169 215 3 48 32 266 19
15689 623 2 183 66 288 2
