27 602
4 48 84 128
6 64 64 368
2 48 68 656
3 24 108 512
6 80 80 784
7 48 60 400
4 40 60 432
8 80 128 704
7 24 76 720
4 48 116 864
2 40 104 640
2 24 80 848
3 64 88 528
5 64 80 832
5 40 36 640
4 40 92 640
6 64 116 176
6 80 80 544
2 64 32 96
7 32 120 224
3 64 32 464
6 24 92 800
8 40 84 144
7 48 88 368
8 48 120 112
6 48 108 384
4 40 84 112
753 67 1 32 24 267 12
9991 432 1 34 49 137 3
7961 505 2 68 7 215 20
5503 108 1 60 58 41 2
4945 160 1 21 55 46 8
9480 35 1 75 22 254 2
16 284 1 83 20 23 19
3745 504 5 134 50 233 19
825 46 2 35 56 362 10
3472 261 2 116 52 81 20
7446 152 4 293 51 426 6
7888 390 1 61 45 388 4
7870 210 2 131 21 72 7
10362 299 4 175 34 390 14
6481 188 3 51 34 448 11
4978 272 1 48 35 82 15
4078 113 1 288 45 346 17
5495 138 2 25 26 358 5
10703 273 2 108 32 323 20
4866 526 1 37 45 432 13
559 233 3 186 43 216 12
7970 340 6 131 52 80 12
2721 518 1 87 26 67 18
1202 385 3 65 73 78 10
6909 192 2 104 18 88 2
4111 237 1 60 46 261 8
3681 513 2 69 20 30 7
5557 118 1 184 24 469 2
9713 334 1 64 11 27 3
11048 352 3 38 63 304 12
7392 333 1 38 51 232 7
3959 233 1 144 55 560 15
5391 379 3 290 54 400 10
9336 82 1 80 16 347 3
11363 526 2 102 11 291 4
7989 459 3 90 68 98 18
4791 56 2 76 56 124 5
1999 98 1 39 37 513 14
2952 118 5 259 77 181 8
2828 209 4 138 66 292 14
10667 484 3 97 59 78 6
9362 285 2 83 29 79 14
1917 639 1 24 29 129 16
6761 572 1 14 33 624 15
10526 609 4 148 29 275 14
7524 577 1 64 11 42 5
6690 223 1 11 31 190 13
1284 288 2 79 47 218 14
5592 225 1 35 48 53 19
6221 375 1 14 64 384 5
1085 399 1 28 43 55 5
10730 639 7 102 38 67 3
2495 152 3 129 21 314 11
2869 422 3 69 40 40 11
7140 328 2 118 84 284 8
5845 424 1 61 27 375 3
6830 649 1 24 45 329 6
7345 138 1 116 23 199 11
5181 263 3 118 35 50 15
11761 130 1 47 34 131 16
1239 233 4 79 53 48 18
9607 312 1 137 60 198 5
838 622 2 387 23 415 6
7347 381 1 43 22 171 1
7772 374 1 42 58 61 6
9276 407 1 66 31 286 11
1143 571 1 61 23 50 12
11053 107 1 34 46 48 6
10498 129 2 135 26 168 20
805 65 1 234 28 178 14
1507 533 2 92 33 191 13
8163 499 1 43 19 211 15
8587 487 2 66 66 177 16
7514 130 2 56 36 214 4
2410 300 1 19 44 465 13
9057 562 1 78 19 232 7
184 491 2 122 37 319 16
5289 227 4 233 20 99 1
2055 383 1 71 16 367 8
11696 418 5 391 34 230 12
1574 371 4 105 56 54 20
9230 164 3 199 70 72 14
1319 476 2 156 19 169 9
2062 489 4 178 38 128 10
11095 385 1 28 43 47 12
2283 283 2 65 12 259 7
9664 195 1 59 62 72 19
10432 245 4 62 24 205 15
6677 105 2 71 27 241 12
11237 399 1 34 51 376 19
2755 284 2 24 54 56 4
4168 500 1 10 39 260 13
557 337 4 41 60 384 18
2955 238 2 88 18 181 10
7019 278 2 98 64 135 7
11042 646 4 122 61 33 1
10242 510 4 142 57 90 6
8611 484 1 152 47 418 12
8651 572 1 130 66 178 2
8329 204 5 208 24 201 9
11854 616 2 44 62 115 17
3503 30 3 82 58 96 3
7317 302 1 84 27 122 20
1005 103 2 43 45 37 2
11459 117 1 116 23 353 12
5256 269 1 17 23 453 3
3384 614 1 37 35 256 4
2895 180 1 29 38 75 2
10106 291 4 96 37 514 16
8219 384 2 89 20 348 4
5297 582 1 54 61 163 15
11516 94 5 184 27 79 18
9512 330 1 18 28 303 5
4355 561 2 45 55 59 3
1300 613 6 128 19 184 5
6944 403 3 78 46 359 8
1181 324 2 72 29 300 15
7665 128 5 146 8 347 12
547 458 1 34 32 47 18
10671 29 3 78 41 57 18
4209 99 3 70 32 101 16
3753 545 4 72 58 95 19
3755 120 1 49 21 183 13
5806 311 1 43 26 97 18
5179 276 4 193 72 56 10
4302 223 2 59 22 318 4
5147 160 2 18 40 446 15
1513 20 3 84 20 278 12
11980 221 2 188 31 231 14
5570 625 3 139 54 93 13
5339 334 3 33 40 242 5
8438 344 1 39 64 525 12
8645 590 6 180 24 108 13
7268 599 1 13 57 590 17
11051 31 4 223 30 220 8
9643 252 4 192 35 209 7
8843 617 1 74 19 153 6
8467 255 2 95 16 55 1
2202 205 1 68 50 227 9
995 338 4 108 25 155 10
287 290 2 35 22 287 17
2709 157 2 41 54 382 11
6152 92 5 143 54 60 1
5585 69 3 97 52 70 4
10384 63 2 229 23 173 19
7702 486 2 74 54 219 2
231 446 3 292 30 375 18
7656 307 1 16 46 257 8
9756 548 2 180 14 203 8
275 317 1 25 69 383 15
8966 439 4 175 39 159 13
7613 224 1 30 29 280 11
2086 518 1 107 43 219 7
920 166 2 64 60 194 7
6862 475 1 30 30 267 12
4255 151 1 16 65 150 10
11027 220 1 318 55 571 13
3898 163 1 30 8 332 20
1824 32 1 17 63 426 8
917 339 1 32 40 135 18
3246 53 1 50 29 232 20
7853 303 2 87 25 116 13
9152 419 1 44 52 109 13
7103 164 2 119 16 331 4
4939 435 3 119 55 99 1
3255 561 3 233 42 44 8
11012 156 1 17 20 543 9
6408 474 1 80 19 65 8
4969 104 3 64 35 217 19
9929 13 3 179 26 114 3
6409 406 2 71 51 153 19
5165 516 1 51 19 280 20
10060 326 2 117 37 69 10
1426 440 1 64 15 254 3
11925 331 1 35 23 31 3
3781 161 2 77 21 187 10
4925 41 2 95 39 349 10
4889 174 2 90 23 319 11
11279 515 2 65 48 193 17
8808 54 2 67 8 143 13
5509 366 1 68 10 256 16
1773 94 3 118 37 461 5
7042 190 1 37 37 60 5
6208 267 1 22 36 66 1
38 190 1 64 37 118 17
11580 97 1 11 54 149 3
758 596 1 60 27 314 1
5045 346 2 54 34 49 4
4628 240 3 56 74 368 18
6723 417 2 56 34 130 15
10742 94 2 136 47 67 16
5574 372 1 36 20 93 10
5361 527 1 30 40 199 6
3612 629 3 146 51 164 10
3269 334 2 43 78 32 9
7866 208 1 63 55 67 14
3714 511 2 27 22 325 10
3970 108 1 24 53 156 19
10815 224 2 136 30 155 5
3445 516 1 29 10 49 6
4339 205 1 82 9 305 9
11681 259 1 47 12 63 13
10596 461 2 41 24 72 3
712 131 4 283 23 209 10
11173 281 1 54 32 631 18
5221 263 1 43 40 127 2
8081 224 3 76 25 564 16
1709 196 1 33 14 55 8
3313 257 1 26 29 478 4
8040 608 2 68 10 172 18
9186 549 4 106 42 283 3
8214 399 1 21 25 478 15
4143 565 1 15 63 372 13
9912 471 1 19 70 302 18
2881 171 3 120 25 129 14
5487 326 1 103 53 268 20
576 178 3 125 33 201 10
9377 196 1 273 62 186 13
5133 583 2 60 56 166 8
9647 372 2 75 43 118 9
1757 238 4 93 57 105 18
4454 414 3 174 29 181 19
6090 97 5 142 51 97 12
6539 648 2 95 22 232 13
3409 402 1 32 40 188 3
10786 307 2 294 48 70 4
8117 502 6 317 55 46 12
44 389 1 35 27 83 10
9377 478 1 27 64 212 17
3310 67 3 59 42 284 11
7499 135 2 97 51 311 19
5867 444 2 130 80 628 20
1248 154 1 66 45 222 17
11670 620 1 98 21 180 11
8075 396 1 49 24 463 11
6404 644 4 135 42 216 16
8205 203 1 50 55 150 3
2346 545 1 34 27 120 2
9769 460 1 117 34 90 20
11084 273 3 115 61 131 16
4727 516 1 137 13 258 12
6575 266 1 399 75 343 2
1997 174 3 42 50 289 13
1400 178 3 253 29 383 16
10560 310 1 27 67 294 5
4719 550 2 36 38 61 14
8068 219 1 47 29 40 5
6480 337 6 254 53 90 4
8777 90 1 30 54 411 7
6729 316 4 165 24 262 11
4432 172 1 49 39 236 9
9453 289 2 28 53 325 11
2069 219 1 31 36 137 6
800 564 3 170 45 395 8
8379 100 1 17 43 338 17
4629 339 2 59 49 132 1
1653 159 1 68 55 188 20
1495 493 1 54 20 232 11
69 28 1 42 54 274 13
4104 580 2 145 72 62 2
4749 628 1 41 41 239 10
8754 400 1 58 57 54 13
1132 390 2 20 66 327 3
3679 235 2 57 74 352 19
2411 134 4 239 37 385 10
1581 167 1 13 51 416 3
6135 125 5 259 78 44 3
5410 524 4 225 72 69 6
3835 446 3 144 38 318 4
6272 255 1 33 45 75 3
702 517 2 49 39 67 9
9813 65 2 182 45 328 11
4026 339 1 120 36 257 15
1681 62 2 235 44 192 13
4437 17 1 201 29 39 9
2419 254 2 83 33 32 3
10379 363 3 139 25 133 4
6316 444 3 312 45 383 17
8873 358 1 69 25 158 11
8051 521 3 226 86 269 20
3409 303 1 45 19 261 18
9861 20 5 147 59 267 14
1376 49 3 296 42 309 19
9186 297 2 108 46 372 5
11306 521 1 35 42 82 6
3334 171 2 81 49 182 17
887 380 2 96 35 164 13
712 12 1 23 11 155 8
671 360 2 78 21 53 3
2755 274 1 19 42 350 13
287 507 2 87 18 40 17
1824 650 1 16 47 514 12
10758 129 1 53 10 246 14
7945 620 2 77 40 200 6
7080 345 2 57 49 374 18
5617 273 1 255 38 46 20
9109 592 1 18 20 301 13
3060 573 2 147 29 151 8
1302 574 2 48 29 27 10
10709 191 3 61 19 58 10
10029 257 1 29 31 88 19
4577 482 1 40 38 587 11
8783 170 1 17 25 372 16
10869 250 6 118 51 187 17
4742 522 1 75 25 431 17
8974 228 1 27 18 217 3
4018 301 3 113 7 296 9
3202 190 1 146 57 150 10
7015 570 3 120 59 278 5
8906 310 2 48 19 171 2
8011 583 4 285 33 441 19
11431 574 3 111 42 80 14
3251 315 1 25 14 31 2
5213 522 3 125 53 120 8
9679 311 1 48 36 587 17
1664 207 4 117 40 363 17
7860 526 2 140 69 53 16
3127 583 3 402 28 509 16
1635 544 1 119 54 508 14
5307 15 1 20 33 499 10
8027 600 4 98 38 89 20
9417 171 6 152 33 227 9
824 339 5 320 44 517 3
11418 344 1 18 25 329 11
1124 508 3 159 45 93 8
3822 550 1 37 32 64 7
11674 380 2 29 55 42 1
6199 242 1 36 14 446 11
4055 561 1 357 17 545 8
8813 404 4 366 47 376 9
8972 330 2 34 33 272 4
5970 508 1 163 37 111 20
957 483 2 112 25 598 14
1802 627 5 146 30 193 19
1903 138 2 78 16 296 20
2749 223 2 136 14 104 5
5600 280 1 240 47 75 20
11992 352 2 85 19 71 3
2073 371 1 17 55 332 1
10325 104 2 28 74 341 4
3733 403 1 48 36 253 4
8323 190 3 119 46 83 10
1949 191 1 58 48 262 6
10291 150 5 111 52 179 10
5338 299 1 16 23 176 3
327 11 2 25 32 466 15
7734 128 1 59 29 26 2
7691 30 2 37 24 476 7
121 138 1 27 42 88 5
9579 390 2 74 33 239 16
237 391 1 23 22 61 1
7081 227 2 95 25 206 13
10168 646 4 71 27 545 20
8703 292 1 35 18 31 19
2942 410 1 22 58 265 10
11616 151 3 204 26 266 6
11398 18 1 53 32 322 11
690 166 2 63 25 188 20
6923 562 2 102 12 161 15
5139 471 1 38 60 228 6
3875 388 1 24 38 284 7
2607 161 1 32 45 226 9
6548 11 2 155 19 444 15
10072 309 1 9 55 292 6
8971 610 2 78 45 212 4
6480 382 6 124 68 44 7
4824 167 1 38 32 70 7
3010 206 1 25 38 436 16
1633 140 1 34 53 243 3
489 13 4 216 40 111 18
1246 386 1 107 23 53 2
1286 335 2 48 33 160 17
10425 319 1 52 18 37 10
2721 145 1 28 48 47 15
3509 563 1 37 35 217 12
7075 275 2 47 24 119 16
2236 439 2 77 41 176 4
1168 95 1 80 50 185 1
984 116 1 71 46 423 18
5625 374 1 57 40 179 5
7090 334 1 115 36 190 15
3855 503 2 258 61 373 13
6548 449 2 41 43 364 2
2720 140 1 38 54 74 2
8630 420 2 186 41 241 9
1442 245 2 32 8 175 19
2932 376 1 134 41 398 6
2717 43 1 29 19 56 6
6651 425 1 331 54 384 14
11250 72 1 27 42 396 9
1878 420 2 89 41 155 1
1203 290 1 36 36 420 13
4010 593 2 48 50 423 18
464 120 2 250 43 467 6
7845 532 1 104 18 56 4
2992 555 2 101 11 339 11
5726 351 1 47 49 292 12
5890 610 4 196 18 131 4
788 444 2 182 19 239 14
9830 107 2 73 26 77 5
9600 533 1 12 63 249 14
1380 494 2 68 27 225 13
1913 161 4 141 45 231 8
7940 397 2 89 37 120 5
11723 267 1 35 25 228 12
10502 575 2 80 44 94 9
1853 397 4 108 62 119 8
1115 385 2 82 33 82 7
4425 476 2 132 55 347 7
7228 503 1 67 72 290 13
8588 168 1 47 15 278 12
8522 61 1 13 55 216 18
5799 435 1 24 63 464 4
9025 461 3 160 37 496 18
10187 25 1 94 19 69 2
8767 364 2 107 55 274 2
4719 320 1 49 47 101 10
3521 52 1 50 23 579 4
11242 436 3 64 48 478 12
8178 551 1 98 25 297 11
10747 96 3 234 26 156 2
11179 354 1 45 8 260 10
4885 520 2 103 41 320 18
9684 365 1 33 35 67 14
10985 429 1 28 52 271 1
3423 510 1 111 36 71 16
9145 633 3 120 13 112 2
1307 308 1 18 23 81 15
3433 42 1 19 47 410 20
2638 188 1 32 64 518 7
9186 275 1 37 29 240 8
11543 560 1 68 23 121 2
1355 467 2 97 20 386 18
3040 599 1 127 28 134 18
8994 308 1 13 39 218 12
6200 546 1 67 63 469 11
5742 212 5 154 38 386 15
9010 468 1 71 18 242 4
4034 433 1 54 20 231 15
6648 387 2 74 28 186 16
10918 171 1 53 14 41 2
10721 103 1 50 32 575 2
11165 508 1 32 18 248 20
8139 530 4 117 71 30 9
9630 221 1 162 33 88 19
7745 297 1 16 33 493 4
1625 483 1 165 40 561 13
2666 452 3 170 19 107 11
7702 437 2 103 23 563 1
1288 64 1 38 43 136 3
1343 150 1 34 26 48 8
11449 630 1 57 49 513 7
10226 107 2 73 39 244 2
6094 480 3 181 42 302 19
2388 321 2 75 16 173 5
1889 222 5 384 37 347 14
4329 626 1 101 65 44 7
4952 220 1 68 21 202 9
6276 584 1 32 41 301 7
9787 459 1 42 56 47 4
100 406 3 68 34 329 14
5941 201 2 52 46 409 6
9425 451 3 53 21 296 13
2621 136 1 39 41 163 10
7706 588 1 31 50 216 3
9835 563 1 30 45 461 15
7595 610 1 46 53 106 17
7412 203 1 47 19 33 16
9273 210 1 48 50 415 14
2311 322 2 73 53 287 12
7031 449 2 79 20 306 13
2216 378 1 125 37 58 18
7317 70 1 21 56 65 12
8615 381 1 34 16 489 8
5999 66 2 199 18 153 13
3903 74 2 48 10 228 13
1907 111 1 125 19 359 7
6231 249 1 21 63 107 4
10038 130 1 53 34 108 15
106 498 1 15 13 193 5
11833 639 2 58 18 380 5
5835 279 2 230 75 78 9
5777 141 1 370 42 368 8
2265 393 2 50 75 86 1
9445 618 1 45 36 107 1
6872 596 1 76 52 75 18
161 335 3 58 21 241 20
5907 258 3 187 44 220 4
1099 158 2 53 29 401 4
8014 568 4 74 31 392 15
210 149 2 96 25 39 15
5121 206 2 59 13 155 19
9110 55 1 17 53 207 9
8045 58 1 10 31 200 16
9247 488 2 81 28 557 4
1894 97 1 115 43 62 9
9742 114 1 39 28 346 10
7147 626 2 116 22 209 19
2626 445 1 15 39 451 6
236 104 3 135 47 28 18
11604 331 1 25 59 213 20
11374 47 1 98 14 55 8
817 635 3 72 29 30 12
3131 263 1 37 13 26 1
3926 414 2 72 20 434 1
6950 320 1 78 35 350 3
7974 140 5 329 40 139 1
9831 313 1 119 36 85 4
1246 119 1 131 14 120 5
9278 537 2 79 30 225 3
10364 309 6 81 54 292 6
8019 535 4 248 80 492 12
2142 55 1 38 42 40 3
10590 158 1 27 18 167 20
7867 629 1 142 69 340 3
2505 359 1 45 54 479 11
3470 314 1 44 27 183 20
2260 571 1 45 43 313 10
4083 632 3 95 45 553 18
2804 157 2 215 18 250 17
8827 303 1 87 15 21 19
4006 449 1 45 54 217 14
7299 535 3 113 29 243 7
4893 461 1 132 13 301 12
8068 111 3 252 31 113 4
2217 172 2 133 20 346 14
2660 18 1 33 36 274 7
9871 325 1 143 52 222 10
4343 362 1 31 20 230 9
11667 485 5 149 19 113 19
938 487 2 119 29 55 17
7737 461 2 162 32 86 7
3283 510 1 116 19 471 18
1700 552 4 61 52 42 17
4335 221 2 73 28 331 13
6088 106 2 209 43 266 5
3005 491 4 243 57 222 14
829 115 3 79 51 98 18
343 290 1 40 55 48 18
6502 43 1 19 18 463 9
2421 33 3 43 30 180 1
8118 69 2 31 43 479 3
7355 60 4 171 55 37 15
8022 332 1 25 36 70 9
9785 526 5 136 37 174 4
2305 193 1 34 25 221 1
3990 500 2 68 59 72 14
7530 83 1 38 55 44 3
11309 256 4 71 40 518 19
1226 118 2 50 56 148 2
1688 147 3 85 32 386 17
10091 220 1 23 42 96 13
1705 229 2 92 22 34 2
133 371 2 97 41 80 2
2315 35 1 16 22 282 10
10732 150 1 99 30 49 6
3458 471 1 155 22 77 5
4036 69 2 64 39 107 12
7063 487 1 20 56 83 20
895 46 5 166 16 409 10
8232 20 1 25 23 479 13
7823 114 3 132 25 245 14
8273 530 1 66 26 197 8
6965 256 1 27 55 473 5
473 142 2 76 46 217 17
7487 246 3 136 26 91 20
1610 591 1 19 71 273 6
6942 395 4 149 46 93 4
9718 81 3 52 12 214 20
1339 385 1 51 38 132 8
755 384 3 106 24 228 7
5938 546 1 85 11 136 1
7551 192 2 71 79 86 4
6407 43 2 168 22 81 5
10847 479 1 27 28 30 8
612 248 6 159 82 121 1
5192 36 1 9 18 394 18
2062 166 6 226 62 111 10
3472 158 1 60 56 63 5
818 456 1 92 32 298 12
11862 243 1 53 20 49 7
4195 43 3 119 14 115 12
10171 163 1 20 41 102 2
5360 252 2 51 22 148 12
998 185 1 190 37 348 4
9303 455 1 43 21 324 11
3509 14 1 28 39 44 5
112 116 1 59 52 346 7
11711 294 2 274 54 171 20
1974 580 2 50 51 312 18
11882 73 2 122 45 371 5
531 609 1 22 19 71 6
8087 266 2 58 13 144 20
245 289 1 31 57 569 13
4159 350 1 13 41 233 18
6422 186 1 68 55 255 7
2774 630 1 289 51 506 4
7276 276 1 94 38 391 5
10457 296 4 89 50 454 5
9687 207 2 91 21 362 1
3191 89 2 57 13 262 5
7264 168 3 139 55 254 2
