17 233
3 32 96 272
3 64 48 336
7 80 56 128
4 48 68 464
6 64 40 656
4 64 80 624
2 48 40 528
6 48 116 432
5 48 44 1024
7 32 116 224
3 48 80 176
8 32 32 928
6 24 128 880
7 80 44 256
7 32 32 992
6 80 68 160
6 48 104 576
12 52 1 84 19 74 3
5339 194 4 179 16 98 3
10696 639 2 322 18 330 3
2059 104 2 68 38 341 6
8461 430 1 21 19 149 18
3033 538 1 52 26 86 20
1748 213 4 61 9 532 4
11650 448 1 46 23 114 10
2870 191 2 317 19 77 17
10307 295 4 200 31 325 2
10833 263 1 24 51 72 19
10773 434 3 103 46 250 17
62 428 1 69 33 181 14
1088 141 2 100 19 484 20
1568 282 2 133 26 180 5
5815 151 3 95 30 231 12
341 50 3 115 71 84 4
7879 630 1 80 64 153 13
5459 368 1 231 19 286 6
3346 148 1 47 36 59 10
4204 213 3 192 33 120 13
833 58 2 90 31 153 17
1960 415 4 135 23 330 14
2034 106 3 132 40 163 7
4871 242 1 29 71 193 10
1689 206 1 27 55 85 2
7969 250 1 372 15 187 17
2967 264 5 273 19 88 14
10743 166 1 36 32 111 20
7099 78 2 128 17 172 8
7283 602 1 62 18 565 14
955 314 2 320 33 86 13
8824 607 3 60 29 464 14
7520 216 4 108 21 352 11
4225 615 1 36 39 477 20
11433 159 3 163 78 112 12
2590 582 4 134 10 420 8
8025 126 1 39 56 48 12
6209 397 6 180 58 275 12
3036 195 1 186 17 59 8
10475 320 3 81 78 78 2
2113 112 3 70 17 208 14
1988 72 2 37 45 113 13
33 577 1 134 53 310 18
10816 19 1 40 19 81 17
7955 221 1 20 26 135 6
5382 363 1 36 43 51 8
8028 646 1 133 20 328 18
7837 386 3 195 23 139 20
11861 598 3 245 27 155 8
4444 86 1 87 15 330 5
3074 321 2 35 16 289 12
7695 464 1 25 22 127 18
2036 617 2 62 21 290 17
4140 407 2 138 71 409 11
8382 257 1 37 13 359 11
4812 532 6 167 21 297 9
562 592 3 114 21 140 20
8290 145 1 50 29 197 12
11015 159 2 108 22 563 18
436 418 1 19 11 232 13
8507 340 1 54 21 360 14
1194 76 4 183 17 387 4
9196 14 1 21 72 423 14
4533 249 1 105 23 138 16
8611 76 1 39 63 247 7
3693 40 3 107 34 233 5
2310 644 1 165 27 118 13
7929 49 1 19 31 218 8
7862 442 1 39 79 414 17
8499 511 1 36 16 233 3
1464 412 3 67 20 120 5
978 400 2 269 12 56 7
11097 98 2 45 26 185 10
3599 607 4 102 11 610 11
1830 160 4 95 15 200 16
11133 631 1 46 21 408 14
4073 583 2 44 39 41 14
6793 187 1 33 28 187 2
6517 511 1 51 50 129 19
10499 513 7 331 13 36 14
3839 507 1 26 17 181 11
5806 77 4 137 34 77 3
3707 211 1 146 27 64 17
9052 215 1 41 46 128 20
9872 632 1 106 13 164 9
9320 83 3 63 20 680 10
11896 34 1 40 68 151 8
6070 11 2 114 22 267 3
11871 502 2 36 25 125 6
5837 146 1 27 29 271 7
1918 237 3 78 21 553 19
8342 184 5 185 29 517 3
5414 287 4 72 70 313 11
11596 79 2 46 15 380 6
7484 58 3 70 40 252 8
7815 591 1 41 23 307 17
7293 650 2 30 63 175 10
6037 24 6 205 15 299 4
10201 197 1 19 13 489 6
2499 210 1 31 25 171 15
1843 633 1 41 10 107 6
1607 112 2 50 27 151 16
382 588 1 92 44 415 6
143 167 1 32 7 442 20
11118 54 2 79 25 114 12
196 273 2 73 28 146 2
10564 495 1 192 28 464 13
4770 613 2 107 19 560 9
4491 352 3 191 23 58 10
666 473 2 115 22 671 2
2542 105 2 68 20 104 17
9933 368 5 141 40 145 1
3464 580 2 44 29 81 6
9058 389 1 10 85 209 6
9090 229 1 176 80 139 9
6213 61 2 37 21 391 11
4295 591 1 106 53 290 11
6433 535 3 228 27 50 15
5141 488 1 26 34 427 4
11141 25 6 298 13 248 3
4985 127 3 283 14 467 15
11071 495 3 172 21 303 8
3271 414 5 195 35 32 20
2830 370 5 73 21 460 1
1609 191 1 30 63 193 19
9043 457 1 25 20 480 15
5399 14 3 115 41 113 1
10837 334 2 27 87 220 9
9265 246 1 76 39 294 19
3893 471 1 25 49 83 17
1264 573 3 121 22 402 4
3350 214 2 282 37 75 10
7730 396 2 202 26 151 17
4161 596 2 63 11 115 5
10849 428 3 255 20 194 11
11432 388 1 29 11 206 19
8987 185 1 51 37 74 9
4682 247 2 93 19 108 20
8962 144 1 24 19 102 11
10766 316 2 195 17 557 7
5170 454 1 69 61 119 5
3660 332 5 190 11 161 13
11156 281 1 21 41 193 14
7533 533 1 21 27 251 7
9872 206 5 155 29 94 3
482 238 1 16 8 577 19
5435 631 1 53 11 683 17
9343 183 6 97 76 480 4
11806 257 4 146 24 207 2
10133 458 1 36 26 132 10
11261 78 3 100 13 154 3
2173 173 2 237 18 91 18
11920 110 3 66 11 377 4
1913 460 4 89 35 279 19
7033 228 1 37 51 245 12
11520 497 1 209 18 386 15
4570 481 1 36 76 168 8
1601 186 6 141 12 341 11
9742 245 1 90 49 152 11
11788 618 2 24 80 486 10
7891 551 2 74 58 250 6
71 638 5 167 55 256 12
10222 597 1 33 13 421 1
7808 648 1 81 37 74 14
758 404 1 25 23 499 11
9545 495 1 53 21 416 6
10253 449 2 75 48 210 19
6306 380 1 26 12 108 19
7289 181 1 37 26 269 12
8433 207 1 77 25 52 8
11818 552 1 140 11 138 8
11785 55 1 380 12 182 16
6207 471 1 77 68 139 1
8469 83 1 23 21 402 12
7808 326 3 44 36 171 18
2057 198 4 143 14 715 4
6932 524 3 140 34 129 14
5785 614 2 319 39 93 15
11174 524 5 216 27 190 11
8869 92 1 47 31 201 4
3852 458 1 35 27 180 13
7089 192 3 75 62 58 4
1332 280 1 25 32 81 2
102 122 2 190 15 430 11
374 547 2 322 36 79 7
1801 63 1 31 25 48 16
78 207 1 44 9 365 17
7380 228 1 70 29 131 18
11357 524 5 139 17 476 17
5235 344 3 61 75 649 12
2653 291 5 208 13 268 8
4637 150 2 23 56 70 10
3831 67 1 81 16 159 16
5710 282 2 200 39 152 7
3050 134 1 201 17 604 15
11158 536 1 99 32 51 1
4711 565 2 84 34 132 9
1020 435 2 49 19 375 19
11902 114 2 112 31 427 9
5313 158 2 104 13 244 14
4410 591 1 59 10 311 1
1312 527 7 322 23 109 2
9722 134 1 138 26 96 9
46 214 1 196 25 254 10
1243 460 1 25 14 411 18
9706 550 1 79 24 100 1
6442 102 2 216 25 143 10
11383 352 3 130 15 275 16
357 348 3 142 17 92 19
306 586 3 74 47 90 7
7859 648 1 79 16 60 18
4536 261 2 65 19 286 3
10755 563 2 47 20 580 16
1091 13 2 60 15 245 13
11360 505 1 54 38 62 19
11198 352 1 9 47 327 5
2165 214 2 62 40 265 11
1195 370 1 105 39 79 8
5447 117 1 14 60 185 20
6576 598 6 234 20 399 1
8800 543 2 260 13 259 9
2596 33 1 44 52 207 19
10801 104 1 125 23 33 4
11203 216 1 94 30 220 14
10745 67 1 120 56 462 12
3688 29 5 107 44 165 3
6083 70 3 72 55 90 15
11526 434 2 81 49 65 5
11363 302 3 114 13 378 8
5690 407 1 27 25 225 17
6753 228 1 23 47 207 20
10011 485 2 94 27 197 15
